key,creation_date,path,filename,sku,suffix,version,BU
0_0,2023-02-03 09:18:17.178000,CLO,Thumbs.db,0,0,0,NA
2301416_2,2023-02-02 15:02:10.273781,CLO,2301416.jpg,2301416,2,0,NA
2301415_2,2023-02-02 14:50:48.131538,CLO,2301415.jpg,2301415,2,0,NA
0_0,2023-02-02 13:51:48.244000,JEW,Thumbs.db,0,0,0,NA
0_0,2023-02-02 13:01:54.423000,ACC,Thumbs.db,0,0,0,NA
0_0,2023-02-02 13:00:17.038000,SHO,Thumbs.db,0,0,0,NA
0_0,2023-02-02 11:41:57.030000,BEAUTY,Thumbs.db,0,0,0,NA
0_0,2023-02-01 16:59:01.041482,.DS_Stor,I:.DS_Store,0,0,0,NA
2216835_2,2023-02-01 16:33:33.574037,SHO,2216835.jpg,2216835,2,0,NA
2216364_2,2023-02-01 16:33:31.823839,JEW,2216364.jpg,2216364,2,0,NA
2216370_2,2023-02-01 16:33:30.589463,JEW,2216370.jpg,2216370,2,0,NA
2216371_2,2023-02-01 16:33:28.870701,JEW,2216371.jpg,2216371,2,0,NA
2216373_2,2023-02-01 16:33:27.620709,JEW,2216373.jpg,2216373,2,0,NA
2216379_2,2023-02-01 16:33:26.120815,JEW,2216379.jpg,2216379,2,0,NA
2216380_2,2023-02-01 16:33:16.354979,JEW,2216380.jpg,2216380,2,0,NA
2216382_2,2023-02-01 16:33:14.839618,JEW,2216382.jpg,2216382,2,0,NA
2216384_2,2023-02-01 16:33:13.464312,JEW,2216384.jpg,2216384,2,0,NA
2216383_2,2023-02-01 16:33:12.417456,JEW,2216383.jpg,2216383,2,0,NA
2218452_2,2023-02-01 16:33:11.120542,JEW,2218452.jpg,2218452,2,0,NA
2215127_2,2023-02-01 16:33:10.089297,CLO,2215127.jpg,2215127,2,0,NA
2215148_2,2023-02-01 16:33:09.292596,CLO,2215148.jpg,2215148,2,0,NA
2215152_2,2023-02-01 16:33:08.370526,CLO,2215152.jpg,2215152,2,0,NA
2215153_2,2023-02-01 16:33:07.464370,CLO,2215153.jpg,2215153,2,0,NA
2215154_2,2023-02-01 16:33:06.604888,CLO,2215154.jpg,2215154,2,0,NA
2215328_2,2023-02-01 16:33:05.854869,CLO,2215328.jpg,2215328,2,0,NA
2216933_2,2023-02-01 16:33:03.323625,CLO,2216933.jpg,2216933,2,0,NA
2218496_2,2023-02-01 16:33:00.432938,ACC,2218496.jpg,2218496,2,0,NA
2218622_2,2023-02-01 16:32:58.057935,CLO,2218622.jpg,2218622,2,0,NA
2218667_2,2023-02-01 16:32:56.292471,CLO,2218667.jpg,2218667,2,0,NA
2218617_2,2023-02-01 16:32:53.807906,CLO,2218617.jpg,2218617,2,0,NA
2300088_2,2023-02-01 16:32:52.901624,CLO,2300088.jpg,2300088,2,0,NA
2300090_2,2023-02-01 16:32:51.573507,CLO,2300090.jpg,2300090,2,0,NA
2300233_2,2023-02-01 16:32:49.932868,CLO,2300233.jpg,2300233,2,0,NA
2300441_2,2023-02-01 16:32:47.526568,CLO,2300441.jpg,2300441,2,0,NA
2216193_2,2023-02-01 16:28:40.993199,JEW,2216193.jpg,2216193,2,0,NA
2218537_2,2023-02-01 13:06:40.931798,SHO,2218537.png,2218537,2,0,NA
2217264_2,2023-02-01 11:14:31.499094,ACC,2217264.jpg,2217264,2,0,NA
2217308_2,2023-02-01 11:14:09.217374,ACC,2217308.jpg,2217308,2,0,NA
2217307_2,2023-02-01 11:13:32.857479,ACC,2217307.jpg,2217307,2,0,NA
2217306_2,2023-02-01 11:13:14.919842,ACC,2217306.jpg,2217306,2,0,NA
2217338_2,2023-02-01 11:12:58.575692,ACC,2217338.jpg,2217338,2,0,NA
2217268_2,2023-02-01 11:12:41.747427,ACC,2217268.png,2217268,2,0,NA
2217301_2,2023-02-01 11:12:26.168952,ACC,2217301.png,2217301,2,0,NA
2217305_2,2023-02-01 11:12:08.012407,ACC,2217305.png,2217305,2,0,NA
2217298_2,2023-02-01 11:11:51.777787,ACC,2217298.png,2217298,2,0,NA
2217276_2,2023-02-01 11:11:19.871053,ACC,2217276.png,2217276,2,0,NA
2217433_2,2023-02-01 11:11:01.808290,ACC,2217433.jpg,2217433,2,0,NA
2209055_2,2023-02-01 11:09:56.182311,ACC,2209055.jpg,2209055,2,0,NA
2217949_2,2023-02-01 11:08:11.695792,ACC,2217949.png,2217949,2,0,NA
2208830_2,2023-02-01 11:04:15.861052,ACC,2208830.jpg,2208830,2,0,NA
2217297_2,2023-02-01 11:03:58.876213,ACC,2217297.png,2217297,2,0,NA
2217296_2,2023-02-01 11:03:16.795210,ACC,2217296.jpg,2217296,2,0,NA
2217293_2,2023-02-01 11:02:56.293697,ACC,2217293.jpg,2217293,2,0,NA
2217292_2,2023-02-01 11:02:39.229967,ACC,2217292.jpg,2217292,2,0,NA
2217290_2,2023-02-01 11:02:24.369498,ACC,2217290.jpg,2217290,2,0,NA
2217289_2,2023-02-01 11:02:06.508819,ACC,2217289.jpg,2217289,2,0,NA
2217288_2,2023-02-01 11:01:01.379714,ACC,2217288.jpg,2217288,2,0,NA
2217281_2,2023-02-01 11:00:24.829688,ACC,2217281.png,2217281,2,0,NA
2217295_2,2023-02-01 11:00:01.952861,ACC,2217295.jpg,2217295,2,0,NA
2217283_2,2023-02-01 10:59:44.873664,ACC,2217283.jpg,2217283,2,0,NA
2217500_2,2023-02-01 10:59:21.403121,ACC,2217500.jpg,2217500,2,0,NA
2217487_2,2023-02-01 10:58:51.057531,ACC,2217487.jpg,2217487,2,0,NA
2217486_2,2023-02-01 10:58:22.369596,ACC,2217486.jpg,2217486,2,0,NA
2217430_2,2023-02-01 10:58:00.197505,ACC,2217430.jpg,2217430,2,0,NA
2212937_2,2023-02-01 10:57:25.072200,ACC,2212937.png,2212937,2,0,NA
2217386_2,2023-02-01 10:55:34.586901,ACC,2217386.png,2217386,2,0,NA
2217317_2,2023-02-01 10:55:11.461670,ACC,2217317.jpg,2217317,2,0,NA
2218152_2,2023-02-01 10:54:52.352146,SHO,2218152.jpg,2218152,2,0,NA
2218149_2,2023-02-01 10:54:36.477217,SHO,2218149.jpg,2218149,2,0,NA
2217269_2,2023-02-01 10:54:11.148659,ACC,2217269.jpg,2217269,2,0,NA
2217314_2,2023-02-01 10:53:51.039127,ACC,2217314.jpg,2217314,2,0,NA
2301108_2,2023-01-31 16:51:12.029642,CLO,2301108.jpg,2301108,2,0,NA
2300650_2,2023-01-31 16:44:51.682619,CLO,2300650.jpg,2300650,2,0,NA
2300619_2,2023-01-31 16:42:05.540516,CLO,2300619.jpg,2300619,2,0,NA
2300621_2,2023-01-31 16:28:55.174270,CLO,2300621.jpg,2300621,2,0,NA
2215412_2,2023-01-31 12:28:19.054331,SHO,2215412.png,2215412,2,0,NA
2215413_2,2023-01-31 12:23:59.270999,SHO,2215413.png,2215413,2,0,NA
2216273_2,2023-01-31 12:22:20.269966,SHO,2216273.png,2216273,2,0,NA
2216275_2,2023-01-31 12:20:47.003514,SHO,2216275.png,2216275,2,0,NA
2216276_2,2023-01-31 12:19:04.112046,SHO,2216276.png,2216276,2,0,NA
2216277_2,2023-01-31 12:17:00.064127,SHO,2216277.png,2216277,2,0,NA
2216630_2,2023-01-31 10:11:05.774464,JEW,2216630.jpg,2216630,2,0,NA
2217575_2,2023-01-31 10:09:58.632958,ACC,2217575.jpg,2217575,2,0,NA
2300773_2,2023-01-31 10:09:27.882410,ACC,2300773.jpg,2300773,2,0,NA
2218185_2,2023-01-31 10:07:42.739257,ACC,2218185.jpg,2218185,2,0,NA
2300774_2,2023-01-31 10:06:45.237648,ACC,2300774.jpg,2300774,2,0,NA
2300775_2,2023-01-31 10:06:05.642757,ACC,2300775.jpg,2300775,2,0,NA
2300776_2,2023-01-31 10:05:20.704021,ACC,2300776.jpg,2300776,2,0,NA
2300777_2,2023-01-31 10:04:24.921202,ACC,2300777.jpg,2300777,2,0,NA
2300778_2,2023-01-31 10:04:20.233575,ACC,2300778.jpg,2300778,2,0,NA
2216388_2,2023-01-31 10:04:15.655316,JEW,2216388.jpg,2216388,2,0,NA
2216377_2,2023-01-31 10:03:25.934567,JEW,2216377.jpg,2216377,2,0,NA
2217795_2,2023-01-31 10:02:21.493521,SHO,2217795.jpg,2217795,2,0,NA
2300278_2,2023-01-31 10:01:57.726625,ACC,2300278.jpg,2300278,2,0,NA
2300758_2,2023-01-31 10:01:33.834738,ACC,2300758.jpg,2300758,2,0,NA
2300761_2,2023-01-31 10:01:32.678405,ACC,2300761.jpg,2300761,2,0,NA
2300767_2,2023-01-31 10:01:30.053274,ACC,2300767.jpg,2300767,2,0,NA
2300769_2,2023-01-31 10:01:13.630539,ACC,2300769.jpg,2300769,2,0,NA
2300768_2,2023-01-31 10:00:55.270162,ACC,2300768.jpg,2300768,2,0,NA
2300770_2,2023-01-31 10:00:52.676287,ACC,2300770.jpg,2300770,2,0,NA
2300781_2,2023-01-31 10:00:35.284844,JEW,2300781.jpg,2300781,2,0,NA
2300782_2,2023-01-31 10:00:30.722037,JEW,2300782.jpg,2300782,2,0,NA
2300783_2,2023-01-31 10:00:06.814463,JEW,2300783.jpg,2300783,2,0,NA
2216366_2,2023-01-31 10:00:04.236515,ACC,2216366.jpg,2216366,2,0,NA
2216375_2,2023-01-31 09:59:49.922932,ACC,2216375.jpg,2216375,2,0,NA
2216378_2,2023-01-31 09:59:47.641575,JEW,2216378.jpg,2216378,2,0,NA
2300097_2,2023-01-31 09:59:36.515976,SHO,2300097.jpg,2300097,2,0,NA
2300759_2,2023-01-31 09:59:34.672140,ACC,2300759.jpg,2300759,2,0,NA
2215126_2,2023-01-31 09:59:33.156460,CLO,2215126.jpg,2215126,2,0,NA
2215143_2,2023-01-31 09:59:23.921525,CLO,2215143.jpg,2215143,2,0,NA
2215145_2,2023-01-31 09:59:13.124109,CLO,2215145.jpg,2215145,2,0,NA
2215150_2,2023-01-31 09:59:09.561379,CLO,2215150.jpg,2215150,2,0,NA
2215159_2,2023-01-31 09:59:06.983129,CLO,2215159.jpg,2215159,2,0,NA
2215160_2,2023-01-31 09:58:58.248460,CLO,2215160.jpg,2215160,2,0,NA
2215161_2,2023-01-31 09:58:55.888786,CLO,2215161.jpg,2215161,2,0,NA
2215162_2,2023-01-31 09:58:54.248088,CLO,2215162.jpg,2215162,2,0,NA
2215124_2,2023-01-31 09:58:35.747899,CLO,2215124.jpg,2215124,2,0,NA
2215125_2,2023-01-31 09:58:26.060290,CLO,2215125.jpg,2215125,2,0,NA
2218154_2,2023-01-31 09:58:18.747825,CLO,2218154.jpg,2218154,2,0,NA
2218536_2,2023-01-31 09:58:16.513355,CLO,2218536.jpg,2218536,2,0,NA
2218515_2,2023-01-31 09:58:15.169590,CLO,2218515.jpg,2218515,2,0,NA
2218540_2,2023-01-31 09:58:13.919707,CLO,2218540.jpg,2218540,2,0,NA
2218561_2,2023-01-31 09:58:12.669584,CLO,2218561.jpg,2218561,2,0,NA
2218659_2,2023-01-31 09:58:10.153923,CLO,2218659.jpg,2218659,2,0,NA
2218675_2,2023-01-31 09:58:07.482011,CLO,2218675.jpg,2218675,2,0,NA
2218661_2,2023-01-31 09:58:05.997629,CLO,2218661.jpg,2218661,2,0,NA
2300018_2,2023-01-31 09:58:04.903890,CLO,2300018.jpg,2300018,2,0,NA
2300048_2,2023-01-31 09:58:02.856986,CLO,2300048.jpg,2300048,2,0,NA
2300047_2,2023-01-31 09:57:57.997564,CLO,2300047.jpg,2300047,2,0,NA
2300063_2,2023-01-31 09:57:55.216282,CLO,2300063.jpg,2300063,2,0,NA
2300068_2,2023-01-31 09:57:53.872530,CLO,2300068.jpg,2300068,2,0,NA
2300183_2,2023-01-31 09:57:50.106862,CLO,2300183.jpg,2300183,2,0,NA
2300193_2,2023-01-31 09:57:47.184970,CLO,2300193.jpg,2300193,2,0,NA
2300315_2,2023-01-31 09:57:33.091100,CLO,2300315.jpg,2300315,2,0,NA
2300316_2,2023-01-31 09:57:25.012904,CLO,2300316.jpg,2300316,2,0,NA
2300317_2,2023-01-31 09:57:23.747675,CLO,2300317.jpg,2300317,2,0,NA
2300361_2,2023-01-31 09:57:22.184897,CLO,2300361.jpg,2300361,2,0,NA
2300383_2,2023-01-31 09:57:20.137888,CLO,2300383.jpg,2300383,2,0,NA
2300396_2,2023-01-31 09:57:18.700337,CLO,2300396.jpg,2300396,2,0,NA
2300400_2,2023-01-31 09:57:16.575788,CLO,2300400.jpg,2300400,2,0,NA
2300411_2,2023-01-31 09:57:15.153446,CLO,2300411.jpg,2300411,2,0,NA
2300576_2,2023-01-31 09:57:13.200299,CLO,2300576.jpg,2300576,2,0,NA
2300613_2,2023-01-31 09:57:08.950311,CLO,2300613.jpg,2300613,2,0,NA
2300612_2,2023-01-31 09:57:02.325635,CLO,2300612.jpg,2300612,2,0,NA
2300614_2,2023-01-31 09:56:55.840787,CLO,2300614.jpg,2300614,2,0,NA
2300615_2,2023-01-31 09:56:46.840718,CLO,2300615.jpg,2300615,2,0,NA
2300617_2,2023-01-31 09:56:45.231489,CLO,2300617.jpg,2300617,2,0,NA
2300639_2,2023-01-31 09:56:43.965676,CLO,2300639.jpg,2300639,2,0,NA
2300648_2,2023-01-31 09:56:42.403245,CLO,2300648.jpg,2300648,2,0,NA
2300673_2,2023-01-31 09:56:41.262542,CLO,2300673.jpg,2300673,2,0,NA
2217279_2,2023-01-30 13:00:23.599166,ACC,2217279.png,2217279,2,0,NA
2217484_2,2023-01-30 12:59:25.470673,ACC,2217484.png,2217484,2,0,NA
2217348_2,2023-01-30 12:58:08.217516,ACC,2217348.png,2217348,2,0,NA
2217347_2,2023-01-30 12:56:56.169998,ACC,2217347.png,2217347,2,0,NA
2217271_2,2023-01-30 12:55:51.028819,ACC,2217271.jpg,2217271,2,0,NA
2217385_2,2023-01-30 12:54:09.074819,ACC,2217385.png,2217385,2,0,NA
2217316_2,2023-01-30 12:53:05.543006,ACC,2217316.jpg,2217316,2,0,NA
2217313_2,2023-01-30 12:52:03.808088,ACC,2217313.jpg,2217313,2,0,NA
2217311_2,2023-01-30 12:50:58.372519,ACC,2217311.jpg,2217311,2,0,NA
2217309_2,2023-01-30 12:49:57.135113,ACC,2217309.jpg,2217309,2,0,NA
2217511_2,2023-01-30 12:47:50.962144,ACC,2217511.png,2217511,2,0,NA
2217302_2,2023-01-30 12:46:31.352108,ACC,2217302.png,2217302,2,0,NA
2217299_2,2023-01-30 12:45:30.367174,ACC,2217299.png,2217299,2,0,NA
2217322_2,2023-01-30 12:43:58.303889,ACC,2217322.jpg,2217322,2,0,NA
2217320_2,2023-01-30 12:42:35.068765,ACC,2217320.jpg,2217320,2,0,NA
2217319_2,2023-01-30 12:41:23.474421,ACC,2217319.jpg,2217319,2,0,NA
2217485_2,2023-01-30 12:38:27.551001,ACC,2217485.jpg,2217485,2,0,NA
2216707_2,2023-01-30 12:37:19.769152,ACC,2216707.jpg,2216707,2,0,NA
2216706_2,2023-01-30 12:36:13.174918,ACC,2216706.jpg,2216706,2,0,NA
2217501_2,2023-01-30 12:35:01.330462,ACC,2217501.jpg,2217501,2,0,NA
2217454_2,2023-01-30 12:33:45.892311,ACC,2217454.jpg,2217454,2,0,NA
2217452_2,2023-01-30 12:31:30.531790,ACC,2217452.jpg,2217452,2,0,NA
2214486_2,2023-01-30 12:20:52.807694,ACC,2214486.jpg,2214486,2,0,NA
2217505_2,2023-01-30 12:16:00.804898,ACC,2217505.jpg,2217505,2,0,NA
2217836_2,2023-01-30 12:12:29.003745,ACC,2217836.png,2217836,2,0,NA
2300625_2,2023-01-29 10:57:01.403936,CLO,2300625.jpg,2300625,2,0,NA
2300624_2,2023-01-29 10:56:58.778982,CLO,2300624.jpg,2300624,2,0,NA
2300616_2,2023-01-29 10:56:56.013267,CLO,2300616.jpg,2300616,2,0,NA
2300620_2,2023-01-29 10:56:53.044506,CLO,2300620.jpg,2300620,2,0,NA
2300609_2,2023-01-29 10:56:49.450714,CLO,2300609.jpg,2300609,2,0,NA
2300598_2,2023-01-29 10:56:45.497564,CLO,2300598.jpg,2300598,2,0,NA
2300487_2,2023-01-29 10:56:42.200747,CLO,2300487.jpg,2300487,2,0,NA
2300486_2,2023-01-29 10:56:39.559996,CLO,2300486.jpg,2300486,2,0,NA
2300377_2,2023-01-29 10:56:35.950668,CLO,2300377.jpg,2300377,2,0,NA
2300368_2,2023-01-29 10:56:32.872522,CLO,2300368.jpg,2300368,2,0,NA
2300357_2,2023-01-29 10:56:30.028748,CLO,2300357.jpg,2300357,2,0,NA
2300267_2,2023-01-29 10:56:24.169265,CLO,2300267.jpg,2300267,2,0,NA
2300231_2,2023-01-29 10:56:20.559839,CLO,2300231.jpg,2300231,2,0,NA
2300144_2,2023-01-29 10:56:17.419283,CLO,2300144.jpg,2300144,2,0,NA
2300085_2,2023-01-29 10:56:13.778522,CLO,2300085.jpg,2300085,2,0,NA
2300024_2,2023-01-29 10:56:08.590979,CLO,2300024.jpg,2300024,2,0,NA
2300011_2,2023-01-29 10:56:06.122291,CLO,2300011.jpg,2300011,2,0,NA
2300009_2,2023-01-29 10:56:00.590928,CLO,2300009.jpg,2300009,2,0,NA
2300006_2,2023-01-29 10:55:53.950322,CLO,2300006.jpg,2300006,2,0,NA
2218677_2,2023-01-29 10:55:50.950359,CLO,2218677.jpg,2218677,2,0,NA
2218669_2,2023-01-29 10:55:48.434557,CLO,2218669.jpg,2218669,2,0,NA
2218674_2,2023-01-29 10:55:42.340768,CLO,2218674.jpg,2218674,2,0,NA
2218655_2,2023-01-29 10:55:39.575108,CLO,2218655.jpg,2218655,2,0,NA
2218658_2,2023-01-29 10:55:36.825087,CLO,2218658.jpg,2218658,2,0,NA
2218641_2,2023-01-29 10:55:34.059434,CLO,2218641.jpg,2218641,2,0,NA
2218626_2,2023-01-29 10:55:29.575025,CLO,2218626.jpg,2218626,2,0,NA
2218606_2,2023-01-29 10:55:26.059694,CLO,2218606.jpg,2218606,2,0,NA
2218604_2,2023-01-29 10:55:22.137552,CLO,2218604.jpg,2218604,2,0,NA
2218601_2,2023-01-29 10:55:18.871794,CLO,2218601.jpg,2218601,2,0,NA
2218600_2,2023-01-29 10:55:15.012487,CLO,2218600.jpg,2218600,2,0,NA
2218598_2,2023-01-29 10:55:09.684226,CLO,2218598.jpg,2218598,2,0,NA
2218596_2,2023-01-29 10:55:06.731075,CLO,2218596.jpg,2218596,2,0,NA
2218567_2,2023-01-29 10:55:01.231015,CLO,2218567.jpg,2218567,2,0,NA
2218563_2,2023-01-29 10:54:58.043493,CLO,2218563.jpg,2218563,2,0,NA
2218546_2,2023-01-29 10:54:55.137214,CLO,2218546.jpg,2218546,2,0,NA
2218531_2,2023-01-29 10:54:52.371826,CLO,2218531.jpg,2218531,2,0,NA
2218518_2,2023-01-29 10:54:48.793397,CLO,2218518.jpg,2218518,2,0,NA
2218523_2,2023-01-29 10:54:44.246526,CLO,2218523.jpg,2218523,2,0,NA
2218513_2,2023-01-29 10:54:40.777716,CLO,2218513.jpg,2218513,2,0,NA
2218477_2,2023-01-29 10:54:38.090196,CLO,2218477.jpg,2218477,2,0,NA
2218476_2,2023-01-29 10:54:35.012044,CLO,2218476.jpg,2218476,2,0,NA
2218261_2,2023-01-29 10:54:32.308893,CLO,2218261.jpg,2218261,2,0,NA
2218303_2,2023-01-29 10:54:25.996338,CLO,2218303.jpg,2218303,2,0,NA
2218248_2,2023-01-29 10:54:21.793332,CLO,2218248.jpg,2218248,2,0,NA
2218242_2,2023-01-29 10:54:18.043156,CLO,2218242.jpg,2218242,2,0,NA
2218095_2,2023-01-29 10:54:14.433735,CLO,2218095.jpg,2218095,2,0,NA
2218155_2,2023-01-29 10:54:10.949327,CLO,2218155.jpg,2218155,2,0,NA
2218086_2,2023-01-29 10:54:08.480576,CLO,2218086.jpg,2218086,2,0,NA
2218082_2,2023-01-29 10:54:05.683682,CLO,2218082.jpg,2218082,2,0,NA
2218045_2,2023-01-29 10:54:01.964889,CLO,2218045.jpg,2218045,2,0,NA
2217831_2,2023-01-29 10:53:59.386731,CLO,2217831.jpg,2217831,2,0,NA
2217830_2,2023-01-29 10:53:53.589806,CLO,2217830.jpg,2217830,2,0,NA
2217403_2,2023-01-29 10:53:50.683531,CLO,2217403.jpg,2217403,2,0,NA
2214253_2,2023-01-29 10:53:46.152265,CLO,2214253.jpg,2214253,2,0,NA
2301182_2,2023-01-27 09:48:50.218288,CLO,2301182.jpg,2301182,2,0,NA
2216362_2,2023-01-27 08:54:04.320975,JEW,2216362.jpg,2216362,2,0,NA
2216363_2,2023-01-27 08:54:00.180306,JEW,2216363.jpg,2216363,2,0,NA
2216369_2,2023-01-27 08:53:57.461648,JEW,2216369.jpg,2216369,2,0,NA
2216376_2,2023-01-27 08:53:53.945908,ACC,2216376.jpg,2216376,2,0,NA
2216372_2,2023-01-27 08:53:51.133347,ACC,2216372.jpg,2216372,2,0,NA
2216385_2,2023-01-27 08:53:47.195851,JEW,2216385.jpg,2216385,2,0,NA
2216387_2,2023-01-27 08:53:43.836999,ACC,2216387.jpg,2216387,2,0,NA
2217573_2,2023-01-27 08:53:40.023972,ACC,2217573.jpg,2217573,2,0,NA
2217574_2,2023-01-27 08:53:37.023888,ACC,2217574.jpg,2217574,2,0,NA
2217572_2,2023-01-27 08:53:33.695723,ACC,2217572.jpg,2217572,2,0,NA
2217656_2,2023-01-27 08:53:30.476930,BEAUTY,2217656.jpg,2217656,2,0,NA
2217657_2,2023-01-27 08:53:26.351897,BEAUTY,2217657.jpg,2217657,2,0,NA
2217930_2,2023-01-27 08:53:22.804994,JEW,2217930.jpg,2217930,2,0,NA
2217933_2,2023-01-27 08:53:19.195954,ACC,2217933.jpg,2217933,2,0,NA
2217934_2,2023-01-27 08:53:15.398675,JEW,2217934.jpg,2217934,2,0,NA
2300274_2,2023-01-27 08:53:11.695528,CLO,2300274.jpg,2300274,2,0,NA
2300523_2,2023-01-27 08:53:08.523609,CLO,2300523.jpg,2300523,2,0,NA
2300275_2,2023-01-27 08:53:06.382973,CLO,2300275.jpg,2300275,2,0,NA
2216367_2,2023-01-27 08:53:02.898569,ACC,2216367.jpg,2216367,2,0,NA
2300749_2,2023-01-27 08:52:58.804748,ACC,2300749.jpg,2300749,2,0,NA
2300751_2,2023-01-27 08:52:55.289125,ACC,2300751.jpg,2300751,2,0,NA
2300753_2,2023-01-27 08:52:50.523466,ACC,2300753.jpg,2300753,2,0,NA
2300754_2,2023-01-27 08:52:47.007769,ACC,2300754.jpg,2300754,2,0,NA
2300757_2,2023-01-27 08:52:43.648587,ACC,2300757.jpg,2300757,2,0,NA
2300755_2,2023-01-27 08:52:39.538980,ACC,2300755.jpg,2300755,2,0,NA
2300752_2,2023-01-26 10:34:26.838686,ACC,2300752.png,2300752,2,0,NA
2300750_2,2023-01-26 10:32:52.447223,ACC,2300750.png,2300750,2,0,NA
2300748_2,2023-01-26 10:30:58.430610,ACC,2300748.png,2300748,2,0,NA
2218649_2,2023-01-26 10:23:20.661028,ACC,2218649.jpg,2218649,2,0,NA
2300456_2,2023-01-26 09:23:37.181020,ACC,2300456.jpg,2300456,2,0,NA
2300462_2,2023-01-26 09:22:40.243026,ACC,2300462.jpg,2300462,2,0,NA
2300463_2,2023-01-26 09:20:58.929745,ACC,2300463.jpg,2300463,2,0,NA
2300465_2,2023-01-26 09:19:08.851010,ACC,2300465.jpg,2300465,2,0,NA
2300464_2,2023-01-26 09:17:22.443419,ACC,2300464.jpg,2300464,2,0,NA
2300857_2,2023-01-26 09:13:59.535406,ACC,2300857.jpg,2300857,2,0,NA
2300856_2,2023-01-26 09:12:48.128303,ACC,2300856.jpg,2300856,2,0,NA
2300855_2,2023-01-26 09:11:24.392472,ACC,2300855.jpg,2300855,2,0,NA
2300854_2,2023-01-26 09:10:01.656965,ACC,2300854.jpg,2300854,2,0,NA
2300853_2,2023-01-26 09:08:42.514990,ACC,2300853.jpg,2300853,2,0,NA
2300852_2,2023-01-26 09:07:09.621730,ACC,2300852.jpg,2300852,2,0,NA
2300851_2,2023-01-26 09:05:54.635263,ACC,2300851.jpg,2300851,2,0,NA
2300850_2,2023-01-26 09:04:40.992601,ACC,2300850.jpg,2300850,2,0,NA
2301072_2,2023-01-26 09:04:23.789099,CLO,2301072.jpg,2301072,2,0,NA
2300849_2,2023-01-26 09:03:15.410851,ACC,2300849.jpg,2300849,2,0,NA
2301071_2,2023-01-26 09:00:11.336149,CLO,2301071.jpg,2301071,2,0,NA
2300848_2,2023-01-26 08:59:58.772802,ACC,2300848.jpg,2300848,2,0,NA
2300841_2,2023-01-26 08:58:35.564962,ACC,2300841.jpg,2300841,2,0,NA
2300839_2,2023-01-26 08:56:53.376445,ACC,2300839.jpg,2300839,2,0,NA
2300837_2,2023-01-26 08:55:38.422653,ACC,2300837.jpg,2300837,2,0,NA
2300836_2,2023-01-26 08:54:13.890665,ACC,2300836.jpg,2300836,2,0,NA
2300834_2,2023-01-26 08:52:17.217779,ACC,2300834.jpg,2300834,2,0,NA
2300833_2,2023-01-26 08:47:16.887056,ACC,2300833.jpg,2300833,2,0,NA
2301102_2,2023-01-25 15:59:50.913846,CLO,2301102.jfif,2301102,2,0,NA
2217798_2,2023-01-25 11:35:37.262972,SHO,2217798.jpg,2217798,2,0,NA
2301134_2,2023-01-25 09:44:59.233401,CLO,2301134.jfif,2301134,2,0,NA
2301087_2,2023-01-25 09:44:03.920378,CLO,2301087.jfif,2301087,2,0,NA
2301092_2,2023-01-25 09:43:48.842129,CLO,2301092.jfif,2301092,2,0,NA
2301093_2,2023-01-25 09:43:43.123336,CLO,2301093.jfif,2301093,2,0,NA
2301108_2,2023-01-25 09:42:48.388475,CLO,2301108.jfif,2301108,2,0,NA
2301140_2,2023-01-25 09:42:05.856840,CLO,2301140.jfif,2301140,2,0,NA
2301139_2,2023-01-25 09:41:56.091138,CLO,2301139.jfif,2301139,2,0,NA
2210458_2,2023-01-24 15:56:48.278582,SHO,2210458.png,2210458,2,0,NA
2216111_2,2023-01-24 15:49:01.024019,SHO,2216111.JPG,2216111,2,0,NA
2217335_2,2023-01-24 15:17:12.116225,ACC,2217335.jpg,2217335,2,0,NA
2217466_2,2023-01-24 14:31:05.315792,ACC,2217466.png,2217466,2,0,NA
2217519_2,2023-01-24 14:30:48.175044,ACC,2217519.jpg,2217519,2,0,NA
2216521_2,2023-01-24 14:30:30.190502,JEW,2216521.png,2216521,2,0,NA
2217414_2,2023-01-24 14:30:14.112234,ACC,2217414.jpg,2217414,2,0,NA
2217435_2,2023-01-24 14:30:00.362366,ACC,2217435.jpg,2217435,2,0,NA
2217331_2,2023-01-24 14:29:46.768256,ACC,2217331.jpg,2217331,2,0,NA
2216688_2,2023-01-24 14:29:32.580673,ACC,2216688.png,2216688,2,0,NA
2216501_2,2023-01-24 14:29:13.502335,ACC,2216501.jpg,2216501,2,0,NA
2216680_2,2023-01-24 14:28:51.189636,JEW,2216680.jpg,2216680,2,0,NA
2216510_2,2023-01-24 14:28:06.939256,JEW,2216510.png,2216510,2,0,NA
2217948_2,2023-01-24 14:27:49.564181,ACC,2217948.jpg,2217948,2,0,NA
2217945_2,2023-01-24 14:27:26.892065,ACC,2217945.jpg,2217945,2,0,NA
2217440_2,2023-01-24 14:27:05.391846,ACC,2217440.jpg,2217440,2,0,NA
2217439_2,2023-01-24 14:26:50.876096,ACC,2217439.jpg,2217439,2,0,NA
2217413_2,2023-01-24 14:26:28.375900,ACC,2217413.jpg,2217413,2,0,NA
2216678_2,2023-01-24 14:26:02.922556,CLO,2216678.png,2216678,2,0,NA
2217416_2,2023-01-24 14:25:42.422361,ACC,2217416.jpg,2217416,2,0,NA
2217404_2,2023-01-24 14:25:28.047288,ACC,2217404.jpg,2217404,2,0,NA
2217343_2,2023-01-24 14:25:13.672126,ACC,2217343.jpg,2217343,2,0,NA
2217334_2,2023-01-24 14:24:53.265687,ACC,2217334.jpg,2217334,2,0,NA
2216705_2,2023-01-24 14:24:31.718647,JEW,2216705.jpg,2216705,2,0,NA
2216554_2,2023-01-24 14:24:15.140633,JEW,2216554.jpg,2216554,2,0,NA
2217335_2,2023-01-24 14:23:59.327732,ACC,2217335.png,2217335,2,0,NA
2216499_2,2023-01-24 14:23:43.015112,ACC,2216499.jpg,2216499,2,0,NA
2217333_2,2023-01-24 14:23:25.999326,ACC,2217333.jpg,2217333,2,0,NA
2217310_2,2023-01-24 14:23:12.842960,ACC,2217310.jpg,2217310,2,0,NA
2217412_2,2023-01-24 14:22:58.155324,ACC,2217412.jpg,2217412,2,0,NA
2217495_2,2023-01-24 14:22:40.670878,ACC,2217495.png,2217495,2,0,NA
2217460_2,2023-01-24 14:22:27.030073,ACC,2217460.jpg,2217460,2,0,NA
2217327_2,2023-01-24 14:22:11.670533,ACC,2217327.jpg,2217327,2,0,NA
2217444_2,2023-01-24 14:21:55.154778,ACC,2217444.jpg,2217444,2,0,NA
2216677_2,2023-01-24 14:21:37.357775,CLO,2216677.jpg,2216677,2,0,NA
2217429_2,2023-01-24 14:21:19.795148,ACC,2217429.jpg,2217429,2,0,NA
2217418_2,2023-01-24 14:21:04.310867,ACC,2217418.png,2217418,2,0,NA
2217415_2,2023-01-24 14:20:50.232340,ACC,2217415.jpg,2217415,2,0,NA
2217392_2,2023-01-24 14:20:35.591987,ACC,2217392.jpg,2217392,2,0,NA
2216557_2,2023-01-24 14:20:16.341429,JEW,2216557.png,2216557,2,0,NA
2216541_2,2023-01-24 14:19:52.935292,CLO,2216541.png,2216541,2,0,NA
2216696_2,2023-01-24 14:19:16.950280,JEW,2216696.png,2216696,2,0,NA
2216653_2,2023-01-24 14:19:01.793914,JEW,2216653.png,2216653,2,0,NA
2216702_2,2023-01-24 14:18:44.137497,ACC,2216702.png,2216702,2,0,NA
2216560_2,2023-01-24 14:18:25.668728,JEW,2216560.png,2216560,2,0,NA
2216695_2,2023-01-24 14:17:52.683922,JEW,2216695.png,2216695,2,0,NA
2216549_2,2023-01-24 14:17:37.449413,JEW,2216549.png,2216549,2,0,NA
2216540_2,2023-01-24 14:17:23.121183,JEW,2216540.png,2216540,2,0,NA
2216666_2,2023-01-24 14:17:10.230428,JEW,2216666.png,2216666,2,0,NA
2216665_2,2023-01-24 14:16:56.496096,JEW,2216665.png,2216665,2,0,NA
2216500_2,2023-01-24 14:16:39.214547,ACC,2216500.jpg,2216500,2,0,NA
2216565_2,2023-01-24 14:16:18.714356,JEW,2216565.jpg,2216565,2,0,NA
2216544_2,2023-01-24 14:14:55.619890,JEW,2216544.jpg,2216544,2,0,NA
2217463_2,2023-01-24 14:12:37.962023,ACC,2217463.png,2217463,2,0,NA
2217449_2,2023-01-24 14:11:38.851753,ACC,2217449.jpg,2217449,2,0,NA
2217448_2,2023-01-24 13:56:51.913563,ACC,2217448.png,2217448,2,0,NA
2217394_2,2023-01-24 13:56:34.350921,ACC,2217394.jpg,2217394,2,0,NA
2217350_2,2023-01-24 13:56:08.553810,ACC,2217350.png,2217350,2,0,NA
2216667_2,2023-01-24 13:55:52.069287,ACC,2216667.png,2216667,2,0,NA
2216553_2,2023-01-24 13:55:34.569136,ACC,2216553.png,2216553,2,0,NA
2216552_2,2023-01-24 13:55:19.678455,ACC,2216552.png,2216552,2,0,NA
2216550_2,2023-01-24 13:55:02.115755,ACC,2216550.jpg,2216550,2,0,NA
2217450_2,2023-01-24 13:54:39.522452,ACC,2217450.png,2217450,2,0,NA
2217445_2,2023-01-24 13:54:16.959090,ACC,2217445.jpg,2217445,2,0,NA
2217438_2,2023-01-24 13:53:58.755794,ACC,2217438.jpg,2217438,2,0,NA
2217417_2,2023-01-24 13:53:40.521287,ACC,2217417.png,2217417,2,0,NA
2218217_2,2023-01-24 13:53:22.146112,ACC,2218217.jpg,2218217,2,0,NA
2217341_2,2023-01-24 13:53:05.349101,ACC,2217341.jpg,2217341,2,0,NA
2217340_2,2023-01-24 13:52:46.317694,ACC,2217340.jpg,2217340,2,0,NA
2217493_2,2023-01-24 13:52:25.770777,ACC,2217493.jpg,2217493,2,0,NA
2217461_2,2023-01-24 13:52:02.098555,ACC,2217461.jpg,2217461,2,0,NA
2217410_2,2023-01-24 13:51:28.864167,ACC,2217410.png,2217410,2,0,NA
2217402_2,2023-01-24 13:50:04.316287,ACC,2217402.jpg,2217402,2,0,NA
2217329_2,2023-01-24 13:46:31.736299,ACC,2217329.png,2217329,2,0,NA
2217275_2,2023-01-24 13:42:02.843324,ACC,2217275.jpg,2217275,2,0,NA
2216691_2,2023-01-24 13:40:21.952060,JEW,2216691.png,2216691,2,0,NA
2217419_2,2023-01-24 13:39:15.560631,ACC,2217419.png,2217419,2,0,NA
2217411_2,2023-01-24 13:38:06.497596,ACC,2217411.jpg,2217411,2,0,NA
2216685_2,2023-01-24 13:33:30.276404,ACC,2216685.png,2216685,2,0,NA
2217375_2,2023-01-24 13:27:44.304626,ACC,2217375.png,2217375,2,0,NA
2217346_2,2023-01-24 13:25:28.209693,ACC,2217346.jpg,2217346,2,0,NA
2216650_2,2023-01-24 13:21:39.457719,JEW,2216650.png,2216650,2,0,NA
2216555_2,2023-01-24 13:20:36.238402,JEW,2216555.jpg,2216555,2,0,NA
2216546_2,2023-01-24 13:19:38.534811,JEW,2216546.png,2216546,2,0,NA
2216545_2,2023-01-24 13:17:57.830498,JEW,2216545.png,2216545,2,0,NA
2216539_2,2023-01-24 13:16:24.704158,JEW,2216539.png,2216539,2,0,NA
2216509_2,2023-01-24 13:08:40.822009,JEW,2216509.png,2216509,2,0,NA
2216506_2,2023-01-24 13:06:59.897362,JEW,2216506.jpg,2216506,2,0,NA
2216704_2,2023-01-24 13:05:15.847493,JEW,2216704.jpg,2216704,2,0,NA
2216694_2,2023-01-24 13:00:41.286068,JEW,2216694.png,2216694,2,0,NA
2216679_2,2023-01-24 12:43:11.832575,JEW,2216679.png,2216679,2,0,NA
2216651_2,2023-01-24 12:41:02.425224,JEW,2216651.png,2216651,2,0,NA
2216110_2,2023-01-24 12:04:06.148617,JEW,2216110.png,2216110,2,0,NA
2214158_2,2023-01-24 09:27:31.153546,ACC,2214158.jpg,2214158,2,0,NA
2214442_2,2023-01-24 09:27:28.716040,ACC,2214442.jpg,2214442,2,0,NA
2214469_2,2023-01-24 09:27:26.591035,ACC,2214469.jpg,2214469,2,0,NA
2214493_2,2023-01-24 09:27:24.778482,ACC,2214493.jpg,2214493,2,0,NA
2214479_2,2023-01-24 09:27:22.387847,ACC,2214479.jpg,2214479,2,0,NA
2214600_2,2023-01-24 09:27:20.403584,ACC,2214600.jpg,2214600,2,0,NA
2214601_2,2023-01-24 09:27:18.122360,ACC,2214601.jpg,2214601,2,0,NA
2216097_2,2023-01-24 09:27:15.512779,JEW,2216097.jpg,2216097,2,0,NA
2216127_2,2023-01-24 09:27:13.403453,JEW,2216127.jpg,2216127,2,0,NA
2216150_2,2023-01-24 09:27:10.606496,JEW,2216150.jpg,2216150,2,0,NA
2216158_2,2023-01-24 09:27:08.262843,JEW,2216158.jpg,2216158,2,0,NA
2216165_2,2023-01-24 09:27:06.528336,JEW,2216165.jpg,2216165,2,0,NA
2216166_2,2023-01-24 09:27:04.559574,JEW,2216166.jpg,2216166,2,0,NA
2216199_2,2023-01-24 09:27:02.590789,JEW,2216199.jpg,2216199,2,0,NA
2216203_2,2023-01-24 09:27:00.590775,JEW,2216203.jpg,2216203,2,0,NA
2216202_2,2023-01-24 09:26:58.997027,JEW,2216202.jpg,2216202,2,0,NA
2216231_2,2023-01-24 09:26:56.825132,ACC,2216231.jpg,2216231,2,0,NA
2216290_2,2023-01-24 09:26:54.621974,JEW,2216290.jpg,2216290,2,0,NA
2216717_2,2023-01-24 09:26:52.496959,JEW,2216717.jpg,2216717,2,0,NA
2216293_2,2023-01-24 09:26:49.903276,JEW,2216293.jpg,2216293,2,0,NA
2216729_2,2023-01-24 09:26:47.981309,JEW,2216729.jpg,2216729,2,0,NA
2216734_2,2023-01-24 09:26:45.934407,JEW,2216734.jpg,2216734,2,0,NA
2217570_2,2023-01-24 09:26:43.559382,ACC,2217570.jpg,2217570,2,0,NA
2217680_2,2023-01-24 09:26:41.481386,BEAUTY,2217680.jpg,2217680,2,0,NA
2217661_2,2023-01-24 09:26:39.356206,BEAUTY,2217661.jpg,2217661,2,0,NA
2217809_2,2023-01-24 09:26:37.106195,BEAUTY,2217809.jpg,2217809,2,0,NA
2218186_2,2023-01-24 09:26:34.106163,ACC,2218186.jpg,2218186,2,0,NA
2215742_2,2023-01-24 09:26:31.778104,SHO,2215742.jpg,2215742,2,0,NA
2215136_2,2023-01-24 09:26:29.449885,SHO,2215136.jpg,2215136,2,0,NA
2216102_2,2023-01-24 09:26:27.074876,JEW,2216102.jpg,2216102,2,0,NA
2216105_2,2023-01-24 09:26:24.262356,JEW,2216105.jpg,2216105,2,0,NA
2216164_2,2023-01-24 09:26:20.840441,JEW,2216164.jpg,2216164,2,0,NA
2216208_2,2023-01-24 09:26:19.043570,JEW,2216208.jpg,2216208,2,0,NA
2216209_2,2023-01-24 09:26:15.074747,JEW,2216209.jpg,2216209,2,0,NA
2216212_2,2023-01-24 09:26:12.684119,JEW,2216212.jpg,2216212,2,0,NA
2216220_2,2023-01-24 09:26:09.293456,JEW,2216220.jpg,2216220,2,0,NA
2216221_2,2023-01-24 09:26:06.715382,JEW,2216221.jpg,2216221,2,0,NA
2216222_2,2023-01-24 09:26:03.621551,JEW,2216222.jpg,2216222,2,0,NA
2216289_2,2023-01-24 09:26:01.324722,JEW,2216289.jpg,2216289,2,0,NA
2217187_2,2023-01-24 09:25:59.277740,JEW,2217187.jpg,2217187,2,0,NA
2217196_2,2023-01-24 09:25:56.168334,JEW,2217196.jpg,2217196,2,0,NA
2217215_2,2023-01-24 09:25:54.012082,JEW,2217215.jpg,2217215,2,0,NA
2217711_2,2023-01-24 09:25:51.402663,BEAUTY,2217711.jpg,2217711,2,0,NA
2214481_2,2023-01-24 09:25:49.465167,ACC,2214481.jpg,2214481,2,0,NA
2214448_2,2023-01-24 09:25:46.543346,ACC,2214448.jpg,2214448,2,0,NA
2214463_2,2023-01-24 09:25:44.449507,ACC,2214463.jpg,2214463,2,0,NA
2216090_2,2023-01-24 09:25:41.590073,JEW,2216090.jpg,2216090,2,0,NA
2216093_2,2023-01-24 09:25:39.465133,JEW,2216093.jpg,2216093,2,0,NA
2216205_2,2023-01-24 09:25:37.105685,JEW,2216205.jpg,2216205,2,0,NA
2216234_2,2023-01-24 09:25:34.402514,JEW,2216234.jpg,2216234,2,0,NA
2217191_2,2023-01-24 09:25:31.559038,JEW,2217191.jpg,2217191,2,0,NA
2217195_2,2023-01-24 09:25:29.918334,JEW,2217195.jpg,2217195,2,0,NA
2217198_2,2023-01-24 09:25:27.683810,JEW,2217198.jpg,2217198,2,0,NA
2217201_2,2023-01-24 09:25:24.324340,JEW,2217201.jpg,2217201,2,0,NA
2217211_2,2023-01-24 09:25:22.121175,JEW,2217211.jpg,2217211,2,0,NA
2217699_2,2023-01-24 09:25:18.418028,BEAUTY,2217699.jpg,2217699,2,0,NA
2217218_2,2023-01-24 09:25:14.886735,JEW,2217218.jpg,2217218,2,0,NA
2218479_2,2023-01-24 09:25:12.292981,SHO,2218479.jpg,2218479,2,0,NA
2300566_2,2023-01-24 09:25:09.449208,ACC,2300566.jpg,2300566,2,0,NA
2300567_2,2023-01-24 09:25:07.058614,ACC,2300567.jpg,2300567,2,0,NA
2300568_2,2023-01-24 09:25:05.183508,ACC,2300568.jpg,2300568,2,0,NA
2216894_2,2023-01-24 09:05:12.698387,ACC,2216894.png,2216894,2,0,NA
2216893_2,2023-01-24 09:03:08.959162,ACC,2216893.png,2216893,2,0,NA
2217241_2,2023-01-24 09:00:48.137326,ACC,2217241.png,2217241,2,0,NA
2214488_2,2023-01-24 08:53:03.594939,ACC,2214488.jpg,2214488,2,0,NA
2217514_2,2023-01-24 08:52:15.438276,ACC,2217514.jpg,2217514,2,0,NA
2217339_2,2023-01-24 08:51:00.515730,ACC,2217339.jpg,2217339,2,0,NA
2205338_2,2023-01-24 08:50:11.702804,ACC,2205338.png,2205338,2,0,NA
2217509_2,2023-01-24 08:49:09.577278,ACC,2217509.png,2217509,2,0,NA
2216661_2,2023-01-24 08:48:10.608075,ACC,2216661.png,2216661,2,0,NA
2216660_2,2023-01-24 08:47:13.810634,ACC,2216660.png,2216660,2,0,NA
2216658_2,2023-01-24 08:46:17.903903,ACC,2216658.png,2216658,2,0,NA
2217270_2,2023-01-24 08:45:04.793900,ACC,2217270.jpg,2217270,2,0,NA
2217337_2,2023-01-24 08:43:02.261573,ACC,2217337.jpg,2217337,2,0,NA
2217326_2,2023-01-24 08:41:32.463931,ACC,2217326.jpg,2217326,2,0,NA
2217483_2,2023-01-24 08:40:31.854002,ACC,2217483.jpg,2217483,2,0,NA
2217518_2,2023-01-24 08:39:08.478292,ACC,2217518.png,2217518,2,0,NA
2217516_2,2023-01-24 08:37:02.461566,ACC,2217516.jpg,2217516,2,0,NA
2217515_2,2023-01-24 08:35:13.866976,ACC,2217515.jpg,2217515,2,0,NA
2300765_2,2023-01-23 16:12:04.000000,CLO,2300765.jpg,2300765,2,0,NA
2300764_2,2023-01-23 16:12:04.000000,CLO,2300764.jpg,2300764,2,0,NA
2300766_2,2023-01-23 16:12:04.000000,CLO,2300766.jpg,2300766,2,0,NA
2300763_2,2023-01-23 16:12:02.000000,CLO,2300763.jpg,2300763,2,0,NA
2300604_2,2023-01-23 14:42:04.813349,CLO,2300604.jpg,2300604,2,0,NA
2300674_2,2023-01-23 14:41:47.813209,CLO,2300674.jpg,2300674,2,0,NA
2300603_2,2023-01-23 14:41:30.157191,CLO,2300603.jpg,2300603,2,0,NA
2300564_2,2023-01-23 14:41:05.906613,CLO,2300564.jpg,2300564,2,0,NA
2300649_2,2023-01-23 14:40:50.782057,CLO,2300649.jpg,2300649,2,0,NA
2300651_2,2023-01-23 14:40:34.515694,CLO,2300651.jpg,2300651,2,0,NA
2300561_2,2023-01-23 14:40:12.296780,CLO,2300561.jpg,2300561,2,0,NA
2300610_2,2023-01-23 14:39:54.671607,CLO,2300610.jpg,2300610,2,0,NA
2300560_2,2023-01-23 14:39:35.874581,CLO,2300560.jpg,2300560,2,0,NA
2300602_2,2023-01-23 14:39:18.593175,CLO,2300602.jpg,2300602,2,0,NA
2300559_2,2023-01-23 14:38:45.592888,CLO,2300559.jpg,2300559,2,0,NA
2218276_2,2023-01-23 09:02:51.949660,CLO,2218276.jpg,2218276,2,0,NA
2217542_2,2023-01-23 09:02:47.293087,CLO,2217542.jpg,2217542,2,0,NA
2300276_2,2023-01-23 09:02:42.964679,CLO,2300276.jpg,2300276,2,0,NA
2218615_2,2023-01-23 09:02:33.948464,CLO,2218615.jpg,2218615,2,0,NA
2300438_2,2023-01-23 09:02:30.807629,CLO,2300438.jpg,2300438,2,0,NA
2300375_2,2023-01-23 09:02:27.885586,CLO,2300375.jpg,2300375,2,0,NA
2300354_2,2023-01-23 09:02:24.494747,CLO,2300354.jpg,2300354,2,0,NA
2300355_2,2023-01-23 09:02:20.088164,CLO,2300355.jpg,2300355,2,0,NA
2300339_2,2023-01-23 09:02:15.072212,CLO,2300339.jpg,2300339,2,0,NA
2300043_2,2023-01-23 09:02:05.524711,CLO,2300043.jpg,2300043,2,0,NA
2300066_2,2023-01-23 09:02:00.836869,CLO,2300066.jpg,2300066,2,0,NA
2300001_2,2023-01-23 09:01:56.399080,CLO,2300001.jpg,2300001,2,0,NA
2218526_2,2023-01-23 09:01:52.680096,CLO,2218526.jpg,2218526,2,0,NA
2218298_2,2023-01-23 09:01:50.476848,CLO,2218298.jpg,2218298,2,0,NA
2218475_2,2023-01-23 09:01:48.086030,CLO,2218475.jpg,2218475,2,0,NA
2218268_2,2023-01-23 09:01:45.101474,CLO,2218268.jpg,2218268,2,0,NA
2218266_2,2023-01-23 09:01:41.710615,CLO,2218266.jpg,2218266,2,0,NA
2218263_2,2023-01-23 09:01:35.944652,CLO,2218263.jpg,2218263,2,0,NA
2218265_2,2023-01-23 09:01:33.460074,CLO,2218265.jpg,2218265,2,0,NA
2218253_2,2023-01-23 09:01:30.569246,CLO,2218253.jpg,2218253,2,0,NA
2218251_2,2023-01-23 09:01:27.240927,CLO,2218251.jpg,2218251,2,0,NA
2218111_2,2023-01-23 09:01:24.287574,CLO,2218111.jpg,2218111,2,0,NA
2218027_2,2023-01-23 09:01:21.537422,CLO,2218027.jpg,2218027,2,0,NA
2217585_2,2023-01-23 09:01:18.130924,CLO,2217585.jpg,2217585,2,0,NA
2215700_2,2023-01-23 09:01:14.661945,CLO,2215700.jpg,2215700,2,0,NA
2215701_2,2023-01-23 09:01:11.442992,CLO,2215701.jpg,2215701,2,0,NA
2216340_2,2023-01-20 16:43:38.231683,JEW,2216340.JPG,2216340,2,0,NA
2216321_2,2023-01-20 16:41:47.449481,JEW,2216321.JPG,2216321,2,0,NA
2300163_2,2023-01-20 16:39:16.948159,ACC,2300163.JPG,2300163,2,0,NA
2216312_2,2023-01-20 16:05:21.764003,JEW,2216312.JPG,2216312,2,0,NA
2215744_2,2023-01-20 09:15:43.270186,SHO,2215744.jpg,2215744,2,0,NA
2215746_2,2023-01-20 09:15:41.020142,SHO,2215746.jpg,2215746,2,0,NA
2215748_2,2023-01-20 09:15:39.098239,SHO,2215748.jpg,2215748,2,0,NA
2216108_2,2023-01-20 09:15:36.957591,JEW,2216108.jpg,2216108,2,0,NA
2216109_2,2023-01-20 09:15:34.598171,JEW,2216109.jpg,2216109,2,0,NA
2216112_2,2023-01-20 09:15:33.004417,JEW,2216112.jpg,2216112,2,0,NA
2216116_2,2023-01-20 09:15:30.957507,JEW,2216116.jpg,2216116,2,0,NA
2216115_2,2023-01-20 09:15:28.598064,JEW,2216115.jpg,2216115,2,0,NA
2216123_2,2023-01-20 09:15:25.926231,JEW,2216123.jpg,2216123,2,0,NA
2216125_2,2023-01-20 09:15:23.066757,JEW,2216125.jpg,2216125,2,0,NA
2216140_2,2023-01-20 09:15:20.926108,JEW,2216140.jpg,2216140,2,0,NA
2216131_2,2023-01-20 09:15:17.660456,JEW,2216131.jpg,2216131,2,0,NA
2216126_2,2023-01-20 09:15:15.410382,JEW,2216126.jpg,2216126,2,0,NA
2216141_2,2023-01-20 09:15:12.722850,JEW,2216141.jpg,2216141,2,0,NA
2216186_2,2023-01-20 09:15:10.644696,JEW,2216186.jpg,2216186,2,0,NA
2216191_2,2023-01-20 09:15:08.238410,JEW,2216191.jpg,2216191,2,0,NA
2216483_2,2023-01-20 09:15:06.066508,JEW,2216483.jpg,2216483,2,0,NA
2216194_2,2023-01-20 09:15:03.925834,JEW,2216194.jpg,2216194,2,0,NA
2216491_2,2023-01-20 09:15:02.316434,JEW,2216491.jpg,2216491,2,0,NA
2216488_2,2023-01-20 09:14:59.926055,JEW,2216488.jpg,2216488,2,0,NA
2216490_2,2023-01-20 09:14:57.831996,JEW,2216490.jpg,2216490,2,0,NA
2216562_2,2023-01-20 09:14:56.206975,JEW,2216562.jpg,2216562,2,0,NA
2216564_2,2023-01-20 09:14:54.285210,JEW,2216564.jpg,2216564,2,0,NA
2216492_2,2023-01-20 09:14:51.878845,JEW,2216492.jpg,2216492,2,0,NA
2216570_2,2023-01-20 09:14:50.097508,JEW,2216570.jpg,2216570,2,0,NA
2216572_2,2023-01-20 09:14:48.378832,JEW,2216572.jpg,2216572,2,0,NA
2216606_2,2023-01-20 09:14:46.816289,JEW,2216606.jpg,2216606,2,0,NA
2216638_2,2023-01-20 09:14:45.316188,JEW,2216638.jpg,2216638,2,0,NA
2216610_2,2023-01-20 09:14:43.316163,JEW,2216610.jpg,2216610,2,0,NA
2216719_2,2023-01-20 09:14:41.691139,JEW,2216719.jpg,2216719,2,0,NA
2216730_2,2023-01-20 09:14:39.316154,JEW,2216730.jpg,2216730,2,0,NA
2216731_2,2023-01-20 09:14:37.128575,JEW,2216731.jpg,2216731,2,0,NA
2216733_2,2023-01-20 09:14:35.456660,JEW,2216733.jpg,2216733,2,0,NA
2216243_2,2023-01-20 09:14:33.269108,JEW,2216243.jpg,2216243,2,0,NA
2216246_2,2023-01-20 09:14:31.565989,JEW,2216246.jpg,2216246,2,0,NA
2216303_2,2023-01-20 09:14:29.394071,JEW,2216303.jpg,2216303,2,0,NA
2216306_2,2023-01-20 09:14:27.300294,JEW,2216306.jpg,2216306,2,0,NA
2216347_2,2023-01-20 09:14:24.268991,JEW,2216347.jpg,2216347,2,0,NA
2216308_2,2023-01-20 09:14:22.081462,JEW,2216308.jpg,2216308,2,0,NA
2216355_2,2023-01-20 09:14:19.237669,JEW,2216355.jpg,2216355,2,0,NA
2216412_2,2023-01-20 09:14:16.331495,JEW,2216412.jpg,2216412,2,0,NA
2216413_2,2023-01-20 09:14:14.081337,JEW,2216413.jpg,2216413,2,0,NA
2216473_2,2023-01-20 09:14:11.581291,ACC,2216473.jpg,2216473,2,0,NA
2217745_2,2023-01-20 09:14:09.003153,BEAUTY,2217745.jpg,2217745,2,0,NA
2216874_2,2023-01-20 09:14:07.659438,ACC,2216874.jpg,2216874,2,0,NA
2217755_2,2023-01-20 09:14:05.643721,BEAUTY,2217755.jpg,2217755,2,0,NA
2217748_2,2023-01-20 09:14:03.831174,BEAUTY,2217748.jpg,2217748,2,0,NA
2217746_2,2023-01-20 09:14:01.706242,BEAUTY,2217746.jpg,2217746,2,0,NA
2217791_2,2023-01-20 09:13:59.252986,BEAUTY,2217791.jpg,2217791,2,0,NA
2217821_2,2023-01-20 09:13:57.690465,BEAUTY,2217821.jpg,2217821,2,0,NA
2217793_2,2023-01-20 09:13:55.174918,BEAUTY,2217793.jpg,2217793,2,0,NA
2217822_2,2023-01-20 09:13:53.362273,BEAUTY,2217822.jpg,2217822,2,0,NA
2217857_2,2023-01-20 09:13:51.112267,BEAUTY,2217857.jpg,2217857,2,0,NA
2217940_2,2023-01-20 09:13:47.815293,JEW,2217940.jpg,2217940,2,0,NA
2217943_2,2023-01-20 09:13:45.721596,JEW,2217943.jpg,2217943,2,0,NA
2217942_2,2023-01-20 09:13:42.924623,JEW,2217942.jpg,2217942,2,0,NA
2217944_2,2023-01-20 09:13:40.815188,JEW,2217944.jpg,2217944,2,0,NA
2217941_2,2023-01-20 09:13:38.096417,JEW,2217941.jpg,2217941,2,0,NA
2218480_2,2023-01-20 09:13:36.018280,SHO,2218480.jpg,2218480,2,0,NA
2300169_2,2023-01-20 09:13:33.659218,ACC,2300169.jpg,2300169,2,0,NA
2300162_2,2023-01-20 09:13:31.190053,ACC,2300162.jpg,2300162,2,0,NA
2300166_2,2023-01-20 09:13:28.908789,ACC,2300166.jpg,2300166,2,0,NA
2300171_2,2023-01-20 09:13:26.064998,ACC,2300171.jpg,2300171,2,0,NA
2300550_2,2023-01-20 09:13:22.158902,ACC,2300550.jpg,2300550,2,0,NA
2300551_2,2023-01-20 09:13:19.627392,ACC,2300551.jpg,2300551,2,0,NA
2300552_2,2023-01-20 09:13:18.096101,ACC,2300552.jpg,2300552,2,0,NA
2300553_2,2023-01-20 09:13:16.143188,ACC,2300553.jpg,2300553,2,0,NA
2300866_2,2023-01-19 13:43:47.565604,CLO,2300866.jpeg,2300866,2,0,NA
2300881_2,2023-01-19 13:33:54.969875,CLO,2300881.jpeg,2300881,2,0,NA
2300880_2,2023-01-19 13:33:41.964717,CLO,2300880.jpeg,2300880,2,0,NA
2300882_2,2023-01-19 13:33:32.799710,CLO,2300882.jpeg,2300882,2,0,NA
2300883_2,2023-01-19 13:33:23.671515,CLO,2300883.jpeg,2300883,2,0,NA
2300884_2,2023-01-19 13:33:18.446394,CLO,2300884.jpeg,2300884,2,0,NA
2300929_2,2023-01-19 13:32:22.741179,CLO,2300929.jpeg,2300929,2,0,NA
2300936_2,2023-01-19 13:32:17.532195,CLO,2300936.jpeg,2300936,2,0,NA
2300933_2,2023-01-19 13:32:13.444403,CLO,2300933.jpeg,2300933,2,0,NA
2300916_2,2023-01-19 13:32:09.971548,CLO,2300916.jpeg,2300916,2,0,NA
2300924_2,2023-01-19 13:32:06.244185,CLO,2300924.jpeg,2300924,2,0,NA
2300913_2,2023-01-19 13:32:02.848976,CLO,2300913.jpeg,2300913,2,0,NA
2300910_2,2023-01-19 13:31:58.772718,CLO,2300910.jpeg,2300910,2,0,NA
2300909_2,2023-01-19 13:31:55.489660,CLO,2300909.jpeg,2300909,2,0,NA
2300907_2,2023-01-19 13:31:48.440336,CLO,2300907.jpeg,2300907,2,0,NA
2300906_2,2023-01-19 13:31:44.601616,CLO,2300906.jpeg,2300906,2,0,NA
2300905_2,2023-01-19 13:31:39.594418,CLO,2300905.jpeg,2300905,2,0,NA
2300901_2,2023-01-19 13:31:35.418497,CLO,2300901.jpeg,2300901,2,0,NA
2300899_2,2023-01-19 13:31:29.821163,CLO,2300899.jpeg,2300899,2,0,NA
2300898_2,2023-01-19 13:31:25.847249,CLO,2300898.jpeg,2300898,2,0,NA
2300896_2,2023-01-19 13:31:17.918255,CLO,2300896.jpeg,2300896,2,0,NA
2300820_2,2023-01-19 13:22:15.277263,CLO,2300820.jpeg,2300820,2,0,NA
2300822_2,2023-01-19 13:22:13.665201,CLO,2300822.jpeg,2300822,2,0,NA
2300860_2,2023-01-19 13:22:03.626057,CLO,2300860.jpeg,2300860,2,0,NA
2300863_2,2023-01-19 13:22:01.078534,CLO,2300863.jpeg,2300863,2,0,NA
2300861_2,2023-01-19 13:21:58.466527,CLO,2300861.jpeg,2300861,2,0,NA
2300862_2,2023-01-19 13:21:52.960468,CLO,2300862.jpeg,2300862,2,0,NA
2300865_2,2023-01-19 13:21:50.209154,CLO,2300865.jpeg,2300865,2,0,NA
2300873_2,2023-01-19 12:08:11.292889,CLO,2300873.jpg,2300873,2,0,NA
2300876_2,2023-01-19 12:03:55.771318,CLO,2300876.jpg,2300876,2,0,NA
2300872_2,2023-01-19 12:03:44.346434,CLO,2300872.jpg,2300872,2,0,NA
2300870_2,2023-01-19 12:03:25.282265,CLO,2300870.jpg,2300870,2,0,NA
2300871_2,2023-01-19 12:03:14.795338,CLO,2300871.jpg,2300871,2,0,NA
2300869_2,2023-01-19 12:03:04.016824,CLO,2300869.jpg,2300869,2,0,NA
2300875_2,2023-01-19 12:02:50.947291,CLO,2300875.jpg,2300875,2,0,NA
2300887_2,2023-01-18 09:06:55.168857,CLO,2300887.jfif,2300887,2,0,NA
2300889_2,2023-01-18 09:06:45.261975,CLO,2300889.jfif,2300889,2,0,NA
2300890_2,2023-01-18 09:06:26.761457,CLO,2300890.jfif,2300890,2,0,NA
2300892_2,2023-01-18 09:06:19.651895,CLO,2300892.jfif,2300892,2,0,NA
2300894_2,2023-01-18 09:05:38.838250,CLO,2300894.jfif,2300894,2,0,NA
2300868_2,2023-01-18 09:03:34.178411,CLO,2300868.jfif,2300868,2,0,NA
2300885_2,2023-01-18 09:03:20.333820,CLO,2300885.jfif,2300885,2,0,NA
2300879_2,2023-01-18 09:03:12.801998,CLO,2300879.jfif,2300879,2,0,NA
2300878_2,2023-01-18 09:02:46.300208,CLO,2300878.jfif,2300878,2,0,NA
2300867_2,2023-01-18 09:01:40.686476,CLO,2300867.jfif,2300867,2,0,NA
2300864_2,2023-01-18 09:01:33.607904,CLO,2300864.jfif,2300864,2,0,NA
2300858_2,2023-01-18 09:00:00.601730,CLO,2300858.jfif,2300858,2,0,NA
2111742_2,2023-01-18 08:53:09.061165,ACC,2111742.jpg,2111742,2,0,NA
2218342_2,2023-01-18 08:53:08.108522,CLO,2218342.jpg,2218342,2,0,NA
2300074_2,2023-01-18 08:53:07.311143,CLO,2300074.jpg,2300074,2,0,NA
2300056_2,2023-01-18 08:53:06.561132,CLO,2300056.jpg,2300056,2,0,NA
2217550_2,2023-01-18 08:53:05.248622,CLO,2217550.jpg,2217550,2,0,NA
2218184_2,2023-01-18 08:53:02.529862,ACC,2218184.jpg,2218184,2,0,NA
2218442_2,2023-01-18 08:53:01.014206,ACC,2218442.jpg,2218442,2,0,NA
2218645_2,2023-01-18 08:52:59.889188,ACC,2218645.jpg,2218645,2,0,NA
2300256_2,2023-01-18 08:52:57.998735,CLO,2300256.jpg,2300256,2,0,NA
2300260_2,2023-01-18 08:52:55.498549,CLO,2300260.jpg,2300260,2,0,NA
2300362_2,2023-01-18 08:52:52.826642,CLO,2300362.jpg,2300362,2,0,NA
2300343_2,2023-01-18 08:52:50.170352,CLO,2300343.jpg,2300343,2,0,NA
2300342_2,2023-01-18 08:52:47.951606,CLO,2300342.jpg,2300342,2,0,NA
2300341_2,2023-01-18 08:52:43.107812,CLO,2300341.jpg,2300341,2,0,NA
2300340_2,2023-01-18 08:52:41.451534,CLO,2300340.jpg,2300340,2,0,NA
2300337_2,2023-01-18 08:52:37.904746,CLO,2300337.jpg,2300337,2,0,NA
2300334_2,2023-01-18 08:52:35.185879,CLO,2300334.jpg,2300334,2,0,NA
2300328_2,2023-01-18 08:52:32.685861,CLO,2300328.jpg,2300328,2,0,NA
2300054_2,2023-01-18 08:52:31.623338,CLO,2300054.jpg,2300054,2,0,NA
2300026_2,2023-01-18 08:52:28.638946,CLO,2300026.jpg,2300026,2,0,NA
2218662_2,2023-01-18 08:52:26.545175,CLO,2218662.jpg,2218662,2,0,NA
2218660_2,2023-01-18 08:52:25.623286,CLO,2218660.jpg,2218660,2,0,NA
2218625_2,2023-01-18 08:52:23.748270,CLO,2218625.jpg,2218625,2,0,NA
2218565_2,2023-01-18 08:52:20.982608,CLO,2218565.jpg,2218565,2,0,NA
2218573_2,2023-01-18 08:52:18.123213,CLO,2218573.jpg,2218573,2,0,NA
2218559_2,2023-01-18 08:52:15.795074,CLO,2218559.jpg,2218559,2,0,NA
2218517_2,2023-01-18 08:52:12.810684,CLO,2218517.jpg,2218517,2,0,NA
2218274_2,2023-01-18 08:52:10.623154,CLO,2218274.jpg,2218274,2,0,NA
2218506_2,2023-01-18 08:52:07.169997,CLO,2218506.jpg,2218506,2,0,NA
2218292_2,2023-01-18 08:52:05.341857,CLO,2218292.jpg,2218292,2,0,NA
2218271_2,2023-01-18 08:52:02.998193,CLO,2218271.jpg,2218271,2,0,NA
2218269_2,2023-01-18 08:52:00.279324,CLO,2218269.jpg,2218269,2,0,NA
2218243_2,2023-01-18 08:51:56.998056,CLO,2218243.jpg,2218243,2,0,NA
2218159_2,2023-01-18 08:51:54.904276,CLO,2218159.jpg,2218159,2,0,NA
2218011_2,2023-01-18 08:51:53.404266,CLO,2218011.jpg,2218011,2,0,NA
2218169_2,2023-01-18 08:51:51.591756,CLO,2218169.jpg,2218169,2,0,NA
2217697_2,2023-01-18 08:51:49.310488,CLO,2217697.jpg,2217697,2,0,NA
2217691_2,2023-01-18 08:51:47.216685,CLO,2217691.jpg,2217691,2,0,NA
2217713_2,2023-01-18 08:51:44.685519,CLO,2217713.jpg,2217713,2,0,NA
2217630_2,2023-01-18 08:51:41.716646,CLO,2217630.jpg,2217630,2,0,NA
2300874_2,2023-01-18 08:51:40.951099,CLO,2300874.jfif,2300874,2,0,NA
2217633_2,2023-01-18 08:51:38.497869,CLO,2217633.jpg,2217633,2,0,NA
2217620_2,2023-01-18 08:51:33.513451,CLO,2217620.jpg,2217620,2,0,NA
2217625_2,2023-01-18 08:51:32.029059,CLO,2217625.jpg,2217625,2,0,NA
2217377_2,2023-01-18 08:51:29.810302,CLO,2217377.jpg,2217377,2,0,NA
2217372_2,2023-01-18 08:51:28.075919,CLO,2217372.jpg,2217372,2,0,NA
2300877_2,2023-01-18 08:51:27.654013,CLO,2300877.jfif,2300877,2,0,NA
2217232_2,2023-01-18 08:51:26.904016,CLO,2217232.jpg,2217232,2,0,NA
2216931_2,2023-01-18 08:51:25.388378,CLO,2216931.jpg,2216931,2,0,NA
2216927_2,2023-01-18 08:51:22.872847,CLO,2216927.jpg,2216927,2,0,NA
2216253_2,2023-01-18 08:51:20.716464,CLO,2216253.jpg,2216253,2,0,NA
2215166_2,2023-01-18 08:51:19.060324,SHO,2215166.jpg,2215166,2,0,NA
2215167_2,2023-01-18 08:51:16.263296,SHO,2215167.jpg,2215167,2,0,NA
2215168_2,2023-01-18 08:51:12.560225,SHO,2215168.jpg,2215168,2,0,NA
2215169_2,2023-01-18 08:51:09.856992,SHO,2215169.jpg,2215169,2,0,NA
2215404_2,2023-01-18 08:51:07.247609,SHO,2215404.jpg,2215404,2,0,NA
2215170_2,2023-01-18 08:51:04.466337,SHO,2215170.jpg,2215170,2,0,NA
2215406_2,2023-01-18 08:51:01.903800,SHO,2215406.jpg,2215406,2,0,NA
2215410_2,2023-01-18 08:50:59.435034,SHO,2215410.jpg,2215410,2,0,NA
2216153_2,2023-01-18 08:50:57.528765,SHO,2216153.jpg,2216153,2,0,NA
2216313_2,2023-01-18 08:50:55.388238,SHO,2216313.jpg,2216313,2,0,NA
2216314_2,2023-01-18 08:50:51.700574,SHO,2216314.jpg,2216314,2,0,NA
2216315_2,2023-01-18 08:50:49.888070,SHO,2216315.jpg,2216315,2,0,NA
2216316_2,2023-01-18 08:50:46.841200,SHO,2216316.jpg,2216316,2,0,NA
2300469_2,2023-01-18 08:50:42.763021,JEW,2300469.jpg,2300469,2,0,NA
2216106_2,2023-01-18 08:50:40.997365,JEW,2216106.jpg,2216106,2,0,NA
2216101_2,2023-01-18 08:50:38.684860,JEW,2216101.jpg,2216101,2,0,NA
2216113_2,2023-01-18 08:50:37.231710,JEW,2216113.jpg,2216113,2,0,NA
2216133_2,2023-01-18 08:50:34.731767,JEW,2216133.jpg,2216133,2,0,NA
2216128_2,2023-01-18 08:50:32.216318,JEW,2216128.jpg,2216128,2,0,NA
2216138_2,2023-01-18 08:50:28.887873,JEW,2216138.jpg,2216138,2,0,NA
2216143_2,2023-01-18 08:50:26.481630,JEW,2216143.jpg,2216143,2,0,NA
2216151_2,2023-01-18 08:50:25.184731,JEW,2216151.jpg,2216151,2,0,NA
2216145_2,2023-01-18 08:50:23.262831,JEW,2216145.jpg,2216145,2,0,NA
2216152_2,2023-01-18 08:50:21.783141,JEW,2216152.jpg,2216152,2,0,NA
2216173_2,2023-01-18 08:50:19.434709,JEW,2216173.jpg,2216173,2,0,NA
2216174_2,2023-01-18 08:50:17.778419,JEW,2216174.jpg,2216174,2,0,NA
2216175_2,2023-01-18 08:50:16.419024,JEW,2216175.jpg,2216175,2,0,NA
2216177_2,2023-01-18 08:50:12.262749,JEW,2216177.jpg,2216177,2,0,NA
2216179_2,2023-01-18 08:50:08.309572,JEW,2216179.jpg,2216179,2,0,NA
2216176_2,2023-01-18 08:50:06.528399,JEW,2216176.jpg,2216176,2,0,NA
2216180_2,2023-01-18 08:50:04.512685,JEW,2216180.jpg,2216180,2,0,NA
2216182_2,2023-01-18 08:50:01.637669,JEW,2216182.jpg,2216182,2,0,NA
2216183_2,2023-01-18 08:49:59.793902,JEW,2216183.jpg,2216183,2,0,NA
2216187_2,2023-01-18 08:49:57.606374,JEW,2216187.jpg,2216187,2,0,NA
2216184_2,2023-01-18 08:49:55.481411,JEW,2216184.jpg,2216184,2,0,NA
2216188_2,2023-01-18 08:49:50.606342,JEW,2216188.jpg,2216188,2,0,NA
2216189_2,2023-01-18 08:49:49.246993,JEW,2216189.jpg,2216189,2,0,NA
2216190_2,2023-01-18 08:49:24.840441,JEW,2216190.jpg,2216190,2,0,NA
2216192_2,2023-01-18 08:49:22.871699,JEW,2216192.jpg,2216192,2,0,NA
2217679_2,2023-01-18 08:49:21.856054,BEAUTY,2217679.jpg,2217679,2,0,NA
2217700_2,2023-01-18 08:49:20.590765,BEAUTY,2217700.jpg,2217700,2,0,NA
2217709_2,2023-01-18 08:49:19.512276,BEAUTY,2217709.jpg,2217709,2,0,NA
2217712_2,2023-01-18 08:49:18.402885,BEAUTY,2217712.jpg,2217712,2,0,NA
2217799_2,2023-01-18 08:49:17.152987,BEAUTY,2217799.jpg,2217799,2,0,NA
2300814_2,2023-01-18 08:49:16.277968,CLO,2300814.jfif,2300814,2,0,NA
2217802_2,2023-01-18 08:49:15.934135,BEAUTY,2217802.jpg,2217802,2,0,NA
2217801_2,2023-01-18 08:49:14.684126,BEAUTY,2217801.jpg,2217801,2,0,NA
2217800_2,2023-01-18 08:49:13.199742,BEAUTY,2217800.jpg,2217800,2,0,NA
2217804_2,2023-01-18 08:49:11.855974,BEAUTY,2217804.jpg,2217804,2,0,NA
2217803_2,2023-01-18 08:49:10.418464,BEAUTY,2217803.jpg,2217803,2,0,NA
2216463_2,2023-01-18 08:49:08.965331,ACC,2216463.jpg,2216463,2,0,NA
2216481_2,2023-01-18 08:49:07.590317,CLO,2216481.jpg,2216481,2,0,NA
2216469_2,2023-01-18 08:49:06.184067,ACC,2216469.jpg,2216469,2,0,NA
2300813_2,2023-01-18 08:49:05.277794,CLO,2300813.jfif,2300813,2,0,NA
2216495_2,2023-01-18 08:49:04.934028,JEW,2216495.jpg,2216495,2,0,NA
2216497_2,2023-01-18 08:49:03.637164,JEW,2216497.jpg,2216497,2,0,NA
2217469_2,2023-01-18 08:49:02.590272,ACC,2217469.jpg,2217469,2,0,NA
2217468_2,2023-01-18 08:49:00.996505,ACC,2217468.jpg,2217468,2,0,NA
2217470_2,2023-01-18 08:48:59.434004,ACC,2217470.jpg,2217470,2,0,NA
2217473_2,2023-01-18 08:48:57.715641,ACC,2217473.jpg,2217473,2,0,NA
2217474_2,2023-01-18 08:48:56.012088,ACC,2217474.jpg,2217474,2,0,NA
2217482_2,2023-01-18 08:48:54.418329,ACC,2217482.jpg,2217482,2,0,NA
2217877_2,2023-01-18 08:48:53.183939,ACC,2217877.jpg,2217877,2,0,NA
2217878_2,2023-01-18 08:48:52.277668,ACC,2217878.jpg,2217878,2,0,NA
2217879_2,2023-01-18 08:48:51.433925,ACC,2217879.jpg,2217879,2,0,NA
2216608_2,2023-01-18 08:48:50.496403,JEW,2216608.jpg,2216608,2,0,NA
2215408_2,2023-01-18 08:48:49.762113,SHO,2215408.jpg,2215408,2,0,NA
2216516_2,2023-01-18 08:48:47.980767,JEW,2216516.jpg,2216516,2,0,NA
2216515_2,2023-01-18 08:48:47.012002,JEW,2216515.jpg,2216515,2,0,NA
2216568_2,2023-01-18 08:48:45.699487,JEW,2216568.jpg,2216568,2,0,NA
2216525_2,2023-01-18 08:48:43.715098,JEW,2216525.jpg,2216525,2,0,NA
2216529_2,2023-01-18 08:48:40.480697,JEW,2216529.jpg,2216529,2,0,NA
2216588_2,2023-01-18 08:48:36.902547,JEW,2216588.jpg,2216588,2,0,NA
2216590_2,2023-01-18 08:48:35.480664,JEW,2216590.jpg,2216590,2,0,NA
2216599_2,2023-01-18 08:48:33.183822,JEW,2216599.jpg,2216599,2,0,NA
2216592_2,2023-01-18 08:48:29.246233,JEW,2216592.jpg,2216592,2,0,NA
2300949_2,2023-01-18 08:48:27.496223,CLO,2300949.jfif,2300949,2,0,NA
2216623_2,2023-01-18 08:48:14.605475,JEW,2216623.jpg,2216623,2,0,NA
2216624_2,2023-01-18 08:48:13.496292,JEW,2216624.jpg,2216624,2,0,NA
2216627_2,2023-01-18 08:48:12.214832,JEW,2216627.jpg,2216627,2,0,NA
2216646_2,2023-01-18 08:48:11.121072,JEW,2216646.jpg,2216646,2,0,NA
2216720_2,2023-01-18 08:48:10.042948,JEW,2216720.jpg,2216720,2,0,NA
2216721_2,2023-01-18 08:48:09.355433,JEW,2216721.jpg,2216721,2,0,NA
2216722_2,2023-01-18 08:48:08.355424,JEW,2216722.jpg,2216722,2,0,NA
2216725_2,2023-01-18 08:48:07.605426,JEW,2216725.jpg,2216725,2,0,NA
2216735_2,2023-01-18 08:48:06.808546,JEW,2216735.jpg,2216735,2,0,NA
2216737_2,2023-01-18 08:48:06.074158,JEW,2216737.jpg,2216737,2,0,NA
2216727_2,2023-01-18 08:48:05.386639,JEW,2216727.jpg,2216727,2,0,NA
2216738_2,2023-01-18 08:48:04.589766,JEW,2216738.jpg,2216738,2,0,NA
2216741_2,2023-01-18 08:47:47.542879,JEW,2216741.jpg,2216741,2,0,NA
2217852_2,2023-01-18 08:47:09.229925,ACC,2217852.jpg,2217852,2,0,NA
2300944_2,2023-01-17 16:12:26.533792,CLO,2300944.jfif,2300944,2,0,NA
2300946_2,2023-01-17 16:12:13.518000,CLO,2300946.jfif,2300946,2,0,NA
2300943_2,2023-01-17 16:11:58.064612,CLO,2300943.jfif,2300943,2,0,NA
2300940_2,2023-01-17 16:11:37.095537,CLO,2300940.jfif,2300940,2,0,NA
2300785_2,2023-01-17 14:46:57.549901,CLO,2300785.png,2300785,2,0,NA
1903986_1,2023-01-17 08:45:24.457911,CLO,1903986.jpg,1903986,1,0,NA
2006309_2,2023-01-17 08:45:16.254740,JEW,2006309.jpg,2006309,2,0,NA
2216329_2,2023-01-16 16:33:11.299573,JEW,2216329.png,2216329,2,0,NA
2300914_2,2023-01-16 13:44:48.843053,CLO,2300914.png,2300914,2,0,NA
2300917_2,2023-01-16 13:44:42.702457,CLO,2300917.png,2300917,2,0,NA
2300912_2,2023-01-16 13:44:34.546232,CLO,2300912.png,2300912,2,0,NA
2300919_2,2023-01-16 13:43:21.671510,CLO,2300919.png,2300919,2,0,NA
2300921_2,2023-01-16 13:43:15.093462,CLO,2300921.png,2300921,2,0,NA
2300923_2,2023-01-16 12:02:12.130594,CLO,2300923.png,2300923,2,0,NA
2300306_2,2023-01-16 08:55:55.228694,CLO,2300306.jpg,2300306,2,0,NA
2300096_2,2023-01-16 08:55:50.994342,CLO,2300096.jpg,2300096,2,0,NA
2218607_2,2023-01-16 08:55:48.947541,CLO,2218607.jpg,2218607,2,0,NA
2218597_2,2023-01-16 08:55:45.853750,CLO,2218597.jpg,2218597,2,0,NA
2218544_2,2023-01-16 08:55:42.916413,CLO,2218544.jpg,2218544,2,0,NA
2218562_2,2023-01-16 08:55:39.978880,CLO,2218562.jpg,2218562,2,0,NA
2218542_2,2023-01-16 08:55:36.525769,CLO,2218542.jpg,2218542,2,0,NA
2218538_2,2023-01-16 08:55:33.947542,CLO,2218538.jpg,2218538,2,0,NA
2218541_2,2023-01-16 08:55:31.853780,CLO,2218541.jpg,2218541,2,0,NA
2218512_2,2023-01-16 08:55:29.822538,CLO,2218512.jpg,2218512,2,0,NA
2218520_2,2023-01-16 08:55:27.494513,CLO,2218520.jpg,2218520,2,0,NA
2218505_2,2023-01-16 08:55:24.541304,CLO,2218505.jpg,2218505,2,0,NA
2218503_2,2023-01-16 08:55:21.760853,CLO,2218503.jpg,2218503,2,0,NA
2218489_2,2023-01-16 08:55:19.353838,CLO,2218489.jpg,2218489,2,0,NA
2218502_2,2023-01-16 08:55:17.181953,CLO,2218502.jpg,2218502,2,0,NA
2218424_2,2023-01-16 08:55:15.056951,CLO,2218424.jpg,2218424,2,0,NA
2218482_2,2023-01-16 08:55:12.353842,CLO,2218482.jpg,2218482,2,0,NA
2218372_2,2023-01-16 08:55:09.650741,CLO,2218372.jpg,2218372,2,0,NA
2218356_2,2023-01-16 08:55:07.463237,CLO,2218356.jpg,2218356,2,0,NA
2218355_2,2023-01-16 08:55:05.010207,CLO,2218355.jpg,2218355,2,0,NA
2218322_2,2023-01-16 08:55:01.478902,CLO,2218322.jpg,2218322,2,0,NA
2218306_2,2023-01-16 08:54:59.072680,CLO,2218306.jpg,2218306,2,0,NA
2218318_2,2023-01-16 08:54:56.525787,CLO,2218318.jpg,2218318,2,0,NA
2218299_2,2023-01-16 08:54:54.322685,CLO,2218299.jpg,2218299,2,0,NA
2218286_2,2023-01-16 08:54:52.244559,CLO,2218286.jpg,2218286,2,0,NA
2218273_2,2023-01-16 08:54:49.869572,CLO,2218273.jpg,2218273,2,0,NA
2218177_2,2023-01-16 08:54:46.104013,CLO,2218177.jpg,2218177,2,0,NA
2218221_2,2023-01-16 08:54:42.307281,CLO,2218221.jpg,2218221,2,0,NA
2218176_2,2023-01-16 08:54:40.103979,CLO,2218176.jpg,2218176,2,0,NA
2218175_2,2023-01-16 08:54:37.760250,CLO,2218175.jpg,2218175,2,0,NA
2218174_2,2023-01-16 08:54:35.447748,CLO,2218174.jpg,2218174,2,0,NA
2218165_2,2023-01-16 08:54:32.588693,CLO,2218165.jpg,2218165,2,0,NA
2218146_2,2023-01-16 08:54:29.432145,CLO,2218146.jpg,2218146,2,0,NA
2218138_2,2023-01-16 08:54:26.541531,CLO,2218138.jpg,2218138,2,0,NA
2218139_2,2023-01-16 08:54:23.760300,CLO,2218139.jpg,2218139,2,0,NA
2218096_2,2023-01-16 08:54:21.385375,CLO,2218096.jpg,2218096,2,0,NA
2218092_2,2023-01-16 08:54:18.010432,CLO,2218092.jpg,2218092,2,0,NA
2218087_2,2023-01-16 08:54:14.854099,CLO,2218087.jpg,2218087,2,0,NA
2218020_2,2023-01-16 08:54:12.947917,CLO,2218020.jpg,2218020,2,0,NA
2218018_2,2023-01-16 08:54:10.244727,CLO,2218018.jpg,2218018,2,0,NA
2217833_2,2023-01-16 08:54:08.400976,CLO,2217833.jpg,2217833,2,0,NA
2217658_2,2023-01-16 08:54:04.494739,CLO,2217658.jpg,2217658,2,0,NA
2217662_2,2023-01-16 08:54:02.494824,CLO,2217662.jpg,2217662,2,0,NA
2217395_2,2023-01-16 08:54:00.244813,CLO,2217395.jpg,2217395,2,0,NA
2217382_2,2023-01-16 08:53:57.619768,CLO,2217382.jpg,2217382,2,0,NA
2217226_2,2023-01-16 08:53:55.010401,CLO,2217226.jpg,2217226,2,0,NA
2217228_2,2023-01-16 08:53:52.729174,CLO,2217228.jpg,2217228,2,0,NA
2217223_2,2023-01-16 08:53:49.651071,CLO,2217223.jpg,2217223,2,0,NA
2215113_2,2023-01-16 08:53:46.979192,CLO,2215113.jpg,2215113,2,0,NA
2216082_2,2023-01-16 08:53:44.541693,JEW,2216082.jpg,2216082,2,0,NA
2216393_2,2023-01-16 08:53:41.244823,JEW,2216393.jpg,2216393,2,0,NA
2216395_2,2023-01-16 08:53:37.932324,JEW,2216395.jpg,2216395,2,0,NA
2216397_2,2023-01-16 08:53:34.135486,JEW,2216397.jpg,2216397,2,0,NA
2216401_2,2023-01-16 08:53:30.979245,JEW,2216401.jpg,2216401,2,0,NA
2216405_2,2023-01-16 08:53:27.260510,JEW,2216405.jpg,2216405,2,0,NA
2216408_2,2023-01-16 08:53:23.682706,JEW,2216408.jpg,2216408,2,0,NA
2216409_2,2023-01-16 08:53:20.213888,JEW,2216409.jpg,2216409,2,0,NA
2216410_2,2023-01-16 08:53:16.635787,JEW,2216410.jpg,2216410,2,0,NA
2216419_2,2023-01-16 08:53:13.479292,JEW,2216419.jpg,2216419,2,0,NA
2216424_2,2023-01-16 08:53:10.041828,JEW,2216424.jpg,2216424,2,0,NA
2216426_2,2023-01-16 08:53:06.291851,JEW,2216426.jpg,2216426,2,0,NA
2216427_2,2023-01-16 08:53:02.869976,JEW,2216427.jpg,2216427,2,0,NA
2216430_2,2023-01-16 08:52:58.916876,JEW,2216430.jpg,2216430,2,0,NA
2216438_2,2023-01-16 08:52:55.635877,JEW,2216438.jpg,2216438,2,0,NA
2216439_2,2023-01-16 08:52:52.073192,JEW,2216439.jpg,2216439,2,0,NA
2217203_2,2023-01-16 08:52:48.416905,JEW,2217203.jpg,2217203,2,0,NA
2217220_2,2023-01-16 08:52:44.886245,JEW,2217220.jpg,2217220,2,0,NA
2217219_2,2023-01-16 08:52:41.073179,JEW,2217219.jpg,2217219,2,0,NA
2216230_2,2023-01-16 08:52:36.807580,ACC,2216230.jpg,2216230,2,0,NA
2216204_2,2023-01-16 08:52:32.432595,JEW,2216204.jpg,2216204,2,0,NA
2216399_2,2023-01-16 08:52:28.151360,JEW,2216399.jpg,2216399,2,0,NA
2216402_2,2023-01-16 08:52:24.088877,JEW,2216402.jpg,2216402,2,0,NA
2216406_2,2023-01-16 08:52:19.932831,JEW,2216406.jpg,2216406,2,0,NA
2216407_2,2023-01-16 08:52:17.323275,JEW,2216407.jpg,2216407,2,0,NA
2216411_2,2023-01-16 08:52:13.838921,JEW,2216411.jpg,2216411,2,0,NA
2216415_2,2023-01-16 08:52:10.760777,JEW,2216415.jpg,2216415,2,0,NA
2216414_2,2023-01-16 08:52:08.338995,JEW,2216414.jpg,2216414,2,0,NA
2216418_2,2023-01-16 08:52:05.870201,JEW,2216418.jpg,2216418,2,0,NA
2216416_2,2023-01-16 08:52:02.963989,JEW,2216416.jpg,2216416,2,0,NA
2216417_2,2023-01-16 08:52:00.479612,JEW,2216417.jpg,2216417,2,0,NA
2216429_2,2023-01-16 08:51:57.276490,JEW,2216429.jpg,2216429,2,0,NA
2216421_2,2023-01-16 08:51:54.854626,JEW,2216421.jpg,2216421,2,0,NA
2216432_2,2023-01-16 08:51:51.604621,JEW,2216432.jpg,2216432,2,0,NA
2216433_2,2023-01-16 08:51:48.120273,JEW,2216433.jpg,2216433,2,0,NA
2216436_2,2023-01-16 08:51:45.417164,JEW,2216436.jpg,2216436,2,0,NA
2216437_2,2023-01-16 08:51:42.182786,JEW,2216437.jpg,2216437,2,0,NA
2216440_2,2023-01-16 08:51:39.932794,JEW,2216440.jpg,2216440,2,0,NA
2214862_2,2023-01-16 08:51:37.230230,BEAUTY,2214862.jpg,2214862,2,0,NA
2216404_2,2023-01-16 08:51:34.714092,JEW,2216404.jpg,2216404,2,0,NA
2218188_2,2023-01-16 08:51:31.620391,ACC,2218188.jpg,2218188,2,0,NA
2218187_2,2023-01-16 08:51:28.089095,ACC,2218187.jpg,2218187,2,0,NA
2218189_2,2023-01-16 08:51:25.354713,ACC,2218189.jpg,2218189,2,0,NA
2218190_2,2023-01-16 08:51:22.464117,ACC,2218190.jpg,2218190,2,0,NA
2218191_2,2023-01-16 08:51:19.557883,ACC,2218191.jpg,2218191,2,0,NA
2218495_2,2023-01-16 08:51:16.698504,ACC,2218495.jpg,2218495,2,0,NA
2218648_2,2023-01-16 08:51:12.307896,JEW,2218648.jpg,2218648,2,0,NA
2300244_2,2023-01-16 08:51:07.683018,ACC,2300244.jpg,2300244,2,0,NA
2300245_2,2023-01-16 08:51:05.214201,ACC,2300245.jpg,2300245,2,0,NA
2300246_2,2023-01-16 08:51:02.932947,ACC,2300246.jpg,2300246,2,0,NA
2300467_2,2023-01-16 08:51:00.604999,JEW,2300467.jpg,2300467,2,0,NA
2300468_2,2023-01-16 08:50:57.089490,JEW,2300468.jpg,2300468,2,0,NA
2300654_2,2023-01-13 16:05:42.418575,CLO,2300654.jpg,2300654,2,0,NA
2300653_2,2023-01-13 16:05:18.433060,CLO,2300653.jpg,2300653,2,0,NA
2300669_2,2023-01-13 10:36:15.087570,SHO,2300669.png,2300669,2,0,NA
2300668_2,2023-01-13 10:28:35.323698,SHO,2300668.png,2300668,2,0,NA
2300665_2,2023-01-13 10:15:30.122249,SHO,2300665.png,2300665,2,0,NA
2300666_2,2023-01-13 10:12:22.604863,SHO,2300666.jpg,2300666,2,0,NA
2300652_2,2023-01-13 09:58:31.042334,CLO,2300652.jpg,2300652,2,0,NA
2300663_2,2023-01-12 22:51:45.572695,SHO,2300663.png,2300663,2,0,NA
2300675_2,2023-01-12 17:17:37.856370,CLO,2300675.jpeg,2300675,2,0,NA
2300690_2,2023-01-12 17:16:57.791906,CLO,2300690.jpeg,2300690,2,0,NA
2300679_2,2023-01-12 17:16:06.741596,CLO,2300679.jpeg,2300679,2,0,NA
2300661_2,2023-01-12 17:16:04.910258,CLO,2300661.jpeg,2300661,2,0,NA
2300662_2,2023-01-12 17:16:03.104726,CLO,2300662.jpeg,2300662,2,0,NA
2300709_2,2023-01-12 13:48:29.189427,CLO,2300709.jfif,2300709,2,0,NA
2300711_2,2023-01-12 13:47:31.762003,CLO,2300711.jfif,2300711,2,0,NA
2300660_2,2023-01-12 13:47:10.250081,CLO,2300660.jfif,2300660,2,0,NA
2300736_2,2023-01-12 13:40:40.702488,CLO,2300736.jfif,2300736,2,0,NA
2300710_2,2023-01-12 13:39:58.937106,CLO,2300710.jfif,2300710,2,0,NA
0_2,2023-01-12 13:39:40.249599,CLO,230710.jfif,0,2,0,NA
2300659_2,2023-01-12 13:38:38.702957,CLO,2300659.jfif,2300659,2,0,NA
2300708_2,2023-01-12 13:38:32.374951,CLO,2300708.jfif,2300708,2,0,NA
2300696_2,2023-01-12 13:38:24.609336,CLO,2300696.jfif,2300696,2,0,NA
1801879_1,2023-01-12 08:46:26.729711,BEAUTY,1801879.jpg,1801879,1,0,NA
1806253_1,2023-01-12 08:46:22.073433,CLO,1806253.jpg,1806253,1,0,NA
2108772_2,2023-01-12 08:46:13.089072,ACC,2108772.jpg,2108772,2,0,NA
2002069_2,2023-01-12 08:46:10.635974,JEW,2002069.jpg,2002069,2,0,NA
1912325_1,2023-01-12 08:46:08.620366,SHO,1912325.jpg,1912325,1,0,NA
2013204_2,2023-01-12 08:46:06.276626,JEW,2013204.jpg,2013204,2,0,NA
2001405_2,2023-01-12 08:46:05.807869,JEW,2001405.jpg,2001405,2,0,NA
2012409_2,2023-01-12 08:46:05.276701,JEW,2012409.jpg,2012409,2,0,NA
1806661_1,2023-01-12 08:46:03.979750,CLO,1806661.jpg,1806661,1,0,NA
2004017_2,2023-01-12 08:46:02.760990,BEAUTY,2004017.jpg,2004017,2,0,NA
2109460_2,2023-01-12 08:46:01.120403,CLO,2109460.jpg,2109460,2,0,NA
2011602_2,2023-01-12 08:45:57.042430,ACC,2011602.jpg,2011602,2,0,NA
2115263_2,2023-01-12 08:45:55.401655,ACC,2115263.jpg,2115263,2,0,NA
2218279_2,2023-01-12 08:45:52.682916,CLO,2218279.jpg,2218279,2,0,NA
2008283_2,2023-01-12 08:45:49.807932,CLO,2008283.jpg,2008283,2,0,NA
2113653_2,2023-01-12 08:45:47.120533,CLO,2113653.jpg,2113653,2,0,NA
2103830_2,2023-01-12 08:45:42.917329,JEW,2103830.jpg,2103830,2,0,NA
2001506_2,2023-01-12 08:45:39.120451,JEW,2001506.jpg,2001506,2,0,NA
1805681_1,2023-01-12 08:45:36.542352,CLO,1805681.jpg,1805681,1,0,NA
2101555_2,2023-01-12 08:45:33.057980,JEW,2101555.jpg,2101555,2,0,NA
2002936_2,2023-01-12 08:45:29.558005,JEW,2002936.jpg,2002936,2,0,NA
1608648_1,2023-01-12 08:45:26.698643,ACC,1608648.jpg,1608648,1,0,NA
2002820_2,2023-01-12 08:45:24.542533,JEW,2002820.jpg,2002820,2,0,NA
2003571_2,2023-01-12 08:45:21.589298,CLO,2003571 .jpg,2003571,2,0,NA
1910192_1,2023-01-12 08:45:20.074185,ACC,1910192 .jpg,1910192,1,0,NA
2010721_2,2023-01-12 08:45:19.136499,JEW,2010721.jpg,2010721,2,0,NA
2102235_2,2023-01-12 08:45:17.823671,CLO,2102235.jpg,2102235,2,0,NA
1811693_1,2023-01-12 08:45:15.120763,BEAUTY,1811693.jpg,1811693,1,0,NA
1609643_1,2023-01-12 08:45:14.339308,BEAUTY,1609643.jpg,1609643,1,0,NA
2107854_2,2023-01-12 08:45:12.651800,JEW,2107854.jpg,2107854,2,0,NA
2105083_2,2023-01-12 08:45:11.776998,JEW,2105083.jpg,2105083,2,0,NA
2012766_2,2023-01-12 08:45:08.776834,JEW,2012766.jpg,2012766,2,0,NA
2103775_2,2023-01-12 08:45:06.214313,JEW,2103775.jpg,2103775,2,0,NA
2105061_2,2023-01-12 08:45:01.980007,ACC,2105061.jpg,2105061,2,0,NA
2104007_2,2023-01-12 08:44:58.855000,CLO,2104007.jpg,2104007,2,0,NA
2105632_2,2023-01-12 08:44:56.511262,CLO,2105632.jpg,2105632,2,0,NA
2108239_2,2023-01-12 08:44:54.245650,JEW,2108239.jpg,2108239,2,0,NA
2216988_2,2023-01-12 08:44:49.855031,CLO,2216988.jpg,2216988,2,0,NA
2104578_2,2023-01-12 08:44:47.980147,ACC,2104578.jpg,2104578,2,0,NA
2107089_2,2023-01-12 08:44:45.511362,CLO,2107089.jpg,2107089,2,0,NA
2111156_2,2023-01-12 08:44:42.230063,ACC,2111156.jpg,2111156,2,0,NA
2113064_2,2023-01-12 08:44:39.339430,ACC,2113064.jpg,2113064,2,0,NA
2201931_2,2023-01-12 08:44:36.417592,BEAUTY,2201931.jpg,2201931,2,0,NA
2112991_2,2023-01-12 08:44:33.183226,JEW,2112991.jpg,2112991,2,0,NA
2108780_2,2023-01-12 08:44:30.886342,JEW,2108780.jpg,2108780,2,0,NA
2110728_2,2023-01-12 08:44:27.526989,JEW,2110728.jpg,2110728,2,0,NA
2205862_2,2023-01-12 08:44:24.573863,JEW,2205862.jpg,2205862,2,0,NA
2206262_2,2023-01-12 08:44:21.995766,JEW,2206262.jpg,2206262,2,0,NA
2208350_2,2023-01-12 08:44:19.073884,JEW,2208350.jpg,2208350,2,0,NA
2203576_2,2023-01-12 08:44:16.417641,JEW,2203576.jpg,2203576,2,0,NA
2104475_2,2023-01-12 08:44:13.230176,ACC,2104475.jpg,2104475,2,0,NA
2114705_2,2023-01-12 08:44:10.292955,JEW,2114705.jpg,2114705,2,0,NA
2113386_2,2023-01-12 08:44:08.230194,JEW,2113386.jpg,2113386,2,0,NA
2112241_2,2023-01-12 08:44:06.402307,JEW,2112241.jpg,2112241,2,0,NA
2210094_2,2023-01-12 08:44:05.089581,JEW,2210094.jpg,2210094,2,0,NA
2207429_2,2023-01-12 08:44:01.370940,ACC,2207429.jpg,2207429,2,0,NA
2206270_2,2023-01-12 08:43:59.808376,JEW,2206270.jpg,2206270,2,0,NA
1503915_1,2023-01-12 08:43:56.292710,JEW,1503915.jpg,1503915,1,0,NA
2208342_2,2023-01-12 08:43:54.558363,JEW,2208342.jpg,2208342,2,0,NA
2206264_2,2023-01-12 08:43:52.089625,JEW,2206264.jpg,2206264,2,0,NA
2203509_2,2023-01-12 08:43:49.870880,CLO,2203509.jpg,2203509,2,0,NA
2210361_2,2023-01-12 08:43:46.167766,CLO,2210361.jpg,2210361,2,0,NA
2208047_2,2023-01-12 08:43:42.277161,JEW,2208047.jpg,2208047,2,0,NA
2110690_2,2023-01-12 08:43:38.355292,ACC,2110690.jpg,2110690,2,0,NA
2209106_2,2023-01-12 08:43:34.292814,JEW,2209106.jpg,2209106,2,0,NA
2115380_2,2023-01-12 08:43:32.308441,JEW,2115380.jpg,2115380,2,0,NA
2200156_2,2023-01-12 08:43:30.277209,BEAUTY,2200156.jpg,2200156,2,0,NA
2201711_2,2023-01-12 08:43:28.120958,JEW,2201711.jpg,2201711,2,0,NA
2115410_2,2023-01-12 08:43:24.167857,CLO,2115410.jpg,2115410,2,0,NA
2200511_2,2023-01-12 08:43:20.152582,JEW,2200511.jpg,2200511,2,0,NA
2203748_2,2023-01-12 08:43:16.964758,JEW,2203748.jpg,2203748,2,0,NA
2203937_2,2023-01-12 08:43:14.824137,JEW,2203937.jpg,2203937,2,0,NA
2203881_2,2023-01-12 08:43:10.808528,JEW,2203881.jpg,2203881,2,0,NA
2112994_2,2023-01-12 08:43:09.042901,JEW,2112994.jpg,2112994,2,0,NA
2205824_2,2023-01-12 08:43:07.417921,ACC,2205824.jpg,2205824,2,0,NA
2005285_2,2023-01-12 08:43:06.089797,JEW,2005285.jpg,2005285,2,0,NA
2115403_2,2023-01-12 08:43:03.871054,JEW,2115403.jpg,2115403,2,0,NA
2113326_2,2023-01-12 08:43:01.152328,JEW,2113326.jpg,2113326,2,0,NA
2203354_2,2023-01-12 08:42:59.058706,JEW,2203354.jpg,2203354,2,0,NA
2202720_2,2023-01-12 08:42:56.542990,JEW,2202720.jpg,2202720,2,0,NA
2203728_2,2023-01-12 08:42:53.746090,JEW,2203728.jpg,2203728,2,0,NA
2201199_2,2023-01-12 08:42:51.902343,JEW,2201199.jpg,2201199,2,0,NA
2203323_2,2023-01-12 08:42:49.339871,JEW,2203323.jpg,2203323,2,0,NA
2202255_2,2023-01-12 08:42:47.074245,JEW,2202255.jpg,2202255,2,0,NA
2204828_2,2023-01-12 08:42:44.214886,JEW,2204828.jpg,2204828,2,0,NA
2203421_2,2023-01-12 08:42:42.027394,JEW,2203421.jpg,2203421,2,0,NA
2216920_2,2023-01-12 08:42:39.230645,JEW,2216920.jpg,2216920,2,0,NA
1905409_1,2023-01-12 08:42:36.886785,ACC,1905409.jpg,1905409,1,0,NA
2204589_2,2023-01-12 08:42:35.543041,JEW,2204589.jpg,2204589,2,0,NA
2200899_2,2023-01-12 08:42:32.683673,JEW,2200899.jpg,2200899,2,0,NA
2206795_2,2023-01-12 08:42:29.496259,JEW,2206795.jpg,2206795,2,0,NA
2207504_2,2023-01-12 08:42:26.683699,JEW,2207504.jpg,2207504,2,0,NA
2206133_2,2023-01-12 08:42:23.777451,CLO,2206133.jpg,2206133,2,0,NA
2203197_2,2023-01-12 08:42:22.199327,ACC,2203197.jpg,2203197,2,0,NA
2204668_2,2023-01-12 08:42:19.168100,JEW,2204668.jpg,2204668,2,0,NA
2113439_2,2023-01-12 08:42:16.793110,JEW,2113439.jpg,2113439,2,0,NA
2204832_2,2023-01-12 08:42:13.793112,JEW,2204832.jpg,2204832,2,0,NA
2204230_2,2023-01-12 08:42:11.402493,JEW,2204230.jpg,2204230,2,0,NA
2202576_2,2023-01-12 08:42:10.058766,JEW,2202576.jpg,2202576,2,0,NA
2207136_2,2023-01-12 08:42:08.480640,JEW,2207136.jpg,2207136,2,0,NA
2216281_2,2023-01-12 08:42:06.215015,CLO,2216281.jpg,2216281,2,0,NA
2210406_2,2023-01-12 08:42:03.746286,CLO,2210406.jpg,2210406,2,0,NA
2207845_2,2023-01-12 08:42:01.043169,CLO,2207845.jpg,2207845,2,0,NA
2203153_2,2023-01-12 08:41:57.949422,CLO,2203153.jpg,2203153,2,0,NA
2201351_2,2023-01-12 08:41:55.543305,CLO,2201351.jpg,2201351,2,0,NA
2111174_2,2023-01-12 08:41:53.215076,CLO,2111174.jpg,2111174,2,0,NA
2202474_2,2023-01-12 08:41:49.496395,CLO,2202474.jpg,2202474,2,0,NA
0_0,2023-01-12 08:41:47.418392,CLO,SR11552.jpg,0,0,0,NA
2113409_2,2023-01-12 08:41:44.746355,JEW,2113409.jpg,2113409,2,0,NA
2215988_2,2023-01-12 08:41:43.090134,ACC,2215988.jpg,2215988,2,0,NA
2201086_2,2023-01-12 08:41:41.933867,JEW,2201086.jpg,2201086,2,0,NA
2210308_2,2023-01-12 08:41:40.418250,JEW,2210308.jpg,2210308,2,0,NA
2114446_2,2023-01-12 08:41:38.777631,ACC,2114446.jpg,2114446,2,0,NA
2209621_2,2023-01-12 08:41:36.965143,JEW,2209621.jpg,2209621,2,0,NA
2211028_2,2023-01-12 08:41:36.043268,JEW,2211028.jpg,2211028,2,0,NA
2210815_2,2023-01-12 08:41:35.152651,JEW,2210815.jpg,2210815,2,0,NA
2217286_2,2023-01-12 08:41:34.137017,ACC,2217286.jpg,2217286,2,0,NA
2206643_2,2023-01-12 08:41:32.808907,JEW,2206643.jpg,2206643,2,0,NA
2218473_2,2023-01-12 08:41:31.496396,CLO,2218473.jpg,2218473,2,0,NA
2200502_2,2023-01-12 08:41:21.933937,JEW,2200502.jpg,2200502,2,0,NA
2114447_2,2023-01-12 08:41:20.496447,JEW,2114447.jpg,2114447,2,0,NA
1808518_1,2023-01-12 08:41:18.840197,CLO,1808518.jpg,1808518,1,0,NA
2202867_2,2023-01-12 08:41:16.465221,JEW,2202867.jpg,2202867,2,0,NA
2115282_2,2023-01-12 08:41:15.183970,JEW,2115282.jpg,2115282,2,0,NA
2204833_2,2023-01-12 08:41:13.699608,JEW,2204833.jpg,2204833,2,0,NA
2201906_2,2023-01-12 08:41:12.230845,JEW,2201906.jpg,2201906,2,0,NA
2003141_2,2023-01-12 08:41:11.215253,JEW,2003141.jpg,2003141,2,0,NA
2208471_2,2023-01-12 08:41:09.746481,ACC,2208471.jpg,2208471,2,0,NA
1803212_1,2023-01-12 08:41:07.777742,SHO,1803212.jpg,1803212,1,0,NA
2108195_2,2023-01-12 08:41:06.809015,SHO,2108195.jpg,2108195,2,0,NA
2217828_2,2023-01-12 08:41:05.762120,CLO,2217828.jpg,2217828,2,0,NA
2210317_2,2023-01-12 08:41:01.996532,JEW,2210317.jpg,2210317,2,0,NA
2217946_2,2023-01-12 08:41:00.605890,JEW,2217946.jpg,2217946,2,0,NA
2112168_2,2023-01-12 08:40:59.230912,SHO,2112168.jpg,2112168,2,0,NA
2209452_2,2023-01-12 08:40:57.856040,JEW,2209452.jpg,2209452,2,0,NA
2210877_2,2023-01-12 08:40:56.387161,JEW,2210877.jpg,2210877,2,0,NA
2210830_2,2023-01-12 08:40:54.824665,JEW,2210830.jpg,2210830,2,0,NA
2108460_2,2023-01-12 08:40:53.543558,ACC,2108460.jpg,2108460,2,0,NA
1905410_1,2023-01-12 08:40:52.637359,ACC,1905410.jpg,1905410,1,0,NA
2209128_2,2023-01-12 08:40:51.043455,JEW,2209128.jpg,2209128,2,0,NA
1908491_1,2023-01-12 08:40:49.684064,ACC,1908491.jpg,1908491,1,0,NA
2209629_2,2023-01-12 08:40:48.027866,JEW,2209629.jpg,2209629,2,0,NA
2209697_2,2023-01-12 08:40:46.668761,JEW,2209697.jpg,2209697,2,0,NA
2203877_2,2023-01-12 08:40:45.199822,JEW,2203877.jpg,2203877,2,0,NA
1805611_1,2023-01-12 08:40:44.168457,BEAUTY,1805611.jpg,1805611,1,0,NA
2007499_2,2023-01-12 08:40:43.184103,SHO,2007499.jpg,2007499,2,0,NA
2215589_2,2023-01-12 08:40:41.746672,ACC,2215589.jpg,2215589,2,0,NA
2209282_2,2023-01-12 08:40:40.387215,JEW,2209282.jpg,2209282,2,0,NA
2217905_2,2023-01-12 08:40:38.840361,BEAUTY,2217905.jpg,2217905,2,0,NA
1702067_1,2023-01-12 08:40:38.012227,ACC,1702067.jpg,1702067,1,0,NA
2205760_2,2023-01-12 08:40:36.730996,ACC,2205760.jpg,2205760,2,0,NA
2205236_2,2023-01-12 08:40:35.277868,JEW,2205236.jpg,2205236,2,0,NA
2210928_2,2023-01-12 08:40:34.043642,JEW,2210928.jpg,2210928,2,0,NA
0_0,2023-01-12 08:40:33.074754,CLO,SHS-173.jpg,0,0,0,NA
2217947_2,2023-01-12 08:40:30.449768,JEW,2217947.jpg,2217947,2,0,NA
2202834_2,2023-01-12 08:40:29.106025,CLO,2202834.jpg,2202834,2,0,NA
0_1,2023-01-12 08:40:26.324827,CLO,108858.jpg,0,1,0,NA
1502132_1,2023-01-12 08:40:22.809164,CLO,1502132.jpg,1502132,1,0,NA
1808265_1,2023-01-12 08:40:21.871673,CLO,1808265.jpg,1808265,1,0,NA
2013246_2,2023-01-12 08:40:20.512298,JEW,2013246.jpg,2013246,2,0,NA
1912113_1,2023-01-12 08:40:20.027922,JEW,1912113.jpg,1912113,1,0,NA
2113404_2,2023-01-12 08:40:18.262303,JEW,2113404.jpg,2113404,2,0,NA
1705028_1,2023-01-12 08:40:16.793563,CLO,1705028.jpg,1705028,1,0,NA
2207506_2,2023-01-12 08:40:14.777941,JEW,2207506.jpg,2207506,2,0,NA
2200575_2,2023-01-12 08:40:12.590465,JEW,2200575.jpg,2200575,2,0,NA
2200425_2,2023-01-12 08:40:10.278054,JEW,2200425.jpg,2200425,2,0,NA
1608667_1,2023-01-12 08:40:08.574952,ACC,1608667.jpg,1608667,1,0,NA
2206019_2,2023-01-12 08:40:07.246725,ACC,2206019.jpg,2206019,2,0,NA
2007398_2,2023-01-12 08:40:04.543699,JEW,2007398.jpg,2007398,2,0,NA
2110689_2,2023-01-12 08:40:02.277993,ACC,2110689.jpg,2110689,2,0,NA
2112258_2,2023-01-12 08:40:00.278014,JEW,2112258.jpg,2112258,2,0,NA
0_2,2023-01-12 08:39:58.684264,CLO,200932.jpg,0,2,0,NA
2211013_2,2023-01-12 08:39:54.340533,JEW,2211013.jpg,2211013,2,0,NA
2115408_2,2023-01-12 08:39:51.809280,JEW,2115408.jpg,2115408,2,0,NA
0_0,2023-01-12 08:39:49.090712,CLO,SA-2103.jpg,0,0,0,NA
1707023_1,2023-01-12 08:39:34.653113,JEW,1707023.jpg,1707023,1,0,NA
2200476_2,2023-01-12 08:39:31.403118,JEW,2200476.jpg,2200476,2,0,NA
2006917_2,2023-01-12 08:39:28.621880,JEW,2006917.jpg,2006917,2,0,NA
1912647_1,2023-01-12 08:39:27.418931,JEW,1912647.jpg,1912647,1,0,NA
1909749_1,2023-01-12 08:39:25.637518,JEW,1909749.jpg,1909749,1,0,NA
1903391_1,2023-01-12 08:39:24.028148,JEW,1903391.jpg,1903391,1,0,NA
1704257_1,2023-01-12 08:39:20.575027,ACC,1704257.jpg,1704257,1,0,NA
2104340_2,2023-01-12 08:39:19.231293,ACC,2104340.jpg,2104340,2,0,NA
2200313_2,2023-01-12 08:39:14.856312,JEW,2200313.jpg,2200313,2,0,NA
2107955_2,2023-01-12 08:39:07.028206,CLO,2107955.jpg,2107955,2,0,NA
2218498_2,2023-01-12 08:39:03.668842,ACC,2218498.jpg,2218498,2,0,NA
2011050_2,2023-01-12 08:38:59.856368,JEW,2011050.jpg,2011050,2,0,NA
2200571_2,2023-01-12 08:38:55.793870,JEW,2200571.jpg,2200571,2,0,NA
2003895_2,2023-01-12 08:38:52.809643,JEW,2003895.jpg,2003895,2,0,NA
1912629_1,2023-01-12 08:38:49.653285,JEW,1912629.jpg,1912629,1,0,NA
2108786_2,2023-01-12 08:38:47.262653,JEW,2108786.jpg,2108786,2,0,NA
2013571_2,2023-01-12 08:38:45.106441,JEW,2013571.jpg,2013571,2,0,NA
1912613_1,2023-01-12 08:38:43.059554,JEW,1912613.jpg,1912613,1,0,NA
1900928_1,2023-01-12 08:38:40.590818,JEW,1900928.jpg,1900928,1,0,NA
1912080_1,2023-01-12 08:38:38.403339,JEW,1912080.jpg,1912080,1,0,NA
1906767_1,2023-01-12 08:38:36.512706,JEW,1906767.jpg,1906767,1,0,NA
2004925_2,2023-01-12 08:38:35.262709,JEW,2004925.jpg,2004925,2,0,NA
1900948_1,2023-01-12 08:38:34.153343,JEW,1900948.jpg,1900948,1,0,NA
2114151_2,2023-01-12 08:38:32.872113,JEW,2114151.jpg,2114151,2,0,NA
2107581_2,2023-01-12 08:38:31.653357,JEW,2107581.jpg,2107581,2,0,NA
1908743_1,2023-01-12 08:38:30.231487,JEW,1908743.jpg,1908743,1,0,NA
2012738_2,2023-01-12 08:38:28.840851,JEW,2012738.jpg,2012738,2,0,NA
2103786_2,2023-01-12 08:38:27.497102,JEW,2103786.jpg,2103786,2,0,NA
1900947_1,2023-01-12 08:38:25.715871,JEW,1900947.jpg,1900947,1,0,NA
1902987_1,2023-01-12 08:38:23.934616,JEW,1902987.jpg,1902987,1,0,NA
1911513_1,2023-01-12 08:38:21.950274,JEW,1911513.jpg,1911513,1,0,NA
2014170_2,2023-01-12 08:38:20.184791,JEW,2014170.jpg,2014170,2,0,NA
2013736_2,2023-01-12 08:38:18.059638,JEW,2013736.jpg,2013736,2,0,NA
1811490_1,2023-01-12 08:38:16.544047,JEW,1811490.jpg,1811490,1,0,NA
2012739_2,2023-01-12 08:38:14.419035,JEW,2012739.jpg,2012739,2,0,NA
1901760_1,2023-01-12 08:38:12.794034,JEW,1901760.jpg,1901760,1,0,NA
1905531_1,2023-01-12 08:38:10.700292,JEW,1905531.jpg,1905531,1,0,NA
0_0,2023-01-12 08:38:07.262932,BEAUTY,QE2553.jpg,0,0,0,NA
2200572_2,2023-01-12 08:38:05.559800,JEW,2200572.jpg,2200572,2,0,NA
2010465_2,2023-01-12 08:38:02.919209,JEW,2010465.jpg,2010465,2,0,NA
2013589_2,2023-01-12 08:38:01.684708,JEW,2013589.jpg,2013589,2,0,NA
2215142_2,2023-01-12 08:37:59.325362,CLO,2215142.jpg,2215142,2,0,NA
2216504_2,2023-01-12 08:37:55.434850,JEW,2216504.jpg,2216504,2,0,NA
2215144_2,2023-01-12 08:37:51.512912,CLO,2215144.jpg,2215144,2,0,NA
2216513_2,2023-01-12 08:37:47.684765,JEW,2216513.jpg,2216513,2,0,NA
2216507_2,2023-01-12 08:37:44.872272,JEW,2216507.jpg,2216507,2,0,NA
2216535_2,2023-01-12 08:37:41.216059,JEW,2216535.jpg,2216535,2,0,NA
2216534_2,2023-01-12 08:37:38.122305,JEW,2216534.jpg,2216534,2,0,NA
2216543_2,2023-01-12 08:37:35.075431,JEW,2216543.jpg,2216543,2,0,NA
2216547_2,2023-01-12 08:37:32.372313,JEW,2216547.jpg,2216547,2,0,NA
2216537_2,2023-01-12 08:37:29.716357,JEW,2216537.jpg,2216537,2,0,NA
2216556_2,2023-01-12 08:37:26.934851,JEW,2216556.jpg,2216556,2,0,NA
2216558_2,2023-01-12 08:37:24.278613,JEW,2216558.jpg,2216558,2,0,NA
2216561_2,2023-01-12 08:37:21.450502,JEW,2216561.jpg,2216561,2,0,NA
2216654_2,2023-01-12 08:37:18.731745,JEW,2216654.jpg,2216654,2,0,NA
2216662_2,2023-01-12 08:37:15.997416,JEW,2216662.jpg,2216662,2,0,NA
2216672_2,2023-01-12 08:37:11.888040,JEW,2216672.jpg,2216672,2,0,NA
2216669_2,2023-01-12 08:37:09.185629,JEW,2216669.jpg,2216669,2,0,NA
2216676_2,2023-01-12 08:37:05.700541,JEW,2216676.jpg,2216676,2,0,NA
2216681_2,2023-01-12 08:37:02.841188,JEW,2216681.jpg,2216681,2,0,NA
2216683_2,2023-01-12 08:37:00.059945,JEW,2216683.jpg,2216683,2,0,NA
2216689_2,2023-01-12 08:36:57.122472,JEW,2216689.jpg,2216689,2,0,NA
2216693_2,2023-01-12 08:36:54.356845,JEW,2216693.jpg,2216693,2,0,NA
2217255_2,2023-01-12 08:36:51.950584,ACC,2217255.jpg,2217255,2,0,NA
2216708_2,2023-01-12 08:36:48.481874,JEW,2216708.jpg,2216708,2,0,NA
2217257_2,2023-01-12 08:36:45.278808,ACC,2217257.jpg,2217257,2,0,NA
2217315_2,2023-01-12 08:36:41.200634,ACC,2217315.jpg,2217315,2,0,NA
2217323_2,2023-01-12 08:36:38.747519,ACC,2217323.jpg,2217323,2,0,NA
2217318_2,2023-01-12 08:36:36.310029,ACC,2217318.jpg,2217318,2,0,NA
2217352_2,2023-01-12 08:36:32.481985,ACC,2217352.jpg,2217352,2,0,NA
2217324_2,2023-01-12 08:36:28.341396,ACC,2217324.jpg,2217324,2,0,NA
2217383_2,2023-01-12 08:36:23.372589,ACC,2217383.jpg,2217383,2,0,NA
2217388_2,2023-01-12 08:36:20.403840,ACC,2217388.jpg,2217388,2,0,NA
2217390_2,2023-01-12 08:36:16.888413,ACC,2217390.jpg,2217390,2,0,NA
2217422_2,2023-01-12 08:36:11.310953,ACC,2217422.jpg,2217422,2,0,NA
2217442_2,2023-01-12 08:36:06.560160,ACC,2217442.jpg,2217442,2,0,NA
2217423_2,2023-01-12 08:36:01.075795,ACC,2217423.jpg,2217423,2,0,NA
2217446_2,2023-01-12 08:35:56.450814,ACC,2217446.jpg,2217446,2,0,NA
2217447_2,2023-01-12 08:35:52.029042,ACC,2217447.jpg,2217447,2,0,NA
2218420_2,2023-01-12 08:35:46.857280,CLO,2218420.jpg,2218420,2,0,NA
2217488_2,2023-01-12 08:35:41.388406,ACC,2217488.jpg,2217488,2,0,NA
2218421_2,2023-01-12 08:35:32.154042,CLO,2218421.jpg,2218421,2,0,NA
2218422_2,2023-01-12 08:35:27.013506,CLO,2218422.jpg,2218422,2,0,NA
2216656_2,2023-01-12 08:35:20.247819,JEW,2216656.jpg,2216656,2,0,NA
2216682_2,2023-01-12 08:35:15.904094,JEW,2216682.jpg,2216682,2,0,NA
2217259_2,2023-01-12 08:35:10.154108,ACC,2217259.jpg,2217259,2,0,NA
2216502_2,2023-01-12 08:35:03.544758,JEW,2216502.jpg,2216502,2,0,NA
2216508_2,2023-01-12 08:35:00.341661,CLO,2216508.jpg,2216508,2,0,NA
2217405_2,2023-01-12 08:34:57.779154,ACC,2217405.jpg,2217405,2,0,NA
2217437_2,2023-01-12 08:34:53.357310,ACC,2217437.jpg,2217437,2,0,NA
2218423_2,2023-01-12 08:34:50.341690,CLO,2218423.jpg,2218423,2,0,NA
2217489_2,2023-01-12 08:34:47.279211,ACC,2217489.jpg,2217489,2,0,NA
2300280_2,2023-01-12 08:34:42.935866,ACC,2300280.jpg,2300280,2,0,NA
2300282_2,2023-01-12 08:34:40.107366,ACC,2300282.jpg,2300282,2,0,NA
2300283_2,2023-01-12 08:34:37.654253,ACC,2300283.jpg,2300283,2,0,NA
2300289_2,2023-01-12 08:34:35.123010,ACC,2300289.jpg,2300289,2,0,NA
2217260_2,2023-01-12 08:34:32.388658,ACC,2217260.jpg,2217260,2,0,NA
2214431_2,2023-01-12 08:34:28.951159,BEAUTY,2214431.jpg,2214431,2,0,NA
2216114_2,2023-01-12 08:34:24.654302,JEW,2216114.jpg,2216114,2,0,NA
2216148_2,2023-01-12 08:34:21.810538,JEW,2216148.jpg,2216148,2,0,NA
2216172_2,2023-01-12 08:34:19.404468,JEW,2216172.jpg,2216172,2,0,NA
2216217_2,2023-01-12 08:34:16.060578,JEW,2216217.jpg,2216217,2,0,NA
2216228_2,2023-01-12 08:34:11.685837,ACC,2216228.jpg,2216228,2,0,NA
2216294_2,2023-01-12 08:34:08.669968,JEW,2216294.jpg,2216294,2,0,NA
2300601_2,2023-01-11 12:03:57.997191,CLO,2300601.jpg,2300601,2,0,NA
2300599_2,2023-01-11 11:58:20.579926,SHO,2300599.png,2300599,2,0,NA
2300596_2,2023-01-11 11:56:53.627141,CLO,2300596.jpg,2300596,2,0,NA
2300595_2,2023-01-11 11:53:29.424763,SHO,2300595.png,2300595,2,0,NA
2300594_2,2023-01-11 11:48:13.707247,SHO,2300594.png,2300594,2,0,NA
2300592_2,2023-01-11 11:42:48.239720,CLO,2300592.jpg,2300592,2,0,NA
2300590_2,2023-01-11 11:39:40.599818,CLO,2300590.jpg,2300590,2,0,NA
2300589_2,2023-01-11 11:33:59.476173,SHO,2300589.png,2300589,2,0,NA
2300587_2,2023-01-11 11:25:45.024911,CLO,2300587.jpg,2300587,2,0,NA
2300583_2,2023-01-11 11:24:58.728203,CLO,2300583.jpg,2300583,2,0,NA
2300582_2,2023-01-11 11:24:45.306376,SHO,2300582.jpg,2300582,2,0,NA
2300580_2,2023-01-11 11:24:32.212696,CLO,2300580.jpg,2300580,2,0,NA
2300578_2,2023-01-11 11:23:57.228396,CLO,2300578.jpg,2300578,2,0,NA
2300584_2,2023-01-11 11:23:50.572122,SHO,2300584.png,2300584,2,0,NA
2300586_2,2023-01-11 11:22:27.196952,SHO,2300586.png,2300586,2,0,NA
2009229_2,2023-01-10 08:25:54.425504,CLO,2009229.jpg,2009229,2,0,NA
2102427_2,2023-01-10 08:25:49.019269,BEAUTY,2102427.jpg,2102427,2,0,NA
2214133_2,2023-01-10 08:25:43.097429,BEAUTY,2214133.jpg,2214133,2,0,NA
2214440_2,2023-01-10 08:25:40.863044,ACC,2214440.jpg,2214440,2,0,NA
2214446_2,2023-01-10 08:25:38.363055,ACC,2214446.jpg,2214446,2,0,NA
2214453_2,2023-01-10 08:25:36.238075,ACC,2214453.jpg,2214453,2,0,NA
2214456_2,2023-01-10 08:25:34.144344,ACC,2214456.jpg,2214456,2,0,NA
2214490_2,2023-01-10 08:25:31.941199,ACC,2214490.jpg,2214490,2,0,NA
2214677_2,2023-01-10 08:25:29.941233,ACC,2214677.jpg,2214677,2,0,NA
2214915_2,2023-01-10 08:25:27.284977,ACC,2214915.jpg,2214915,2,0,NA
2216245_2,2023-01-10 08:25:25.019351,JEW,2216245.jpg,2216245,2,0,NA
2216252_2,2023-01-10 08:25:22.566245,JEW,2216252.jpg,2216252,2,0,NA
2216311_2,2023-01-10 08:25:20.300644,JEW,2216311.jpg,2216311,2,0,NA
2216338_2,2023-01-10 08:25:17.816282,JEW,2216338.jpg,2216338,2,0,NA
2216339_2,2023-01-10 08:25:15.691281,JEW,2216339.jpg,2216339,2,0,NA
2216396_2,2023-01-10 08:25:13.003789,SHO,2216396.jpg,2216396,2,0,NA
2216761_2,2023-01-10 08:25:10.831922,ACC,2216761.jpg,2216761,2,0,NA
2216851_2,2023-01-10 08:25:08.206923,ACC,2216851.jpg,2216851,2,0,NA
2216854_2,2023-01-10 08:25:05.800682,ACC,2216854.jpg,2216854,2,0,NA
2216860_2,2023-01-10 08:25:02.910193,ACC,2216860.jpg,2216860,2,0,NA
2216861_2,2023-01-10 08:25:00.300714,ACC,2216861.jpg,2216861,2,0,NA
2217210_2,2023-01-10 08:24:58.410290,SHO,2217210.jpg,2217210,2,0,NA
2217212_2,2023-01-10 08:24:56.410091,SHO,2217212.jpg,2217212,2,0,NA
2217398_2,2023-01-10 08:24:54.769476,ACC,2217398.jpg,2217398,2,0,NA
2217399_2,2023-01-10 08:24:53.144478,ACC,2217399.jpg,2217399,2,0,NA
2217471_2,2023-01-10 08:24:51.425750,ACC,2217471.jpg,2217471,2,0,NA
2217640_2,2023-01-10 08:24:49.550746,BEAUTY,2217640.jpg,2217640,2,0,NA
2217642_2,2023-01-10 08:24:47.816375,BEAUTY,2217642.jpg,2217642,2,0,NA
2217865_2,2023-01-10 08:24:46.253892,ACC,2217865.jpg,2217865,2,0,NA
2218098_2,2023-01-10 08:24:44.847637,ACC,2218098.jpg,2218098,2,0,NA
2218183_2,2023-01-10 08:24:42.738399,ACC,2218183.jpg,2218183,2,0,NA
2218219_2,2023-01-10 08:24:40.988406,ACC,2218219.jpg,2218219,2,0,NA
2218214_2,2023-01-10 08:24:39.378922,ACC,2218214.jpg,2218214,2,0,NA
2218211_2,2023-01-10 08:24:37.785177,ACC,2218211.jpg,2218211,2,0,NA
2218226_2,2023-01-10 08:24:36.113298,ACC,2218226.jpg,2218226,2,0,NA
2216086_2,2023-01-10 08:24:34.300945,JEW,2216086.jpg,2216086,2,0,NA
2216157_2,2023-01-10 08:24:32.738344,JEW,2216157.jpg,2216157,2,0,NA
2216232_2,2023-01-10 08:24:31.160191,JEW,2216232.jpg,2216232,2,0,NA
2216233_2,2023-01-10 08:24:29.582082,JEW,2216233.jpg,2216233,2,0,NA
2216238_2,2023-01-10 08:24:28.066657,JEW,2216238.jpg,2216238,2,0,NA
2216249_2,2023-01-10 08:24:26.582091,JEW,2216249.jpg,2216249,2,0,NA
2216251_2,2023-01-10 08:24:24.847722,JEW,2216251.jpg,2216251,2,0,NA
2216324_2,2023-01-10 08:24:23.660230,JEW,2216324.jpg,2216324,2,0,NA
2216326_2,2023-01-10 08:24:22.003973,JEW,2216326.jpg,2216326,2,0,NA
2216331_2,2023-01-10 08:24:20.878977,JEW,2216331.jpg,2216331,2,0,NA
2216349_2,2023-01-10 08:24:19.175872,JEW,2216349.jpg,2216349,2,0,NA
2216358_2,2023-01-10 08:24:17.519626,JEW,2216358.jpg,2216358,2,0,NA
2216361_2,2023-01-10 08:24:15.863466,JEW,2216361.jpg,2216361,2,0,NA
2216739_2,2023-01-10 08:24:14.379013,JEW,2216739.jpg,2216739,2,0,NA
2216744_2,2023-01-10 08:24:12.879010,JEW,2216744.jpg,2216744,2,0,NA
2216745_2,2023-01-10 08:24:11.535277,JEW,2216745.jpg,2216745,2,0,NA
2216752_2,2023-01-10 08:24:10.379030,JEW,2216752.jpg,2216752,2,0,NA
2217193_2,2023-01-10 08:23:46.754029,JEW,2217193.jpg,2217193,2,0,NA
2217205_2,2023-01-10 08:23:45.660266,JEW,2217205.jpg,2217205,2,0,NA
2217213_2,2023-01-10 08:23:44.597775,JEW,2217213.jpg,2217213,2,0,NA
2217917_2,2023-01-10 08:23:43.691611,JEW,2217917.jpg,2217917,2,0,NA
2212843_2,2023-01-10 08:23:42.457159,JEW,2212843.jpg,2212843,2,0,NA
2212845_2,2023-01-10 08:23:41.550893,JEW,2212845.jpg,2212845,2,0,NA
2212846_2,2023-01-10 08:23:40.566518,JEW,2212846.jpg,2212846,2,0,NA
2214188_2,2023-01-10 08:23:39.644640,JEW,2214188.jpg,2214188,2,0,NA
2213692_2,2023-01-10 08:23:38.535266,BEAUTY,2213692.jpg,2213692,2,0,NA
2214193_2,2023-01-10 08:23:37.816509,JEW,2214193.jpg,2214193,2,0,NA
2214204_2,2023-01-10 08:23:37.004000,JEW,2214204.jpg,2214204,2,0,NA
2214401_2,2023-01-10 08:23:36.254033,JEW,2214401.jpg,2214401,2,0,NA
2214395_2,2023-01-10 08:23:35.457126,JEW,2214395.jpg,2214395,2,0,NA
2214968_2,2023-01-10 08:23:34.691502,BEAUTY,2214968.jpg,2214968,2,0,NA
2215638_2,2023-01-10 08:23:33.894631,BEAUTY,2215638.jpg,2215638,2,0,NA
2215637_2,2023-01-10 08:23:32.738376,BEAUTY,2215637.jpg,2215637,2,0,NA
2215640_2,2023-01-10 08:23:31.910246,BEAUTY,2215640.jpg,2215640,2,0,NA
2215639_2,2023-01-10 08:23:31.097721,BEAUTY,2215639.jpg,2215639,2,0,NA
2216084_2,2023-01-10 08:23:30.253996,JEW,2216084.jpg,2216084,2,0,NA
2216088_2,2023-01-10 08:23:29.347735,JEW,2216088.jpg,2216088,2,0,NA
2216096_2,2023-01-10 08:23:28.566589,JEW,2216096.jpg,2216096,2,0,NA
2216196_2,2023-01-10 08:23:27.613371,JEW,2216196.jpg,2216196,2,0,NA
2216200_2,2023-01-10 08:23:26.910233,JEW,2216200.jpg,2216200,2,0,NA
2216207_2,2023-01-10 08:23:26.191500,JEW,2216207.jpg,2216207,2,0,NA
2216292_2,2023-01-10 08:23:25.441481,JEW,2216292.jpg,2216292,2,0,NA
2216297_2,2023-01-10 08:23:24.691483,JEW,2216297.jpg,2216297,2,0,NA
2216487_2,2023-01-10 08:23:24.035223,JEW,2216487.jpg,2216487,2,0,NA
2216697_2,2023-01-10 08:23:23.285210,JEW,2216697.jpg,2216697,2,0,NA
2216728_2,2023-01-10 08:23:22.535228,JEW,2216728.jpg,2216728,2,0,NA
2216732_2,2023-01-10 08:23:21.691480,JEW,2216732.jpg,2216732,2,0,NA
2217200_2,2023-01-10 08:23:20.769591,JEW,2217200.jpg,2217200,2,0,NA
2217204_2,2023-01-10 08:23:20.019579,JEW,2217204.jpg,2217204,2,0,NA
2217194_2,2023-01-10 08:23:19.160198,JEW,2217194.jpg,2217194,2,0,NA
2217206_2,2023-01-10 08:23:18.332088,JEW,2217206.jpg,2217206,2,0,NA
2217672_2,2023-01-10 08:23:17.566462,JEW,2217672.jpg,2217672,2,0,NA
2218616_2,2023-01-10 08:23:16.753943,CLO,2218616.jpg,2218616,2,0,NA
2300076_2,2023-01-10 08:23:16.191466,CLO,2300076.jpg,2300076,2,0,NA
2218618_2,2023-01-10 08:23:15.410226,CLO,2218618.jpg,2218618,2,0,NA
2218619_2,2023-01-10 08:23:14.800843,CLO,2218619.jpg,2218619,2,0,NA
2218208_2,2023-01-10 08:23:14.082081,CLO,2218208.jpg,2218208,2,0,NA
2218207_2,2023-01-10 08:23:13.535208,CLO,2218207.jpg,2218207,2,0,NA
2218359_2,2023-01-10 08:23:12.160208,ACC,2218359.jpg,2218359,2,0,NA
0_0,2023-01-09 15:29:36.294388,Objeto CO,Objeto2023.fob,0,0,0,NA
2212850_2,2023-01-07 10:14:22.157486,CLO,2212850.jpg,2212850,2,0,NA
2216985_2,2023-01-07 10:13:43.610338,CLO,2216985.jpg,2216985,2,0,NA
2216989_2,2023-01-07 10:13:03.687870,CLO,2216989.jpg,2216989,2,0,NA
2217190_2,2023-01-07 10:12:26.327938,CLO,2217190.jpg,2217190,2,0,NA
2217225_2,2023-01-07 10:11:43.530440,CLO,2217225.jpg,2217225,2,0,NA
2217227_2,2023-01-07 10:11:26.889530,CLO,2217227.jpg,2217227,2,0,NA
2217230_2,2023-01-07 10:10:56.123455,CLO,2217230.jpg,2217230,2,0,NA
2217233_2,2023-01-07 10:10:24.169830,CLO,2217233.jpg,2217233,2,0,NA
2217393_2,2023-01-07 10:10:01.653919,CLO,2217393.jpg,2217393,2,0,NA
2217702_2,2023-01-07 10:09:24.528302,CLO,2217702.jpg,2217702,2,0,NA
2217728_2,2023-01-07 10:08:50.324357,CLO,2217728.jpg,2217728,2,0,NA
2217732_2,2023-01-07 10:07:32.632715,CLO,2217732.jpg,2217732,2,0,NA
2217779_2,2023-01-07 10:06:34.098322,CLO,2217779.jpg,2217779,2,0,NA
2218009_2,2023-01-07 10:05:23.875872,CLO,2218009.jpg,2218009,2,0,NA
2218006_2,2023-01-07 10:04:38.373400,CLO,2218006.jpg,2218006,2,0,NA
2218038_2,2023-01-07 10:03:35.492856,CLO,2218038.jpg,2218038,2,0,NA
2218010_2,2023-01-07 10:03:07.848101,CLO,2218010.jpg,2218010,2,0,NA
2218047_2,2023-01-07 10:02:33.202275,CLO,2218047.jpg,2218047,2,0,NA
2218088_2,2023-01-07 10:02:18.028323,CLO,2218088.jpg,2218088,2,0,NA
2218089_2,2023-01-07 10:02:01.306884,CLO,2218089.jpg,2218089,2,0,NA
2218090_2,2023-01-07 10:01:18.503597,CLO,2218090.jpg,2218090,2,0,NA
2218173_2,2023-01-07 10:00:34.090828,CLO,2218173.jpg,2218173,2,0,NA
2218246_2,2023-01-07 09:59:55.975772,CLO,2218246.jpg,2218246,2,0,NA
2218307_2,2023-01-07 09:59:07.405941,CLO,2218307.jpg,2218307,2,0,NA
2218302_2,2023-01-07 09:58:37.138892,CLO,2218302.jpg,2218302,2,0,NA
2218332_2,2023-01-07 09:58:10.107731,CLO,2218332.jpg,2218332,2,0,NA
2218417_2,2023-01-07 09:57:41.451589,CLO,2218417.jpg,2218417,2,0,NA
2218396_2,2023-01-07 09:57:21.998556,CLO,2218396.jpg,2218396,2,0,NA
2218418_2,2023-01-07 09:57:06.514236,CLO,2218418.jpg,2218418,2,0,NA
2218419_2,2023-01-07 09:56:52.561299,CLO,2218419.jpg,2218419,2,0,NA
2218504_2,2023-01-07 09:56:35.545739,CLO,2218504.jpg,2218504,2,0,NA
2218507_2,2023-01-07 09:56:20.858154,CLO,2218507.jpg,2218507,2,0,NA
2218529_2,2023-01-07 09:56:06.436340,CLO,2218529.jpg,2218529,2,0,NA
2218547_2,2023-01-07 09:55:57.467614,CLO,2218547.jpg,2218547,2,0,NA
2218564_2,2023-01-07 09:55:37.248937,CLO,2218564.jpg,2218564,2,0,NA
2218594_2,2023-01-07 09:55:15.624284,CLO,2218594.jpg,2218594,2,0,NA
2218595_2,2023-01-07 09:54:49.264741,CLO,2218595.jpg,2218595,2,0,NA
2218599_2,2023-01-07 09:54:26.655474,CLO,2218599.jpg,2218599,2,0,NA
2218602_2,2023-01-07 09:53:57.749317,CLO,2218602.jpg,2218602,2,0,NA
2218603_2,2023-01-07 09:53:29.249447,CLO,2218603.jpg,2218603,2,0,NA
2218644_2,2023-01-07 09:52:54.999572,CLO,2218644.jpg,2218644,2,0,NA
2218671_2,2023-01-07 09:52:12.952846,CLO,2218671.jpg,2218671,2,0,NA
2218672_2,2023-01-07 09:51:52.359174,CLO,2218672.jpg,2218672,2,0,NA
2216337_2,2023-01-06 21:55:47.357480,JEW,2216337.JPG,2216337,2,0,NA
2216505_2,2023-01-06 08:26:24.379957,JEW,2216505.jpg,2216505,2,0,NA
2216573_2,2023-01-06 08:26:21.348678,JEW,2216573.jpg,2216573,2,0,NA
2216577_2,2023-01-06 08:26:18.114332,JEW,2216577.jpg,2216577,2,0,NA
2216578_2,2023-01-06 08:26:15.426834,JEW,2216578.jpg,2216578,2,0,NA
2216579_2,2023-01-06 08:26:12.614542,JEW,2216579.jpg,2216579,2,0,NA
2216594_2,2023-01-06 08:26:09.551860,JEW,2216594.jpg,2216594,2,0,NA
2216596_2,2023-01-06 08:26:06.176874,JEW,2216596.jpg,2216596,2,0,NA
2216603_2,2023-01-06 08:26:02.676888,JEW,2216603.jpg,2216603,2,0,NA
2216613_2,2023-01-06 08:25:59.458138,JEW,2216613.jpg,2216613,2,0,NA
2218425_2,2023-01-06 08:25:56.036292,JEW,2218425.jpg,2218425,2,0,NA
2216652_2,2023-01-06 08:25:52.192555,JEW,2216652.jpg,2216652,2,0,NA
2218431_2,2023-01-06 08:25:48.723802,JEW,2218431.jpg,2218431,2,0,NA
2218432_2,2023-01-06 08:25:45.114474,JEW,2218432.jpg,2218432,2,0,NA
2218433_2,2023-01-06 08:25:42.364472,JEW,2218433.jpg,2218433,2,0,NA
2218436_2,2023-01-06 08:25:39.083238,JEW,2218436.jpg,2218436,2,0,NA
2218434_2,2023-01-06 08:25:35.426980,JEW,2218434.jpg,2218434,2,0,NA
2218445_2,2023-01-06 08:25:33.005116,JEW,2218445.jpg,2218445,2,0,NA
2218451_2,2023-01-06 08:25:29.630126,JEW,2218451.jpg,2218451,2,0,NA
2218449_2,2023-01-06 08:25:26.145772,JEW,2218449.jpg,2218449,2,0,NA
2218453_2,2023-01-06 08:25:22.911405,JEW,2218453.jpg,2218453,2,0,NA
2218457_2,2023-01-06 08:25:19.645796,JEW,2218457.jpg,2218457,2,0,NA
2217637_2,2023-01-06 01:04:32.020408,ACC,2217637.JPG,2217637,2,0,NA
2217636_2,2023-01-06 01:04:31.942296,ACC,2217636.JPG,2217636,2,0,NA
2003035_2,2023-01-05 15:08:12.577173,CLO,2003035.jpg,2003035,2,0,NA
2204560_2,2023-01-05 15:08:06.748763,CLO,2204560.jpg,2204560,2,0,NA
2208289_2,2023-01-05 15:08:06.029983,ACC,2208289.jpg,2208289,2,0,NA
2202129_2,2023-01-05 15:08:03.514250,ACC,2202129.jpg,2202129,2,0,NA
2200242_2,2023-01-05 15:08:02.279835,BEAUTY,2200242.jpg,2200242,2,0,NA
2201440_2,2023-01-05 15:08:01.373513,BEAUTY,2201440.jpg,2201440,2,0,NA
2008857_2,2023-01-05 15:07:57.967115,CLO,2008857.jpg,2008857,2,0,NA
2300492_2,2023-01-05 12:29:04.912118,CLO,2300492.jpg,2300492,2,0,NA
2300484_2,2023-01-05 12:28:55.474433,CLO,2300484.jpg,2300484,2,0,NA
2300482_2,2023-01-05 12:28:51.240052,CLO,2300482.jpg,2300482,2,0,NA
2300476_2,2023-01-05 12:28:42.068249,CLO,2300476.jpg,2300476,2,0,NA
1908587_1,2023-01-05 11:05:19.997515,SHO,1908587.jpg,1908587,1,0,NA
2214168_2,2023-01-05 11:05:10.434602,ACC,2214168.jpg,2214168,2,0,NA
2214170_2,2023-01-05 11:05:08.481348,ACC,2214170.jpg,2214170,2,0,NA
1810798_1,2023-01-05 08:45:58.291607,ACC,1810798.jpg,1810798,1,0,NA
1902127_1,2023-01-05 08:45:55.963472,ACC,1902127.jpg,1902127,1,0,NA
2216211_2,2023-01-05 08:45:31.963552,JEW,2216211.jpg,2216211,2,0,NA
2214450_2,2023-01-05 08:45:30.729184,ACC,2214450.jpg,2214450,2,0,NA
2216566_2,2023-01-05 08:45:29.322977,JEW,2216566.jpg,2216566,2,0,NA
2216674_2,2023-01-05 08:45:28.010460,JEW,2216674.jpg,2216674,2,0,NA
2216690_2,2023-01-05 08:45:26.697968,JEW,2216690.jpg,2216690,2,0,NA
2216700_2,2023-01-05 08:45:25.416737,JEW,2216700.jpg,2216700,2,0,NA
2216703_2,2023-01-05 08:45:23.979235,JEW,2216703.jpg,2216703,2,0,NA
2218458_2,2023-01-05 08:45:22.807361,JEW,2218458.jpg,2218458,2,0,NA
2218461_2,2023-01-05 08:45:21.526118,JEW,2218461.jpg,2218461,2,0,NA
2218460_2,2023-01-05 08:45:20.276126,JEW,2218460.jpg,2218460,2,0,NA
2218459_2,2023-01-05 08:45:19.385511,JEW,2218459.jpg,2218459,2,0,NA
2218467_2,2023-01-05 08:45:18.385498,JEW,2218467.jpg,2218467,2,0,NA
2218464_2,2023-01-05 08:45:17.166755,JEW,2218464.jpg,2218464,2,0,NA
2218468_2,2023-01-05 08:45:15.166751,JEW,2218468.jpg,2218468,2,0,NA
2218469_2,2023-01-05 08:45:13.573037,JEW,2218469.jpg,2218469,2,0,NA
2218470_2,2023-01-05 08:45:12.338640,JEW,2218470.jpg,2218470,2,0,NA
2218471_2,2023-01-05 08:45:11.119912,JEW,2218471.jpg,2218471,2,0,NA
2300288_2,2023-01-05 08:45:09.854285,JEW,2300288.jpg,2300288,2,0,NA
2300477_2,2023-01-05 08:30:50.341970,CLO,2300477.jpg,2300477,2,0,NA
2300478_2,2023-01-05 08:29:52.201531,CLO,2300478.jpg,2300478,2,0,NA
2300475_2,2023-01-05 08:23:13.046130,CLO,2300475.jpg,2300475,2,0,NA
2300474_2,2023-01-05 08:22:56.639799,CLO,2300474.jpg,2300474,2,0,NA
2300471_2,2023-01-05 08:22:28.420996,CLO,2300471.jpg,2300471,2,0,NA
2300472_2,2023-01-05 08:22:27.452262,CLO,2300472.jpg,2300472,2,0,NA
2300473_2,2023-01-05 08:22:14.499108,CLO,2300473.jpg,2300473,2,0,NA
2300481_2,2023-01-05 08:21:29.858366,CLO,2300481.jpg,2300481,2,0,NA
2300461_2,2023-01-05 08:20:51.452026,CLO,2300461.jpg,2300461,2,0,NA
2300460_2,2023-01-05 08:20:37.780113,CLO,2300460.jpg,2300460,2,0,NA
2300503_2,2023-01-05 08:19:42.311234,CLO,2300503.jpg,2300503,2,0,NA
2300500_2,2023-01-05 08:19:35.998766,CLO,2300500.jpg,2300500,2,0,NA
1700926_1,2023-01-05 00:10:25.024037,SHO,1700926.jpg,1700926,1,0,NA
1602790_1,2023-01-05 00:10:24.461551,ACC,1602790.jpg,1602790,1,0,NA
1700518_1,2023-01-05 00:10:23.711608,CLO,1700518.jpg,1700518,1,0,NA
1707907_1,2023-01-05 00:10:04.258373,CLO,1707907.jpg,1707907,1,0,NA
1705523_1,2023-01-05 00:10:03.836226,CLO,1705523.jpg,1705523,1,0,NA
1700616_1,2023-01-05 00:10:03.445597,CLO,1700616.jpg,1700616,1,0,NA
1606317_1,2023-01-05 00:10:02.914324,SHO,1606317.jpg,1606317,1,0,NA
1603440_1,2023-01-05 00:10:02.195578,CLO,1603440.jpg,1603440,1,0,NA
1604503_1,2023-01-05 00:10:01.633073,SHO,1604503.jpg,1604503,1,0,NA
1607215_1,2023-01-05 00:10:01.023668,SHO,1607215.jpg,1607215,1,0,NA
1609005_1,2023-01-05 00:10:00.414313,SHO,1609005.jpg,1609005,1,0,NA
1611032_1,2023-01-05 00:09:59.851815,SHO,1611032.jpg,1611032,1,0,NA
1611078_1,2023-01-05 00:09:59.304912,SHO,1611078.jpg,1611078,1,0,NA
1700928_1,2023-01-05 00:09:58.742471,SHO,1700928.jpg,1700928,1,0,NA
1701051_1,2023-01-05 00:09:58.195495,SHO,1701051.jpg,1701051,1,0,NA
1701052_1,2023-01-05 00:09:57.664258,SHO,1701052.jpg,1701052,1,0,NA
1604872_1,2023-01-05 00:09:57.039290,JEW,1604872.jpg,1604872,1,0,NA
1604875_1,2023-01-05 00:09:56.257991,JEW,1604875.jpg,1604875,1,0,NA
1710285_1,2023-01-05 00:09:55.320473,ACC,1710285.jpg,1710285,1,0,NA
1610822_1,2023-01-05 00:09:54.820477,CLO,1610822.jpg,1610822,1,0,NA
1800782_1,2023-01-05 00:09:54.242351,CLO,1800782.jpg,1800782,1,0,NA
1704490_1,2023-01-05 00:09:53.851711,CLO,1704490.jpg,1704490,1,0,NA
1705490_1,2023-01-05 00:09:53.304817,CLO,1705490.jpg,1705490,1,0,NA
1801759_1,2023-01-05 00:09:52.789202,CLO,1801759.jpg,1801759,1,0,NA
1803684_1,2023-01-05 00:09:52.226682,CLO,1803684.jpg,1803684,1,0,NA
1802031_1,2023-01-05 00:09:51.836046,CLO,1802031.jpg,1802031,1,0,NA
1803120_1,2023-01-05 00:09:51.304797,CLO,1803120.jpg,1803120,1,0,NA
1705257_1,2023-01-05 00:09:50.789155,CLO,1705257.jpg,1705257,1,0,NA
1803542_1,2023-01-05 00:09:50.257907,CLO,1803542.jpg,1803542,1,0,NA
1805432_1,2023-01-05 00:09:49.648521,CLO,1805432.jpg,1805432,1,0,NA
1805953_1,2023-01-05 00:09:49.101643,CLO,1805953.jpg,1805953,1,0,NA
1806118_1,2023-01-05 00:09:48.554737,CLO,1806118.jpg,1806118,1,0,NA
1807345_1,2023-01-05 00:09:47.960977,CLO,1807345.jpg,1807345,1,0,NA
1808242_1,2023-01-05 00:09:47.445356,CLO,1808242.jpg,1808242,1,0,NA
1808713_1,2023-01-05 00:09:46.882846,CLO,1808713.jpg,1808713,1,0,NA
1710394_1,2023-01-05 00:09:46.320342,CLO,1710394.jpg,1710394,1,0,NA
1809384_1,2023-01-05 00:09:45.757829,CLO,1809384.jpg,1809384,1,0,NA
1809387_1,2023-01-05 00:09:45.226564,CLO,1809387.jpg,1809387,1,0,NA
1809473_1,2023-01-05 00:09:44.710938,CLO,1809473.jpg,1809473,1,0,NA
1809483_1,2023-01-05 00:09:44.132895,CLO,1809483.jpg,1809483,1,0,NA
1809506_1,2023-01-05 00:09:43.633115,CLO,1809506.jpg,1809506,1,0,NA
1809528_1,2023-01-05 00:09:43.070294,CLO,1809528.jpg,1809528,1,0,NA
1809557_1,2023-01-05 00:09:42.492164,CLO,1809557.jpg,1809557,1,0,NA
1809573_1,2023-01-05 00:09:41.914030,CLO,1809573.jpg,1809573,1,0,NA
1808290_1,2023-01-05 00:09:41.523374,CLO,1808290.jpg,1808290,1,0,NA
1809574_1,2023-01-05 00:09:40.929615,CLO,1809574.jpg,1809574,1,0,NA
1809575_1,2023-01-05 00:09:40.413980,CLO,1809575.jpg,1809575,1,0,NA
1809586_1,2023-01-05 00:09:39.757724,CLO,1809586.jpg,1809586,1,0,NA
1809713_1,2023-01-05 00:09:39.164128,CLO,1809713.jpg,1809713,1,0,NA
1809761_1,2023-01-05 00:09:38.570206,CLO,1809761.jpg,1809761,1,0,NA
1809764_1,2023-01-05 00:09:38.038955,CLO,1809764.jpg,1809764,1,0,NA
1809765_1,2023-01-05 00:09:37.523342,CLO,1809765.jpg,1809765,1,0,NA
1809766_1,2023-01-05 00:09:36.960823,CLO,1809766.jpg,1809766,1,0,NA
1809854_1,2023-01-05 00:09:36.413927,CLO,1809854.jpg,1809854,1,0,NA
1809959_1,2023-01-05 00:09:35.898317,CLO,1809959.jpg,1809959,1,0,NA
1810005_1,2023-01-05 00:09:35.320179,CLO,1810005.jpg,1810005,1,0,NA
1810007_1,2023-01-05 00:09:34.788930,CLO,1810007.jpg,1810007,1,0,NA
1810008_1,2023-01-05 00:09:34.273280,CLO,1810008.jpg,1810008,1,0,NA
1810111_1,2023-01-05 00:09:33.679521,CLO,1810111.jpg,1810111,1,0,NA
1810520_1,2023-01-05 00:09:33.101394,CLO,1810520.jpg,1810520,1,0,NA
1810521_1,2023-01-05 00:09:32.570125,CLO,1810521.jpg,1810521,1,0,NA
1810586_1,2023-01-05 00:09:32.007619,CLO,1810586.jpg,1810586,1,0,NA
1810610_1,2023-01-05 00:09:31.460756,CLO,1810610.jpg,1810610,1,0,NA
1810611_1,2023-01-05 00:09:30.929473,CLO,1810611.jpg,1810611,1,0,NA
1810842_1,2023-01-05 00:09:30.413844,CLO,1810842.jpg,1810842,1,0,NA
1810957_1,2023-01-05 00:09:29.898237,CLO,1810957.jpg,1810957,1,0,NA
1810958_1,2023-01-05 00:09:29.398206,CLO,1810958.jpg,1810958,1,0,NA
1811271_1,2023-01-05 00:09:28.913821,CLO,1811271.jpg,1811271,1,0,NA
1811242_1,2023-01-05 00:09:28.351319,CLO,1811242.jpg,1811242,1,0,NA
1811273_1,2023-01-05 00:09:27.773184,CLO,1811273.jpg,1811273,1,0,NA
1811286_1,2023-01-05 00:09:27.195052,CLO,1811286.jpg,1811286,1,0,NA
1811289_1,2023-01-05 00:09:26.679435,CLO,1811289.jpg,1811289,1,0,NA
1811287_1,2023-01-05 00:09:26.054408,CLO,1811287.jpg,1811287,1,0,NA
1811308_1,2023-01-05 00:09:25.476266,CLO,1811308.jpg,1811308,1,0,NA
1810964_1,2023-01-05 00:09:24.898139,CLO,1810964.jpg,1810964,1,0,NA
1810988_1,2023-01-05 00:09:24.335695,CLO,1810988.jpg,1810988,1,0,NA
1811059_1,2023-01-05 00:09:23.788747,CLO,1811059.jpg,1811059,1,0,NA
1810992_1,2023-01-05 00:09:23.257487,CLO,1810992.jpg,1810992,1,0,NA
1811130_1,2023-01-05 00:09:22.773109,CLO,1811130.jpg,1811130,1,0,NA
1810981_1,2023-01-05 00:09:22.257488,CLO,1810981.jpg,1810981,1,0,NA
1811132_1,2023-01-05 00:09:21.679345,CLO,1811132.jpg,1811132,1,0,NA
1811182_1,2023-01-05 00:09:21.101188,CLO,1811182.jpg,1811182,1,0,NA
1811147_1,2023-01-05 00:09:19.523055,CLO,1811147.jpg,1811147,1,0,NA
1801756_1,2023-01-05 00:09:19.132436,CLO,1801756.jpg,1801756,1,0,NA
1811058_1,2023-01-05 00:09:18.616794,CLO,1811058.jpg,1811058,1,0,NA
1811183_1,2023-01-05 00:09:18.069911,CLO,1811183.jpg,1811183,1,0,NA
1811240_1,2023-01-05 00:09:16.913644,CLO,1811240.jpg,1811240,1,0,NA
1803444_1,2023-01-05 00:09:16.382396,CLO,1803444.jpg,1803444,1,0,NA
1902710_1,2023-01-05 00:09:12.054202,CLO,1902710.jpg,1902710,1,0,NA
1803646_1,2023-01-05 00:09:11.679211,CLO,1803646.jpg,1803646,1,0,NA
1902707_1,2023-01-05 00:09:11.288562,CLO,1902707.jpg,1902707,1,0,NA
1805060_1,2023-01-05 00:09:10.663547,CLO,1805060.jpg,1805060,1,0,NA
1808312_1,2023-01-05 00:09:10.101227,CLO,1808312.jpg,1808312,1,0,NA
1811972_1,2023-01-05 00:09:09.710411,CLO,1811972.jpg,1811972,1,0,NA
1811803_1,2023-01-05 00:09:09.163529,CLO,1811803.jpg,1811803,1,0,NA
1811870_1,2023-01-05 00:09:08.647894,CLO,1811870.jpg,1811870,1,0,NA
1811874_1,2023-01-05 00:09:08.085386,CLO,1811874.jpg,1811874,1,0,NA
1811875_1,2023-01-05 00:09:07.554108,CLO,1811875.jpg,1811875,1,0,NA
1811364_1,2023-01-05 00:09:06.960377,CLO,1811364.jpg,1811364,1,0,NA
1811384_1,2023-01-05 00:09:06.444738,CLO,1811384.jpg,1811384,1,0,NA
1811387_1,2023-01-05 00:09:05.897859,CLO,1811387.jpg,1811387,1,0,NA
1811452_1,2023-01-05 00:09:05.335352,CLO,1811452.jpg,1811452,1,0,NA
1811621_1,2023-01-05 00:09:04.819711,CLO,1811621.jpg,1811621,1,0,NA
1811454_1,2023-01-05 00:09:04.241599,CLO,1811454.jpg,1811454,1,0,NA
1811662_1,2023-01-05 00:09:03.710327,CLO,1811662.jpg,1811662,1,0,NA
1811679_1,2023-01-05 00:09:03.147810,CLO,1811679.jpg,1811679,1,0,NA
1811702_1,2023-01-05 00:09:02.554048,CLO,1811702.jpg,1811702,1,0,NA
1607481_1,2023-01-05 00:08:59.804010,CLO,1607481.jpg,1607481,1,0,NA
1811708_1,2023-01-05 00:08:59.397760,CLO,1811708.jpg,1811708,1,0,NA
1806261_1,2023-01-05 00:08:59.022728,CLO,1806261.jpg,1806261,1,0,NA
1811832_1,2023-01-05 00:08:58.428974,CLO,1811832.jpg,1811832,1,0,NA
1811877_1,2023-01-05 00:08:57.928964,CLO,1811877.jpg,1811877,1,0,NA
1811878_1,2023-01-05 00:08:57.397721,CLO,1811878.jpg,1811878,1,0,NA
1809002_1,2023-01-05 00:08:56.538350,CLO,1809002.jpg,1809002,1,0,NA
1809576_1,2023-01-05 00:08:56.022685,CLO,1809576.jpg,1809576,1,0,NA
1709648_1,2023-01-05 00:08:55.475829,SHO,1709648.jpg,1709648,1,0,NA
1709652_1,2023-01-05 00:08:54.897675,SHO,1709652.jpg,1709652,1,0,NA
1710148_1,2023-01-05 00:08:53.663239,SHO,1710148.jpg,1710148,1,0,NA
1800483_1,2023-01-05 00:08:53.147582,SHO,1800483.jpg,1800483,1,0,NA
1802867_1,2023-01-05 00:08:52.585059,SHO,1802867.jpg,1802867,1,0,NA
1610804_1,2023-01-05 00:08:38.646807,CLO,1610804.jpg,1610804,1,0,NA
1704737_1,2023-01-05 00:08:38.271774,CLO,1704737.jpg,1704737,1,0,NA
1608971_1,2023-01-05 00:08:37.881131,CLO,1608971.jpg,1608971,1,0,NA
1709092_1,2023-01-05 00:08:37.349864,CLO,1709092.jpg,1709092,1,0,NA
1810549_1,2023-01-05 00:08:36.959220,CLO,1810549.jpg,1810549,1,0,NA
1802265_1,2023-01-05 00:08:36.459195,CLO,1802265.jpg,1802265,1,0,NA
1803362_1,2023-01-05 00:08:35.927922,CLO,1803362.jpg,1803362,1,0,NA
1803471_1,2023-01-05 00:08:35.381010,CLO,1803471.jpg,1803471,1,0,NA
1805427_1,2023-01-05 00:08:34.834112,CLO,1805427.jpg,1805427,1,0,NA
1805562_1,2023-01-05 00:08:34.334077,CLO,1805562.jpg,1805562,1,0,NA
1806028_1,2023-01-05 00:08:33.709218,CLO,1806028.jpg,1806028,1,0,NA
1806666_1,2023-01-05 00:08:33.162132,CLO,1806666.jpg,1806666,1,0,NA
1807712_1,2023-01-05 00:08:32.615233,ACC,1807712.jpg,1807712,1,0,NA
1808042_1,2023-01-05 00:08:31.974567,CLO,1808042.jpg,1808042,1,0,NA
1808193_1,2023-01-05 00:08:31.380794,CLO,1808193.jpg,1808193,1,0,NA
1707707_1,2023-01-05 00:08:31.005766,CLO,1707707.jpg,1707707,1,0,NA
1808331_1,2023-01-05 00:08:30.443246,CLO,1808331.jpg,1808331,1,0,NA
1901058_1,2023-01-05 00:08:29.927602,CLO,1901058.jpg,1901058,1,0,NA
1808470_1,2023-01-05 00:08:29.536979,CLO,1808470.jpg,1808470,1,0,NA
1808622_1,2023-01-05 00:08:29.005671,CLO,1808622.jpg,1808622,1,0,NA
1808652_1,2023-01-05 00:08:28.427509,CLO,1808652.jpg,1808652,1,0,NA
1806350_1,2023-01-05 00:08:27.927498,CLO,1806350.jpg,1806350,1,0,NA
1809356_1,2023-01-05 00:08:27.536854,CLO,1809356.jpg,1809356,1,0,NA
1809768_1,2023-01-05 00:08:27.036819,CLO,1809768.jpg,1809768,1,0,NA
1810998_1,2023-01-05 00:08:26.521165,CLO,1810998.jpg,1810998,1,0,NA
1709951_1,2023-01-05 00:08:25.989898,CLO,1709951.jpg,1709951,1,0,NA
1708970_1,2023-01-05 00:08:25.427371,ACC,1708970.jpg,1708970,1,0,NA
1809071_1,2023-01-05 00:08:24.880432,CLO,1809071.jpg,1809071,1,0,NA
1809078_1,2023-01-05 00:08:24.286673,CLO,1809078.jpg,1809078,1,0,NA
1803099_1,2023-01-05 00:08:23.708493,CLO,1803099.jpg,1803099,1,0,NA
1809355_1,2023-01-05 00:08:23.317850,CLO,1809355.jpg,1809355,1,0,NA
1809535_1,2023-01-05 00:08:22.770966,CLO,1809535.jpg,1809535,1,0,NA
1809571_1,2023-01-05 00:08:22.270944,CLO,1809571.jpg,1809571,1,0,NA
1810565_1,2023-01-05 00:08:21.770900,CLO,1810565.jpg,1810565,1,0,NA
1810612_1,2023-01-05 00:08:21.223995,CLO,1810612.jpg,1810612,1,0,NA
1810626_1,2023-01-05 00:08:20.708352,CLO,1810626.jpg,1810626,1,0,NA
1810839_1,2023-01-05 00:08:20.161460,CLO,1810839.jpg,1810839,1,0,NA
1810882_1,2023-01-05 00:08:19.567663,CLO,1810882.jpg,1810882,1,0,NA
1811011_1,2023-01-05 00:08:19.036386,CLO,1811011.jpg,1811011,1,0,NA
1811045_1,2023-01-05 00:08:18.520738,CLO,1811045.jpg,1811045,1,0,NA
1811085_1,2023-01-05 00:08:17.942580,CLO,1811085.jpg,1811085,1,0,NA
1811274_1,2023-01-05 00:08:17.426923,CLO,1811274.jpg,1811274,1,0,NA
1811293_1,2023-01-05 00:08:16.864407,CLO,1811293.jpg,1811293,1,0,NA
1811285_1,2023-01-05 00:08:16.270615,CLO,1811285.jpg,1811285,1,0,NA
1811453_1,2023-01-05 00:08:15.723713,CLO,1811453.jpg,1811453,1,0,NA
1811667_1,2023-01-05 00:08:15.192507,CLO,1811667.jpg,1811667,1,0,NA
1811753_1,2023-01-05 00:08:14.645530,CLO,1811753.jpg,1811753,1,0,NA
1801505_1,2023-01-05 00:08:14.114246,CLO,1801505.jpg,1801505,1,0,NA
1811626_1,2023-01-05 00:08:13.536077,CLO,1811626.jpg,1811626,1,0,NA
1805799_1,2023-01-05 00:08:13.004812,JEW,1805799.jpg,1805799,1,0,NA
1808620_1,2023-01-05 00:08:12.395407,CLO,1808620.jpg,1808620,1,0,NA
1808948_1,2023-01-05 00:08:11.801605,CLO,1808948.jpg,1808948,1,0,NA
1808972_1,2023-01-05 00:08:11.317218,CLO,1808972.jpg,1808972,1,0,NA
1808984_1,2023-01-05 00:08:10.770322,CLO,1808984.jpg,1808984,1,0,NA
1809018_1,2023-01-05 00:08:10.223419,CLO,1809018.jpg,1809018,1,0,NA
1809043_1,2023-01-05 00:08:09.707758,CLO,1809043.jpg,1809043,1,0,NA
1809051_1,2023-01-05 00:08:09.192118,CLO,1809051.jpg,1809051,1,0,NA
1809366_1,2023-01-05 00:08:08.567084,CLO,1809366.jpg,1809366,1,0,NA
1811309_1,2023-01-05 00:08:08.035807,CLO,1811309.jpg,1811309,1,0,NA
1811313_1,2023-01-05 00:08:07.410774,CLO,1811313.jpg,1811313,1,0,NA
1811315_1,2023-01-05 00:05:28.371000,CLO,1811315.jpg,1811315,1,0,NA
1811356_1,2023-01-05 00:05:27.808540,CLO,1811356.jpg,1811356,1,0,NA
1811359_1,2023-01-05 00:05:27.214714,CLO,1811359.jpg,1811359,1,0,NA
1811363_1,2023-01-05 00:05:26.667811,CLO,1811363.jpg,1811363,1,0,NA
1808621_1,2023-01-05 00:05:26.121006,CLO,1808621.jpg,1808621,1,0,NA
1811601_1,2023-01-05 00:05:25.745884,CLO,1811601.jpg,1811601,1,0,NA
1811617_1,2023-01-05 00:05:25.230237,CLO,1811617.jpg,1811617,1,0,NA
1811784_1,2023-01-05 00:05:24.714647,CLO,1811784.jpg,1811784,1,0,NA
1811804_1,2023-01-05 00:05:24.152050,CLO,1811804.jpg,1811804,1,0,NA
1811806_1,2023-01-05 00:05:23.558268,CLO,1811806.jpg,1811806,1,0,NA
1811807_1,2023-01-05 00:05:22.980136,CLO,1811807.jpg,1811807,1,0,NA
1811823_1,2023-01-05 00:05:22.480084,CLO,1811823.jpg,1811823,1,0,NA
1811824_1,2023-01-05 00:05:21.948798,CLO,1811824.jpg,1811824,1,0,NA
1811844_1,2023-01-05 00:05:21.433148,CLO,1811844.jpg,1811844,1,0,NA
1811851_1,2023-01-05 00:05:20.933126,CLO,1811851.jpg,1811851,1,0,NA
1811853_1,2023-01-05 00:05:20.401840,CLO,1811853.jpg,1811853,1,0,NA
1811856_1,2023-01-05 00:05:19.901796,CLO,1811856.jpg,1811856,1,0,NA
1811858_1,2023-01-05 00:05:19.323670,CLO,1811858.jpg,1811858,1,0,NA
1811860_1,2023-01-05 00:05:18.745511,CLO,1811860.jpg,1811860,1,0,NA
1811867_1,2023-01-05 00:05:18.182972,CLO,1811867.jpg,1811867,1,0,NA
1811876_1,2023-01-05 00:05:17.651708,CLO,1811876.jpg,1811876,1,0,NA
1811973_1,2023-01-05 00:05:17.104786,CLO,1811973.jpg,1811973,1,0,NA
1811977_1,2023-01-05 00:05:16.589138,CLO,1811977.jpg,1811977,1,0,NA
1812017_1,2023-01-05 00:05:16.073492,CLO,1812017.jpg,1812017,1,0,NA
1812019_1,2023-01-05 00:05:15.542214,CLO,1812019.jpg,1812019,1,0,NA
1812028_1,2023-01-05 00:05:14.979683,CLO,1812028.jpg,1812028,1,0,NA
1808438_1,2023-01-05 00:05:14.589029,CLO,1808438.jpg,1808438,1,0,NA
1812043_1,2023-01-05 00:05:14.042131,CLO,1812043.jpg,1812043,1,0,NA
1812058_1,2023-01-05 00:05:13.510847,CLO,1812058.jpg,1812058,1,0,NA
1812059_1,2023-01-05 00:05:12.932693,CLO,1812059.jpg,1812059,1,0,NA
1812171_1,2023-01-05 00:05:12.338918,CLO,1812171.jpg,1812171,1,0,NA
1900168_1,2023-01-05 00:05:11.792006,CLO,1900168.jpg,1900168,1,0,NA
1900169_1,2023-01-05 00:05:11.260733,CLO,1900169.jpg,1900169,1,0,NA
1506767_1,2023-01-05 00:05:10.729465,CLO,1506767.jpg,1506767,1,0,NA
1605074_1,2023-01-05 00:05:10.166937,CLO,1605074.jpg,1605074,1,0,NA
1804485_1,2023-01-05 00:05:09.776285,CLO,1804485.jpg,1804485,1,0,NA
1710078_1,2023-01-05 00:05:09.401256,CLO,1710078.jpg,1710078,1,0,NA
1801835_1,2023-01-05 00:05:08.823102,CLO,1801835.jpg,1801835,1,0,NA
1802747_1,2023-01-05 00:05:08.291993,CLO,1802747.jpg,1802747,1,0,NA
1803210_1,2023-01-05 00:05:07.791810,CLO,1803210.jpg,1803210,1,0,NA
1803219_1,2023-01-05 00:05:07.260522,CLO,1803219.jpg,1803219,1,0,NA
1808391_1,2023-01-05 00:05:06.744865,CLO,1808391.jpg,1808391,1,0,NA
1803476_1,2023-01-05 00:05:06.369844,CLO,1803476.jpg,1803476,1,0,NA
1811436_1,2023-01-05 00:05:05.822945,CLO,1811436.jpg,1811436,1,0,NA
1806540_1,2023-01-05 00:05:05.432298,CLO,1806540.jpg,1806540,1,0,NA
1807641_1,2023-01-05 00:05:04.885391,CLO,1807641.jpg,1807641,1,0,NA
1808318_1,2023-01-05 00:05:04.323012,CLO,1808318.jpg,1808318,1,0,NA
1808677_1,2023-01-05 00:05:03.775959,CLO,1808677.jpg,1808677,1,0,NA
1905635_1,2023-01-05 00:05:03.400938,CLO,1905635.jpg,1905635,1,0,NA
1809324_1,2023-01-05 00:05:02.869656,CLO,1809324.jpg,1809324,1,0,NA
1809343_1,2023-01-05 00:05:02.307156,CLO,1809343.jpg,1809343,1,0,NA
1809553_1,2023-01-05 00:05:01.775855,CLO,1809553.jpg,1809553,1,0,NA
1809729_1,2023-01-05 00:05:01.228945,CLO,1809729.jpg,1809729,1,0,NA
1809803_1,2023-01-05 00:05:00.697667,CLO,1809803.jpg,1809803,1,0,NA
1809882_1,2023-01-05 00:05:00.150761,CLO,1809882.jpg,1809882,1,0,NA
1809919_1,2023-01-05 00:04:59.603862,CLO,1809919.jpg,1809919,1,0,NA
1809977_1,2023-01-05 00:04:59.072583,CLO,1809977.jpg,1809977,1,0,NA
1810006_1,2023-01-05 00:04:58.431923,CLO,1810006.jpg,1810006,1,0,NA
1810021_1,2023-01-05 00:04:57.900657,CLO,1810021.jpg,1810021,1,0,NA
1810048_1,2023-01-05 00:04:57.259970,CLO,1810048.jpg,1810048,1,0,NA
1810559_1,2023-01-05 00:04:56.713079,CLO,1810559.jpg,1810559,1,0,NA
1810601_1,2023-01-05 00:04:56.197427,CLO,1810601.jpg,1810601,1,0,NA
1810845_1,2023-01-05 00:04:55.650546,CLO,1810845.jpg,1810845,1,0,NA
1810846_1,2023-01-05 00:04:55.057046,CLO,1810846.jpg,1810846,1,0,NA
1810931_1,2023-01-05 00:04:54.509837,CLO,1810931.jpg,1810931,1,0,NA
1808463_1,2023-01-05 00:04:54.103550,CLO,1808463.jpg,1808463,1,0,NA
1810968_1,2023-01-05 00:04:53.150436,CLO,1810968.jpg,1810968,1,0,NA
1810986_1,2023-01-05 00:04:52.634725,CLO,1810986.jpg,1810986,1,0,NA
1811086_1,2023-01-05 00:04:52.119069,CLO,1811086.jpg,1811086,1,0,NA
1811374_1,2023-01-05 00:04:51.603431,CLO,1811374.jpg,1811374,1,0,NA
1811376_1,2023-01-05 00:04:51.025280,CLO,1811376.jpg,1811376,1,0,NA
1811382_1,2023-01-05 00:04:50.462768,CLO,1811382.jpg,1811382,1,0,NA
1809061_1,2023-01-05 00:04:49.962728,CLO,1809061.jpg,1809061,1,0,NA
1810124_1,2023-01-05 00:04:49.447065,CLO,1810124.jpg,1810124,1,0,NA
1810139_1,2023-01-05 00:04:48.947018,CLO,1810139.jpg,1810139,1,0,NA
1810519_1,2023-01-05 00:04:48.353258,CLO,1810519.jpg,1810519,1,0,NA
1810547_1,2023-01-05 00:04:47.462591,CLO,1810547.jpg,1810547,1,0,NA
1810571_1,2023-01-05 00:04:46.915659,CLO,1810571.jpg,1810571,1,0,NA
1810573_1,2023-01-05 00:04:46.384387,CLO,1810573.jpg,1810573,1,0,NA
1810577_1,2023-01-05 00:04:45.821873,CLO,1810577.jpg,1810577,1,0,NA
1810630_1,2023-01-05 00:04:45.321827,CLO,1810630.jpg,1810630,1,0,NA
1810679_1,2023-01-05 00:04:44.790555,CLO,1810679.jpg,1810679,1,0,NA
1810841_1,2023-01-05 00:04:44.243835,CLO,1810841.jpg,1810841,1,0,NA
1810938_1,2023-01-05 00:04:43.649883,CLO,1810938.jpg,1810938,1,0,NA
1810942_1,2023-01-05 00:04:43.056207,CLO,1810942.jpg,1810942,1,0,NA
1811043_1,2023-01-05 00:04:42.446707,CLO,1811043.jpg,1811043,1,0,NA
1808946_1,2023-01-05 00:04:41.899971,CLO,1808946.jpg,1808946,1,0,NA
1811057_1,2023-01-05 00:04:41.493494,CLO,1811057.jpg,1811057,1,0,NA
1811097_1,2023-01-05 00:04:40.868462,CLO,1811097.jpg,1811097,1,0,NA
1811098_1,2023-01-05 00:04:40.305927,CLO,1811098.jpg,1811098,1,0,NA
1811292_1,2023-01-05 00:04:39.727784,CLO,1811292.jpg,1811292,1,0,NA
1811305_1,2023-01-05 00:04:39.180885,CLO,1811305.jpg,1811305,1,0,NA
1811307_1,2023-01-05 00:04:38.618397,CLO,1811307.jpg,1811307,1,0,NA
1810691_1,2023-01-05 00:04:37.962061,CLO,1810691.jpg,1810691,1,0,NA
1811393_1,2023-01-05 00:04:37.399532,CLO,1811393.jpg,1811393,1,0,NA
1808497_1,2023-01-05 00:04:36.977653,CLO,1808497.jpg,1808497,1,0,NA
1811572_1,2023-01-05 00:04:36.446351,CLO,1811572.jpg,1811572,1,0,NA
1811674_1,2023-01-05 00:04:35.915115,CLO,1811674.jpg,1811674,1,0,NA
1811678_1,2023-01-05 00:04:35.383814,CLO,1811678.jpg,1811678,1,0,NA
1811819_1,2023-01-05 00:04:34.852537,CLO,1811819.jpg,1811819,1,0,NA
1811825_1,2023-01-05 00:04:34.321257,CLO,1811825.jpg,1811825,1,0,NA
1811845_1,2023-01-05 00:04:33.758726,CLO,1811845.jpg,1811845,1,0,NA
1811855_1,2023-01-05 00:04:33.258683,CLO,1811855.jpg,1811855,1,0,NA
1811852_1,2023-01-05 00:04:32.711798,CLO,1811852.jpg,1811852,1,0,NA
1811861_1,2023-01-05 00:04:32.211773,CLO,1811861.jpg,1811861,1,0,NA
1811964_1,2023-01-05 00:04:31.680504,CLO,1811964.jpg,1811964,1,0,NA
1811983_1,2023-01-05 00:04:31.149203,CLO,1811983.jpg,1811983,1,0,NA
1812000_1,2023-01-05 00:04:30.617932,CLO,1812000.jpg,1812000,1,0,NA
1812005_1,2023-01-05 00:04:30.102280,CLO,1812005.jpg,1812005,1,0,NA
1812027_1,2023-01-05 00:04:29.555387,CLO,1812027.jpg,1812027,1,0,NA
1812030_1,2023-01-05 00:04:28.992861,CLO,1812030.jpg,1812030,1,0,NA
1812041_1,2023-01-05 00:04:28.477179,CLO,1812041.jpg,1812041,1,0,NA
1812250_1,2023-01-05 00:04:27.820908,CLO,1812250.jpg,1812250,1,0,NA
1900160_1,2023-01-05 00:04:27.227156,CLO,1900160.jpg,1900160,1,0,NA
1900167_1,2023-01-05 00:04:26.711466,CLO,1900167.jpg,1900167,1,0,NA
1809372_1,2023-01-05 00:04:26.148933,ACC,1809372.jpg,1809372,1,0,NA
1810926_1,2023-01-05 00:04:25.539523,BEAUTY,1810926.jpg,1810926,1,0,NA
1810483_1,2023-01-05 00:04:24.977004,ACC,1810483.jpg,1810483,1,0,NA
1810484_1,2023-01-05 00:04:24.461336,ACC,1810484.jpg,1810484,1,0,NA
1811352_1,2023-01-05 00:04:23.945698,BEAUTY,1811352.jpg,1811352,1,0,NA
1810927_1,2023-01-05 00:04:23.398796,BEAUTY,1810927.jpg,1810927,1,0,NA
1811589_1,2023-01-05 00:04:22.851892,JEW,1811589.jpg,1811589,1,0,NA
1811628_1,2023-01-05 00:04:22.273732,ACC,1811628.jpg,1811628,1,0,NA
1809798_1,2023-01-05 00:04:21.711217,SHO,1809798.jpg,1809798,1,0,NA
1810589_1,2023-01-05 00:04:21.195560,SHO,1810589.jpg,1810589,1,0,NA
1809928_1,2023-01-05 00:04:20.586152,CLO,1809928.jpg,1809928,1,0,NA
1809930_1,2023-01-05 00:04:20.054878,CLO,1809930.jpg,1809930,1,0,NA
1809931_1,2023-01-05 00:04:19.507976,CLO,1809931.jpg,1809931,1,0,NA
1809941_1,2023-01-05 00:04:18.961058,CLO,1809941.jpg,1809941,1,0,NA
1807312_1,2023-01-05 00:04:17.992248,CLO,1807312.jpg,1807312,1,0,NA
1808210_1,2023-01-05 00:04:17.398478,CLO,1808210.jpg,1808210,1,0,NA
1809489_1,2023-01-05 00:04:16.789083,CLO,1809489.jpg,1809489,1,0,NA
1809598_1,2023-01-05 00:04:16.210919,CLO,1809598.jpg,1809598,1,0,NA
1809599_1,2023-01-05 00:04:15.679630,CLO,1809599.jpg,1809599,1,0,NA
1809837_1,2023-01-05 00:04:15.163972,CLO,1809837.jpg,1809837,1,0,NA
1810855_1,2023-01-05 00:04:14.617078,CLO,1810855.jpg,1810855,1,0,NA
1811063_1,2023-01-05 00:04:14.070171,CLO,1811063.jpg,1811063,1,0,NA
1811064_1,2023-01-05 00:04:13.570136,CLO,1811064.jpg,1811064,1,0,NA
1811065_1,2023-01-05 00:04:13.054495,CLO,1811065.jpg,1811065,1,0,NA
1811066_1,2023-01-05 00:04:12.507602,CLO,1811066.jpg,1811066,1,0,NA
1811342_1,2023-01-05 00:04:11.991926,CLO,1811342.jpg,1811342,1,0,NA
1811343_1,2023-01-05 00:04:11.429582,CLO,1811343.jpg,1811343,1,0,NA
1811344_1,2023-01-05 00:04:10.866876,CLO,1811344.jpg,1811344,1,0,NA
1811346_1,2023-01-05 00:04:10.288834,CLO,1811346.jpg,1811346,1,0,NA
1811348_1,2023-01-05 00:04:09.773357,CLO,1811348.jpg,1811348,1,0,NA
1811349_1,2023-01-05 00:04:09.257406,CLO,1811349.jpg,1811349,1,0,NA
1811351_1,2023-01-05 00:04:08.726130,CLO,1811351.jpg,1811351,1,0,NA
1811709_1,2023-01-05 00:04:08.179234,CLO,1811709.jpg,1811709,1,0,NA
1811941_1,2023-01-05 00:04:07.694823,CLO,1811941.jpg,1811941,1,0,NA
1812079_1,2023-01-05 00:04:07.116733,CLO,1812079.jpg,1812079,1,0,NA
1812084_1,2023-01-05 00:04:06.554147,CLO,1812084.jpg,1812084,1,0,NA
1812086_1,2023-01-05 00:04:05.929266,CLO,1812086.jpg,1812086,1,0,NA
1812183_1,2023-01-05 00:04:05.366645,CLO,1812183.jpg,1812183,1,0,NA
1812202_1,2023-01-05 00:04:04.819683,CLO,1812202.jpg,1812202,1,0,NA
1812239_1,2023-01-05 00:04:04.195315,CLO,1812239.jpg,1812239,1,0,NA
1807310_1,2023-01-05 00:04:03.601110,CLO,1807310.jpg,1807310,1,0,NA
1900763_1,2023-01-05 00:04:03.210222,CLO,1900763.jpg,1900763,1,0,NA
1602946_1,2023-01-05 00:04:02.647683,CLO,1602946.jpg,1602946,1,0,NA
1706565_1,2023-01-05 00:04:02.116398,CLO,1706565.jpg,1706565,1,0,NA
1809540_1,2023-01-05 00:04:01.569514,CLO,1809540.jpg,1809540,1,0,NA
1809549_1,2023-01-05 00:04:01.053962,CLO,1809549.jpg,1809549,1,0,NA
1809551_1,2023-01-05 00:04:00.475698,CLO,1809551.jpg,1809551,1,0,NA
1809763_1,2023-01-05 00:03:59.960044,CLO,1809763.jpg,1809763,1,0,NA
1808283_1,2023-01-05 00:03:59.444373,CLO,1808283.jpg,1808283,1,0,NA
1809162_1,2023-01-05 00:03:59.038108,CLO,1809162.jpg,1809162,1,0,NA
1809802_1,2023-01-05 00:03:58.663088,CLO,1809802.jpg,1809802,1,0,NA
1809875_1,2023-01-05 00:03:58.069306,CLO,1809875.jpg,1809875,1,0,NA
1809922_1,2023-01-05 00:03:57.553650,CLO,1809922.jpg,1809922,1,0,NA
1810001_1,2023-01-05 00:03:56.959884,CLO,1810001.jpg,1810001,1,0,NA
1810012_1,2023-01-05 00:03:56.428608,CLO,1810012.jpg,1810012,1,0,NA
1811827_1,2023-01-05 00:03:55.881691,CLO,1811827.jpg,1811827,1,0,NA
1811886_1,2023-01-05 00:03:55.334808,CLO,1811886.jpg,1811886,1,0,NA
1811980_1,2023-01-05 00:03:54.803572,CLO,1811980.jpg,1811980,1,0,NA
1812167_1,2023-01-05 00:03:54.209859,CLO,1812167.jpg,1812167,1,0,NA
1810531_1,2023-01-05 00:03:53.709610,BEAUTY,1810531.jpg,1810531,1,0,NA
1808658_1,2023-01-05 00:03:53.318923,BEAUTY,1808658.jpg,1808658,1,0,NA
1802953_1,2023-01-05 00:03:52.771952,CLO,1802953.jpg,1802953,1,0,NA
1810939_1,2023-01-05 00:03:52.240634,CLO,1810939.jpg,1810939,1,0,NA
1804482_1,2023-01-05 00:03:51.709319,CLO,1804482.jpg,1804482,1,0,NA
1805583_1,2023-01-05 00:03:51.100093,CLO,1805583.jpg,1805583,1,0,NA
1809730_1,2023-01-05 00:03:50.521643,CLO,1809730.jpg,1809730,1,0,NA
1707967_1,2023-01-05 00:03:49.974685,CLO,1707967.jpg,1707967,1,0,NA
1809921_1,2023-01-05 00:03:49.427734,CLO,1809921.jpg,1809921,1,0,NA
1810587_1,2023-01-05 00:03:48.849519,CLO,1810587.jpg,1810587,1,0,NA
1811236_1,2023-01-05 00:03:48.302578,CLO,1811236.jpg,1811236,1,0,NA
1811355_1,2023-01-05 00:03:47.755619,CLO,1811355.jpg,1811355,1,0,NA
1811834_1,2023-01-05 00:03:47.224286,CLO,1811834.jpg,1811834,1,0,NA
1811846_1,2023-01-05 00:03:46.614834,CLO,1811846.jpg,1811846,1,0,NA
1708980_1,2023-01-05 00:03:46.067872,ACC,1708980.jpg,1708980,1,0,NA
1807457_1,2023-01-05 00:03:45.536563,ACC,1807457.jpg,1807457,1,0,NA
1807747_1,2023-01-05 00:03:44.958336,ACC,1807747.jpg,1807747,1,0,NA
1808545_1,2023-01-05 00:03:44.458264,ACC,1808545.jpg,1808545,1,0,NA
1807681_1,2023-01-05 00:03:43.911332,ACC,1807681.jpg,1807681,1,0,NA
1807619_1,2023-01-05 00:03:43.192481,ACC,1807619.jpg,1807619,1,0,NA
1812232_1,2023-01-05 00:03:42.598855,JEW,1812232.jpg,1812232,1,0,NA
1605735_1,2023-01-05 00:03:42.098545,CLO,1605735.jpg,1605735,1,0,NA
1801647_1,2023-01-05 00:03:41.707877,CLO,1801647.jpg,1801647,1,0,NA
1803365_1,2023-01-05 00:03:41.160941,CLO,1803365.jpg,1803365,1,0,NA
1804970_1,2023-01-05 00:03:40.645218,CLO,1804970.jpg,1804970,1,0,NA
1808039_1,2023-01-05 00:03:40.145151,CLO,1808039.jpg,1808039,1,0,NA
1808069_1,2023-01-05 00:03:39.629434,CLO,1808069.jpg,1808069,1,0,NA
1808229_1,2023-01-05 00:03:39.066860,CLO,1808229.jpg,1808229,1,0,NA
1808872_1,2023-01-05 00:03:38.504560,CLO,1808872.jpg,1808872,1,0,NA
1809292_1,2023-01-05 00:03:37.988577,CLO,1809292.jpg,1809292,1,0,NA
1809533_1,2023-01-05 00:03:37.426015,CLO,1809533.jpg,1809533,1,0,NA
1809561_1,2023-01-05 00:03:36.879057,CLO,1809561.jpg,1809561,1,0,NA
1809715_1,2023-01-05 00:03:36.316491,CLO,1809715.jpg,1809715,1,0,NA
1809981_1,2023-01-05 00:03:35.785165,CLO,1809981.jpg,1809981,1,0,NA
1810004_1,2023-01-05 00:03:35.222570,CLO,1810004.jpg,1810004,1,0,NA
1810019_1,2023-01-05 00:03:34.613170,CLO,1810019.jpg,1810019,1,0,NA
1808329_1,2023-01-05 00:03:34.206868,CLO,1808329.jpg,1808329,1,0,NA
1810020_1,2023-01-05 00:03:33.659825,CLO,1810020.jpg,1810020,1,0,NA
1810024_1,2023-01-05 00:03:33.144148,CLO,1810024.jpg,1810024,1,0,NA
1810123_1,2023-01-05 00:03:32.628446,CLO,1810123.jpg,1810123,1,0,NA
1810126_1,2023-01-05 00:03:32.112725,CLO,1810126.jpg,1810126,1,0,NA
1810128_1,2023-01-05 00:03:31.565927,CLO,1810128.jpg,1810128,1,0,NA
1810137_1,2023-01-05 00:03:31.065710,CLO,1810137.jpg,1810137,1,0,NA
1809382_1,2023-01-05 00:03:30.550039,CLO,1809382.jpg,1809382,1,0,NA
1810572_1,2023-01-05 00:03:30.049943,CLO,1810572.jpg,1810572,1,0,NA
1810661_1,2023-01-05 00:03:29.518628,CLO,1810661.jpg,1810661,1,0,NA
1810775_1,2023-01-05 00:03:28.956041,CLO,1810775.jpg,1810775,1,0,NA
1811620_1,2023-01-05 00:03:28.424745,CLO,1811620.jpg,1811620,1,0,NA
1811682_1,2023-01-05 00:03:27.877858,CLO,1811682.jpg,1811682,1,0,NA
1811703_1,2023-01-05 00:03:27.330809,CLO,1811703.jpg,1811703,1,0,NA
1811750_1,2023-01-05 00:03:26.799463,CLO,1811750.jpg,1811750,1,0,NA
1811796_1,2023-01-05 00:03:26.221253,CLO,1811796.jpg,1811796,1,0,NA
1811890_1,2023-01-05 00:03:25.721185,CLO,1811890.jpg,1811890,1,0,NA
1811990_1,2023-01-05 00:03:25.221108,CLO,1811990.jpg,1811990,1,0,NA
1812004_1,2023-01-05 00:03:24.611675,CLO,1812004.jpg,1812004,1,0,NA
1812037_1,2023-01-05 00:03:23.611516,CLO,1812037.jpg,1812037,1,0,NA
1812065_1,2023-01-05 00:03:23.033341,CLO,1812065.jpg,1812065,1,0,NA
1812047_1,2023-01-05 00:03:22.470717,CLO,1812047.jpg,1812047,1,0,NA
1812126_1,2023-01-05 00:03:21.861324,CLO,1812126.jpg,1812126,1,0,NA
1812169_1,2023-01-05 00:03:21.361209,CLO,1812169.jpg,1812169,1,0,NA
1812372_1,2023-01-05 00:03:20.829865,CLO,1812372.jpg,1812372,1,0,NA
1812376_1,2023-01-05 00:03:20.298756,CLO,1812376.jpg,1812376,1,0,NA
1900246_1,2023-01-05 00:03:19.782866,CLO,1900246.jpg,1900246,1,0,NA
1900259_1,2023-01-05 00:03:19.204746,CLO,1900259.jpg,1900259,1,0,NA
1900260_1,2023-01-05 00:03:18.688996,CLO,1900260.jpg,1900260,1,0,NA
1900262_1,2023-01-05 00:03:18.173234,CLO,1900262.jpg,1900262,1,0,NA
1602739_1,2023-01-05 00:03:17.610675,ACC,1602739.jpg,1602739,1,0,NA
1801330_1,2023-01-05 00:03:17.032530,JEW,1801330.jpg,1801330,1,0,NA
1802151_1,2023-01-05 00:03:16.657381,JEW,1802151.jpg,1802151,1,0,NA
1804037_1,2023-01-05 00:03:16.048071,ACC,1804037.jpg,1804037,1,0,NA
1807921_1,2023-01-05 00:03:15.485358,ACC,1807921.jpg,1807921,1,0,NA
1808579_1,2023-01-05 00:03:14.954121,CLO,1808579.jpg,1808579,1,0,NA
1811353_1,2023-01-05 00:03:14.422688,SHO,1811353.jpg,1811353,1,0,NA
1807459_1,2023-01-05 00:03:13.781981,ACC,1807459.jpg,1807459,1,0,NA
1809032_1,2023-01-05 00:03:13.250649,SHO,1809032.jpg,1809032,1,0,NA
1811842_1,2023-01-05 00:03:12.734985,SHO,1811842.jpg,1811842,1,0,NA
1709376_1,2023-01-05 00:03:12.172372,CLO,1709376.jpg,1709376,1,0,NA
1801464_1,2023-01-05 00:03:11.641270,CLO,1801464.jpg,1801464,1,0,NA
1802745_1,2023-01-05 00:03:11.125349,CLO,1802745.jpg,1802745,1,0,NA
1807464_1,2023-01-05 00:03:10.578387,CLO,1807464.jpg,1807464,1,0,NA
1808232_1,2023-01-05 00:03:10.031471,CLO,1808232.jpg,1808232,1,0,NA
1808995_1,2023-01-05 00:03:09.531365,CLO,1808995.jpg,1808995,1,0,NA
1809017_1,2023-01-05 00:03:09.000062,CLO,1809017.jpg,1809017,1,0,NA
1809101_1,2023-01-05 00:03:08.468726,CLO,1809101.jpg,1809101,1,0,NA
1809141_1,2023-01-05 00:03:07.921760,CLO,1809141.jpg,1809141,1,0,NA
1811892_1,2023-01-05 00:03:07.406096,CLO,1811892.jpg,1811892,1,0,NA
1812370_1,2023-01-05 00:03:06.827861,CLO,1812370.jpg,1812370,1,0,NA
1802731_1,2023-01-05 00:03:06.249652,CLO,1802731.jpg,1802731,1,0,NA
1812166_1,2023-01-05 00:03:05.640186,CLO,1812166.jpg,1812166,1,0,NA
1812263_1,2023-01-05 00:03:05.124480,CLO,1812263.jpg,1812263,1,0,NA
1812259_1,2023-01-05 00:03:04.561908,CLO,1812259.jpg,1812259,1,0,NA
1900723_1,2023-01-05 00:03:04.014997,CLO,1900723.jpg,1900723,1,0,NA
1808873_1,2023-01-05 00:03:03.468016,CLO,1808873.jpg,1808873,1,0,NA
1809321_1,2023-01-05 00:03:02.952308,CLO,1809321.jpg,1809321,1,0,NA
1809334_1,2023-01-05 00:03:02.405372,CLO,1809334.jpg,1809334,1,0,NA
1809381_1,2023-01-05 00:03:01.842792,CLO,1809381.jpg,1809381,1,0,NA
1809413_1,2023-01-05 00:03:00.608235,CLO,1809413.jpg,1809413,1,0,NA
1809487_1,2023-01-05 00:03:00.030027,CLO,1809487.jpg,1809487,1,0,NA
1809521_1,2023-01-05 00:02:59.498725,CLO,1809521.jpg,1809521,1,0,NA
1809562_1,2023-01-05 00:02:58.982984,CLO,1809562.jpg,1809562,1,0,NA
1809654_1,2023-01-05 00:02:58.420410,CLO,1809654.jpg,1809654,1,0,NA
1806147_1,2023-01-05 00:02:58.029760,CLO,1806147.jpg,1806147,1,0,NA
1708944_1,2023-01-05 00:02:57.654685,CLO,1708944.jpg,1708944,1,0,NA
1809911_1,2023-01-05 00:02:57.108052,CLO,1809911.jpg,1809911,1,0,NA
1810383_1,2023-01-05 00:02:56.592031,CLO,1810383.jpg,1810383,1,0,NA
1810614_1,2023-01-05 00:02:56.045074,CLO,1810614.jpg,1810614,1,0,NA
1902169_1,2023-01-05 00:02:55.623161,CLO,1902169.jpg,1902169,1,0,NA
1811026_1,2023-01-05 00:02:55.060626,CLO,1811026.jpg,1811026,1,0,NA
1811027_1,2023-01-05 00:02:54.513604,CLO,1811027.jpg,1811027,1,0,NA
1811178_1,2023-01-05 00:02:53.966653,CLO,1811178.jpg,1811178,1,0,NA
1811230_1,2023-01-05 00:02:53.419819,CLO,1811230.jpg,1811230,1,0,NA
1811231_1,2023-01-05 00:02:52.904090,CLO,1811231.jpg,1811231,1,0,NA
1811233_1,2023-01-05 00:02:52.372669,CLO,1811233.jpg,1811233,1,0,NA
1811262_1,2023-01-05 00:02:51.810092,CLO,1811262.jpg,1811262,1,0,NA
1811270_1,2023-01-05 00:02:51.310027,CLO,1811270.jpg,1811270,1,0,NA
1811619_1,2023-01-05 00:02:50.763060,CLO,1811619.jpg,1811619,1,0,NA
1811669_1,2023-01-05 00:02:50.169234,CLO,1811669.jpg,1811669,1,0,NA
1811670_1,2023-01-05 00:02:49.575541,CLO,1811670.jpg,1811670,1,0,NA
1811672_1,2023-01-05 00:02:49.012814,CLO,1811672.jpg,1811672,1,0,NA
1811752_1,2023-01-05 00:02:48.481515,CLO,1811752.jpg,1811752,1,0,NA
1811859_1,2023-01-05 00:02:47.950164,CLO,1811859.jpg,1811859,1,0,NA
1811889_1,2023-01-05 00:02:47.434593,CLO,1811889.jpg,1811889,1,0,NA
1811995_1,2023-01-05 00:02:46.887505,CLO,1811995.jpg,1811995,1,0,NA
1812007_1,2023-01-05 00:02:46.356193,CLO,1812007.jpg,1812007,1,0,NA
1812012_1,2023-01-05 00:02:45.824874,CLO,1812012.jpg,1812012,1,0,NA
1812016_1,2023-01-05 00:02:45.246656,CLO,1812016.jpg,1812016,1,0,NA
1812029_1,2023-01-05 00:02:44.715321,CLO,1812029.jpg,1812029,1,0,NA
1812036_1,2023-01-05 00:02:44.168383,CLO,1812036.jpg,1812036,1,0,NA
1812045_1,2023-01-05 00:02:43.652664,CLO,1812045.jpg,1812045,1,0,NA
1800719_1,2023-01-05 00:02:43.105825,CLO,1800719.jpg,1800719,1,0,NA
1805947_1,2023-01-05 00:02:42.699416,CLO,1805947.jpg,1805947,1,0,NA
1812046_1,2023-01-05 00:02:42.308725,CLO,1812046.jpg,1812046,1,0,NA
1812117_1,2023-01-05 00:02:41.761767,CLO,1812117.jpg,1812117,1,0,NA
1812190_1,2023-01-05 00:02:41.230469,CLO,1812190.jpg,1812190,1,0,NA
1812255_1,2023-01-05 00:02:40.683488,CLO,1812255.jpg,1812255,1,0,NA
1812258_1,2023-01-05 00:02:40.167804,CLO,1812258.jpg,1812258,1,0,NA
1812366_1,2023-01-05 00:02:39.652131,CLO,1812366.jpg,1812366,1,0,NA
1812371_1,2023-01-05 00:02:39.120775,CLO,1812371.jpg,1812371,1,0,NA
1812374_1,2023-01-05 00:02:38.542575,CLO,1812374.jpg,1812374,1,0,NA
1812375_1,2023-01-05 00:02:38.011245,CLO,1812375.jpg,1812375,1,0,NA
1900228_1,2023-01-05 00:02:37.464299,CLO,1900228.jpg,1900228,1,0,NA
1812377_1,2023-01-05 00:02:37.073616,CLO,1812377.jpg,1812377,1,0,NA
1808805_1,2023-01-05 00:02:36.511031,CLO,1808805.jpg,1808805,1,0,NA
1900244_1,2023-01-05 00:02:35.854683,CLO,1900244.jpg,1900244,1,0,NA
1900261_1,2023-01-05 00:02:35.323542,CLO,1900261.jpg,1900261,1,0,NA
1900263_1,2023-01-05 00:02:34.651400,CLO,1900263.jpg,1900263,1,0,NA
1900451_1,2023-01-05 00:02:34.120049,CLO,1900451.jpg,1900451,1,0,NA
1900657_1,2023-01-05 00:02:33.573124,CLO,1900657.jpg,1900657,1,0,NA
1900685_1,2023-01-05 00:02:32.994897,CLO,1900685.jpg,1900685,1,0,NA
1808219_1,2023-01-05 00:02:32.432329,CLO,1808219.jpg,1808219,1,0,NA
1806027_1,2023-01-05 00:02:31.916640,CLO,1806027.jpg,1806027,1,0,NA
1809015_1,2023-01-05 00:02:31.525929,CLO,1809015.jpg,1809015,1,0,NA
1809886_1,2023-01-05 00:02:31.010456,CLO,1809886.jpg,1809886,1,0,NA
1811031_1,2023-01-05 00:02:30.400777,CLO,1811031.jpg,1811031,1,0,NA
1811225_1,2023-01-05 00:02:29.838191,CLO,1811225.jpg,1811225,1,0,NA
1810580_1,2023-01-05 00:02:29.244350,CLO,1810580.jpg,1810580,1,0,NA
1508140_1,2023-01-05 00:02:28.697561,ACC,1508140.jpg,1508140,1,0,NA
1803207_1,2023-01-05 00:02:28.119201,CLO,1803207.jpg,1803207,1,0,NA
1805334_1,2023-01-05 00:02:27.572515,CLO,1805334.jpg,1805334,1,0,NA
1907161_1,2023-01-05 00:02:27.197186,CLO,1907161.jpg,1907161,1,0,NA
1805338_1,2023-01-05 00:02:26.650252,CLO,1805338.jpg,1805338,1,0,NA
1907160_1,2023-01-05 00:02:26.275190,CLO,1907160.jpg,1907160,1,0,NA
1806509_1,2023-01-05 00:02:25.728213,CLO,1806509.jpg,1806509,1,0,NA
1808070_1,2023-01-05 00:02:25.196893,CLO,1808070.jpg,1808070,1,0,NA
1602945_1,2023-01-05 00:02:24.821861,CLO,1602945.jpg,1602945,1,0,NA
1808127_1,2023-01-05 00:02:24.259470,CLO,1808127.jpg,1808127,1,0,NA
1808123_1,2023-01-05 00:02:23.743573,CLO,1808123.jpg,1808123,1,0,NA
1808260_1,2023-01-05 00:02:23.196633,CLO,1808260.jpg,1808260,1,0,NA
1808278_1,2023-01-05 00:02:22.665323,CLO,1808278.jpg,1808278,1,0,NA
1808801_1,2023-01-05 00:02:22.102708,CLO,1808801.jpg,1808801,1,0,NA
1809010_1,2023-01-05 00:02:21.571381,CLO,1809010.jpg,1809010,1,0,NA
1809052_1,2023-01-05 00:02:21.040185,CLO,1809052.jpg,1809052,1,0,NA
1809160_1,2023-01-05 00:02:20.524367,CLO,1809160.jpg,1809160,1,0,NA
1809407_1,2023-01-05 00:02:20.008659,CLO,1809407.jpg,1809407,1,0,NA
1809423_1,2023-01-05 00:02:19.477330,CLO,1809423.jpg,1809423,1,0,NA
1809566_1,2023-01-05 00:02:18.930369,CLO,1809566.jpg,1809566,1,0,NA
1809583_1,2023-01-05 00:02:18.383416,CLO,1809583.jpg,1809583,1,0,NA
1809864_1,2023-01-05 00:02:17.821022,CLO,1809864.jpg,1809864,1,0,NA
1810674_1,2023-01-05 00:02:17.273889,CLO,1810674.jpg,1810674,1,0,NA
1810763_1,2023-01-05 00:02:16.726928,CLO,1810763.jpg,1810763,1,0,NA
1810929_1,2023-01-05 00:02:16.148735,CLO,1810929.jpg,1810929,1,0,NA
1803088_1,2023-01-05 00:02:15.758071,CLO,1803088.jpg,1803088,1,0,NA
1811783_1,2023-01-05 00:02:15.242359,CLO,1811783.jpg,1811783,1,0,NA
1811808_1,2023-01-05 00:02:14.726664,CLO,1811808.jpg,1811808,1,0,NA
1811880_1,2023-01-05 00:02:14.117190,CLO,1811880.jpg,1811880,1,0,NA
1811887_1,2023-01-05 00:02:13.570254,CLO,1811887.jpg,1811887,1,0,NA
1811888_1,2023-01-05 00:02:13.054533,CLO,1811888.jpg,1811888,1,0,NA
1811985_1,2023-01-05 00:02:12.507594,CLO,1811985.jpg,1811985,1,0,NA
1811986_1,2023-01-05 00:02:11.945004,CLO,1811986.jpg,1811986,1,0,NA
1811998_1,2023-01-05 00:02:11.319934,CLO,1811998.jpg,1811998,1,0,NA
1812002_1,2023-01-05 00:02:10.772950,CLO,1812002.jpg,1812002,1,0,NA
1812040_1,2023-01-05 00:02:10.225997,CLO,1812040.jpg,1812040,1,0,NA
1812042_1,2023-01-05 00:02:09.679043,CLO,1812042.jpg,1812042,1,0,NA
1812101_1,2023-01-05 00:02:09.116478,CLO,1812101.jpg,1812101,1,0,NA
1812124_1,2023-01-05 00:02:08.585147,CLO,1812124.jpg,1812124,1,0,NA
1812156_1,2023-01-05 00:02:08.053826,CLO,1812156.jpg,1812156,1,0,NA
1812159_1,2023-01-05 00:02:07.507024,CLO,1812159.jpg,1812159,1,0,NA
1812160_1,2023-01-05 00:02:06.897677,CLO,1812160.jpg,1812160,1,0,NA
1812162_1,2023-01-05 00:02:06.272321,CLO,1812162.jpg,1812162,1,0,NA
1812163_1,2023-01-05 00:02:05.178436,CLO,1812163.jpg,1812163,1,0,NA
1812168_1,2023-01-05 00:02:04.162644,CLO,1812168.jpg,1812168,1,0,NA
1812252_1,2023-01-05 00:02:03.584417,CLO,1812252.jpg,1812252,1,0,NA
1812279_1,2023-01-05 00:02:03.053328,CLO,1812279.jpg,1812279,1,0,NA
1812329_1,2023-01-05 00:02:02.537405,CLO,1812329.jpg,1812329,1,0,NA
1812368_1,2023-01-05 00:02:02.006069,CLO,1812368.jpg,1812368,1,0,NA
1812381_1,2023-01-05 00:02:01.427897,CLO,1812381.jpg,1812381,1,0,NA
1900170_1,2023-01-05 00:02:00.912174,CLO,1900170.jpg,1900170,1,0,NA
1900356_1,2023-01-05 00:02:00.349596,CLO,1900356.jpg,1900356,1,0,NA
1900454_1,2023-01-05 00:01:59.787016,CLO,1900454.jpg,1900454,1,0,NA
1900463_1,2023-01-05 00:01:59.052525,CLO,1900463.jpg,1900463,1,0,NA
1900522_1,2023-01-05 00:01:58.505587,CLO,1900522.jpg,1900522,1,0,NA
1900693_1,2023-01-05 00:01:57.974242,CLO,1900693.jpg,1900693,1,0,NA
1900718_1,2023-01-05 00:01:57.442918,CLO,1900718.jpg,1900718,1,0,NA
1900719_1,2023-01-05 00:01:56.880363,CLO,1900719.jpg,1900719,1,0,NA
1811840_1,2023-01-05 00:01:56.333380,CLO,1811840.jpg,1811840,1,0,NA
1801213_1,2023-01-05 00:01:55.770823,ACC,1801213.jpg,1801213,1,0,NA
1900800_1,2023-01-05 00:01:55.395764,ACC,1900800.jpg,1900800,1,0,NA
1807970_1,2023-01-05 00:01:54.817539,BEAUTY,1807970.jpg,1807970,1,0,NA
1802637_1,2023-01-05 00:01:54.301859,ACC,1802637.jpg,1802637,1,0,NA
1802986_1,2023-01-05 00:01:53.708013,CLO,1802986.jpg,1802986,1,0,NA
1803978_1,2023-01-05 00:01:53.114184,ACC,1803978.jpg,1803978,1,0,NA
1804773_1,2023-01-05 00:01:52.582848,ACC,1804773.jpg,1804773,1,0,NA
1803990_1,2023-01-05 00:01:52.051519,ACC,1803990.jpg,1803990,1,0,NA
1805067_1,2023-01-05 00:01:51.488995,ACC,1805067.jpg,1805067,1,0,NA
1804997_1,2023-01-05 00:01:50.957620,BEAUTY,1804997.jpg,1804997,1,0,NA
1805502_1,2023-01-05 00:01:50.457547,BEAUTY,1805502.jpg,1805502,1,0,NA
1805509_1,2023-01-05 00:01:49.926238,BEAUTY,1805509.jpg,1805509,1,0,NA
1805623_1,2023-01-05 00:01:49.301140,BEAUTY,1805623.jpg,1805623,1,0,NA
1805609_1,2023-01-05 00:01:48.769821,BEAUTY,1805609.jpg,1805609,1,0,NA
1805631_1,2023-01-05 00:01:48.254124,BEAUTY,1805631.jpg,1805631,1,0,NA
1805628_1,2023-01-05 00:01:47.722895,BEAUTY,1805628.jpg,1805628,1,0,NA
1807080_1,2023-01-05 00:01:47.207087,ACC,1807080.jpg,1807080,1,0,NA
1807490_1,2023-01-05 00:01:46.675750,BEAUTY,1807490.jpg,1807490,1,0,NA
1807163_1,2023-01-05 00:01:46.144590,BEAUTY,1807163.jpg,1807163,1,0,NA
1807770_1,2023-01-05 00:01:45.550607,ACC,1807770.jpg,1807770,1,0,NA
1807625_1,2023-01-05 00:01:45.034911,ACC,1807625.jpg,1807625,1,0,NA
1807871_1,2023-01-05 00:01:44.519221,ACC,1807871.jpg,1807871,1,0,NA
1807901_1,2023-01-05 00:01:44.003490,JEW,1807901.jpg,1807901,1,0,NA
1906917_1,2023-01-05 00:01:43.487805,BEAUTY,1906917.jpg,1906917,1,0,NA
1807969_1,2023-01-05 00:01:43.112857,BEAUTY,1807969.jpg,1807969,1,0,NA
1808544_1,2023-01-05 00:01:42.518913,ACC,1808544.jpg,1808544,1,0,NA
1809371_1,2023-01-05 00:01:41.925082,ACC,1809371.jpg,1809371,1,0,NA
1809513_1,2023-01-05 00:01:41.393763,ACC,1809513.jpg,1809513,1,0,NA
1810130_1,2023-01-05 00:01:40.815548,CLO,1810130.jpg,1810130,1,0,NA
1810553_1,2023-01-05 00:01:40.284210,BEAUTY,1810553.jpg,1810553,1,0,NA
1810881_1,2023-01-05 00:01:39.784136,ACC,1810881.jpg,1810881,1,0,NA
1810827_1,2023-01-05 00:01:39.237188,ACC,1810827.jpg,1810827,1,0,NA
1810903_1,2023-01-05 00:01:38.721498,ACC,1810903.jpg,1810903,1,0,NA
1810832_1,2023-01-05 00:01:38.158903,ACC,1810832.jpg,1810832,1,0,NA
1811688_1,2023-01-05 00:01:37.611967,BEAUTY,1811688.jpg,1811688,1,0,NA
1611010_1,2023-01-05 00:01:37.111926,BEAUTY,1611010.jpg,1611010,1,0,NA
1811691_1,2023-01-05 00:01:36.737138,BEAUTY,1811691.jpg,1811691,1,0,NA
1904023_1,2023-01-05 00:01:36.346152,BEAUTY,1904023.jpg,1904023,1,0,NA
1811748_1,2023-01-05 00:01:35.736693,ACC,1811748.jpg,1811748,1,0,NA
1811838_1,2023-01-05 00:01:35.221211,CLO,1811838.jpg,1811838,1,0,NA
1801837_1,2023-01-05 00:01:34.689652,CLO,1801837.jpg,1801837,1,0,NA
1801832_1,2023-01-05 00:01:34.174129,CLO,1801832.jpg,1801832,1,0,NA
1805402_1,2023-01-05 00:01:33.642643,CLO,1805402.jpg,1805402,1,0,NA
1805556_1,2023-01-05 00:01:33.095673,CLO,1805556.jpg,1805556,1,0,NA
1805579_1,2023-01-05 00:01:32.533088,CLO,1805579.jpg,1805579,1,0,NA
1807352_1,2023-01-05 00:01:31.970505,CLO,1807352.jpg,1807352,1,0,NA
1807702_1,2023-01-05 00:01:31.423569,ACC,1807702.jpg,1807702,1,0,NA
1808091_1,2023-01-05 00:01:30.814115,CLO,1808091.jpg,1808091,1,0,NA
1808079_1,2023-01-05 00:01:30.251518,CLO,1808079.jpg,1808079,1,0,NA
1810925_1,2023-01-05 00:01:29.704691,CLO,1810925.jpg,1810925,1,0,NA
1810889_1,2023-01-05 00:01:29.157631,ACC,1810889.jpg,1810889,1,0,NA
1812177_1,2023-01-05 00:01:28.595047,CLO,1812177.jpg,1812177,1,0,NA
1900480_1,2023-01-05 00:01:28.016822,CLO,1900480.jpg,1900480,1,0,NA
1900996_1,2023-01-05 00:01:27.454236,CLO,1900996.jpg,1900996,1,0,NA
1901127_1,2023-01-05 00:01:26.922916,CLO,1901127.jpg,1901127,1,0,NA
1901128_1,2023-01-05 00:01:26.329075,CLO,1901128.jpg,1901128,1,0,NA
1901243_1,2023-01-05 00:01:25.797744,CLO,1901243.jpg,1901243,1,0,NA
1805696_1,2023-01-05 00:01:25.235190,CLO,1805696.jpg,1805696,1,0,NA
1807680_1,2023-01-05 00:01:24.703847,ACC,1807680.jpg,1807680,1,0,NA
1808308_1,2023-01-05 00:01:24.188263,CLO,1808308.jpg,1808308,1,0,NA
1809096_1,2023-01-05 00:01:23.688087,CLO,1809096.jpg,1809096,1,0,NA
1809207_1,2023-01-05 00:01:23.172560,CLO,1809207.jpg,1809207,1,0,NA
1809349_1,2023-01-05 00:01:22.641085,CLO,1809349.jpg,1809349,1,0,NA
1809509_1,2023-01-05 00:01:22.109800,CLO,1809509.jpg,1809509,1,0,NA
1809582_1,2023-01-05 00:01:21.469112,CLO,1809582.jpg,1809582,1,0,NA
1809850_1,2023-01-05 00:01:20.906461,CLO,1809850.jpg,1809850,1,0,NA
1809879_1,2023-01-05 00:01:20.343859,CLO,1809879.jpg,1809879,1,0,NA
1810127_1,2023-01-05 00:01:19.781270,CLO,1810127.jpg,1810127,1,0,NA
1808640_1,2023-01-05 00:01:19.265734,CLO,1808640.jpg,1808640,1,0,NA
1810930_1,2023-01-05 00:01:18.875223,CLO,1810930.jpg,1810930,1,0,NA
1811383_1,2023-01-05 00:01:18.327946,CLO,1811383.jpg,1811383,1,0,NA
1811673_1,2023-01-05 00:01:17.780979,CLO,1811673.jpg,1811673,1,0,NA
1811785_1,2023-01-05 00:01:17.249660,CLO,1811785.jpg,1811785,1,0,NA
1811812_1,2023-01-05 00:01:16.702722,CLO,1811812.jpg,1811812,1,0,NA
1811879_1,2023-01-05 00:01:16.180132,CLO,1811879.jpg,1811879,1,0,NA
1811881_1,2023-01-05 00:01:15.640085,CLO,1811881.jpg,1811881,1,0,NA
1811976_1,2023-01-05 00:01:15.108759,CLO,1811976.jpg,1811976,1,0,NA
1811996_1,2023-01-05 00:01:14.593037,CLO,1811996.jpg,1811996,1,0,NA
1812025_1,2023-01-05 00:01:14.046072,CLO,1812025.jpg,1812025,1,0,NA
1812048_1,2023-01-05 00:01:13.467861,CLO,1812048.jpg,1812048,1,0,NA
1812118_1,2023-01-05 00:01:12.936725,CLO,1812118.jpg,1812118,1,0,NA
1812066_1,2023-01-05 00:01:12.405230,CLO,1812066.jpg,1812066,1,0,NA
1812119_1,2023-01-05 00:01:11.873897,CLO,1812119.jpg,1812119,1,0,NA
1812157_1,2023-01-05 00:01:11.233291,CLO,1812157.jpg,1812157,1,0,NA
1812178_1,2023-01-05 00:01:10.717483,CLO,1812178.jpg,1812178,1,0,NA
1812179_1,2023-01-05 00:01:10.201774,CLO,1812179.jpg,1812179,1,0,NA
1812182_1,2023-01-05 00:01:09.686079,CLO,1812182.jpg,1812182,1,0,NA
1812242_1,2023-01-05 00:01:09.170382,CLO,1812242.jpg,1812242,1,0,NA
1812257_1,2023-01-05 00:01:08.607802,CLO,1812257.jpg,1812257,1,0,NA
1812321_1,2023-01-05 00:01:08.092098,CLO,1812321.jpg,1812321,1,0,NA
1812362_1,2023-01-05 00:01:07.545453,CLO,1812362.jpg,1812362,1,0,NA
1812363_1,2023-01-05 00:01:07.045072,CLO,1812363.jpg,1812363,1,0,NA
1900242_1,2023-01-05 00:01:06.498141,CLO,1900242.jpg,1900242,1,0,NA
1900656_1,2023-01-05 00:01:05.967082,CLO,1900656.jpg,1900656,1,0,NA
1900659_1,2023-01-05 00:01:05.435464,CLO,1900659.jpg,1900659,1,0,NA
1900660_1,2023-01-05 00:01:04.841649,CLO,1900660.jpg,1900660,1,0,NA
1900661_1,2023-01-05 00:01:04.263432,CLO,1900661.jpg,1900661,1,0,NA
1900667_1,2023-01-05 00:01:03.685221,CLO,1900667.jpg,1900667,1,0,NA
1900696_1,2023-01-05 00:01:03.153911,CLO,1900696.jpg,1900696,1,0,NA
1900697_1,2023-01-05 00:01:02.606944,CLO,1900697.jpg,1900697,1,0,NA
1900705_1,2023-01-05 00:01:02.059990,CLO,1900705.jpg,1900705,1,0,NA
1900955_1,2023-01-05 00:01:01.544270,CLO,1900955.jpg,1900955,1,0,NA
1900980_1,2023-01-05 00:01:00.981702,CLO,1900980.jpg,1900980,1,0,NA
1901004_1,2023-01-05 00:01:00.466111,CLO,1901004.jpg,1901004,1,0,NA
1901008_1,2023-01-05 00:00:59.919038,CLO,1901008.jpg,1901008,1,0,NA
1901009_1,2023-01-05 00:00:59.340857,CLO,1901009.jpg,1901009,1,0,NA
1812355_1,2023-01-05 00:00:58.825164,CLO,1812355.jpg,1812355,1,0,NA
1900299_1,2023-01-05 00:00:58.278196,CLO,1900299.jpg,1900299,1,0,NA
1900302_1,2023-01-05 00:00:57.731368,CLO,1900302.jpg,1900302,1,0,NA
1801648_1,2023-01-05 00:00:57.231166,CLO,1801648.jpg,1801648,1,0,NA
1808120_1,2023-01-05 00:00:56.465427,CLO,1808120.jpg,1808120,1,0,NA
1809477_1,2023-01-05 00:00:56.074745,CLO,1809477.jpg,1809477,1,0,NA
1808439_1,2023-01-05 00:00:55.527813,CLO,1808439.jpg,1808439,1,0,NA
1811847_1,2023-01-05 00:00:55.090229,CLO,1811847.jpg,1811847,1,0,NA
1809012_1,2023-01-05 00:00:54.512029,CLO,1809012.jpg,1809012,1,0,NA
1809143_1,2023-01-05 00:00:53.902792,CLO,1809143.jpg,1809143,1,0,NA
1809326_1,2023-01-05 00:00:53.386868,CLO,1809326.jpg,1809326,1,0,NA
1809312_1,2023-01-05 00:00:52.871179,CLO,1809312.jpg,1809312,1,0,NA
1809570_1,2023-01-05 00:00:52.324220,CLO,1809570.jpg,1809570,1,0,NA
1809734_1,2023-01-05 00:00:51.808640,CLO,1809734.jpg,1809734,1,0,NA
1809889_1,2023-01-05 00:00:51.245938,CLO,1809889.jpg,1809889,1,0,NA
1809901_1,2023-01-05 00:00:50.636475,CLO,1809901.jpg,1809901,1,0,NA
1808978_1,2023-01-05 00:00:50.245799,CLO,1808978.jpg,1808978,1,0,NA
1810046_1,2023-01-05 00:00:49.714477,CLO,1810046.jpg,1810046,1,0,NA
1810095_1,2023-01-05 00:00:49.214388,CLO,1810095.jpg,1810095,1,0,NA
1810053_1,2023-01-05 00:00:48.683076,CLO,1810053.jpg,1810053,1,0,NA
1810546_1,2023-01-05 00:00:48.136123,CLO,1810546.jpg,1810546,1,0,NA
1810576_1,2023-01-05 00:00:47.557918,CLO,1810576.jpg,1810576,1,0,NA
1810603_1,2023-01-05 00:00:47.042200,CLO,1810603.jpg,1810603,1,0,NA
1811283_1,2023-01-05 00:00:46.510880,CLO,1811283.jpg,1811283,1,0,NA
1811385_1,2023-01-05 00:00:45.807675,CLO,1811385.jpg,1811385,1,0,NA
1811671_1,2023-01-05 00:00:45.307712,CLO,1811671.jpg,1811671,1,0,NA
1811868_1,2023-01-05 00:00:44.791898,CLO,1811868.jpg,1811868,1,0,NA
1811751_1,2023-01-05 00:00:44.276196,CLO,1811751.jpg,1811751,1,0,NA
1811982_1,2023-01-05 00:00:43.744867,CLO,1811982.jpg,1811982,1,0,NA
1811991_1,2023-01-05 00:00:43.229191,CLO,1811991.jpg,1811991,1,0,NA
1812180_1,2023-01-05 00:00:42.650952,CLO,1812180.jpg,1812180,1,0,NA
1812248_1,2023-01-05 00:00:42.072735,CLO,1812248.jpg,1812248,1,0,NA
1812281_1,2023-01-05 00:00:41.541422,CLO,1812281.jpg,1812281,1,0,NA
1812260_1,2023-01-05 00:00:40.978830,CLO,1812260.jpg,1812260,1,0,NA
1809577_1,2023-01-05 00:00:40.322592,CLO,1809577.jpg,1809577,1,0,NA
1812302_1,2023-01-05 00:00:39.931813,CLO,1812302.jpg,1812302,1,0,NA
1812344_1,2023-01-05 00:00:39.431745,CLO,1812344.jpg,1812344,1,0,NA
1900309_1,2023-01-05 00:00:38.916042,CLO,1900309.jpg,1900309,1,0,NA
1900453_1,2023-01-05 00:00:38.384735,CLO,1900453.jpg,1900453,1,0,NA
1900692_1,2023-01-05 00:00:37.822140,CLO,1900692.jpg,1900692,1,0,NA
1900703_1,2023-01-05 00:00:37.275181,CLO,1900703.jpg,1900703,1,0,NA
1900721_1,2023-01-05 00:00:36.650113,CLO,1900721.jpg,1900721,1,0,NA
1900726_1,2023-01-05 00:00:35.790586,CLO,1900726.jpg,1900726,1,0,NA
1900780_1,2023-01-05 00:00:35.040492,CLO,1900780.jpg,1900780,1,0,NA
1900954_1,2023-01-05 00:00:34.446662,CLO,1900954.jpg,1900954,1,0,NA
1900966_1,2023-01-05 00:00:33.915332,CLO,1900966.jpg,1900966,1,0,NA
1901003_1,2023-01-05 00:00:33.399622,CLO,1901003.jpg,1901003,1,0,NA
1901005_1,2023-01-05 00:00:32.868293,CLO,1901005.jpg,1901005,1,0,NA
1901108_1,2023-01-05 00:00:32.336967,CLO,1901108.jpg,1901108,1,0,NA
1901110_1,2023-01-05 00:00:31.821284,CLO,1901110.jpg,1901110,1,0,NA
1901113_1,2023-01-05 00:00:31.290107,CLO,1901113.jpg,1901113,1,0,NA
1901125_1,2023-01-05 00:00:30.696122,CLO,1901125.jpg,1901125,1,0,NA
1901130_1,2023-01-05 00:00:30.055407,CLO,1901130.jpg,1901130,1,0,NA
1901169_1,2023-01-05 00:00:29.539693,CLO,1901169.jpg,1901169,1,0,NA
1901171_1,2023-01-05 00:00:28.961486,CLO,1901171.jpg,1901171,1,0,NA
1901173_1,2023-01-05 00:00:28.461431,CLO,1901173.jpg,1901173,1,0,NA
1901190_1,2023-01-05 00:00:27.945891,CLO,1901190.jpg,1901190,1,0,NA
1901312_1,2023-01-05 00:00:27.414530,CLO,1901312.jpg,1901312,1,0,NA
1901318_1,2023-01-05 00:00:26.914317,CLO,1901318.jpg,1901318,1,0,NA
1804606_1,2023-01-05 00:00:26.367361,ACC,1804606.jpg,1804606,1,0,NA
1810555_1,2023-01-05 00:00:25.789175,BEAUTY,1810555.jpg,1810555,1,0,NA
1900804_1,2023-01-05 00:00:25.304749,CLO,1900804.jpg,1900804,1,0,NA
1900803_1,2023-01-05 00:00:24.789194,CLO,1900803.jpg,1900803,1,0,NA
1900806_1,2023-01-05 00:00:24.257699,CLO,1900806.jpg,1900806,1,0,NA
1900809_1,2023-01-05 00:00:23.726361,CLO,1900809.jpg,1900809,1,0,NA
1901084_1,2023-01-05 00:00:23.195043,CLO,1901084.jpg,1901084,1,0,NA
1811640_1,2023-01-05 00:00:22.648097,ACC,1811640.jpg,1811640,1,0,NA
1802708_1,2023-01-05 00:00:22.023007,CLO,1802708.jpg,1802708,1,0,NA
1707646_1,2023-01-05 00:00:21.647954,CLO,1707646.jpg,1707646,1,0,NA
1805391_1,2023-01-05 00:00:21.116609,CLO,1805391.jpg,1805391,1,0,NA
1808721_1,2023-01-05 00:00:20.600923,CLO,1808721.jpg,1808721,1,0,NA
1809933_1,2023-01-05 00:00:20.069583,CLO,1809933.jpg,1809933,1,0,NA
1810848_1,2023-01-05 00:00:19.507016,CLO,1810848.jpg,1810848,1,0,NA
1810849_1,2023-01-05 00:00:18.975688,CLO,1810849.jpg,1810849,1,0,NA
1810850_1,2023-01-05 00:00:18.428735,CLO,1810850.jpg,1810850,1,0,NA
1810851_1,2023-01-05 00:00:17.881788,CLO,1810851.jpg,1810851,1,0,NA
1810852_1,2023-01-05 00:00:17.334858,CLO,1810852.jpg,1810852,1,0,NA
1810854_1,2023-01-05 00:00:16.819131,CLO,1810854.jpg,1810854,1,0,NA
1810857_1,2023-01-05 00:00:16.287801,CLO,1810857.jpg,1810857,1,0,NA
1811345_1,2023-01-05 00:00:15.725225,CLO,1811345.jpg,1811345,1,0,NA
1812069_1,2023-01-05 00:00:15.209531,CLO,1812069.jpg,1812069,1,0,NA
1812070_1,2023-01-05 00:00:14.631311,CLO,1812070.jpg,1812070,1,0,NA
1812072_1,2023-01-05 00:00:13.990588,CLO,1812072.jpg,1812072,1,0,NA
1812074_1,2023-01-05 00:00:13.428007,CLO,1812074.jpg,1812074,1,0,NA
1812240_1,2023-01-05 00:00:12.881374,CLO,1812240.jpg,1812240,1,0,NA
1812076_1,2023-01-05 00:00:12.318481,CLO,1812076.jpg,1812076,1,0,NA
1812243_1,2023-01-05 00:00:11.787146,CLO,1812243.jpg,1812243,1,0,NA
1812345_1,2023-01-05 00:00:11.255837,CLO,1812345.jpg,1812345,1,0,NA
1812356_1,2023-01-05 00:00:10.740126,CLO,1812356.jpg,1812356,1,0,NA
1812357_1,2023-01-05 00:00:10.193263,CLO,1812357.jpg,1812357,1,0,NA
1812358_1,2023-01-05 00:00:09.646225,CLO,1812358.jpg,1812358,1,0,NA
1812364_1,2023-01-05 00:00:09.052550,CLO,1812364.jpg,1812364,1,0,NA
1900284_1,2023-01-05 00:00:08.489811,CLO,1900284.jpg,1900284,1,0,NA
1900312_1,2023-01-05 00:00:07.974114,CLO,1900312.jpg,1900312,1,0,NA
1900327_1,2023-01-05 00:00:07.442777,CLO,1900327.jpg,1900327,1,0,NA
1900336_1,2023-01-05 00:00:06.880215,CLO,1900336.jpg,1900336,1,0,NA
1900441_1,2023-01-05 00:00:06.286370,CLO,1900441.jpg,1900441,1,0,NA
1900445_1,2023-01-05 00:00:05.755051,CLO,1900445.jpg,1900445,1,0,NA
1900790_1,2023-01-05 00:00:05.161203,CLO,1900790.jpg,1900790,1,0,NA
1900795_1,2023-01-05 00:00:04.583025,CLO,1900795.jpg,1900795,1,0,NA
1900798_1,2023-01-05 00:00:03.989182,CLO,1900798.jpg,1900798,1,0,NA
1710364_1,2023-01-05 00:00:03.410966,CLO,1710364.jpg,1710364,1,0,NA
1801838_1,2023-01-05 00:00:02.864007,JEW,1801838.jpg,1801838,1,0,NA
1804267_1,2023-01-05 00:00:02.348301,BEAUTY,1804267.jpg,1804267,1,0,NA
1805510_1,2023-01-05 00:00:01.848228,JEW,1805510.jpg,1805510,1,0,NA
1809758_1,2023-01-05 00:00:01.098247,JEW,1809758.jpg,1809758,1,0,NA
1808680_1,2023-01-05 00:00:00.566801,SHO,1808680.jpg,1808680,1,0,NA
1808681_1,2023-01-05 00:00:00.051089,SHO,1808681.jpg,1808681,1,0,NA
1808751_1,2023-01-04 23:59:59.504148,SHO,1808751.jpg,1808751,1,0,NA
1811433_1,2023-01-04 23:59:58.879059,SHO,1811433.jpg,1811433,1,0,NA
1811075_1,2023-01-04 23:59:58.347737,BEAUTY,1811075.jpg,1811075,1,0,NA
1700375_1,2023-01-04 23:59:57.753896,ACC,1700375.jpg,1700375,1,0,NA
1811683_1,2023-01-04 23:59:57.222571,SHO,1811683.jpg,1811683,1,0,NA
1811684_1,2023-01-04 23:59:56.675618,SHO,1811684.jpg,1811684,1,0,NA
1811685_1,2023-01-04 23:59:56.159933,SHO,1811685.jpg,1811685,1,0,NA
1901431_1,2023-01-04 23:59:55.581726,SHO,1901431.jpg,1901431,1,0,NA
1804000_1,2023-01-04 23:59:55.081641,ACC,1804000.jpg,1804000,1,0,NA
1807692_1,2023-01-04 23:59:54.565940,ACC,1807692.jpg,1807692,1,0,NA
1807737_1,2023-01-04 23:59:54.034626,ACC,1807737.jpg,1807737,1,0,NA
1808009_1,2023-01-04 23:59:53.440787,ACC,1808009.jpg,1808009,1,0,NA
1808482_1,2023-01-04 23:59:52.940707,BEAUTY,1808482.jpg,1808482,1,0,NA
1808881_1,2023-01-04 23:59:52.424990,ACC,1808881.jpg,1808881,1,0,NA
1809442_1,2023-01-04 23:59:51.909313,ACC,1809442.jpg,1809442,1,0,NA
1809443_1,2023-01-04 23:59:51.362359,ACC,1809443.jpg,1809443,1,0,NA
1809444_1,2023-01-04 23:59:50.831026,ACC,1809444.jpg,1809444,1,0,NA
1810787_1,2023-01-04 23:59:49.815260,ACC,1810787.jpg,1810787,1,0,NA
1810795_1,2023-01-04 23:59:49.190151,ACC,1810795.jpg,1810795,1,0,NA
1808016_1,2023-01-04 23:59:48.518200,ACC,1808016.jpg,1808016,1,0,NA
1900235_1,2023-01-04 23:59:47.986862,JEW,1900235.jpg,1900235,1,0,NA
1809469_1,2023-01-04 23:59:47.596193,JEW,1809469.jpg,1809469,1,0,NA
1802408_1,2023-01-04 23:59:47.033600,ACC,1802408.jpg,1802408,1,0,NA
1802454_1,2023-01-04 23:59:46.533533,ACC,1802454.jpg,1802454,1,0,NA
1901738_1,2023-01-04 23:59:46.017836,CLO,1901738.jpg,1901738,1,0,NA
1901741_1,2023-01-04 23:59:45.470886,CLO,1901741.jpg,1901741,1,0,NA
1901745_1,2023-01-04 23:59:44.955168,CLO,1901745.jpg,1901745,1,0,NA
1901750_1,2023-01-04 23:59:44.423871,CLO,1901750.jpg,1901750,1,0,NA
1811029_1,2023-01-04 23:59:43.892544,CLO,1811029.jpg,1811029,1,0,NA
1810761_1,2023-01-04 23:59:43.267557,CLO,1810761.jpg,1810761,1,0,NA
1811039_1,2023-01-04 23:59:42.579833,CLO,1811039.jpg,1811039,1,0,NA
1805702_1,2023-01-04 23:59:42.017264,CLO,1805702.jpg,1805702,1,0,NA
1811100_1,2023-01-04 23:59:41.626578,CLO,1811100.jpg,1811100,1,0,NA
1811395_1,2023-01-04 23:59:41.110869,CLO,1811395.jpg,1811395,1,0,NA
1811440_1,2023-01-04 23:59:40.579569,CLO,1811440.jpg,1811440,1,0,NA
1811441_1,2023-01-04 23:59:40.016963,CLO,1811441.jpg,1811441,1,0,NA
1811675_1,2023-01-04 23:59:39.501263,CLO,1811675.jpg,1811675,1,0,NA
1809100_1,2023-01-04 23:59:39.094959,CLO,1809100.jpg,1809100,1,0,NA
1811921_1,2023-01-04 23:59:38.282339,CLO,1811921.jpg,1811921,1,0,NA
1811987_1,2023-01-04 23:59:37.688506,CLO,1811987.jpg,1811987,1,0,NA
1812205_1,2023-01-04 23:59:37.141565,CLO,1812205.jpg,1812205,1,0,NA
1812367_1,2023-01-04 23:59:36.594698,CLO,1812367.jpg,1812367,1,0,NA
1900858_1,2023-01-04 23:59:36.047646,CLO,1900858.jpg,1900858,1,0,NA
1900704_1,2023-01-04 23:59:35.516333,CLO,1900704.jpg,1900704,1,0,NA
1900984_1,2023-01-04 23:59:34.969381,CLO,1900984.jpg,1900984,1,0,NA
1901115_1,2023-01-04 23:59:34.375555,CLO,1901115.jpg,1901115,1,0,NA
1901362_1,2023-01-04 23:59:33.812963,CLO,1901362.jpg,1901362,1,0,NA
1901576_1,2023-01-04 23:59:33.281752,CLO,1901576.jpg,1901576,1,0,NA
1810277_1,2023-01-04 23:59:32.672175,ACC,1810277.jpg,1810277,1,0,NA
1810279_1,2023-01-04 23:59:32.078344,ACC,1810279.jpg,1810279,1,0,NA
1810280_1,2023-01-04 23:59:31.531391,ACC,1810280.jpg,1810280,1,0,NA
1810281_1,2023-01-04 23:59:30.953157,ACC,1810281.jpg,1810281,1,0,NA
1810947_1,2023-01-04 23:59:30.437479,ACC,1810947.jpg,1810947,1,0,NA
1810949_1,2023-01-04 23:59:29.921760,ACC,1810949.jpg,1810949,1,0,NA
1810954_1,2023-01-04 23:59:29.343573,ACC,1810954.jpg,1810954,1,0,NA
1810973_1,2023-01-04 23:59:28.734119,ACC,1810973.jpg,1810973,1,0,NA
1810978_1,2023-01-04 23:59:28.140257,ACC,1810978.jpg,1810978,1,0,NA
1810979_1,2023-01-04 23:59:27.608933,ACC,1810979.jpg,1810979,1,0,NA
2218346_2,2023-01-04 23:59:27.077629,ACC,2218346.jpg,2218346,2,0,NA
1608518_1,2023-01-04 23:59:26.515048,ACC,1608518.jpg,1608518,1,0,NA
1807076_1,2023-01-04 23:59:25.936841,ACC,1807076.jpg,1807076,1,0,NA
1804019_1,2023-01-04 23:59:25.389893,BEAUTY,1804019.jpg,1804019,1,0,NA
1803969_1,2023-01-04 23:59:24.842929,ACC,1803969.jpg,1803969,1,0,NA
1806060_1,2023-01-04 23:59:24.217839,JEW,1806060.jpg,1806060,1,0,NA
1808899_1,2023-01-04 23:59:23.686512,ACC,1808899.jpg,1808899,1,0,NA
1810274_1,2023-01-04 23:59:23.139552,ACC,1810274.jpg,1810274,1,0,NA
1807075_1,2023-01-04 23:59:22.608271,ACC,1807075.jpg,1807075,1,0,NA
1804729_1,2023-01-04 23:59:22.076912,ACC,1804729.jpg,1804729,1,0,NA
1809281_1,2023-01-04 23:59:21.529960,BEAUTY,1809281.jpg,1809281,1,0,NA
1901159_1,2023-01-04 23:59:21.029879,CLO,1901159.jpg,1901159,1,0,NA
1802279_1,2023-01-04 23:59:20.404791,CLO,1802279.jpg,1802279,1,0,NA
1806745_1,2023-01-04 23:59:19.904721,CLO,1806745.jpg,1806745,1,0,NA
1808850_1,2023-01-04 23:59:19.373400,CLO,1808850.jpg,1808850,1,0,NA
1809133_1,2023-01-04 23:59:18.857676,CLO,1809133.jpg,1809133,1,0,NA
1809869_1,2023-01-04 23:59:18.373254,CLO,1809869.jpg,1809869,1,0,NA
1809965_1,2023-01-04 23:59:17.795043,CLO,1809965.jpg,1809965,1,0,NA
1709438_1,2023-01-04 23:59:17.248105,CLO,1709438.jpg,1709438,1,0,NA
1808708_1,2023-01-04 23:59:16.716766,CLO,1808708.jpg,1808708,1,0,NA
1900988_1,2023-01-04 23:59:16.201067,CLO,1900988.jpg,1900988,1,0,NA
1805350_1,2023-01-04 23:59:15.622869,CLO,1805350.jpg,1805350,1,0,NA
1809007_1,2023-01-04 23:59:15.075902,CLO,1809007.jpg,1809007,1,0,NA
1809287_1,2023-01-04 23:59:14.544577,CLO,1809287.jpg,1809287,1,0,NA
1809405_1,2023-01-04 23:59:14.013251,CLO,1809405.jpg,1809405,1,0,NA
1809460_1,2023-01-04 23:59:13.466292,CLO,1809460.jpg,1809460,1,0,NA
1810760_1,2023-01-04 23:59:12.888091,CLO,1810760.jpg,1810760,1,0,NA
1811377_1,2023-01-04 23:59:12.325576,CLO,1811377.jpg,1811377,1,0,NA
1811925_1,2023-01-04 23:59:11.825450,CLO,1811925.jpg,1811925,1,0,NA
1811931_1,2023-01-04 23:59:11.309739,CLO,1811931.jpg,1811931,1,0,NA
1811933_1,2023-01-04 23:59:10.731535,CLO,1811933.jpg,1811933,1,0,NA
1812323_1,2023-01-04 23:59:10.122081,CLO,1812323.jpg,1812323,1,0,NA
1812352_1,2023-01-04 23:59:09.528235,CLO,1812352.jpg,1812352,1,0,NA
1900293_1,2023-01-04 23:59:08.996911,CLO,1900293.jpg,1900293,1,0,NA
1900285_1,2023-01-04 23:59:08.496840,CLO,1900285.jpg,1900285,1,0,NA
1900294_1,2023-01-04 23:59:07.949872,CLO,1900294.jpg,1900294,1,0,NA
1900478_1,2023-01-04 23:59:07.309236,CLO,1900478.jpg,1900478,1,0,NA
1900688_1,2023-01-04 23:59:06.762223,CLO,1900688.jpg,1900688,1,0,NA
1900691_1,2023-01-04 23:59:06.215241,CLO,1900691.jpg,1900691,1,0,NA
1901121_1,2023-01-04 23:59:05.699561,CLO,1901121.jpg,1901121,1,0,NA
1901123_1,2023-01-04 23:59:05.152611,CLO,1901123.jpg,1901123,1,0,NA
1901165_1,2023-01-04 23:59:04.636953,CLO,1901165.jpg,1901165,1,0,NA
1901241_1,2023-01-04 23:59:04.105583,CLO,1901241.jpg,1901241,1,0,NA
1901420_1,2023-01-04 23:59:03.574260,CLO,1901420.jpg,1901420,1,0,NA
1807608_1,2023-01-04 23:59:03.011709,ACC,1807608.jpg,1807608,1,0,NA
1810494_1,2023-01-04 23:59:02.480345,ACC,1810494.jpg,1810494,1,0,NA
1812338_1,2023-01-04 23:59:01.933465,CLO,1812338.jpg,1812338,1,0,NA
1812331_1,2023-01-04 23:59:01.417694,CLO,1812331.jpg,1812331,1,0,NA
1812328_1,2023-01-04 23:59:00.886435,CLO,1812328.jpg,1812328,1,0,NA
1811934_1,2023-01-04 23:59:00.308159,CLO,1811934.jpg,1811934,1,0,NA
1901072_1,2023-01-04 23:58:59.729946,CLO,1901072.jpg,1901072,1,0,NA
1901263_1,2023-01-04 23:58:59.104883,CLO,1901263.jpg,1901263,1,0,NA
1809917_1,2023-01-04 23:58:58.511032,CLO,1809917.jpg,1809917,1,0,NA
1810424_1,2023-01-04 23:58:57.979709,CLO,1810424.jpg,1810424,1,0,NA
1811338_1,2023-01-04 23:58:57.448358,CLO,1811338.jpg,1811338,1,0,NA
1811380_1,2023-01-04 23:57:12.682800,CLO,1811380.jpg,1811380,1,0,NA
1809040_1,2023-01-04 23:57:12.010969,CLO,1809040.jpg,1809040,1,0,NA
1811903_1,2023-01-04 23:57:11.635992,CLO,1811903.jpg,1811903,1,0,NA
1808235_1,2023-01-04 23:57:11.229680,CLO,1808235.jpg,1808235,1,0,NA
1803094_1,2023-01-04 23:57:10.854672,CLO,1803094.jpg,1803094,1,0,NA
1811940_1,2023-01-04 23:57:10.354675,CLO,1811940.jpg,1811940,1,0,NA
1811962_1,2023-01-04 23:57:09.792158,CLO,1811962.jpg,1811962,1,0,NA
1812330_1,2023-01-04 23:57:09.260947,CLO,1812330.jpg,1812330,1,0,NA
1812332_1,2023-01-04 23:57:08.745300,CLO,1812332.jpg,1812332,1,0,NA
1812333_1,2023-01-04 23:57:08.214060,CLO,1812333.jpg,1812333,1,0,NA
1900978_1,2023-01-04 23:57:07.667186,CLO,1900978.jpg,1900978,1,0,NA
1901098_1,2023-01-04 23:57:07.151564,CLO,1901098.jpg,1901098,1,0,NA
1600173_1,2023-01-04 23:57:06.604698,SHO,1600173.jpg,1600173,1,0,NA
1801666_1,2023-01-04 23:57:06.229696,SHO,1801666.jpg,1801666,1,0,NA
1811781_1,2023-01-04 23:57:05.682824,SHO,1811781.jpg,1811781,1,0,NA
1811872_1,2023-01-04 23:57:05.135946,SHO,1811872.jpg,1811872,1,0,NA
1812073_1,2023-01-04 23:57:04.589067,SHO,1812073.jpg,1812073,1,0,NA
1900544_1,2023-01-04 23:57:04.120324,SHO,1900544.jpg,1900544,1,0,NA
1901117_1,2023-01-04 23:57:03.573452,SHO,1901117.jpg,1901117,1,0,NA
1901122_1,2023-01-04 23:57:02.979777,SHO,1901122.jpg,1901122,1,0,NA
1901905_1,2023-01-04 23:57:02.448456,CLO,1901905.jpg,1901905,1,0,NA
1811945_1,2023-01-04 23:57:01.932834,CLO,1811945.jpg,1811945,1,0,NA
1811944_1,2023-01-04 23:57:01.432855,CLO,1811944.jpg,1811944,1,0,NA
1812342_1,2023-01-04 23:57:00.917224,CLO,1812342.jpg,1812342,1,0,NA
1812343_1,2023-01-04 23:57:00.401603,CLO,1812343.jpg,1812343,1,0,NA
1812351_1,2023-01-04 23:56:59.823467,CLO,1812351.jpg,1812351,1,0,NA
1900292_1,2023-01-04 23:56:59.276591,CLO,1900292.jpg,1900292,1,0,NA
1900337_1,2023-01-04 23:56:58.682843,CLO,1900337.jpg,1900337,1,0,NA
1900469_1,2023-01-04 23:56:58.120347,CLO,1900469.jpg,1900469,1,0,NA
1900472_1,2023-01-04 23:56:57.620352,CLO,1900472.jpg,1900472,1,0,NA
1900490_1,2023-01-04 23:56:57.073473,CLO,1900490.jpg,1900490,1,0,NA
1900520_1,2023-01-04 23:56:56.573484,CLO,1900520.jpg,1900520,1,0,NA
1900521_1,2023-01-04 23:56:56.057855,CLO,1900521.jpg,1900521,1,0,NA
1900670_1,2023-01-04 23:56:55.042290,CLO,1900670.jpg,1900670,1,0,NA
1900679_1,2023-01-04 23:56:54.526611,CLO,1900679.jpg,1900679,1,0,NA
1900673_1,2023-01-04 23:56:53.964113,CLO,1900673.jpg,1900673,1,0,NA
1900683_1,2023-01-04 23:56:53.417222,CLO,1900683.jpg,1900683,1,0,NA
1900684_1,2023-01-04 23:56:52.807870,CLO,1900684.jpg,1900684,1,0,NA
1900687_1,2023-01-04 23:56:52.292257,CLO,1900687.jpg,1900687,1,0,NA
1900716_1,2023-01-04 23:56:51.760999,CLO,1900716.jpg,1900716,1,0,NA
1900690_1,2023-01-04 23:56:51.261000,CLO,1900690.jpg,1900690,1,0,NA
1900779_1,2023-01-04 23:56:50.714141,CLO,1900779.jpg,1900779,1,0,NA
1900815_1,2023-01-04 23:56:50.214124,CLO,1900815.jpg,1900815,1,0,NA
1900816_1,2023-01-04 23:56:49.682882,CLO,1900816.jpg,1900816,1,0,NA
1900950_1,2023-01-04 23:56:49.026633,CLO,1900950.jpg,1900950,1,0,NA
1900951_1,2023-01-04 23:56:48.479774,CLO,1900951.jpg,1900951,1,0,NA
1900952_1,2023-01-04 23:56:47.933334,CLO,1900952.jpg,1900952,1,0,NA
1900960_1,2023-01-04 23:56:47.339140,CLO,1900960.jpg,1900960,1,0,NA
1900962_1,2023-01-04 23:56:46.745396,CLO,1900962.jpg,1900962,1,0,NA
1900963_1,2023-01-04 23:56:46.182903,CLO,1900963.jpg,1900963,1,0,NA
1900967_1,2023-01-04 23:56:45.667276,CLO,1900967.jpg,1900967,1,0,NA
1900985_1,2023-01-04 23:56:44.620399,CLO,1900985.jpg,1900985,1,0,NA
1901045_1,2023-01-04 23:56:44.104779,CLO,1901045.jpg,1901045,1,0,NA
1901010_1,2023-01-04 23:56:43.542278,CLO,1901010.jpg,1901010,1,0,NA
1901046_1,2023-01-04 23:56:43.011023,CLO,1901046.jpg,1901046,1,0,NA
1901060_1,2023-01-04 23:56:42.401658,CLO,1901060.jpg,1901060,1,0,NA
1901064_1,2023-01-04 23:56:41.917287,CLO,1901064.jpg,1901064,1,0,NA
1901068_1,2023-01-04 23:56:41.386036,CLO,1901068.jpg,1901068,1,0,NA
1901069_1,2023-01-04 23:56:40.839157,CLO,1901069.jpg,1901069,1,0,NA
1901074_1,2023-01-04 23:56:40.307918,CLO,1901074.jpg,1901074,1,0,NA
1901070_1,2023-01-04 23:56:39.761041,CLO,1901070.jpg,1901070,1,0,NA
1901091_1,2023-01-04 23:56:39.245420,CLO,1901091.jpg,1901091,1,0,NA
1901167_1,2023-01-04 23:56:38.714167,CLO,1901167.jpg,1901167,1,0,NA
1901207_1,2023-01-04 23:56:38.182924,CLO,1901207.jpg,1901207,1,0,NA
1901216_1,2023-01-04 23:56:37.432959,CLO,1901216.jpg,1901216,1,0,NA
1901228_1,2023-01-04 23:56:36.901680,CLO,1901228.jpg,1901228,1,0,NA
1901261_1,2023-01-04 23:56:36.401683,CLO,1901261.jpg,1901261,1,0,NA
1901284_1,2023-01-04 23:56:35.854808,CLO,1901284.jpg,1901284,1,0,NA
1901286_1,2023-01-04 23:56:35.323561,CLO,1901286.jpg,1901286,1,0,NA
1901377_1,2023-01-04 23:56:34.776759,CLO,1901377.jpg,1901377,1,0,NA
1901380_1,2023-01-04 23:56:34.261080,CLO,1901380.jpg,1901380,1,0,NA
1901634_1,2023-01-04 23:56:33.745441,CLO,1901634.jpg,1901634,1,0,NA
1901637_1,2023-01-04 23:56:33.198573,CLO,1901637.jpg,1901637,1,0,NA
1709439_1,2023-01-04 23:56:32.604847,CLO,1709439.jpg,1709439,1,0,NA
1808443_1,2023-01-04 23:56:32.011096,CLO,1808443.jpg,1808443,1,0,NA
1809568_1,2023-01-04 23:56:31.495450,CLO,1809568.jpg,1809568,1,0,NA
1811711_1,2023-01-04 23:56:30.979839,CLO,1811711.jpg,1811711,1,0,NA
1901119_1,2023-01-04 23:56:30.448583,CLO,1901119.jpg,1901119,1,0,NA
1809892_1,2023-01-04 23:56:29.901711,CLO,1809892.jpg,1809892,1,0,NA
1812055_1,2023-01-04 23:56:29.401711,CLO,1812055.jpg,1812055,1,0,NA
1812322_1,2023-01-04 23:56:28.870459,CLO,1812322.jpg,1812322,1,0,NA
1812335_1,2023-01-04 23:56:28.307964,CLO,1812335.jpg,1812335,1,0,NA
1812340_1,2023-01-04 23:56:27.307966,CLO,1812340.jpg,1812340,1,0,NA
1812347_1,2023-01-04 23:56:26.761091,CLO,1812347.jpg,1812347,1,0,NA
1812353_1,2023-01-04 23:56:26.245478,CLO,1812353.jpg,1812353,1,0,NA
1900101_1,2023-01-04 23:56:25.729851,CLO,1900101.jpg,1900101,1,0,NA
1900104_1,2023-01-04 23:56:25.151724,CLO,1900104.jpg,1900104,1,0,NA
1900249_1,2023-01-04 23:56:24.604858,CLO,1900249.jpg,1900249,1,0,NA
1900265_1,2023-01-04 23:56:24.073604,CLO,1900265.jpg,1900265,1,0,NA
1900313_1,2023-01-04 23:56:23.573605,CLO,1900313.jpg,1900313,1,0,NA
1900358_1,2023-01-04 23:56:22.979883,CLO,1900358.jpg,1900358,1,0,NA
1900364_1,2023-01-04 23:56:22.417360,CLO,1900364.jpg,1900364,1,0,NA
1900370_1,2023-01-04 23:56:21.776734,CLO,1900370.jpg,1900370,1,0,NA
1900378_1,2023-01-04 23:56:21.245497,CLO,1900378.jpg,1900378,1,0,NA
1900382_1,2023-01-04 23:56:20.604947,CLO,1900382.jpg,1900382,1,0,NA
1900385_1,2023-01-04 23:56:20.073623,CLO,1900385.jpg,1900385,1,0,NA
1900386_1,2023-01-04 23:56:19.526745,CLO,1900386.jpg,1900386,1,0,NA
1900389_1,2023-01-04 23:56:18.979872,CLO,1900389.jpg,1900389,1,0,NA
1900393_1,2023-01-04 23:56:18.417373,CLO,1900393.jpg,1900393,1,0,NA
1900395_1,2023-01-04 23:56:17.886135,CLO,1900395.jpg,1900395,1,0,NA
1900470_1,2023-01-04 23:56:17.323625,CLO,1900470.jpg,1900470,1,0,NA
1900477_1,2023-01-04 23:56:16.808008,CLO,1900477.jpg,1900477,1,0,NA
1900517_1,2023-01-04 23:56:16.308009,CLO,1900517.jpg,1900517,1,0,NA
1900681_1,2023-01-04 23:56:15.683008,CLO,1900681.jpg,1900681,1,0,NA
1900682_1,2023-01-04 23:56:15.120522,CLO,1900682.jpg,1900682,1,0,NA
1901276_1,2023-01-04 23:56:14.558017,CLO,1901276.jpg,1901276,1,0,NA
1901279_1,2023-01-04 23:56:14.042405,CLO,1901279.jpg,1901279,1,0,NA
1901395_1,2023-01-04 23:56:13.479894,CLO,1901395.jpg,1901395,1,0,NA
1809552_1,2023-01-04 23:56:12.933026,CLO,1809552.jpg,1809552,1,0,NA
1810595_1,2023-01-04 23:56:12.401779,CLO,1810595.jpg,1810595,1,0,NA
1810670_1,2023-01-04 23:56:11.870535,CLO,1810670.jpg,1810670,1,0,NA
1811339_1,2023-01-04 23:56:11.261153,CLO,1811339.jpg,1811339,1,0,NA
1811652_1,2023-01-04 23:56:10.714283,CLO,1811652.jpg,1811652,1,0,NA
1811661_1,2023-01-04 23:56:10.183031,CLO,1811661.jpg,1811661,1,0,NA
1811937_1,2023-01-04 23:56:09.604912,CLO,1811937.jpg,1811937,1,0,NA
1811942_1,2023-01-04 23:56:08.995549,CLO,1811942.jpg,1811942,1,0,NA
1802240_1,2023-01-04 23:56:08.604941,CLO,1802240.jpg,1802240,1,0,NA
1811943_1,2023-01-04 23:56:08.026787,CLO,1811943.jpg,1811943,1,0,NA
1811997_1,2023-01-04 23:56:07.479921,CLO,1811997.jpg,1811997,1,0,NA
1812015_1,2023-01-04 23:56:06.917420,CLO,1812015.jpg,1812015,1,0,NA
1812024_1,2023-01-04 23:56:06.386185,CLO,1812024.jpg,1812024,1,0,NA
1812026_1,2023-01-04 23:56:05.839301,CLO,1812026.jpg,1812026,1,0,NA
1803309_1,2023-01-04 23:56:05.339281,CLO,1803309.jpg,1803309,1,0,NA
1900439_1,2023-01-04 23:56:04.776815,CLO,1900439.jpg,1900439,1,0,NA
1900736_1,2023-01-04 23:56:04.229939,CLO,1900736.jpg,1900736,1,0,NA
1900742_1,2023-01-04 23:56:03.698679,CLO,1900742.jpg,1900742,1,0,NA
1900752_1,2023-01-04 23:56:03.198679,CLO,1900752.jpg,1900752,1,0,NA
1900754_1,2023-01-04 23:56:02.636188,CLO,1900754.jpg,1900754,1,0,NA
1900757_1,2023-01-04 23:56:02.120569,CLO,1900757.jpg,1900757,1,0,NA
1900760_1,2023-01-04 23:56:01.558060,CLO,1900760.jpg,1900760,1,0,NA
1900796_1,2023-01-04 23:56:00.964298,CLO,1900796.jpg,1900796,1,0,NA
1900813_1,2023-01-04 23:56:00.433076,CLO,1900813.jpg,1900813,1,0,NA
1900834_1,2023-01-04 23:55:59.854951,CLO,1900834.jpg,1900834,1,0,NA
1901234_1,2023-01-04 23:55:59.308069,CLO,1901234.jpg,1901234,1,0,NA
1901242_1,2023-01-04 23:55:58.792451,CLO,1901242.jpg,1901242,1,0,NA
1901275_1,2023-01-04 23:55:58.292452,CLO,1901275.jpg,1901275,1,0,NA
1901268_1,2023-01-04 23:55:57.683093,CLO,1901268.jpg,1901268,1,0,NA
1901294_1,2023-01-04 23:55:57.167459,CLO,1901294.jpg,1901294,1,0,NA
1901295_1,2023-01-04 23:55:56.558085,CLO,1901295.jpg,1901295,1,0,NA
1901303_1,2023-01-04 23:55:55.995588,CLO,1901303.jpg,1901303,1,0,NA
1901468_1,2023-01-04 23:55:55.464390,CLO,1901468.jpg,1901468,1,0,NA
1901635_1,2023-01-04 23:55:54.948717,CLO,1901635.jpg,1901635,1,0,NA
1812349_1,2023-01-04 23:55:54.433098,CLO,1812349.jpg,1812349,1,0,NA
1900476_1,2023-01-04 23:55:53.901842,CLO,1900476.jpg,1900476,1,0,NA
1900799_1,2023-01-04 23:55:53.386223,CLO,1900799.jpg,1900799,1,0,NA
1900801_1,2023-01-04 23:55:52.823724,CLO,1900801.jpg,1900801,1,0,NA
1900953_1,2023-01-04 23:55:52.261240,CLO,1900953.jpg,1900953,1,0,NA
1900957_1,2023-01-04 23:55:51.745617,CLO,1900957.jpg,1900957,1,0,NA
1900989_1,2023-01-04 23:55:51.245627,CLO,1900989.jpg,1900989,1,0,NA
1900992_1,2023-01-04 23:55:50.651835,CLO,1900992.jpg,1900992,1,0,NA
1900993_1,2023-01-04 23:55:50.120589,CLO,1900993.jpg,1900993,1,0,NA
1901063_1,2023-01-04 23:55:49.604986,CLO,1901063.jpg,1901063,1,0,NA
1901080_1,2023-01-04 23:55:49.089380,CLO,1901080.jpg,1901080,1,0,NA
1901082_1,2023-01-04 23:55:48.589360,CLO,1901082.jpg,1901082,1,0,NA
1901081_1,2023-01-04 23:55:48.073773,CLO,1901081.jpg,1901081,1,0,NA
1901086_1,2023-01-04 23:55:47.511244,CLO,1901086.jpg,1901086,1,0,NA
1901087_1,2023-01-04 23:55:47.011248,CLO,1901087.jpg,1901087,1,0,NA
1901089_1,2023-01-04 23:55:46.464383,CLO,1901089.jpg,1901089,1,0,NA
1901095_1,2023-01-04 23:55:45.901876,CLO,1901095.jpg,1901095,1,0,NA
1901166_1,2023-01-04 23:55:45.370629,CLO,1901166.jpg,1901166,1,0,NA
1901232_1,2023-01-04 23:55:44.823756,CLO,1901232.jpg,1901232,1,0,NA
1901239_1,2023-01-04 23:55:44.261283,CLO,1901239.jpg,1901239,1,0,NA
1901281_1,2023-01-04 23:55:43.730070,CLO,1901281.jpg,1901281,1,0,NA
1901285_1,2023-01-04 23:55:43.167519,CLO,1901285.jpg,1901285,1,0,NA
1901360_1,2023-01-04 23:55:42.620632,CLO,1901360.jpg,1901360,1,0,NA
1901378_1,2023-01-04 23:55:42.089395,CLO,1901378.jpg,1901378,1,0,NA
1901379_1,2023-01-04 23:55:41.542517,CLO,1901379.jpg,1901379,1,0,NA
1901397_1,2023-01-04 23:55:41.011250,CLO,1901397.jpg,1901397,1,0,NA
1901412_1,2023-01-04 23:55:40.448766,CLO,1901412.jpg,1901412,1,0,NA
1901414_1,2023-01-04 23:55:39.933149,CLO,1901414.jpg,1901414,1,0,NA
1901423_1,2023-01-04 23:55:39.401898,CLO,1901423.jpg,1901423,1,0,NA
1901426_1,2023-01-04 23:55:38.870694,CLO,1901426.jpg,1901426,1,0,NA
1901428_1,2023-01-04 23:55:38.355026,CLO,1901428.jpg,1901428,1,0,NA
1901429_1,2023-01-04 23:55:37.839414,CLO,1901429.jpg,1901429,1,0,NA
1901456_1,2023-01-04 23:55:37.323781,CLO,1901456.jpg,1901456,1,0,NA
1901633_1,2023-01-04 23:55:36.448786,CLO,1901633.jpg,1901633,1,0,NA
1809170_1,2023-01-04 23:55:35.855036,CLO,1809170.jpg,1809170,1,0,NA
1809499_1,2023-01-04 23:55:35.339427,CLO,1809499.jpg,1809499,1,0,NA
1811768_1,2023-01-04 23:55:34.808168,CLO,1811768.jpg,1811768,1,0,NA
1812228_1,2023-01-04 23:55:33.620719,CLO,1812228.jpg,1812228,1,0,NA
1812253_1,2023-01-04 23:55:32.995681,CLO,1812253.jpg,1812253,1,0,NA
1812354_1,2023-01-04 23:55:32.292545,CLO,1812354.jpg,1812354,1,0,NA
1812360_1,2023-01-04 23:55:31.761303,CLO,1812360.jpg,1812360,1,0,NA
1900224_1,2023-01-04 23:55:31.230057,CLO,1900224.jpg,1900224,1,0,NA
1900225_1,2023-01-04 23:55:30.714436,CLO,1900225.jpg,1900225,1,0,NA
1900226_1,2023-01-04 23:55:30.105062,CLO,1900226.jpg,1900226,1,0,NA
1900363_1,2023-01-04 23:55:29.558184,CLO,1900363.jpg,1900363,1,0,NA
1900418_1,2023-01-04 23:55:29.011378,CLO,1900418.jpg,1900418,1,0,NA
1811869_1,2023-01-04 23:55:28.480067,ACC,1811869.jpg,1811869,1,0,NA
1803004_1,2023-01-04 23:55:27.933223,JEW,1803004.jpg,1803004,1,0,NA
1803398_1,2023-01-04 23:55:27.401978,JEW,1803398.jpg,1803398,1,0,NA
1808924_1,2023-01-04 23:55:26.855072,JEW,1808924.jpg,1808924,1,0,NA
1807183_1,2023-01-04 23:55:26.308217,BEAUTY,1807183.jpg,1807183,1,0,NA
1809276_1,2023-01-04 23:55:25.745704,ACC,1809276.jpg,1809276,1,0,NA
1810694_1,2023-01-04 23:55:25.183210,BEAUTY,1810694.jpg,1810694,1,0,NA
1808264_1,2023-01-04 23:55:24.683208,SHO,1808264.jpg,1808264,1,0,NA
1801894_1,2023-01-04 23:55:24.167602,CLO,1801894.jpg,1801894,1,0,NA
1803263_1,2023-01-04 23:55:23.651960,CLO,1803263.jpg,1803263,1,0,NA
1804547_1,2023-01-04 23:55:23.136343,CLO,1804547.jpg,1804547,1,0,NA
1812334_1,2023-01-04 23:55:22.605071,CLO,1812334.jpg,1812334,1,0,NA
1900689_1,2023-01-04 23:55:22.058216,CLO,1900689.jpg,1900689,1,0,NA
1900766_1,2023-01-04 23:55:21.464546,CLO,1900766.jpg,1900766,1,0,NA
1900767_1,2023-01-04 23:55:20.870721,CLO,1900767.jpg,1900767,1,0,NA
1900770_1,2023-01-04 23:55:20.323846,CLO,1900770.jpg,1900770,1,0,NA
1900784_1,2023-01-04 23:55:19.277000,CLO,1900784.jpg,1900784,1,0,NA
1900785_1,2023-01-04 23:55:18.745739,CLO,1900785.jpg,1900785,1,0,NA
1900786_1,2023-01-04 23:55:18.198865,CLO,1900786.jpg,1900786,1,0,NA
1900787_1,2023-01-04 23:55:17.667609,CLO,1900787.jpg,1900787,1,0,NA
1900789_1,2023-01-04 23:55:17.167621,CLO,1900789.jpg,1900789,1,0,NA
1901012_1,2023-01-04 23:55:16.620732,CLO,1901012.jpg,1901012,1,0,NA
1901088_1,2023-01-04 23:55:16.105113,CLO,1901088.jpg,1901088,1,0,NA
1901918_1,2023-01-04 23:55:15.573866,CLO,1901918.jpg,1901918,1,0,NA
1808282_1,2023-01-04 23:55:14.995752,CLO,1808282.jpg,1808282,1,0,NA
1809333_1,2023-01-04 23:55:14.464497,CLO,1809333.jpg,1809333,1,0,NA
1809338_1,2023-01-04 23:55:13.948874,CLO,1809338.jpg,1809338,1,0,NA
1800457_1,2023-01-04 23:55:13.402001,CLO,1800457.jpg,1800457,1,0,NA
1809572_1,2023-01-04 23:55:13.011380,CLO,1809572.jpg,1809572,1,0,NA
1810067_1,2023-01-04 23:55:12.480127,CLO,1810067.jpg,1810067,1,0,NA
1811331_1,2023-01-04 23:55:11.948881,CLO,1811331.jpg,1811331,1,0,NA
1811676_1,2023-01-04 23:55:11.417903,CLO,1811676.jpg,1811676,1,0,NA
1901213_1,2023-01-04 23:55:10.855115,CLO,1901213.jpg,1901213,1,0,NA
1812020_1,2023-01-04 23:55:10.245763,CLO,1812020.jpg,1812020,1,0,NA
1812023_1,2023-01-04 23:55:09.636380,CLO,1812023.jpg,1812023,1,0,NA
1812303_1,2023-01-04 23:55:09.105129,CLO,1812303.jpg,1812303,1,0,NA
1812304_1,2023-01-04 23:55:08.573881,CLO,1812304.jpg,1812304,1,0,NA
1812305_1,2023-01-04 23:55:08.042661,CLO,1812305.jpg,1812305,1,0,NA
1809944_1,2023-01-04 23:55:07.480134,CLO,1809944.jpg,1809944,1,0,NA
1900227_1,2023-01-04 23:55:07.105136,CLO,1900227.jpg,1900227,1,0,NA
1900344_1,2023-01-04 23:55:06.542637,CLO,1900344.jpg,1900344,1,0,NA
1900283_1,2023-01-04 23:55:05.964518,CLO,1900283.jpg,1900283,1,0,NA
1900373_1,2023-01-04 23:55:05.433281,CLO,1900373.jpg,1900373,1,0,NA
1900839_1,2023-01-04 23:55:04.917653,CLO,1900839.jpg,1900839,1,0,NA
1900958_1,2023-01-04 23:55:04.386398,CLO,1900958.jpg,1900958,1,0,NA
1900959_1,2023-01-04 23:55:03.823901,CLO,1900959.jpg,1900959,1,0,NA
1901085_1,2023-01-04 23:55:03.292662,CLO,1901085.jpg,1901085,1,0,NA
1901101_1,2023-01-04 23:55:02.777041,CLO,1901101.jpg,1901101,1,0,NA
1901102_1,2023-01-04 23:55:02.230166,CLO,1901102.jpg,1901102,1,0,NA
1901203_1,2023-01-04 23:55:01.683575,CLO,1901203.jpg,1901203,1,0,NA
1901259_1,2023-01-04 23:55:01.152240,CLO,1901259.jpg,1901259,1,0,NA
1901269_1,2023-01-04 23:55:00.558298,CLO,1901269.jpg,1901269,1,0,NA
1901271_1,2023-01-04 23:55:00.027045,CLO,1901271.jpg,1901271,1,0,NA
1901273_1,2023-01-04 23:54:59.417682,CLO,1901273.jpg,1901273,1,0,NA
1901274_1,2023-01-04 23:54:58.855182,CLO,1901274.jpg,1901274,1,0,NA
1901292_1,2023-01-04 23:54:58.292699,CLO,1901292.jpg,1901292,1,0,NA
1901399_1,2023-01-04 23:54:57.714564,CLO,1901399.jpg,1901399,1,0,NA
1901554_1,2023-01-04 23:54:57.152057,CLO,1901554.jpg,1901554,1,0,NA
1901605_1,2023-01-04 23:54:56.573943,CLO,1901605.jpg,1901605,1,0,NA
1901587_1,2023-01-04 23:54:56.011454,CLO,1901587.jpg,1901587,1,0,NA
1901606_1,2023-01-04 23:54:55.417696,CLO,1901606.jpg,1901606,1,0,NA
1902051_1,2023-01-04 23:54:54.870841,CLO,1902051.jpg,1902051,1,0,NA
1902079_1,2023-01-04 23:54:54.339575,CLO,1902079.jpg,1902079,1,0,NA
1811926_1,2023-01-04 23:54:53.808317,SHO,1811926.jpg,1811926,1,0,NA
1811927_1,2023-01-04 23:54:53.292705,SHO,1811927.jpg,1811927,1,0,NA
1708902_1,2023-01-04 23:54:52.683460,ACC,1708902.jpg,1708902,1,0,NA
1709794_1,2023-01-04 23:54:52.152382,ACC,1709794.jpg,1709794,1,0,NA
1804802_1,2023-01-04 23:54:51.636468,JEW,1804802.jpg,1804802,1,0,NA
1807717_1,2023-01-04 23:54:51.136451,ACC,1807717.jpg,1807717,1,0,NA
1807610_1,2023-01-04 23:54:50.589598,ACC,1807610.jpg,1807610,1,0,NA
1808455_1,2023-01-04 23:54:50.027116,ACC,1808455.jpg,1808455,1,0,NA
1808865_1,2023-01-04 23:54:49.464604,ACC,1808865.jpg,1808865,1,0,NA
1807611_1,2023-01-04 23:54:48.855219,ACC,1807611.jpg,1807611,1,0,NA
1810568_1,2023-01-04 23:54:48.339728,BEAUTY,1810568.jpg,1810568,1,0,NA
1811841_1,2023-01-04 23:54:47.792820,CLO,1811841.jpg,1811841,1,0,NA
1811953_1,2023-01-04 23:54:47.214780,ACC,1811953.jpg,1811953,1,0,NA
1812566_1,2023-01-04 23:54:46.683367,BEAUTY,1812566.jpg,1812566,1,0,NA
1812572_1,2023-01-04 23:54:46.105216,BEAUTY,1812572.jpg,1812572,1,0,NA
1900106_1,2023-01-04 23:54:45.605226,JEW,1900106.jpg,1900106,1,0,NA
1900505_1,2023-01-04 23:54:45.089744,BEAUTY,1900505.jpg,1900505,1,0,NA
1900510_1,2023-01-04 23:54:44.558348,BEAUTY,1900510.jpg,1900510,1,0,NA
1902222_1,2023-01-04 23:54:43.995867,ACC,1902222.jpg,1902222,1,0,NA
1901759_1,2023-01-04 23:54:43.480441,JEW,1901759.jpg,1901759,1,0,NA
1309379_1,2023-01-04 23:54:42.980243,BEAUTY,1309379.jpg,1309379,1,0,NA
2218404_2,2023-01-04 23:54:42.480325,BEAUTY,2218404.jpg,2218404,2,0,NA
1800648_1,2023-01-04 23:54:41.855235,JEW,1800648.jpg,1800648,1,0,NA
1800904_1,2023-01-04 23:54:41.324081,ACC,1800904.jpg,1800904,1,0,NA
1507792_1,2023-01-04 23:54:40.777108,JEW,1507792.jpg,1507792,1,0,NA
1708742_1,2023-01-04 23:54:40.261489,JEW,1708742.jpg,1708742,1,0,NA
1606803_1,2023-01-04 23:54:39.683373,JEW,1606803.jpg,1606803,1,0,NA
1610805_1,2023-01-04 23:54:39.277115,JEW,1610805.jpg,1610805,1,0,NA
1800281_1,2023-01-04 23:54:38.698992,JEW,1800281.jpg,1800281,1,0,NA
2218349_2,2023-01-04 23:54:37.886507,BEAUTY,2218349.jpg,2218349,2,0,NA
1706902_1,2023-01-04 23:54:37.370878,BEAUTY,1706902.jpg,1706902,1,0,NA
1706876_1,2023-01-04 23:54:36.824007,BEAUTY,1706876.jpg,1706876,1,0,NA
1508411_1,2023-01-04 23:54:36.324019,BEAUTY,1508411.jpg,1508411,1,0,NA
1811298_1,2023-01-04 23:54:35.777143,SHO,1811298.jpg,1811298,1,0,NA
1811299_1,2023-01-04 23:54:35.277150,SHO,1811299.jpg,1811299,1,0,NA
1811421_1,2023-01-04 23:54:34.745890,SHO,1811421.jpg,1811421,1,0,NA
1811423_1,2023-01-04 23:54:34.230275,SHO,1811423.jpg,1811423,1,0,NA
1811424_1,2023-01-04 23:54:33.683390,SHO,1811424.jpg,1811424,1,0,NA
1811425_1,2023-01-04 23:54:33.136803,SHO,1811425.jpg,1811425,1,0,NA
1811427_1,2023-01-04 23:54:32.620906,SHO,1811427.jpg,1811427,1,0,NA
1811429_1,2023-01-04 23:54:32.105319,SHO,1811429.jpg,1811429,1,0,NA
1811431_1,2023-01-04 23:54:31.589662,SHO,1811431.jpg,1811431,1,0,NA
1811447_1,2023-01-04 23:54:31.011544,SHO,1811447.jpg,1811447,1,0,NA
1811450_1,2023-01-04 23:54:30.464648,SHO,1811450.jpg,1811450,1,0,NA
1810898_1,2023-01-04 23:54:29.949039,ACC,1810898.jpg,1810898,1,0,NA
1811449_1,2023-01-04 23:54:29.402173,SHO,1811449.jpg,1811449,1,0,NA
1900652_1,2023-01-04 23:54:28.839672,ACC,1900652.jpg,1900652,1,0,NA
1900640_1,2023-01-04 23:54:28.277184,ACC,1900640.jpg,1900640,1,0,NA
1900616_1,2023-01-04 23:54:27.761552,ACC,1900616.jpg,1900616,1,0,NA
1900614_1,2023-01-04 23:54:27.230300,ACC,1900614.jpg,1900614,1,0,NA
1810951_1,2023-01-04 23:54:26.699064,ACC,1810951.jpg,1810951,1,0,NA
1900609_1,2023-01-04 23:54:26.167809,ACC,1900609.jpg,1900609,1,0,NA
1811951_1,2023-01-04 23:54:25.636563,ACC,1811951.jpg,1811951,1,0,NA
1811949_1,2023-01-04 23:54:25.105316,ACC,1811949.jpg,1811949,1,0,NA
1803511_1,2023-01-04 23:54:24.558446,SHO,1803511.jpg,1803511,1,0,NA
1709096_1,2023-01-04 23:54:24.183436,SHO,1709096.jpg,1709096,1,0,NA
1710238_1,2023-01-04 23:54:23.589691,SHO,1710238.jpg,1710238,1,0,NA
1802701_1,2023-01-04 23:54:23.058440,SHO,1802701.jpg,1802701,1,0,NA
1503182_1,2023-01-04 23:54:22.480300,SHO,1503182.jpg,1503182,1,0,NA
1811417_1,2023-01-04 23:54:21.933447,SHO,1811417.jpg,1811417,1,0,NA
1811418_1,2023-01-04 23:54:21.355321,SHO,1811418.jpg,1811418,1,0,NA
1811420_1,2023-01-04 23:54:20.824072,SHO,1811420.jpg,1811420,1,0,NA
1811422_1,2023-01-04 23:54:20.308454,SHO,1811422.jpg,1811422,1,0,NA
1811426_1,2023-01-04 23:54:19.792844,SHO,1811426.jpg,1811426,1,0,NA
1811430_1,2023-01-04 23:54:19.199070,SHO,1811430.jpg,1811430,1,0,NA
1811782_1,2023-01-04 23:54:18.667836,SHO,1811782.jpg,1811782,1,0,NA
1603058_1,2023-01-04 23:54:18.105337,SHO,1603058.jpg,1603058,1,0,NA
1801658_1,2023-01-04 23:54:17.339708,SHO,1801658.jpg,1801658,1,0,NA
1802294_1,2023-01-04 23:54:16.792848,SHO,1802294.jpg,1802294,1,0,NA
1900977_1,2023-01-04 23:54:16.261611,CLO,1900977.jpg,1900977,1,0,NA
1900979_1,2023-01-04 23:54:15.745996,CLO,1900979.jpg,1900979,1,0,NA
1900994_1,2023-01-04 23:54:15.136599,CLO,1900994.jpg,1900994,1,0,NA
1901011_1,2023-01-04 23:54:14.542849,CLO,1901011.jpg,1901011,1,0,NA
1808243_1,2023-01-04 23:54:13.995991,CLO,1808243.jpg,1808243,1,0,NA
1901067_1,2023-01-04 23:54:13.605350,CLO,1901067.jpg,1901067,1,0,NA
1901220_1,2023-01-04 23:54:13.074106,CLO,1901220.jpg,1901220,1,0,NA
1901238_1,2023-01-04 23:54:12.542855,CLO,1901238.jpg,1901238,1,0,NA
1901247_1,2023-01-04 23:54:11.995966,CLO,1901247.jpg,1901247,1,0,NA
1901249_1,2023-01-04 23:54:11.480475,CLO,1901249.jpg,1901249,1,0,NA
1901251_1,2023-01-04 23:54:10.917863,CLO,1901251.jpg,1901251,1,0,NA
1901255_1,2023-01-04 23:54:10.386617,CLO,1901255.jpg,1901255,1,0,NA
1901262_1,2023-01-04 23:54:09.839737,CLO,1901262.jpg,1901262,1,0,NA
1901282_1,2023-01-04 23:54:09.292869,CLO,1901282.jpg,1901282,1,0,NA
1901311_1,2023-01-04 23:54:08.745988,CLO,1901311.jpg,1901311,1,0,NA
1901316_1,2023-01-04 23:54:08.136625,CLO,1901316.jpg,1901316,1,0,NA
1901325_1,2023-01-04 23:54:07.542912,CLO,1901325.jpg,1901325,1,0,NA
1901389_1,2023-01-04 23:54:06.949127,CLO,1901389.jpg,1901389,1,0,NA
1901401_1,2023-01-04 23:54:06.402257,CLO,1901401.jpg,1901401,1,0,NA
1906246_1,2023-01-04 23:54:05.871010,CLO,1906246.jpg,1906246,1,0,NA
1901434_1,2023-01-04 23:54:05.480386,CLO,1901434.jpg,1901434,1,0,NA
1901435_1,2023-01-04 23:54:04.980386,CLO,1901435.jpg,1901435,1,0,NA
1901448_1,2023-01-04 23:54:04.464764,CLO,1901448.jpg,1901448,1,0,NA
1901532_1,2023-01-04 23:54:03.855392,CLO,1901532.jpg,1901532,1,0,NA
1901573_1,2023-01-04 23:54:03.308517,CLO,1901573.jpg,1901573,1,0,NA
1901615_1,2023-01-04 23:54:02.777279,CLO,1901615.jpg,1901615,1,0,NA
1901645_1,2023-01-04 23:54:02.246025,CLO,1901645.jpg,1901645,1,0,NA
1901658_1,2023-01-04 23:54:01.730403,CLO,1901658.jpg,1901658,1,0,NA
1901705_1,2023-01-04 23:54:01.105403,CLO,1901705.jpg,1901705,1,0,NA
1902063_1,2023-01-04 23:54:00.574220,CLO,1902063.jpg,1902063,1,0,NA
1902009_1,2023-01-04 23:54:00.027291,CLO,1902009.jpg,1902009,1,0,NA
1902075_1,2023-01-04 23:53:59.496032,CLO,1902075.jpg,1902075,1,0,NA
1902078_1,2023-01-04 23:53:58.964783,CLO,1902078.jpg,1902078,1,0,NA
1902096_1,2023-01-04 23:53:58.417912,CLO,1902096.jpg,1902096,1,0,NA
1902131_1,2023-01-04 23:53:57.855412,CLO,1902131.jpg,1902131,1,0,NA
1803653_1,2023-01-04 23:53:57.246051,CLO,1803653.jpg,1803653,1,0,NA
1803704_1,2023-01-04 23:53:56.714771,CLO,1803704.jpg,1803704,1,0,NA
1808417_1,2023-01-04 23:53:56.167928,CLO,1808417.jpg,1808417,1,0,NA
1809773_1,2023-01-04 23:53:55.652297,CLO,1809773.jpg,1809773,1,0,NA
1810202_1,2023-01-04 23:53:55.136683,CLO,1810202.jpg,1810202,1,0,NA
1810771_1,2023-01-04 23:53:54.589869,CLO,1810771.jpg,1810771,1,0,NA
1810772_1,2023-01-04 23:53:54.042996,CLO,1810772.jpg,1810772,1,0,NA
1811035_1,2023-01-04 23:53:53.496054,CLO,1811035.jpg,1811035,1,0,NA
1811038_1,2023-01-04 23:53:52.949193,CLO,1811038.jpg,1811038,1,0,NA
1811379_1,2023-01-04 23:53:52.308560,CLO,1811379.jpg,1811379,1,0,NA
1811836_1,2023-01-04 23:53:51.777311,CLO,1811836.jpg,1811836,1,0,NA
1808292_1,2023-01-04 23:53:51.402329,CLO,1808292.jpg,1808292,1,0,NA
1900245_1,2023-01-04 23:53:50.871059,CLO,1900245.jpg,1900245,1,0,NA
1900686_1,2023-01-04 23:53:50.324189,CLO,1900686.jpg,1900686,1,0,NA
1900818_1,2023-01-04 23:53:49.777327,CLO,1900818.jpg,1900818,1,0,NA
1900820_1,2023-01-04 23:53:49.199199,CLO,1900820.jpg,1900820,1,0,NA
1900495_1,2023-01-04 23:53:48.667947,CLO,1900495.jpg,1900495,1,0,NA
1901257_1,2023-01-04 23:53:48.152333,CLO,1901257.jpg,1901257,1,0,NA
1901945_1,2023-01-04 23:53:47.636715,CLO,1901945.jpg,1901945,1,0,NA
1902138_1,2023-01-04 23:53:47.011708,CLO,1902138.jpg,1902138,1,0,NA
1902139_1,2023-01-04 23:53:46.480458,CLO,1902139.jpg,1902139,1,0,NA
1902163_1,2023-01-04 23:53:45.980457,CLO,1902163.jpg,1902163,1,0,NA
1902166_1,2023-01-04 23:53:45.371068,CLO,1902166.jpg,1902166,1,0,NA
1811032_1,2023-01-04 23:53:44.840369,CLO,1811032.jpg,1811032,1,0,NA
1811306_1,2023-01-04 23:53:44.277339,CLO,1811306.jpg,1811306,1,0,NA
1811329_1,2023-01-04 23:53:43.746112,CLO,1811329.jpg,1811329,1,0,NA
1811334_1,2023-01-04 23:53:43.214849,CLO,1811334.jpg,1811334,1,0,NA
1811999_1,2023-01-04 23:53:42.652339,CLO,1811999.jpg,1811999,1,0,NA
1812013_1,2023-01-04 23:53:42.152355,CLO,1812013.jpg,1812013,1,0,NA
1812018_1,2023-01-04 23:53:41.621101,CLO,1812018.jpg,1812018,1,0,NA
1812383_1,2023-01-04 23:53:41.089854,CLO,1812383.jpg,1812383,1,0,NA
1900291_1,2023-01-04 23:53:40.527355,CLO,1900291.jpg,1900291,1,0,NA
1900700_1,2023-01-04 23:53:39.964862,CLO,1900700.jpg,1900700,1,0,NA
1900709_1,2023-01-04 23:53:39.417991,CLO,1900709.jpg,1900709,1,0,NA
1901059_1,2023-01-04 23:53:38.699255,CLO,1901059.jpg,1901059,1,0,NA
1808298_1,2023-01-04 23:53:38.308616,CLO,1808298.jpg,1808298,1,0,NA
1901066_1,2023-01-04 23:53:37.792991,CLO,1901066.jpg,1901066,1,0,NA
1901077_1,2023-01-04 23:53:37.261742,CLO,1901077.jpg,1901077,1,0,NA
1901124_1,2023-01-04 23:53:36.636755,CLO,1901124.jpg,1901124,1,0,NA
1901164_1,2023-01-04 23:53:36.011747,CLO,1901164.jpg,1901164,1,0,NA
1901214_1,2023-01-04 23:53:35.480500,CLO,1901214.jpg,1901214,1,0,NA
1901252_1,2023-01-04 23:53:34.933640,CLO,1901252.jpg,1901252,1,0,NA
1901359_1,2023-01-04 23:53:34.433625,CLO,1901359.jpg,1901359,1,0,NA
1901391_1,2023-01-04 23:53:33.918006,CLO,1901391.jpg,1901391,1,0,NA
1901396_1,2023-01-04 23:53:33.402384,CLO,1901396.jpg,1901396,1,0,NA
1901398_1,2023-01-04 23:53:32.871129,CLO,1901398.jpg,1901398,1,0,NA
1901403_1,2023-01-04 23:53:32.277387,CLO,1901403.jpg,1901403,1,0,NA
1901411_1,2023-01-04 23:53:31.730515,CLO,1901411.jpg,1901411,1,0,NA
1901418_1,2023-01-04 23:53:31.168015,CLO,1901418.jpg,1901418,1,0,NA
1901453_1,2023-01-04 23:53:30.636767,CLO,1901453.jpg,1901453,1,0,NA
1807388_1,2023-01-04 23:53:29.589901,CLO,1807388.jpg,1807388,1,0,NA
1900961_1,2023-01-04 23:53:29.027411,CLO,1900961.jpg,1900961,1,0,NA
1900982_1,2023-01-04 23:53:28.527404,CLO,1900982.jpg,1900982,1,0,NA
1901065_1,2023-01-04 23:53:27.980526,CLO,1901065.jpg,1901065,1,0,NA
1901202_1,2023-01-04 23:53:27.449284,CLO,1901202.jpg,1901202,1,0,NA
1901218_1,2023-01-04 23:53:26.839972,CLO,1901218.jpg,1901218,1,0,NA
1901246_1,2023-01-04 23:53:26.246237,CLO,1901246.jpg,1901246,1,0,NA
1901993_1,2023-01-04 23:53:25.683674,CLO,1901993.jpg,1901993,1,0,NA
1902032_1,2023-01-04 23:53:25.168037,CLO,1902032.jpg,1902032,1,0,NA
1902164_1,2023-01-04 23:53:24.652417,CLO,1902164.jpg,1902164,1,0,NA
1902179_1,2023-01-04 23:53:24.121166,CLO,1902179.jpg,1902179,1,0,NA
1902188_1,2023-01-04 23:53:23.574309,CLO,1902188.jpg,1902188,1,0,NA
1902268_1,2023-01-04 23:53:23.027423,CLO,1902268.jpg,1902268,1,0,NA
1706860_1,2023-01-04 23:53:22.480549,ACC,1706860.jpg,1706860,1,0,NA
1800247_1,2023-01-04 23:53:21.980554,JEW,1800247.jpg,1800247,1,0,NA
1804653_1,2023-01-04 23:53:21.433757,ACC,1804653.jpg,1804653,1,0,NA
1902424_1,2023-01-04 23:53:20.621221,CLO,1902424.jpg,1902424,1,0,NA
1809859_1,2023-01-04 23:53:20.074312,CLO,1809859.jpg,1809859,1,0,NA
1806598_1,2023-01-04 23:53:19.543067,CLO,1806598.jpg,1806598,1,0,NA
1700685_1,2023-01-04 23:53:19.011803,CLO,1700685.jpg,1700685,1,0,NA
1901628_1,2023-01-04 23:53:18.511815,CLO,1901628.jpg,1901628,1,0,NA
1901512_1,2023-01-04 23:53:17.949320,CLO,1901512.jpg,1901512,1,0,NA
1810709_1,2023-01-04 23:53:17.402446,CLO,1810709.jpg,1810709,1,0,NA
1808957_1,2023-01-04 23:53:16.855565,CLO,1808957.jpg,1808957,1,0,NA
1901511_1,2023-01-04 23:53:16.277447,CLO,1901511.jpg,1901511,1,0,NA
1901455_1,2023-01-04 23:53:15.714951,CLO,1901455.jpg,1901455,1,0,NA
1901643_1,2023-01-04 23:53:15.168079,CLO,1901643.jpg,1901643,1,0,NA
1901990_1,2023-01-04 23:53:14.621200,CLO,1901990.jpg,1901990,1,0,NA
1901985_1,2023-01-04 23:53:14.058704,CLO,1901985.jpg,1901985,1,0,NA
1901836_1,2023-01-04 23:53:13.261836,CLO,1901836.jpg,1901836,1,0,NA
1901988_1,2023-01-04 23:53:12.277461,CLO,1901988.jpg,1901988,1,0,NA
1902000_1,2023-01-04 23:53:11.730612,CLO,1902000.jpg,1902000,1,0,NA
1901979_1,2023-01-04 23:53:11.074348,CLO,1901979.jpg,1901979,1,0,NA
1901987_1,2023-01-04 23:53:10.464962,CLO,1901987.jpg,1901987,1,0,NA
1901994_1,2023-01-04 23:53:09.933783,CLO,1901994.jpg,1901994,1,0,NA
1901967_1,2023-01-04 23:53:09.371235,CLO,1901967.jpg,1901967,1,0,NA
1901982_1,2023-01-04 23:53:08.761851,CLO,1901982.jpg,1901982,1,0,NA
1902003_1,2023-01-04 23:53:08.199352,CLO,1902003.jpg,1902003,1,0,NA
1901980_1,2023-01-04 23:53:07.543108,CLO,1901980.jpg,1901980,1,0,NA
1809899_1,2023-01-04 23:53:07.136870,CLO,1809899.jpg,1809899,1,0,NA
1902014_1,2023-01-04 23:53:06.621240,CLO,1902014.jpg,1902014,1,0,NA
1902036_1,2023-01-04 23:53:06.107655,CLO,1902036.jpg,1902036,1,0,NA
1902027_1,2023-01-04 23:50:54.981113,CLO,1902027.jpg,1902027,1,0,NA
1902050_1,2023-01-04 23:49:09.747123,CLO,1902050.jpg,1902050,1,0,NA
1902068_1,2023-01-04 23:49:09.184627,CLO,1902068.jpg,1902068,1,0,NA
1902045_1,2023-01-04 23:49:08.559735,CLO,1902045.jpg,1902045,1,0,NA
1902398_1,2023-01-04 23:49:08.012748,CLO,1902398.jpg,1902398,1,0,NA
1902415_1,2023-01-04 23:49:07.028407,CLO,1902415.jpg,1902415,1,0,NA
1902413_1,2023-01-04 23:49:06.497155,CLO,1902413.jpg,1902413,1,0,NA
1902263_1,2023-01-04 23:49:05.934652,CLO,1902263.jpg,1902263,1,0,NA
1902382_1,2023-01-04 23:49:05.356517,CLO,1902382.jpg,1902382,1,0,NA
1902128_1,2023-01-04 23:49:04.794018,CLO,1902128.jpg,1902128,1,0,NA
1902073_1,2023-01-04 23:49:04.231634,CLO,1902073.jpg,1902073,1,0,NA
1800906_1,2023-01-04 23:49:03.684645,ACC,1800906.jpg,1800906,1,0,NA
1804904_1,2023-01-04 23:49:03.153400,ACC,1804904.jpg,1804904,1,0,NA
1807606_1,2023-01-04 23:49:02.450272,ACC,1807606.jpg,1807606,1,0,NA
1810893_1,2023-01-04 23:49:01.684652,ACC,1810893.jpg,1810893,1,0,NA
1904904_1,2023-01-04 23:49:00.919033,ACC,1904904.jpg,1904904,1,0,NA
1811194_1,2023-01-04 23:49:00.075501,ACC,1811194.jpg,1811194,1,0,NA
1811839_1,2023-01-04 23:48:59.325290,CLO,1811839.jpg,1811839,1,0,NA
1812421_1,2023-01-04 23:48:58.497180,BEAUTY,1812421.jpg,1812421,1,0,NA
1812464_1,2023-01-04 23:48:57.950294,BEAUTY,1812464.jpg,1812464,1,0,NA
1812477_1,2023-01-04 23:48:57.434680,BEAUTY,1812477.jpg,1812477,1,0,NA
1812489_1,2023-01-04 23:48:56.840923,BEAUTY,1812489.jpg,1812489,1,0,NA
1900486_1,2023-01-04 23:48:56.215943,BEAUTY,1900486.jpg,1900486,1,0,NA
1900488_1,2023-01-04 23:48:55.669066,BEAUTY,1900488.jpg,1900488,1,0,NA
1900494_1,2023-01-04 23:48:55.044072,BEAUTY,1900494.jpg,1900494,1,0,NA
1900491_1,2023-01-04 23:48:54.044080,BEAUTY,1900491.jpg,1900491,1,0,NA
1900500_1,2023-01-04 23:48:53.466031,BEAUTY,1900500.jpg,1900500,1,0,NA
1900502_1,2023-01-04 23:48:52.919082,BEAUTY,1900502.jpg,1900502,1,0,NA
1900503_1,2023-01-04 23:48:52.340944,BEAUTY,1900503.jpg,1900503,1,0,NA
1900506_1,2023-01-04 23:48:51.794130,BEAUTY,1900506.jpg,1900506,1,0,NA
1900507_1,2023-01-04 23:48:51.278444,BEAUTY,1900507.jpg,1900507,1,0,NA
1900508_1,2023-01-04 23:48:50.731570,BEAUTY,1900508.jpg,1900508,1,0,NA
1900540_1,2023-01-04 23:48:50.215973,ACC,1900540.jpg,1900540,1,0,NA
1900543_1,2023-01-04 23:48:49.653448,ACC,1900543.jpg,1900543,1,0,NA
1900591_1,2023-01-04 23:48:49.122315,ACC,1900591.jpg,1900591,1,0,NA
1900618_1,2023-01-04 23:48:48.590952,ACC,1900618.jpg,1900618,1,0,NA
1900622_1,2023-01-04 23:48:48.059703,ACC,1900622.jpg,1900622,1,0,NA
1807519_1,2023-01-04 23:48:47.434762,BEAUTY,1807519.jpg,1807519,1,0,NA
1901686_1,2023-01-04 23:48:47.059705,BEAUTY,1901686.jpg,1901686,1,0,NA
1901324_1,2023-01-04 23:48:46.528461,BEAUTY,1901324.jpg,1901324,1,0,NA
1901685_1,2023-01-04 23:48:45.887839,BEAUTY,1901685.jpg,1901685,1,0,NA
1901928_1,2023-01-04 23:48:45.356609,BEAUTY,1901928.jpg,1901928,1,0,NA
1901926_1,2023-01-04 23:48:44.762879,BEAUTY,1901926.jpg,1901926,1,0,NA
1901930_1,2023-01-04 23:48:44.200360,BEAUTY,1901930.jpg,1901930,1,0,NA
1901931_1,2023-01-04 23:48:43.700347,BEAUTY,1901931.jpg,1901931,1,0,NA
1901932_1,2023-01-04 23:48:43.184739,BEAUTY,1901932.jpg,1901932,1,0,NA
1901933_1,2023-01-04 23:48:42.247248,BEAUTY,1901933.jpg,1901933,1,0,NA
1901935_1,2023-01-04 23:48:41.731622,BEAUTY,1901935.jpg,1901935,1,0,NA
1901936_1,2023-01-04 23:48:40.762880,BEAUTY,1901936.jpg,1901936,1,0,NA
1902205_1,2023-01-04 23:48:40.231607,JEW,1902205.jpg,1902205,1,0,NA
1801875_1,2023-01-04 23:48:39.731638,SHO,1801875.jpg,1801875,1,0,NA
1808754_1,2023-01-04 23:48:39.216021,SHO,1808754.jpg,1808754,1,0,NA
1811239_1,2023-01-04 23:48:38.637870,SHO,1811239.jpg,1811239,1,0,NA
1811288_1,2023-01-04 23:48:38.059768,SHO,1811288.jpg,1811288,1,0,NA
1811290_1,2023-01-04 23:48:37.497245,SHO,1811290.jpg,1811290,1,0,NA
1811317_1,2023-01-04 23:48:36.965998,SHO,1811317.jpg,1811317,1,0,NA
1811318_1,2023-01-04 23:48:36.403504,SHO,1811318.jpg,1811318,1,0,NA
1811319_1,2023-01-04 23:48:35.825389,SHO,1811319.jpg,1811319,1,0,NA
1811332_1,2023-01-04 23:48:35.231648,SHO,1811332.jpg,1811332,1,0,NA
1811340_1,2023-01-04 23:48:34.684773,SHO,1811340.jpg,1811340,1,0,NA
1811600_1,2023-01-04 23:48:34.137895,SHO,1811600.jpg,1811600,1,0,NA
1811618_1,2023-01-04 23:48:33.591011,SHO,1811618.jpg,1811618,1,0,NA
1812198_1,2023-01-04 23:48:33.028609,SHO,1812198.jpg,1812198,1,0,NA
1812225_1,2023-01-04 23:48:32.434773,SHO,1812225.jpg,1812225,1,0,NA
1812241_1,2023-01-04 23:48:31.903520,SHO,1812241.jpg,1812241,1,0,NA
1812296_1,2023-01-04 23:48:31.294157,SHO,1812296.jpg,1812296,1,0,NA
1809144_1,2023-01-04 23:48:30.559782,CLO,1809144.jpg,1809144,1,0,NA
1901404_1,2023-01-04 23:48:30.028545,CLO,1901404.jpg,1901404,1,0,NA
1901614_1,2023-01-04 23:48:29.512900,CLO,1901614.jpg,1901614,1,0,NA
1902426_1,2023-01-04 23:48:28.778531,CLO,1902426.jpg,1902426,1,0,NA
2218361_2,2023-01-04 23:48:28.262908,ACC,2218361.jpg,2218361,2,0,NA
1801628_1,2023-01-04 23:48:27.731668,JEW,1801628.jpg,1801628,1,0,NA
1809923_1,2023-01-04 23:48:27.184796,JEW,1809923.jpg,1809923,1,0,NA
1810707_1,2023-01-04 23:48:26.653562,ACC,1810707.jpg,1810707,1,0,NA
1810751_1,2023-01-04 23:48:26.138224,ACC,1810751.jpg,1810751,1,0,NA
1900489_1,2023-01-04 23:48:25.606691,BEAUTY,1900489.jpg,1900489,1,0,NA
1809220_1,2023-01-04 23:48:25.059804,JEW,1809220.jpg,1809220,1,0,NA
1900663_1,2023-01-04 23:48:24.559811,JEW,1900663.jpg,1900663,1,0,NA
1901172_1,2023-01-04 23:48:24.044194,JEW,1901172.jpg,1901172,1,0,NA
1907170_1,2023-01-04 23:48:23.450445,ACC,1907170.jpg,1907170,1,0,NA
1901452_1,2023-01-04 23:48:23.075429,ACC,1901452.jpg,1901452,1,0,NA
1901807_1,2023-01-04 23:48:22.544193,ACC,1901807.jpg,1901807,1,0,NA
1902795_1,2023-01-04 23:48:21.997416,JEW,1902795.jpg,1902795,1,0,NA
1901813_1,2023-01-04 23:48:21.466057,JEW,1901813.jpg,1901813,1,0,NA
1801440_1,2023-01-04 23:48:20.512938,CLO,1801440.jpg,1801440,1,0,NA
1809408_1,2023-01-04 23:48:19.950460,CLO,1809408.jpg,1809408,1,0,NA
1809519_1,2023-01-04 23:48:18.919204,CLO,1809519.jpg,1809519,1,0,NA
1810016_1,2023-01-04 23:48:18.419215,CLO,1810016.jpg,1810016,1,0,NA
1811891_1,2023-01-04 23:48:17.872351,CLO,1811891.jpg,1811891,1,0,NA
1812022_1,2023-01-04 23:48:17.356709,CLO,1812022.jpg,1812022,1,0,NA
1812369_1,2023-01-04 23:48:16.809845,CLO,1812369.jpg,1812369,1,0,NA
1908557_1,2023-01-04 23:48:16.403598,CLO,1908557.jpg,1908557,1,0,NA
1900254_1,2023-01-04 23:48:15.887974,CLO,1900254.jpg,1900254,1,0,NA
1900449_1,2023-01-04 23:48:15.341096,CLO,1900449.jpg,1900449,1,0,NA
1900701_1,2023-01-04 23:48:14.809853,CLO,1900701.jpg,1900701,1,0,NA
1900708_1,2023-01-04 23:48:14.231708,CLO,1900708.jpg,1900708,1,0,NA
1900981_1,2023-01-04 23:48:13.700545,CLO,1900981.jpg,1900981,1,0,NA
1901441_1,2023-01-04 23:48:13.169252,CLO,1901441.jpg,1901441,1,0,NA
1901444_1,2023-01-04 23:48:12.637990,CLO,1901444.jpg,1901444,1,0,NA
1901491_1,2023-01-04 23:48:12.044241,CLO,1901491.jpg,1901491,1,0,NA
1901562_1,2023-01-04 23:48:11.528612,CLO,1901562.jpg,1901562,1,0,NA
1901712_1,2023-01-04 23:48:11.012990,CLO,1901712.jpg,1901712,1,0,NA
1901919_1,2023-01-04 23:48:10.481808,CLO,1901919.jpg,1901919,1,0,NA
1901964_1,2023-01-04 23:48:09.950495,CLO,1901964.jpg,1901964,1,0,NA
1901966_1,2023-01-04 23:48:09.419242,CLO,1901966.jpg,1901966,1,0,NA
1902002_1,2023-01-04 23:48:08.888004,CLO,1902002.jpg,1902002,1,0,NA
1902015_1,2023-01-04 23:48:08.247375,CLO,1902015.jpg,1902015,1,0,NA
1902034_1,2023-01-04 23:48:07.716129,CLO,1902034.jpg,1902034,1,0,NA
1902049_1,2023-01-04 23:48:06.731761,CLO,1902049.jpg,1902049,1,0,NA
1902072_1,2023-01-04 23:48:06.169326,CLO,1902072.jpg,1902072,1,0,NA
1902074_1,2023-01-04 23:48:05.153643,CLO,1902074.jpg,1902074,1,0,NA
1902136_1,2023-01-04 23:48:04.622390,CLO,1902136.jpg,1902136,1,0,NA
1902137_1,2023-01-04 23:48:03.997374,CLO,1902137.jpg,1902137,1,0,NA
1902162_1,2023-01-04 23:48:03.450520,CLO,1902162.jpg,1902162,1,0,NA
1902176_1,2023-01-04 23:48:02.872407,CLO,1902176.jpg,1902176,1,0,NA
1902181_1,2023-01-04 23:48:02.356779,CLO,1902181.jpg,1902181,1,0,NA
1902186_1,2023-01-04 23:48:01.825525,CLO,1902186.jpg,1902186,1,0,NA
1902187_1,2023-01-04 23:48:01.263037,CLO,1902187.jpg,1902187,1,0,NA
1902191_1,2023-01-04 23:48:00.700530,CLO,1902191.jpg,1902191,1,0,NA
1902192_1,2023-01-04 23:48:00.169290,CLO,1902192.jpg,1902192,1,0,NA
1902196_1,2023-01-04 23:47:59.544290,CLO,1902196.jpg,1902196,1,0,NA
1902204_1,2023-01-04 23:47:58.997394,CLO,1902204.jpg,1902204,1,0,NA
1902368_1,2023-01-04 23:47:58.450539,CLO,1902368.jpg,1902368,1,0,NA
1902468_1,2023-01-04 23:47:57.934927,CLO,1902468.jpg,1902468,1,0,NA
1902542_1,2023-01-04 23:47:57.372417,CLO,1902542.jpg,1902542,1,0,NA
1902543_1,2023-01-04 23:47:56.825546,CLO,1902543.jpg,1902543,1,0,NA
1902544_1,2023-01-04 23:47:56.278685,CLO,1902544.jpg,1902544,1,0,NA
1902545_1,2023-01-04 23:47:55.684928,CLO,1902545.jpg,1902545,1,0,NA
1902648_1,2023-01-04 23:47:55.075552,CLO,1902648.jpg,1902648,1,0,NA
1902766_1,2023-01-04 23:47:54.544308,CLO,1902766.jpg,1902766,1,0,NA
1812010_1,2023-01-04 23:47:54.028725,CLO,1812010.jpg,1812010,1,0,NA
1900452_1,2023-01-04 23:47:53.419310,CLO,1900452.jpg,1900452,1,0,NA
1900856_1,2023-01-04 23:47:52.888054,CLO,1900856.jpg,1900856,1,0,NA
1901093_1,2023-01-04 23:47:52.341184,CLO,1901093.jpg,1901093,1,0,NA
1811034_1,2023-01-04 23:47:51.778691,CLO,1811034.jpg,1811034,1,0,NA
1901146_1,2023-01-04 23:47:51.403693,CLO,1901146.jpg,1901146,1,0,NA
1901189_1,2023-01-04 23:47:50.841191,CLO,1901189.jpg,1901189,1,0,NA
1901442_1,2023-01-04 23:47:50.294311,CLO,1901442.jpg,1901442,1,0,NA
1901703_1,2023-01-04 23:47:49.778689,CLO,1901703.jpg,1901703,1,0,NA
1902046_1,2023-01-04 23:47:49.263084,CLO,1902046.jpg,1902046,1,0,NA
1902092_1,2023-01-04 23:47:48.747464,CLO,1902092.jpg,1902092,1,0,NA
1902257_1,2023-01-04 23:47:48.169341,CLO,1902257.jpg,1902257,1,0,NA
2218408_2,2023-01-04 23:47:47.372452,BEAUTY,2218408.jpg,2218408,2,0,NA
1609010_1,2023-01-04 23:47:46.810024,JEW,1609010.jpg,1609010,1,0,NA
1703539_1,2023-01-04 23:47:45.794355,ACC,1703539.jpg,1703539,1,0,NA
1703564_1,2023-01-04 23:47:45.184973,ACC,1703564.jpg,1703564,1,0,NA
1707087_1,2023-01-04 23:47:44.653714,ACC,1707087.jpg,1707087,1,0,NA
1707647_1,2023-01-04 23:47:43.856856,ACC,1707647.jpg,1707647,1,0,NA
1708579_1,2023-01-04 23:47:43.263113,JEW,1708579.jpg,1708579,1,0,NA
1708837_1,2023-01-04 23:47:42.622475,JEW,1708837.jpg,1708837,1,0,NA
1709757_1,2023-01-04 23:47:42.059958,ACC,1709757.jpg,1709757,1,0,NA
1802385_1,2023-01-04 23:47:41.669354,ACC,1802385.jpg,1802385,1,0,NA
1801101_1,2023-01-04 23:47:40.669359,ACC,1801101.jpg,1801101,1,0,NA
1804654_1,2023-01-04 23:47:40.122486,ACC,1804654.jpg,1804654,1,0,NA
1809769_1,2023-01-04 23:47:39.278728,SHO,1809769.jpg,1809769,1,0,NA
1811234_1,2023-01-04 23:47:38.747489,SHO,1811234.jpg,1811234,1,0,NA
1811235_1,2023-01-04 23:47:38.216244,SHO,1811235.jpg,1811235,1,0,NA
1811237_1,2023-01-04 23:47:37.653743,SHO,1811237.jpg,1811237,1,0,NA
1811238_1,2023-01-04 23:47:37.122518,SHO,1811238.jpg,1811238,1,0,NA
1811241_1,2023-01-04 23:47:36.606878,SHO,1811241.jpg,1811241,1,0,NA
1811277_1,2023-01-04 23:47:36.091247,SHO,1811277.jpg,1811277,1,0,NA
1811938_1,2023-01-04 23:47:35.560002,SHO,1811938.jpg,1811938,1,0,NA
1812297_1,2023-01-04 23:47:34.981886,SHO,1812297.jpg,1812297,1,0,NA
1812298_1,2023-01-04 23:47:34.466305,SHO,1812298.jpg,1812298,1,0,NA
1902573_1,2023-01-04 23:47:33.950630,SHO,1902573.jpg,1902573,1,0,NA
1902575_1,2023-01-04 23:47:33.403761,SHO,1902575.jpg,1902575,1,0,NA
1902574_1,2023-01-04 23:47:32.763141,SHO,1902574.jpg,1902574,1,0,NA
1902576_1,2023-01-04 23:47:32.263152,SHO,1902576.jpg,1902576,1,0,NA
1902577_1,2023-01-04 23:47:31.231894,SHO,1902577.jpg,1902577,1,0,NA
1902578_1,2023-01-04 23:47:30.716276,SHO,1902578.jpg,1902578,1,0,NA
1902580_1,2023-01-04 23:47:30.169435,SHO,1902580.jpg,1902580,1,0,NA
1900817_1,2023-01-04 23:47:29.622530,CLO,1900817.jpg,1900817,1,0,NA
1901723_1,2023-01-04 23:47:29.075665,JEW,1901723.jpg,1901723,1,0,NA
1900573_1,2023-01-04 23:47:28.435031,ACC,1900573.jpg,1900573,1,0,NA
1710410_1,2023-01-04 23:47:27.903779,CLO,1710410.jpg,1710410,1,0,NA
1808204_1,2023-01-04 23:47:27.388159,CLO,1808204.jpg,1808204,1,0,NA
1808968_1,2023-01-04 23:47:26.856915,CLO,1808968.jpg,1808968,1,0,NA
1809677_1,2023-01-04 23:47:26.325674,CLO,1809677.jpg,1809677,1,0,NA
1810689_1,2023-01-04 23:47:25.794417,CLO,1810689.jpg,1810689,1,0,NA
1810766_1,2023-01-04 23:47:25.263195,CLO,1810766.jpg,1810766,1,0,NA
1811229_1,2023-01-04 23:47:24.747562,CLO,1811229.jpg,1811229,1,0,NA
1811386_1,2023-01-04 23:47:24.231941,CLO,1811386.jpg,1811386,1,0,NA
1812246_1,2023-01-04 23:47:23.685048,CLO,1812246.jpg,1812246,1,0,NA
1812491_1,2023-01-04 23:47:23.169488,ACC,1812491.jpg,1812491,1,0,NA
1900239_1,2023-01-04 23:47:22.575675,CLO,1900239.jpg,1900239,1,0,NA
1900243_1,2023-01-04 23:47:22.060052,CLO,1900243.jpg,1900243,1,0,NA
1900699_1,2023-01-04 23:47:21.544431,CLO,1900699.jpg,1900699,1,0,NA
1900983_1,2023-01-04 23:47:21.013182,CLO,1900983.jpg,1900983,1,0,NA
1900991_1,2023-01-04 23:47:20.513247,CLO,1900991.jpg,1900991,1,0,NA
1900995_1,2023-01-04 23:47:19.981945,CLO,1900995.jpg,1900995,1,0,NA
1901114_1,2023-01-04 23:47:19.403815,CLO,1901114.jpg,1901114,1,0,NA
1901236_1,2023-01-04 23:47:18.856946,CLO,1901236.jpg,1901236,1,0,NA
1901373_1,2023-01-04 23:47:18.310118,CLO,1901373.jpg,1901373,1,0,NA
1901376_1,2023-01-04 23:47:17.747565,CLO,1901376.jpg,1901376,1,0,NA
1901570_1,2023-01-04 23:47:17.185072,CLO,1901570.jpg,1901570,1,0,NA
1901715_1,2023-01-04 23:47:16.669467,CLO,1901715.jpg,1901715,1,0,NA
1901955_1,2023-01-04 23:47:16.106962,CLO,1901955.jpg,1901955,1,0,NA
1902018_1,2023-01-04 23:47:15.591334,CLO,1902018.jpg,1902018,1,0,NA
1902025_1,2023-01-04 23:47:15.060079,CLO,1902025.jpg,1902025,1,0,NA
1902048_1,2023-01-04 23:47:14.560076,CLO,1902048.jpg,1902048,1,0,NA
1902144_1,2023-01-04 23:47:14.028841,CLO,1902144.jpg,1902144,1,0,NA
1902167_1,2023-01-04 23:47:13.481967,CLO,1902167.jpg,1902167,1,0,NA
1902216_1,2023-01-04 23:47:12.950714,CLO,1902216.jpg,1902216,1,0,NA
1902235_1,2023-01-04 23:47:12.372584,CLO,1902235.jpg,1902235,1,0,NA
1902254_1,2023-01-04 23:47:11.841343,CLO,1902254.jpg,1902254,1,0,NA
1902258_1,2023-01-04 23:47:11.310108,CLO,1902258.jpg,1902258,1,0,NA
1902381_1,2023-01-04 23:47:10.294474,CLO,1902381.jpg,1902381,1,0,NA
1902388_1,2023-01-04 23:47:09.763222,CLO,1902388.jpg,1902388,1,0,NA
1902414_1,2023-01-04 23:47:09.231997,CLO,1902414.jpg,1902414,1,0,NA
1902418_1,2023-01-04 23:47:08.716351,CLO,1902418.jpg,1902418,1,0,NA
1902487_1,2023-01-04 23:47:08.216361,CLO,1902487.jpg,1902487,1,0,NA
1902546_1,2023-01-04 23:47:07.669483,CLO,1902546.jpg,1902546,1,0,NA
1902550_1,2023-01-04 23:47:06.622627,CLO,1902550.jpg,1902550,1,0,NA
1902551_1,2023-01-04 23:47:06.107136,CLO,1902551.jpg,1902551,1,0,NA
1902552_1,2023-01-04 23:47:05.575744,CLO,1902552.jpg,1902552,1,0,NA
1902553_1,2023-01-04 23:47:04.982023,CLO,1902553.jpg,1902553,1,0,NA
1902562_1,2023-01-04 23:47:04.435134,CLO,1902562.jpg,1902562,1,0,NA
1902563_1,2023-01-04 23:47:03.919501,CLO,1902563.jpg,1902563,1,0,NA
1902564_1,2023-01-04 23:47:03.403883,CLO,1902564.jpg,1902564,1,0,NA
1902582_1,2023-01-04 23:47:02.872622,CLO,1902582.jpg,1902582,1,0,NA
1902583_1,2023-01-04 23:47:02.185129,CLO,1902583.jpg,1902583,1,0,NA
1902586_1,2023-01-04 23:47:01.669509,CLO,1902586.jpg,1902586,1,0,NA
1902588_1,2023-01-04 23:47:01.075754,CLO,1902588.jpg,1902588,1,0,NA
1902594_1,2023-01-04 23:47:00.482014,CLO,1902594.jpg,1902594,1,0,NA
1902597_1,2023-01-04 23:46:59.903887,CLO,1902597.jpg,1902597,1,0,NA
1902599_1,2023-01-04 23:46:59.388265,CLO,1902599.jpg,1902599,1,0,NA
1902600_1,2023-01-04 23:46:58.857014,CLO,1902600.jpg,1902600,1,0,NA
1902605_1,2023-01-04 23:46:58.294524,CLO,1902605.jpg,1902605,1,0,NA
1902606_1,2023-01-04 23:46:57.763277,CLO,1902606.jpg,1902606,1,0,NA
1902612_1,2023-01-04 23:46:57.200774,CLO,1902612.jpg,1902612,1,0,NA
1902618_1,2023-01-04 23:46:56.685156,CLO,1902618.jpg,1902618,1,0,NA
1902642_1,2023-01-04 23:46:56.107018,CLO,1902642.jpg,1902642,1,0,NA
1902643_1,2023-01-04 23:46:55.591411,CLO,1902643.jpg,1902643,1,0,NA
1902644_1,2023-01-04 23:46:55.044532,CLO,1902644.jpg,1902644,1,0,NA
1902645_1,2023-01-04 23:46:54.528909,CLO,1902645.jpg,1902645,1,0,NA
1902647_1,2023-01-04 23:46:54.028905,CLO,1902647.jpg,1902647,1,0,NA
1902653_1,2023-01-04 23:46:53.482039,CLO,1902653.jpg,1902653,1,0,NA
1902684_1,2023-01-04 23:46:52.435167,CLO,1902684.jpg,1902684,1,0,NA
1902687_1,2023-01-04 23:46:51.888290,CLO,1902687.jpg,1902687,1,0,NA
1902701_1,2023-01-04 23:46:51.325795,CLO,1902701.jpg,1902701,1,0,NA
1902769_1,2023-01-04 23:46:50.747685,CLO,1902769.jpg,1902769,1,0,NA
1902733_1,2023-01-04 23:46:50.232052,CLO,1902733.jpg,1902733,1,0,NA
1902808_1,2023-01-04 23:46:49.669554,CLO,1902808.jpg,1902808,1,0,NA
1902838_1,2023-01-04 23:46:49.153925,CLO,1902838.jpg,1902838,1,0,NA
1902867_1,2023-01-04 23:46:48.622684,CLO,1902867.jpg,1902867,1,0,NA
1902961_1,2023-01-04 23:46:47.622706,CLO,1902961.jpg,1902961,1,0,NA
1903000_1,2023-01-04 23:46:47.060187,CLO,1903000.jpg,1903000,1,0,NA
1903001_1,2023-01-04 23:46:46.560205,CLO,1903001.jpg,1903001,1,0,NA
1903002_1,2023-01-04 23:46:46.029342,CLO,1903002.jpg,1903002,1,0,NA
1903050_1,2023-01-04 23:46:45.513322,CLO,1903050.jpg,1903050,1,0,NA
1802298_1,2023-01-04 23:46:44.982073,SHO,1802298.jpg,1802298,1,0,NA
1811261_1,2023-01-04 23:46:44.357125,SHO,1811261.jpg,1811261,1,0,NA
1811265_1,2023-01-04 23:46:43.825826,SHO,1811265.jpg,1811265,1,0,NA
1811301_1,2023-01-04 23:46:43.278956,SHO,1811301.jpg,1811301,1,0,NA
1901949_1,2023-01-04 23:46:42.763331,SHO,1901949.jpg,1901949,1,0,NA
1902743_1,2023-01-04 23:46:42.185208,SHO,1902743.jpg,1902743,1,0,NA
1902768_1,2023-01-04 23:46:41.591440,SHO,1902768.jpg,1902768,1,0,NA
1709279_1,2023-01-04 23:46:40.966465,JEW,1709279.jpg,1709279,1,0,NA
1709154_1,2023-01-04 23:46:40.450831,JEW,1709154.jpg,1709154,1,0,NA
1709501_1,2023-01-04 23:46:39.716497,JEW,1709501.jpg,1709501,1,0,NA
1806697_1,2023-01-04 23:46:39.169651,CLO,1806697.jpg,1806697,1,0,NA
1707931_1,2023-01-04 23:46:38.607169,JEW,1707931.jpg,1707931,1,0,NA
1710190_1,2023-01-04 23:46:38.216473,JEW,1710190.jpg,1710190,1,0,NA
1808378_1,2023-01-04 23:46:37.669604,JEW,1808378.jpg,1808378,1,0,NA
1808883_1,2023-01-04 23:46:37.091475,ACC,1808883.jpg,1808883,1,0,NA
1809602_1,2023-01-04 23:46:36.497735,ACC,1809602.jpg,1809602,1,0,NA
1811746_1,2023-01-04 23:46:35.966464,ACC,1811746.jpg,1811746,1,0,NA
1811686_1,2023-01-04 23:46:35.419613,BEAUTY,1811686.jpg,1811686,1,0,NA
1812092_1,2023-01-04 23:46:34.888365,BEAUTY,1812092.jpg,1812092,1,0,NA
1812094_1,2023-01-04 23:46:34.310239,BEAUTY,1812094.jpg,1812094,1,0,NA
1812093_1,2023-01-04 23:46:33.794619,BEAUTY,1812093.jpg,1812093,1,0,NA
1901929_1,2023-01-04 23:46:33.263555,BEAUTY,1901929.jpg,1901929,1,0,NA
1901600_1,2023-01-04 23:46:32.747748,CLO,1901600.jpg,1901600,1,0,NA
1908406_1,2023-01-04 23:46:32.357122,CLO,1908406.jpg,1908406,1,0,NA
1903455_1,2023-01-04 23:46:31.810253,BEAUTY,1903455.jpg,1903455,1,0,NA
1903456_1,2023-01-04 23:46:31.185250,BEAUTY,1903456.jpg,1903456,1,0,NA
1903458_1,2023-01-04 23:46:30.638436,BEAUTY,1903458.jpg,1903458,1,0,NA
1903020_1,2023-01-04 23:46:30.107204,CLO,1903020.jpg,1903020,1,0,NA
1811969_1,2023-01-04 23:46:29.591504,CLO,1811969.jpg,1811969,1,0,NA
1811966_1,2023-01-04 23:46:29.013375,CLO,1811966.jpg,1811966,1,0,NA
1900707_1,2023-01-04 23:46:28.435264,CLO,1900707.jpg,1900707,1,0,NA
1811291_1,2023-01-04 23:46:27.888386,SHO,1811291.jpg,1811291,1,0,NA
1811296_1,2023-01-04 23:46:27.357135,SHO,1811296.jpg,1811296,1,0,NA
1811333_1,2023-01-04 23:46:26.794647,SHO,1811333.jpg,1811333,1,0,NA
1811336_1,2023-01-04 23:46:26.263414,SHO,1811336.jpg,1811336,1,0,NA
1811451_1,2023-01-04 23:46:25.716522,SHO,1811451.jpg,1811451,1,0,NA
1811900_1,2023-01-04 23:46:25.200903,SHO,1811900.jpg,1811900,1,0,NA
1811907_1,2023-01-04 23:46:24.591522,SHO,1811907.jpg,1811907,1,0,NA
1811911_1,2023-01-04 23:46:24.044670,SHO,1811911.jpg,1811911,1,0,NA
1901148_1,2023-01-04 23:46:23.529030,SHO,1901148.jpg,1901148,1,0,NA
1901951_1,2023-01-04 23:46:22.997854,SHO,1901951.jpg,1901951,1,0,NA
1902637_1,2023-01-04 23:46:22.497786,SHO,1902637.jpg,1902637,1,0,NA
1808937_1,2023-01-04 23:46:21.966552,ACC,1808937.jpg,1808937,1,0,NA
1602741_1,2023-01-04 23:46:21.419662,ACC,1602741.jpg,1602741,1,0,NA
1707385_1,2023-01-04 23:46:20.700914,CLO,1707385.jpg,1707385,1,0,NA
1709722_1,2023-01-04 23:46:20.154024,CLO,1709722.jpg,1709722,1,0,NA
1809006_1,2023-01-04 23:46:19.060359,CLO,1809006.jpg,1809006,1,0,NA
1810015_1,2023-01-04 23:46:18.529047,CLO,1810015.jpg,1810015,1,0,NA
1810770_1,2023-01-04 23:46:18.013424,CLO,1810770.jpg,1810770,1,0,NA
1810943_1,2023-01-04 23:46:17.466560,CLO,1810943.jpg,1810943,1,0,NA
1811020_1,2023-01-04 23:46:16.919688,CLO,1811020.jpg,1811020,1,0,NA
1811895_1,2023-01-04 23:46:16.341539,CLO,1811895.jpg,1811895,1,0,NA
1812001_1,2023-01-04 23:46:15.779057,CLO,1812001.jpg,1812001,1,0,NA
1812062_1,2023-01-04 23:46:15.216558,CLO,1812062.jpg,1812062,1,0,NA
1812083_1,2023-01-04 23:46:14.654061,CLO,1812083.jpg,1812083,1,0,NA
1812172_1,2023-01-04 23:46:14.169688,CLO,1812172.jpg,1812172,1,0,NA
1812341_1,2023-01-04 23:46:13.654063,CLO,1812341.jpg,1812341,1,0,NA
1900252_1,2023-01-04 23:46:13.044706,CLO,1900252.jpg,1900252,1,0,NA
1901002_1,2023-01-04 23:46:12.216580,CLO,1901002.jpg,1901002,1,0,NA
1901235_1,2023-01-04 23:46:11.575953,CLO,1901235.jpg,1901235,1,0,NA
1901454_1,2023-01-04 23:46:11.013447,CLO,1901454.jpg,1901454,1,0,NA
1901566_1,2023-01-04 23:46:09.935309,CLO,1901566.jpg,1901566,1,0,NA
1901629_1,2023-01-04 23:46:09.435331,CLO,1901629.jpg,1901629,1,0,NA
1901972_1,2023-01-04 23:46:08.888474,CLO,1901972.jpg,1901972,1,0,NA
1901986_1,2023-01-04 23:46:08.341587,CLO,1901986.jpg,1901986,1,0,NA
1902028_1,2023-01-04 23:46:07.794729,CLO,1902028.jpg,1902028,1,0,NA
1902044_1,2023-01-04 23:46:07.264046,CLO,1902044.jpg,1902044,1,0,NA
1902069_1,2023-01-04 23:46:06.763468,CLO,1902069.jpg,1902069,1,0,NA
1902151_1,2023-01-04 23:46:06.247842,CLO,1902151.jpg,1902151,1,0,NA
1902160_1,2023-01-04 23:46:05.701011,CLO,1902160.jpg,1902160,1,0,NA
1902165_1,2023-01-04 23:46:05.138479,CLO,1902165.jpg,1902165,1,0,NA
1902173_1,2023-01-04 23:46:04.591606,CLO,1902173.jpg,1902173,1,0,NA
1902180_1,2023-01-04 23:46:03.997853,CLO,1902180.jpg,1902180,1,0,NA
1902195_1,2023-01-04 23:46:03.435349,CLO,1902195.jpg,1902195,1,0,NA
1902200_1,2023-01-04 23:46:02.435356,CLO,1902200.jpg,1902200,1,0,NA
1902210_1,2023-01-04 23:46:01.888499,CLO,1902210.jpg,1902210,1,0,NA
1902399_1,2023-01-04 23:46:01.341617,CLO,1902399.jpg,1902399,1,0,NA
1902430_1,2023-01-04 23:46:00.341616,CLO,1902430.jpg,1902430,1,0,NA
1902463_1,2023-01-04 23:45:59.779123,CLO,1902463.jpg,1902463,1,0,NA
1902464_1,2023-01-04 23:45:59.232256,CLO,1902464.jpg,1902464,1,0,NA
1902466_1,2023-01-04 23:45:58.669822,CLO,1902466.jpg,1902466,1,0,NA
1902473_1,2023-01-04 23:45:58.107263,CLO,1902473.jpg,1902473,1,0,NA
1902476_1,2023-01-04 23:45:57.576003,CLO,1902476.jpg,1902476,1,0,NA
1902480_1,2023-01-04 23:45:57.013510,CLO,1902480.jpg,1902480,1,0,NA
1902491_1,2023-01-04 23:45:56.451014,CLO,1902491.jpg,1902491,1,0,NA
1902622_1,2023-01-04 23:45:55.919743,CLO,1902622.jpg,1902622,1,0,NA
1902624_1,2023-01-04 23:45:55.404134,CLO,1902624.jpg,1902624,1,0,NA
1902638_1,2023-01-04 23:45:54.872902,CLO,1902638.jpg,1902638,1,0,NA
1902646_1,2023-01-04 23:45:54.357258,CLO,1902646.jpg,1902646,1,0,NA
1902702_1,2023-01-04 23:45:53.310393,CLO,1902702.jpg,1902702,1,0,NA
1902715_1,2023-01-04 23:45:52.794775,CLO,1902715.jpg,1902715,1,0,NA
1902727_1,2023-01-04 23:45:52.279235,CLO,1902727.jpg,1902727,1,0,NA
1902761_1,2023-01-04 23:45:51.747897,CLO,1902761.jpg,1902761,1,0,NA
1902786_1,2023-01-04 23:45:51.232277,CLO,1902786.jpg,1902786,1,0,NA
1903019_1,2023-01-04 23:45:50.716659,CLO,1903019.jpg,1903019,1,0,NA
1903022_1,2023-01-04 23:45:50.185419,CLO,1903022.jpg,1903022,1,0,NA
1903023_1,2023-01-04 23:45:49.560408,CLO,1903023.jpg,1903023,1,0,NA
1903048_1,2023-01-04 23:45:49.013537,CLO,1903048.jpg,1903048,1,0,NA
1903051_1,2023-01-04 23:45:48.497915,CLO,1903051.jpg,1903051,1,0,NA
1903251_1,2023-01-04 23:45:47.935407,CLO,1903251.jpg,1903251,1,0,NA
1903452_1,2023-01-04 23:45:47.372915,CLO,1903452.jpg,1903452,1,0,NA
1903432_1,2023-01-04 23:45:46.826041,CLO,1903432.jpg,1903432,1,0,NA
1809652_1,2023-01-04 23:45:46.091656,CLO,1809652.jpg,1809652,1,0,NA
1811882_1,2023-01-04 23:45:45.560510,CLO,1811882.jpg,1811882,1,0,NA
1805698_1,2023-01-04 23:45:45.185426,CLO,1805698.jpg,1805698,1,0,NA
1812008_1,2023-01-04 23:45:44.638554,CLO,1812008.jpg,1812008,1,0,NA
1812324_1,2023-01-04 23:45:44.107300,CLO,1812324.jpg,1812324,1,0,NA
1902718_1,2023-01-04 23:45:43.560428,CLO,1902718.jpg,1902718,1,0,NA
1901076_1,2023-01-04 23:45:43.185439,CLO,1901076.jpg,1901076,1,0,NA
1902716_1,2023-01-04 23:45:42.669821,CLO,1902716.jpg,1902716,1,0,NA
1901231_1,2023-01-04 23:45:42.279199,CLO,1901231.jpg,1901231,1,0,NA
1901307_1,2023-01-04 23:45:41.701083,CLO,1901307.jpg,1901307,1,0,NA
1901579_1,2023-01-04 23:45:41.185439,CLO,1901579.jpg,1901579,1,0,NA
1901445_1,2023-01-04 23:45:40.638567,CLO,1901445.jpg,1901445,1,0,NA
1901640_1,2023-01-04 23:45:40.122932,CLO,1901640.jpg,1901640,1,0,NA
1902016_1,2023-01-04 23:45:39.560447,CLO,1902016.jpg,1902016,1,0,NA
1901742_1,2023-01-04 23:45:38.935447,CLO,1901742.jpg,1901742,1,0,NA
1902054_1,2023-01-04 23:45:38.388557,CLO,1902054.jpg,1902054,1,0,NA
1902066_1,2023-01-04 23:45:37.841703,CLO,1902066.jpg,1902066,1,0,NA
1902194_1,2023-01-04 23:45:37.247960,CLO,1902194.jpg,1902194,1,0,NA
1902247_1,2023-01-04 23:45:36.701099,CLO,1902247.jpg,1902247,1,0,NA
1902250_1,2023-01-04 23:45:36.138584,CLO,1902250.jpg,1902250,1,0,NA
1902248_1,2023-01-04 23:45:35.591717,CLO,1902248.jpg,1902248,1,0,NA
1902366_1,2023-01-04 23:45:35.044855,CLO,1902366.jpg,1902366,1,0,NA
1902453_1,2023-01-04 23:45:34.451092,CLO,1902453.jpg,1902453,1,0,NA
1902454_1,2023-01-04 23:45:33.685468,CLO,1902454.jpg,1902454,1,0,NA
1902475_1,2023-01-04 23:45:32.716726,CLO,1902475.jpg,1902475,1,0,NA
1902515_1,2023-01-04 23:45:32.107348,CLO,1902515.jpg,1902515,1,0,NA
1902909_1,2023-01-04 23:45:31.451163,CLO,1902909.jpg,1902909,1,0,NA
1902972_1,2023-01-04 23:45:30.888600,CLO,1902972.jpg,1902972,1,0,NA
1902764_1,2023-01-04 23:45:30.263637,CLO,1902764.jpg,1902764,1,0,NA
1902767_1,2023-01-04 23:45:29.372985,CLO,1902767.jpg,1902767,1,0,NA
1902772_1,2023-01-04 23:45:28.419869,CLO,1902772.jpg,1902772,1,0,NA
1902773_1,2023-01-04 23:45:27.544887,CLO,1902773.jpg,1902773,1,0,NA
1902811_1,2023-01-04 23:45:26.591747,CLO,1902811.jpg,1902811,1,0,NA
1902853_1,2023-01-04 23:45:25.435502,CLO,1902853.jpg,1902853,1,0,NA
1902922_1,2023-01-04 23:45:24.919858,CLO,1902922.jpg,1902922,1,0,NA
1902939_1,2023-01-04 23:45:24.404276,CLO,1902939.jpg,1902939,1,0,NA
1902945_1,2023-01-04 23:45:23.841765,CLO,1902945.jpg,1902945,1,0,NA
1902975_1,2023-01-04 23:45:23.341759,CLO,1902975.jpg,1902975,1,0,NA
1902977_1,2023-01-04 23:45:22.810507,CLO,1902977.jpg,1902977,1,0,NA
1902982_1,2023-01-04 23:45:22.294881,CLO,1902982.jpg,1902982,1,0,NA
1903006_1,2023-01-04 23:45:21.779269,CLO,1903006.jpg,1903006,1,0,NA
1903062_1,2023-01-04 23:45:21.248014,CLO,1903062.jpg,1903062,1,0,NA
1903172_1,2023-01-04 23:45:20.732393,CLO,1903172.jpg,1903172,1,0,NA
1903594_1,2023-01-04 23:45:20.185522,CLO,1903594.jpg,1903594,1,0,NA
1608872_1,2023-01-04 23:45:19.607400,ACC,1608872.jpg,1608872,1,0,NA
1608631_1,2023-01-04 23:45:19.076284,ACC,1608631.jpg,1608631,1,0,NA
1807447_1,2023-01-04 23:45:18.498031,ACC,1807447.jpg,1807447,1,0,NA
1808771_1,2023-01-04 23:45:17.904263,ACC,1808771.jpg,1808771,1,0,NA
1808504_1,2023-01-04 23:45:17.388677,BEAUTY,1808504.jpg,1808504,1,0,NA
1810824_1,2023-01-04 23:45:16.873030,ACC,1810824.jpg,1810824,1,0,NA
1811866_1,2023-01-04 23:45:16.326174,ACC,1811866.jpg,1811866,1,0,NA
1900753_1,2023-01-04 23:45:15.794916,ACC,1900753.jpg,1900753,1,0,NA
1810835_1,2023-01-04 23:45:15.263694,ACC,1810835.jpg,1810835,1,0,NA
1901104_1,2023-01-04 23:45:14.701165,ACC,1901104.jpg,1901104,1,0,NA
1900826_1,2023-01-04 23:45:14.154287,JEW,1900826.jpg,1900826,1,0,NA
1901176_1,2023-01-04 23:45:13.591796,ACC,1901176.jpg,1901176,1,0,NA
1901353_1,2023-01-04 23:45:13.029304,CLO,1901353.jpg,1901353,1,0,NA
1901565_1,2023-01-04 23:45:12.466798,ACC,1901565.jpg,1901565,1,0,NA
1902106_1,2023-01-04 23:45:11.904308,CLO,1902106.jpg,1902106,1,0,NA
1902809_1,2023-01-04 23:45:11.357429,JEW,1902809.jpg,1902809,1,0,NA
1903163_1,2023-01-04 23:45:10.826191,JEW,1903163.jpg,1903163,1,0,NA
1903097_1,2023-01-04 23:45:10.107434,JEW,1903097.jpg,1903097,1,0,NA
1903244_1,2023-01-04 23:45:09.498061,ACC,1903244.jpg,1903244,1,0,NA
1903363_1,2023-01-04 23:45:08.966833,JEW,1903363.jpg,1903363,1,0,NA
1903245_1,2023-01-04 23:45:08.201201,ACC,1903245.jpg,1903245,1,0,NA
1903723_1,2023-01-04 23:45:07.654318,ACC,1903723.jpg,1903723,1,0,NA
1804986_1,2023-01-04 23:45:07.123059,ACC,1804986.jpg,1804986,1,0,NA
1811232_1,2023-01-04 23:45:06.607451,SHO,1811232.jpg,1811232,1,0,NA
1811304_1,2023-01-04 23:45:06.107445,SHO,1811304.jpg,1811304,1,0,NA
1811366_1,2023-01-04 23:45:05.076208,SHO,1811366.jpg,1811366,1,0,NA
1811367_1,2023-01-04 23:45:04.544959,SHO,1811367.jpg,1811367,1,0,NA
1811368_1,2023-01-04 23:45:04.013708,SHO,1811368.jpg,1811368,1,0,NA
1811370_1,2023-01-04 23:45:03.498096,SHO,1811370.jpg,1811370,1,0,NA
1811371_1,2023-01-04 23:45:02.951209,SHO,1811371.jpg,1811371,1,0,NA
1811381_1,2023-01-04 23:45:02.419966,SHO,1811381.jpg,1811381,1,0,NA
1811400_1,2023-01-04 23:45:01.904341,SHO,1811400.jpg,1811400,1,0,NA
1811401_1,2023-01-04 23:45:01.341849,SHO,1811401.jpg,1811401,1,0,NA
1811402_1,2023-01-04 23:45:00.826295,SHO,1811402.jpg,1811402,1,0,NA
1811403_1,2023-01-04 23:45:00.310597,SHO,1811403.jpg,1811403,1,0,NA
1811404_1,2023-01-04 23:44:59.748102,SHO,1811404.jpg,1811404,1,0,NA
1811406_1,2023-01-04 23:44:59.169978,SHO,1811406.jpg,1811406,1,0,NA
1811407_1,2023-01-04 23:44:58.654352,SHO,1811407.jpg,1811407,1,0,NA
1811408_1,2023-01-04 23:44:58.013741,SHO,1811408.jpg,1811408,1,0,NA
1811409_1,2023-01-04 23:44:57.466861,SHO,1811409.jpg,1811409,1,0,NA
1811410_1,2023-01-04 23:44:56.482486,SHO,1811410.jpg,1811410,1,0,NA
1811411_1,2023-01-04 23:44:55.982493,SHO,1811411.jpg,1811411,1,0,NA
1811412_1,2023-01-04 23:44:55.420052,SHO,1811412.jpg,1811412,1,0,NA
1811413_1,2023-01-04 23:44:54.841867,SHO,1811413.jpg,1811413,1,0,NA
1811416_1,2023-01-04 23:44:54.310632,SHO,1811416.jpg,1811416,1,0,NA
1811603_1,2023-01-04 23:44:53.763749,SHO,1811603.jpg,1811603,1,0,NA
1811604_1,2023-01-04 23:44:53.216884,SHO,1811604.jpg,1811604,1,0,NA
1811606_1,2023-01-04 23:44:52.623130,SHO,1811606.jpg,1811606,1,0,NA
1811905_1,2023-01-04 23:44:52.076316,SHO,1811905.jpg,1811905,1,0,NA
1811919_1,2023-01-04 23:44:51.451256,SHO,1811919.jpg,1811919,1,0,NA
1812089_1,2023-01-04 23:44:50.920082,SHO,1812089.jpg,1812089,1,0,NA
1903322_1,2023-01-04 23:44:50.310618,SHO,1903322.jpg,1903322,1,0,NA
1811414_1,2023-01-04 23:44:49.732507,SHO,1811414.jpg,1811414,1,0,NA
1900998_1,2023-01-04 23:44:49.185635,CLO,1900998.jpg,1900998,1,0,NA
1902584_1,2023-01-04 23:44:48.670011,CLO,1902584.jpg,1902584,1,0,NA
1902305_1,2023-01-04 23:44:48.185628,ACC,1902305.jpg,1902305,1,0,NA
1902585_1,2023-01-04 23:44:47.623145,CLO,1902585.jpg,1902585,1,0,NA
1902598_1,2023-01-04 23:44:47.091907,CLO,1902598.jpg,1902598,1,0,NA
1902628_1,2023-01-04 23:44:46.545029,CLO,1902628.jpg,1902628,1,0,NA
1902634_1,2023-01-04 23:44:45.576277,CLO,1902634.jpg,1902634,1,0,NA
1902633_1,2023-01-04 23:44:45.029499,CLO,1902633.jpg,1902633,1,0,NA
1902676_1,2023-01-04 23:44:44.451272,CLO,1902676.jpg,1902676,1,0,NA
1902681_1,2023-01-04 23:44:43.904399,CLO,1902681.jpg,1902681,1,0,NA
1902683_1,2023-01-04 23:44:43.373142,CLO,1902683.jpg,1902683,1,0,NA
1902688_1,2023-01-04 23:44:42.795029,CLO,1902688.jpg,1902688,1,0,NA
1902705_1,2023-01-04 23:44:42.248153,CLO,1902705.jpg,1902705,1,0,NA
1902738_1,2023-01-04 23:44:41.263965,CLO,1902738.jpg,1902738,1,0,NA
1811179_1,2023-01-04 23:44:40.888779,CLO,1811179.jpg,1811179,1,0,NA
1902740_1,2023-01-04 23:44:40.185658,CLO,1902740.jpg,1902740,1,0,NA
1902734_1,2023-01-04 23:44:39.685663,CLO,1902734.jpg,1902734,1,0,NA
1902745_1,2023-01-04 23:44:39.123163,CLO,1902745.jpg,1902745,1,0,NA
1902749_1,2023-01-04 23:44:38.513789,CLO,1902749.jpg,1902749,1,0,NA
1902751_1,2023-01-04 23:44:37.920039,CLO,1902751.jpg,1902751,1,0,NA
1902752_1,2023-01-04 23:44:37.373175,CLO,1902752.jpg,1902752,1,0,NA
1902755_1,2023-01-04 23:44:36.763799,CLO,1902755.jpg,1902755,1,0,NA
1902758_1,2023-01-04 23:44:36.216927,CLO,1902758.jpg,1902758,1,0,NA
1902759_1,2023-01-04 23:44:35.701314,CLO,1902759.jpg,1902759,1,0,NA
1902762_1,2023-01-04 23:44:35.154437,CLO,1902762.jpg,1902762,1,0,NA
1903232_1,2023-01-04 23:44:34.638831,CLO,1903232.jpg,1903232,1,0,NA
1903431_1,2023-01-04 23:44:34.107570,CLO,1903431.jpg,1903431,1,0,NA
1903018_1,2023-01-04 23:44:33.576331,CLO,1903018.jpg,1903018,1,0,NA
1903360_1,2023-01-04 23:44:33.013825,CLO,1903360.jpg,1903360,1,0,NA
1903304_1,2023-01-04 23:44:32.467008,CLO,1903304.jpg,1903304,1,0,NA
1903353_1,2023-01-04 23:44:31.935705,CLO,1903353.jpg,1903353,1,0,NA
1903514_1,2023-01-04 23:44:31.420086,CLO,1903514.jpg,1903514,1,0,NA
1903236_1,2023-01-04 23:44:30.857589,CLO,1903236.jpg,1903236,1,0,NA
1903542_1,2023-01-04 23:44:30.295162,CLO,1903542.jpg,1903542,1,0,NA
2011718_2,2023-01-04 23:44:29.717033,CLO,2011718.jpg,2011718,2,0,NA
1903597_1,2023-01-04 23:44:29.341966,CLO,1903597.jpg,1903597,1,0,NA
1903368_1,2023-01-04 23:44:28.795108,CLO,1903368.jpg,1903368,1,0,NA
1903306_1,2023-01-04 23:44:27.826346,CLO,1903306.jpg,1903306,1,0,NA
1903497_1,2023-01-04 23:44:27.248204,CLO,1903497.jpg,1903497,1,0,NA
1903595_1,2023-01-04 23:44:26.654480,CLO,1903595.jpg,1903595,1,0,NA
1903563_1,2023-01-04 23:44:26.091978,CLO,1903563.jpg,1903563,1,0,NA
1903564_1,2023-01-04 23:44:25.560735,CLO,1903564.jpg,1903564,1,0,NA
1903367_1,2023-01-04 23:44:25.013903,CLO,1903367.jpg,1903367,1,0,NA
1903546_1,2023-01-04 23:44:24.498233,CLO,1903546.jpg,1903546,1,0,NA
1903525_1,2023-01-04 23:44:23.966989,CLO,1903525.jpg,1903525,1,0,NA
1903553_1,2023-01-04 23:44:23.357625,CLO,1903553.jpg,1903553,1,0,NA
1903515_1,2023-01-04 23:44:22.826450,CLO,1903515.jpg,1903515,1,0,NA
1903593_1,2023-01-04 23:44:21.779512,CLO,1903593.jpg,1903593,1,0,NA
1811822_1,2023-01-04 23:44:21.248246,CLO,1811822.jpg,1811822,1,0,NA
1900301_1,2023-01-04 23:44:20.717018,CLO,1900301.jpg,1900301,1,0,NA
1901079_1,2023-01-04 23:44:20.201375,CLO,1901079.jpg,1901079,1,0,NA
1901385_1,2023-01-04 23:44:19.638891,CLO,1901385.jpg,1901385,1,0,NA
1901197_1,2023-01-04 23:44:19.107633,CLO,1901197.jpg,1901197,1,0,NA
1901524_1,2023-01-04 23:44:18.576382,CLO,1901524.jpg,1901524,1,0,NA
1901613_1,2023-01-04 23:44:18.060757,CLO,1901613.jpg,1901613,1,0,NA
1902148_1,2023-01-04 23:44:17.560765,CLO,1902148.jpg,1902148,1,0,NA
1902259_1,2023-01-04 23:44:16.967017,CLO,1902259.jpg,1902259,1,0,NA
1902370_1,2023-01-04 23:44:16.404518,CLO,1902370.jpg,1902370,1,0,NA
1902509_1,2023-01-04 23:44:15.857663,CLO,1902509.jpg,1902509,1,0,NA
1902623_1,2023-01-04 23:44:15.279546,CLO,1902623.jpg,1902623,1,0,NA
1902627_1,2023-01-04 23:44:14.748277,CLO,1902627.jpg,1902627,1,0,NA
1902629_1,2023-01-04 23:44:14.217036,CLO,1902629.jpg,1902629,1,0,NA
1902630_1,2023-01-04 23:44:13.685772,CLO,1902630.jpg,1902630,1,0,NA
1902631_1,2023-01-04 23:44:13.092037,CLO,1902631.jpg,1902631,1,0,NA
1902640_1,2023-01-04 23:44:12.545155,CLO,1902640.jpg,1902640,1,0,NA
1902674_1,2023-01-04 23:44:12.013965,CLO,1902674.jpg,1902674,1,0,NA
1902670_1,2023-01-04 23:44:11.451410,CLO,1902670.jpg,1902670,1,0,NA
1902685_1,2023-01-04 23:44:10.873292,CLO,1902685.jpg,1902685,1,0,NA
1902697_1,2023-01-04 23:44:10.342094,CLO,1902697.jpg,1902697,1,0,NA
1902728_1,2023-01-04 23:44:09.810837,CLO,1902728.jpg,1902728,1,0,NA
1901654_1,2023-01-04 23:44:09.279570,CLO,1901654.jpg,1901654,1,0,NA
1901661_1,2023-01-04 23:44:08.763918,CLO,1901661.jpg,1901661,1,0,NA
1901837_1,2023-01-04 23:44:08.232668,CLO,1901837.jpg,1901837,1,0,NA
1901838_1,2023-01-04 23:44:07.638925,CLO,1901838.jpg,1901838,1,0,NA
1901843_1,2023-01-04 23:44:07.092050,CLO,1901843.jpg,1901843,1,0,NA
1901847_1,2023-01-04 23:44:06.029559,CLO,1901847.jpg,1901847,1,0,NA
1902080_1,2023-01-04 23:44:05.482684,CLO,1902080.jpg,1902080,1,0,NA
1902081_1,2023-01-04 23:44:04.576453,CLO,1902081.jpg,1902081,1,0,NA
1902082_1,2023-01-04 23:44:04.045196,CLO,1902082.jpg,1902082,1,0,NA
1902431_1,2023-01-04 23:44:03.513938,CLO,1902431.jpg,1902431,1,0,NA
1902590_1,2023-01-04 23:44:02.982713,CLO,1902590.jpg,1902590,1,0,NA
1902660_1,2023-01-04 23:44:01.982700,CLO,1902660.jpg,1902660,1,0,NA
1902669_1,2023-01-04 23:44:01.467071,CLO,1902669.jpg,1902669,1,0,NA
1902671_1,2023-01-04 23:44:00.920205,CLO,1902671.jpg,1902671,1,0,NA
1902672_1,2023-01-04 23:44:00.404676,CLO,1902672.jpg,1902672,1,0,NA
1902678_1,2023-01-04 23:43:59.763952,CLO,1902678.jpg,1902678,1,0,NA
1902699_1,2023-01-04 23:43:59.217075,CLO,1902699.jpg,1902699,1,0,NA
1902709_1,2023-01-04 23:43:58.623331,CLO,1902709.jpg,1902709,1,0,NA
1902712_1,2023-01-04 23:43:58.060833,CLO,1902712.jpg,1902712,1,0,NA
1902714_1,2023-01-04 23:43:57.560833,CLO,1902714.jpg,1902714,1,0,NA
1902717_1,2023-01-04 23:43:57.060835,CLO,1902717.jpg,1902717,1,0,NA
1902719_1,2023-01-04 23:43:56.529595,CLO,1902719.jpg,1902719,1,0,NA
1703746_1,2023-01-04 23:43:55.951480,CLO,1703746.jpg,1703746,1,0,NA
1701520_1,2023-01-04 23:43:55.435839,CLO,1701520.jpg,1701520,1,0,NA
1800060_1,2023-01-04 23:43:55.045231,CLO,1800060.jpg,1800060,1,0,NA
1810113_1,2023-01-04 23:43:54.498349,CLO,1810113.jpg,1810113,1,0,NA
1812254_1,2023-01-04 23:43:53.467230,CLO,1812254.jpg,1812254,1,0,NA
1900237_1,2023-01-04 23:43:52.951464,CLO,1900237.jpg,1900237,1,0,NA
1900238_1,2023-01-04 23:43:52.404614,CLO,1900238.jpg,1900238,1,0,NA
1900251_1,2023-01-04 23:43:51.795232,CLO,1900251.jpg,1900251,1,0,NA
1900257_1,2023-01-04 23:43:51.248359,CLO,1900257.jpg,1900257,1,0,NA
1900258_1,2023-01-04 23:43:50.670238,CLO,1900258.jpg,1900258,1,0,NA
1901191_1,2023-01-04 23:43:50.092113,CLO,1901191.jpg,1901191,1,0,NA
1901277_1,2023-01-04 23:43:49.529615,CLO,1901277.jpg,1901277,1,0,NA
1901283_1,2023-01-04 23:43:48.951500,CLO,1901283.jpg,1901283,1,0,NA
1901287_1,2023-01-04 23:43:48.404620,CLO,1901287.jpg,1901287,1,0,NA
1901417_1,2023-01-04 23:43:47.873376,CLO,1901417.jpg,1901417,1,0,NA
1901457_1,2023-01-04 23:43:47.326565,CLO,1901457.jpg,1901457,1,0,NA
1901460_1,2023-01-04 23:43:46.748391,CLO,1901460.jpg,1901460,1,0,NA
1901469_1,2023-01-04 23:43:46.248385,CLO,1901469.jpg,1901469,1,0,NA
1902735_1,2023-01-04 23:43:45.639007,CLO,1902735.jpg,1902735,1,0,NA
1902737_1,2023-01-04 23:43:45.123381,CLO,1902737.jpg,1902737,1,0,NA
1902736_1,2023-01-04 23:43:44.170265,CLO,1902736.jpg,1902736,1,0,NA
1902739_1,2023-01-04 23:43:43.639014,CLO,1902739.jpg,1902739,1,0,NA
1902741_1,2023-01-04 23:43:43.060890,CLO,1902741.jpg,1902741,1,0,NA
1902744_1,2023-01-04 23:43:42.529648,CLO,1902744.jpg,1902744,1,0,NA
1902756_1,2023-01-04 23:43:41.967145,CLO,1902756.jpg,1902756,1,0,NA
1902905_1,2023-01-04 23:43:41.420275,CLO,1902905.jpg,1902905,1,0,NA
1902906_1,2023-01-04 23:43:40.873393,CLO,1902906.jpg,1902906,1,0,NA
1902916_1,2023-01-04 23:43:40.295300,CLO,1902916.jpg,1902916,1,0,NA
1902980_1,2023-01-04 23:43:39.717156,CLO,1902980.jpg,1902980,1,0,NA
1903024_1,2023-01-04 23:43:39.092139,CLO,1903024.jpg,1903024,1,0,NA
1903025_1,2023-01-04 23:43:38.545285,CLO,1903025.jpg,1903025,1,0,NA
1903055_1,2023-01-04 23:43:37.560910,CLO,1903055.jpg,1903055,1,0,NA
1903281_1,2023-01-04 23:43:37.029697,CLO,1903281.jpg,1903281,1,0,NA
1903237_1,2023-01-04 23:43:36.482791,CLO,1903237.jpg,1903237,1,0,NA
1903297_1,2023-01-04 23:43:35.967179,CLO,1903297.jpg,1903297,1,0,NA
1807439_1,2023-01-04 23:43:35.342177,ACC,1807439.jpg,1807439,1,0,NA
1810823_1,2023-01-04 23:43:34.748427,ACC,1810823.jpg,1810823,1,0,NA
1901934_1,2023-01-04 23:43:34.201565,BEAUTY,1901934.jpg,1901934,1,0,NA
1903243_1,2023-01-04 23:43:33.685945,ACC,1903243.jpg,1903243,1,0,NA
1903399_1,2023-01-04 23:43:32.904743,CLO,1903399.jpg,1903399,1,0,NA
1903443_1,2023-01-04 23:43:32.357810,CLO,1903443.jpg,1903443,1,0,NA
1903447_1,2023-01-04 23:43:31.748433,CLO,1903447.jpg,1903447,1,0,NA
1903476_1,2023-01-04 23:43:30.795328,CLO,1903476.jpg,1903476,1,0,NA
1903491_1,2023-01-04 23:43:30.248436,CLO,1903491.jpg,1903491,1,0,NA
1903540_1,2023-01-04 23:43:29.639068,CLO,1903540.jpg,1903540,1,0,NA
1903599_1,2023-01-04 23:43:29.107821,CLO,1903599.jpg,1903599,1,0,NA
1903601_1,2023-01-04 23:43:28.092196,CLO,1903601.jpg,1903601,1,0,NA
1903671_1,2023-01-04 23:43:27.498452,CLO,1903671.jpg,1903671,1,0,NA
1903673_1,2023-01-04 23:43:26.951644,CLO,1903673.jpg,1903673,1,0,NA
1903706_1,2023-01-04 23:43:26.185961,CLO,1903706.jpg,1903706,1,0,NA
1903902_1,2023-01-04 23:43:25.623452,CLO,1903902.jpg,1903902,1,0,NA
1903905_1,2023-01-04 23:43:25.060960,CLO,1903905.jpg,1903905,1,0,NA
1903908_1,2023-01-04 23:43:24.545344,CLO,1903908.jpg,1903908,1,0,NA
1808991_1,2023-01-04 23:43:24.014091,CLO,1808991.jpg,1808991,1,0,NA
1901075_1,2023-01-04 23:43:22.967241,CLO,1901075.jpg,1901075,1,0,NA
1901555_1,2023-01-04 23:43:22.451592,CLO,1901555.jpg,1901555,1,0,NA
1903846_1,2023-01-04 23:43:21.842223,CLO,1903846.jpg,1903846,1,0,NA
1904121_1,2023-01-04 23:43:21.342225,CLO,1904121.jpg,1904121,1,0,NA
1903726_1,2023-01-04 23:43:20.810976,ACC,1903726.jpg,1903726,1,0,NA
1812480_1,2023-01-04 23:43:20.279830,CLO,1812480.jpg,1812480,1,0,NA
1901406_1,2023-01-04 23:43:19.748483,CLO,1901406.jpg,1901406,1,0,NA
1901923_1,2023-01-04 23:43:19.201608,CLO,1901923.jpg,1901923,1,0,NA
1901924_1,2023-01-04 23:43:18.654794,CLO,1901924.jpg,1901924,1,0,NA
1902115_1,2023-01-04 23:43:18.123490,CLO,1902115.jpg,1902115,1,0,NA
1902147_1,2023-01-04 23:43:17.607867,CLO,1902147.jpg,1902147,1,0,NA
1902178_1,2023-01-04 23:43:17.014128,CLO,1902178.jpg,1902178,1,0,NA
1902287_1,2023-01-04 23:43:16.498498,CLO,1902287.jpg,1902287,1,0,NA
1902636_1,2023-01-04 23:43:15.951704,CLO,1902636.jpg,1902636,1,0,NA
1902639_1,2023-01-04 23:43:15.420374,CLO,1902639.jpg,1902639,1,0,NA
1902730_1,2023-01-04 23:43:14.811002,CLO,1902730.jpg,1902730,1,0,NA
1902915_1,2023-01-04 23:43:14.279774,CLO,1902915.jpg,1902915,1,0,NA
1902946_1,2023-01-04 23:43:13.748504,CLO,1902946.jpg,1902946,1,0,NA
1902947_1,2023-01-04 23:43:13.186049,CLO,1902947.jpg,1902947,1,0,NA
1902991_1,2023-01-04 23:43:12.686040,CLO,1902991.jpg,1902991,1,0,NA
1903271_1,2023-01-04 23:43:12.154764,CLO,1903271.jpg,1903271,1,0,NA
1903284_1,2023-01-04 23:43:11.576639,CLO,1903284.jpg,1903284,1,0,NA
1903303_1,2023-01-04 23:43:11.029771,CLO,1903303.jpg,1903303,1,0,NA
1903429_1,2023-01-04 23:43:10.451639,CLO,1903429.jpg,1903429,1,0,NA
1903457_1,2023-01-04 23:43:09.889146,CLO,1903457.jpg,1903457,1,0,NA
1903462_1,2023-01-04 23:43:09.342269,CLO,1903462.jpg,1903462,1,0,NA
1903463_1,2023-01-04 23:43:08.592274,CLO,1903463.jpg,1903463,1,0,NA
1903496_1,2023-01-04 23:43:08.045412,CLO,1903496.jpg,1903496,1,0,NA
1903507_1,2023-01-04 23:43:07.061034,CLO,1903507.jpg,1903507,1,0,NA
1903518_1,2023-01-04 23:43:06.420419,CLO,1903518.jpg,1903518,1,0,NA
1903520_1,2023-01-04 23:43:05.858050,CLO,1903520.jpg,1903520,1,0,NA
1903531_1,2023-01-04 23:43:05.311045,CLO,1903531.jpg,1903531,1,0,NA
1903543_1,2023-01-04 23:43:04.701646,CLO,1903543.jpg,1903543,1,0,NA
1903559_1,2023-01-04 23:43:04.139162,CLO,1903559.jpg,1903559,1,0,NA
1903578_1,2023-01-04 23:43:03.561088,CLO,1903578.jpg,1903578,1,0,NA
1903579_1,2023-01-04 23:43:03.014171,CLO,1903579.jpg,1903579,1,0,NA
1903580_1,2023-01-04 23:43:02.061066,CLO,1903580.jpg,1903580,1,0,NA
1903667_1,2023-01-04 23:43:01.545496,CLO,1903667.jpg,1903667,1,0,NA
1903841_1,2023-01-04 23:43:00.982928,CLO,1903841.jpg,1903841,1,0,NA
1903848_1,2023-01-04 23:43:00.420438,CLO,1903848.jpg,1903848,1,0,NA
1903851_1,2023-01-04 23:42:59.873558,CLO,1903851.jpg,1903851,1,0,NA
1906585_1,2023-01-04 23:42:59.482934,CLO,1906585.jpg,1906585,1,0,NA
1903897_1,2023-01-04 23:42:58.967294,CLO,1903897.jpg,1903897,1,0,NA
1903898_1,2023-01-04 23:42:58.436065,CLO,1903898.jpg,1903898,1,0,NA
1903900_1,2023-01-04 23:42:57.373569,CLO,1903900.jpg,1903900,1,0,NA
1903923_1,2023-01-04 23:42:56.779835,CLO,1903923.jpg,1903923,1,0,NA
1904033_1,2023-01-04 23:42:56.232944,CLO,1904033.jpg,1904033,1,0,NA
1707246_1,2023-01-04 23:42:55.217324,CLO,1707246.jpg,1707246,1,0,NA
1808220_1,2023-01-04 23:42:54.482952,CLO,1808220.jpg,1808220,1,0,NA
1809319_1,2023-01-04 23:42:53.889205,CLO,1809319.jpg,1809319,1,0,NA
1707129_1,2023-01-04 23:42:53.342334,CLO,1707129.jpg,1707129,1,0,NA
1603732_1,2023-01-04 23:42:52.967335,CLO,1603732.jpg,1603732,1,0,NA
1805739_1,2023-01-04 23:42:52.436085,CLO,1805739.jpg,1805739,1,0,NA
1611388_1,2023-01-04 23:42:52.061086,CLO,1611388.jpg,1611388,1,0,NA
1805265_1,2023-01-04 23:42:51.670464,CLO,1805265.jpg,1805265,1,0,NA
1801367_1,2023-01-04 23:42:51.295460,CLO,1801367.jpg,1801367,1,0,NA
1801757_1,2023-01-04 23:42:50.764221,CLO,1801757.jpg,1801757,1,0,NA
1803573_1,2023-01-04 23:42:50.248598,CLO,1803573.jpg,1803573,1,0,NA
1901006_1,2023-01-04 23:42:49.701722,CLO,1901006.jpg,1901006,1,0,NA
1902143_1,2023-01-04 23:42:49.154840,CLO,1902143.jpg,1902143,1,0,NA
1902934_1,2023-01-04 23:42:48.623590,CLO,1902934.jpg,1902934,1,0,NA
1903258_1,2023-01-04 23:42:48.092353,CLO,1903258.jpg,1903258,1,0,NA
1903521_1,2023-01-04 23:42:47.561107,CLO,1903521.jpg,1903521,1,0,NA
1903622_1,2023-01-04 23:42:47.029870,CLO,1903622.jpg,1903622,1,0,NA
1903843_1,2023-01-04 23:42:46.482983,CLO,1903843.jpg,1903843,1,0,NA
1903861_1,2023-01-04 23:42:45.889246,CLO,1903861.jpg,1903861,1,0,NA
1903895_1,2023-01-04 23:42:45.373614,CLO,1903895.jpg,1903895,1,0,NA
1904036_1,2023-01-04 23:42:44.842369,CLO,1904036.jpg,1904036,1,0,NA
1904107_1,2023-01-04 23:42:44.201753,CLO,1904107.jpg,1904107,1,0,NA
1904140_1,2023-01-04 23:42:43.717368,CLO,1904140.jpg,1904140,1,0,NA
1904147_1,2023-01-04 23:42:43.186122,CLO,1904147.jpg,1904147,1,0,NA
1904154_1,2023-01-04 23:42:42.654905,CLO,1904154.jpg,1904154,1,0,NA
1904163_1,2023-01-04 23:42:41.795501,CLO,1904163.jpg,1904163,1,0,NA
1901946_1,2023-01-04 23:42:41.264286,SHO,1901946.jpg,1901946,1,0,NA
1902879_1,2023-01-04 23:42:40.592383,SHO,1902879.jpg,1902879,1,0,NA
1902883_1,2023-01-04 23:42:40.076761,SHO,1902883.jpg,1902883,1,0,NA
1902884_1,2023-01-04 23:42:39.529887,SHO,1902884.jpg,1902884,1,0,NA
1902892_1,2023-01-04 23:42:38.967379,SHO,1902892.jpg,1902892,1,0,NA
1902895_1,2023-01-04 23:42:38.373641,SHO,1902895.jpg,1902895,1,0,NA
1902902_1,2023-01-04 23:42:37.826769,SHO,1902902.jpg,1902902,1,0,NA
1903397_1,2023-01-04 23:42:37.264269,SHO,1903397.jpg,1903397,1,0,NA
1806281_1,2023-01-04 23:42:36.701827,SHO,1806281.jpg,1806281,1,0,NA
1901461_1,2023-01-04 23:42:36.092407,SHO,1901461.jpg,1901461,1,0,NA
1812299_1,2023-01-04 23:42:35.514275,SHO,1812299.jpg,1812299,1,0,NA
1812300_1,2023-01-04 23:42:34.483032,SHO,1812300.jpg,1812300,1,0,NA
1901488_1,2023-01-04 23:42:33.873699,SHO,1901488.jpg,1901488,1,0,NA
1811534_1,2023-01-04 23:42:33.326788,SHO,1811534.jpg,1811534,1,0,NA
1900997_1,2023-01-04 23:42:32.779922,ACC,1900997.jpg,1900997,1,0,NA
1904780_1,2023-01-04 23:42:32.389285,ACC,1904780.jpg,1904780,1,0,NA
1803016_1,2023-01-04 23:42:31.764292,JEW,1803016.jpg,1803016,1,0,NA
1807591_1,2023-01-04 23:42:31.217411,ACC,1807591.jpg,1807591,1,0,NA
1810620_1,2023-01-04 23:42:30.717434,BEAUTY,1810620.jpg,1810620,1,0,NA
1810829_1,2023-01-04 23:42:30.186172,ACC,1810829.jpg,1810829,1,0,NA
1900859_1,2023-01-04 23:42:29.592421,ACC,1900859.jpg,1900859,1,0,NA
1902122_1,2023-01-04 23:42:29.061182,ACC,1902122.jpg,1902122,1,0,NA
1902126_1,2023-01-04 23:42:28.514313,ACC,1902126.jpg,1902126,1,0,NA
1705544_1,2023-01-04 23:42:27.936186,CLO,1705544.jpg,1705544,1,0,NA
1809193_1,2023-01-04 23:42:26.998684,CLO,1809193.jpg,1809193,1,0,NA
1901621_1,2023-01-04 23:42:25.983061,CLO,1901621.jpg,1901621,1,0,NA
1903262_1,2023-01-04 23:42:25.420578,CLO,1903262.jpg,1903262,1,0,NA
1906202_1,2023-01-04 23:42:24.842436,CLO,1906202.jpg,1906202,1,0,NA
1903524_1,2023-01-04 23:42:24.436203,CLO,1903524.jpg,1903524,1,0,NA
1901679_1,2023-01-04 23:42:23.904948,BEAUTY,1901679.jpg,1901679,1,0,NA
1901370_1,2023-01-04 23:42:23.311199,ACC,1901370.jpg,1901370,1,0,NA
1901684_1,2023-01-04 23:42:22.748698,BEAUTY,1901684.jpg,1901684,1,0,NA
1901812_1,2023-01-04 23:42:22.123712,ACC,1901812.jpg,1901812,1,0,NA
1902125_1,2023-01-04 23:42:21.608077,ACC,1902125.jpg,1902125,1,0,NA
1901826_1,2023-01-04 23:42:21.061264,BEAUTY,1901826.jpg,1901826,1,0,NA
1901710_1,2023-01-04 23:42:20.498709,CLO,1901710.jpg,1901710,1,0,NA
1903423_1,2023-01-04 23:42:20.123727,CLO,1903423.jpg,1903423,1,0,NA
1905371_1,2023-01-04 23:42:19.592458,BEAUTY,1905371.jpg,1905371,1,0,NA
1905373_1,2023-01-04 23:42:18.998715,BEAUTY,1905373.jpg,1905373,1,0,NA
1905375_1,2023-01-04 23:42:18.483092,BEAUTY,1905375.jpg,1905375,1,0,NA
1807090_1,2023-01-04 23:42:17.936217,BEAUTY,1807090.jpg,1807090,1,0,NA
1811863_1,2023-01-04 23:42:17.389348,CLO,1811863.jpg,1811863,1,0,NA
1902713_1,2023-01-04 23:42:17.014360,CLO,1902713.jpg,1902713,1,0,NA
1812475_1,2023-01-04 23:42:16.061215,CLO,1812475.jpg,1812475,1,0,NA
1901007_1,2023-01-04 23:42:15.498739,CLO,1901007.jpg,1901007,1,0,NA
1901248_1,2023-01-04 23:42:14.967478,CLO,1901248.jpg,1901248,1,0,NA
1901390_1,2023-01-04 23:42:14.436230,CLO,1901390.jpg,1901390,1,0,NA
1901419_1,2023-01-04 23:42:13.904982,CLO,1901419.jpg,1901419,1,0,NA
1901942_1,2023-01-04 23:42:13.326863,CLO,1901942.jpg,1901942,1,0,NA
1901973_1,2023-01-04 23:42:12.529981,CLO,1901973.jpg,1901973,1,0,NA
1902145_1,2023-01-04 23:42:12.014370,CLO,1902145.jpg,1902145,1,0,NA
1902175_1,2023-01-04 23:42:11.467491,CLO,1902175.jpg,1902175,1,0,NA
1906881_1,2023-01-04 23:42:10.951881,CLO,1906881.jpg,1906881,1,0,NA
1902183_1,2023-01-04 23:42:10.545623,CLO,1902183.jpg,1902183,1,0,NA
1902369_1,2023-01-04 23:42:09.967503,CLO,1902369.jpg,1902369,1,0,NA
1902589_1,2023-01-04 23:42:09.045639,CLO,1902589.jpg,1902589,1,0,NA
1902616_1,2023-01-04 23:42:08.483128,CLO,1902616.jpg,1902616,1,0,NA
1902720_1,2023-01-04 23:42:07.951941,CLO,1902720.jpg,1902720,1,0,NA
1902725_1,2023-01-04 23:42:07.358130,CLO,1902725.jpg,1902725,1,0,NA
1902746_1,2023-01-04 23:42:06.842593,CLO,1902746.jpg,1902746,1,0,NA
1807942_1,2023-01-04 23:42:06.311263,JEW,1807942.jpg,1807942,1,0,NA
1902306_1,2023-01-04 23:42:05.733139,ACC,1902306.jpg,1902306,1,0,NA
1903067_1,2023-01-04 23:42:05.342595,ACC,1903067.jpg,1903067,1,0,NA
1904002_1,2023-01-04 23:42:04.795647,ACC,1904002.jpg,1904002,1,0,NA
1607610_1,2023-01-04 23:42:04.248774,JEW,1607610.jpg,1607610,1,0,NA
1508205_1,2023-01-04 23:42:03.201903,BEAUTY,1508205.jpg,1508205,1,0,NA
1609647_1,2023-01-04 23:42:02.686275,BEAUTY,1609647.jpg,1609647,1,0,NA
2002339_2,2023-01-04 23:42:02.264421,BEAUTY,2002339.jpg,2002339,2,0,NA
1804544_1,2023-01-04 23:42:01.733135,ACC,1804544.jpg,1804544,1,0,NA
1805508_1,2023-01-04 23:42:01.170665,BEAUTY,1805508.jpg,1805508,1,0,NA
1907250_1,2023-01-04 23:42:00.795661,BEAUTY,1907250.jpg,1907250,1,0,NA
1902923_1,2023-01-04 23:42:00.264421,CLO,1902923.jpg,1902923,1,0,NA
1902859_1,2023-01-04 23:41:59.733163,CLO,1902859.jpg,1902859,1,0,NA
1902941_1,2023-01-04 23:41:59.201916,CLO,1902941.jpg,1902941,1,0,NA
1903030_1,2023-01-04 23:41:58.592549,CLO,1903030.jpg,1903030,1,0,NA
1903043_1,2023-01-04 23:41:57.998798,CLO,1903043.jpg,1903043,1,0,NA
1903249_1,2023-01-04 23:41:57.405027,CLO,1903249.jpg,1903249,1,0,NA
1903267_1,2023-01-04 23:41:56.811294,CLO,1903267.jpg,1903267,1,0,NA
1903309_1,2023-01-04 23:41:56.248802,CLO,1903309.jpg,1903309,1,0,NA
1903312_1,2023-01-04 23:41:55.655051,CLO,1903312.jpg,1903312,1,0,NA
1903333_1,2023-01-04 23:41:55.076936,CLO,1903333.jpg,1903333,1,0,NA
1903472_1,2023-01-04 23:41:54.530140,CLO,1903472.jpg,1903472,1,0,NA
1903490_1,2023-01-04 23:41:53.967554,CLO,1903490.jpg,1903490,1,0,NA
1903495_1,2023-01-04 23:41:53.451942,CLO,1903495.jpg,1903495,1,0,NA
1903505_1,2023-01-04 23:41:52.889437,CLO,1903505.jpg,1903505,1,0,NA
1903509_1,2023-01-04 23:41:52.342547,CLO,1903509.jpg,1903509,1,0,NA
1903510_1,2023-01-04 23:41:51.717570,CLO,1903510.jpg,1903510,1,0,NA
1903589_1,2023-01-04 23:41:51.186320,CLO,1903589.jpg,1903589,1,0,NA
1903712_1,2023-01-04 23:41:50.639446,CLO,1903712.jpg,1903712,1,0,NA
1903815_1,2023-01-04 23:41:50.108205,CLO,1903815.jpg,1903815,1,0,NA
1903855_1,2023-01-04 23:41:49.592696,CLO,1903855.jpg,1903855,1,0,NA
1903863_1,2023-01-04 23:41:49.014449,CLO,1903863.jpg,1903863,1,0,NA
1903870_1,2023-01-04 23:41:48.389459,CLO,1903870.jpg,1903870,1,0,NA
1903873_1,2023-01-04 23:41:47.842638,CLO,1903873.jpg,1903873,1,0,NA
1903874_1,2023-01-04 23:41:47.280160,CLO,1903874.jpg,1903874,1,0,NA
1904128_1,2023-01-04 23:41:46.655080,CLO,1904128.jpg,1904128,1,0,NA
1902703_1,2023-01-04 23:41:45.701968,SHO,1902703.jpg,1902703,1,0,NA
1902872_1,2023-01-04 23:41:44.748842,SHO,1902872.jpg,1902872,1,0,NA
1902873_1,2023-01-04 23:41:44.186403,SHO,1902873.jpg,1902873,1,0,NA
1902874_1,2023-01-04 23:41:43.623847,SHO,1902874.jpg,1902874,1,0,NA
1902875_1,2023-01-04 23:41:43.092604,SHO,1902875.jpg,1902875,1,0,NA
1904035_1,2023-01-04 23:41:42.076980,SHO,1904035.jpg,1904035,1,0,NA
1904157_1,2023-01-04 23:41:41.014482,SHO,1904157.jpg,1904157,1,0,NA
1904178_1,2023-01-04 23:41:40.483236,SHO,1904178.jpg,1904178,1,0,NA
1809907_1,2023-01-04 23:41:39.889478,CLO,1809907.jpg,1809907,1,0,NA
1903311_1,2023-01-04 23:41:39.483238,CLO,1903311.jpg,1903311,1,0,NA
1903910_1,2023-01-04 23:41:38.889491,ACC,1903910.jpg,1903910,1,0,NA
1903911_1,2023-01-04 23:41:38.327001,ACC,1903911.jpg,1903911,1,0,NA
1903912_1,2023-01-04 23:41:37.764512,ACC,1903912.jpg,1903912,1,0,NA
1903913_1,2023-01-04 23:41:37.156200,ACC,1903913.jpg,1903913,1,0,NA
1903935_1,2023-01-04 23:41:36.561389,CLO,1903935.jpg,1903935,1,0,NA
1903947_1,2023-01-04 23:41:35.967628,CLO,1903947.jpg,1903947,1,0,NA
1903948_1,2023-01-04 23:41:34.952011,CLO,1903948.jpg,1903948,1,0,NA
1903949_1,2023-01-04 23:41:34.436388,CLO,1903949.jpg,1903949,1,0,NA
1903950_1,2023-01-04 23:41:33.452027,CLO,1903950.jpg,1903950,1,0,NA
1903951_1,2023-01-04 23:41:32.889515,CLO,1903951.jpg,1903951,1,0,NA
1903952_1,2023-01-04 23:41:32.327002,CLO,1903952.jpg,1903952,1,0,NA
1904080_1,2023-01-04 23:41:31.717651,CLO,1904080.jpg,1904080,1,0,NA
1904096_1,2023-01-04 23:41:31.123904,CLO,1904096.jpg,1904096,1,0,NA
1904094_1,2023-01-04 23:41:30.592654,CLO,1904094.jpg,1904094,1,0,NA
1904105_1,2023-01-04 23:41:30.077051,CLO,1904105.jpg,1904105,1,0,NA
1904153_1,2023-01-04 23:41:29.514643,CLO,1904153.jpg,1904153,1,0,NA
1904640_1,2023-01-04 23:41:28.920779,CLO,1904640.jpg,1904640,1,0,NA
1904728_1,2023-01-04 23:41:28.358282,CLO,1904728.jpg,1904728,1,0,NA
1904772_1,2023-01-04 23:41:27.811410,CLO,1904772.jpg,1904772,1,0,NA
1901196_1,2023-01-04 23:41:27.248912,CLO,1901196.jpg,1901196,1,0,NA
1907098_1,2023-01-04 23:41:26.858301,CLO,1907098.jpg,1907098,1,0,NA
1901205_1,2023-01-04 23:41:26.264560,CLO,1901205.jpg,1901205,1,0,NA
1902511_1,2023-01-04 23:41:25.686548,CLO,1902511.jpg,1902511,1,0,NA
1902518_1,2023-01-04 23:41:24.655185,CLO,1902518.jpg,1902518,1,0,NA
1902520_1,2023-01-04 23:41:23.655176,CLO,1902520.jpg,1902520,1,0,NA
1902522_1,2023-01-04 23:41:23.139555,CLO,1902522.jpg,1902522,1,0,NA
1902523_1,2023-01-04 23:41:22.608318,CLO,1902523.jpg,1902523,1,0,NA
1902526_1,2023-01-04 23:41:22.061433,CLO,1902526.jpg,1902526,1,0,NA
1902525_1,2023-01-04 23:41:21.514563,CLO,1902525.jpg,1902525,1,0,NA
1902527_1,2023-01-04 23:41:20.936439,CLO,1902527.jpg,1902527,1,0,NA
1902528_1,2023-01-04 23:41:20.373934,CLO,1902528.jpg,1902528,1,0,NA
1902625_1,2023-01-04 23:41:19.827077,CLO,1902625.jpg,1902625,1,0,NA
1902635_1,2023-01-04 23:41:19.327069,CLO,1902635.jpg,1902635,1,0,NA
1902654_1,2023-01-04 23:41:18.702080,CLO,1902654.jpg,1902654,1,0,NA
1902662_1,2023-01-04 23:41:18.139574,CLO,1902662.jpg,1902662,1,0,NA
1902694_1,2023-01-04 23:41:17.608323,CLO,1902694.jpg,1902694,1,0,NA
1902814_1,2023-01-04 23:41:16.733331,CLO,1902814.jpg,1902814,1,0,NA
1903269_1,2023-01-04 23:41:16.170837,CLO,1903269.jpg,1903269,1,0,NA
1903039_1,2023-01-04 23:41:15.577089,CLO,1903039.jpg,1903039,1,0,NA
1903274_1,2023-01-04 23:41:15.045839,CLO,1903274.jpg,1903274,1,0,NA
1903275_1,2023-01-04 23:41:14.483339,CLO,1903275.jpg,1903275,1,0,NA
1903277_1,2023-01-04 23:41:13.952087,CLO,1903277.jpg,1903277,1,0,NA
1903278_1,2023-01-04 23:41:13.389591,CLO,1903278.jpg,1903278,1,0,NA
1903279_1,2023-01-04 23:41:12.795845,CLO,1903279.jpg,1903279,1,0,NA
1903310_1,2023-01-04 23:41:11.639597,CLO,1903310.jpg,1903310,1,0,NA
1903806_1,2023-01-04 23:41:10.983363,CLO,1903806.jpg,1903806,1,0,NA
1903982_1,2023-01-04 23:41:10.358351,CLO,1903982.jpg,1903982,1,0,NA
1903985_1,2023-01-04 23:41:09.842727,CLO,1903985.jpg,1903985,1,0,NA
1904037_1,2023-01-04 23:41:09.342742,CLO,1904037.jpg,1904037,1,0,NA
1904040_1,2023-01-04 23:41:08.764594,CLO,1904040.jpg,1904040,1,0,NA
1904051_1,2023-01-04 23:41:08.217755,CLO,1904051.jpg,1904051,1,0,NA
1904067_1,2023-01-04 23:41:07.670858,CLO,1904067.jpg,1904067,1,0,NA
1904072_1,2023-01-04 23:41:06.858366,CLO,1904072.jpg,1904072,1,0,NA
1904076_1,2023-01-04 23:41:06.327133,CLO,1904076.jpg,1904076,1,0,NA
1807820_1,2023-01-04 23:41:05.717769,ACC,1807820.jpg,1807820,1,0,NA
1900783_1,2023-01-04 23:41:05.139687,BEAUTY,1900783.jpg,1900783,1,0,NA
1901713_1,2023-01-04 23:41:04.623996,BEAUTY,1901713.jpg,1901713,1,0,NA
1902658_1,2023-01-04 23:41:04.045876,ACC,1902658.jpg,1902658,1,0,NA
1902659_1,2023-01-04 23:41:03.030259,ACC,1902659.jpg,1902659,1,0,NA
1903075_1,2023-01-04 23:41:02.452142,ACC,1903075.jpg,1903075,1,0,NA
1903112_1,2023-01-04 23:41:01.858381,ACC,1903112.jpg,1903112,1,0,NA
1903113_1,2023-01-04 23:41:01.186515,ACC,1903113.jpg,1903113,1,0,NA
1903085_1,2023-01-04 23:41:00.655279,ACC,1903085.jpg,1903085,1,0,NA
1903115_1,2023-01-04 23:41:00.045897,ACC,1903115.jpg,1903115,1,0,NA
1606505_1,2023-01-04 23:40:59.030274,CLO,1606505.jpg,1606505,1,0,NA
1805134_1,2023-01-04 23:40:57.952146,CLO,1805134.jpg,1805134,1,0,NA
1806669_1,2023-01-04 23:40:57.420910,CLO,1806669.jpg,1806669,1,0,NA
1806725_1,2023-01-04 23:40:56.842761,CLO,1806725.jpg,1806725,1,0,NA
1808431_1,2023-01-04 23:40:56.358430,CLO,1808431.jpg,1808431,1,0,NA
1808623_1,2023-01-04 23:40:55.764662,CLO,1808623.jpg,1808623,1,0,NA
1809954_1,2023-01-04 23:40:55.217783,CLO,1809954.jpg,1809954,1,0,NA
1810844_1,2023-01-04 23:40:54.405288,CLO,1810844.jpg,1810844,1,0,NA
1902107_1,2023-01-04 23:40:53.842790,CLO,1902107.jpg,1902107,1,0,NA
1902108_1,2023-01-04 23:40:53.295916,CLO,1902108.jpg,1902108,1,0,NA
1902679_1,2023-01-04 23:40:52.608421,CLO,1902679.jpg,1902679,1,0,NA
1902723_1,2023-01-04 23:40:51.905360,CLO,1902723.jpg,1902723,1,0,NA
1902724_1,2023-01-04 23:40:51.389672,CLO,1902724.jpg,1902724,1,0,NA
1903771_1,2023-01-04 23:40:50.842812,CLO,1903771.jpg,1903771,1,0,NA
1903772_1,2023-01-04 23:40:50.327183,CLO,1903772.jpg,1903772,1,0,NA
1903811_1,2023-01-04 23:40:49.608433,CLO,1903811.jpg,1903811,1,0,NA
1903922_1,2023-01-04 23:40:48.905312,CLO,1903922.jpg,1903922,1,0,NA
1904092_1,2023-01-04 23:40:48.217826,CLO,1904092.jpg,1904092,1,0,NA
1903823_1,2023-01-04 23:40:47.702188,CLO,1903823.jpg,1903823,1,0,NA
1808791_1,2023-01-04 23:40:47.139700,CLO,1808791.jpg,1808791,1,0,NA
1902928_1,2023-01-04 23:40:46.639702,CLO,1902928.jpg,1902928,1,0,NA
1903917_1,2023-01-04 23:40:46.124068,CLO,1903917.jpg,1903917,1,0,NA
1903924_1,2023-01-04 23:40:45.624064,CLO,1903924.jpg,1903924,1,0,NA
1904086_1,2023-01-04 23:40:45.092824,CLO,1904086.jpg,1904086,1,0,NA
1905130_1,2023-01-04 23:40:44.545950,CLO,1905130.jpg,1905130,1,0,NA
1812337_1,2023-01-04 23:40:44.030329,CLO,1812337.jpg,1812337,1,0,NA
1902141_1,2023-01-04 23:40:43.499128,CLO,1902141.jpg,1902141,1,0,NA
1902158_1,2023-01-04 23:40:42.983456,CLO,1902158.jpg,1902158,1,0,NA
1902592_1,2023-01-04 23:40:42.467832,CLO,1902592.jpg,1902592,1,0,NA
1902593_1,2023-01-04 23:40:41.874085,CLO,1902593.jpg,1902593,1,0,NA
1902682_1,2023-01-04 23:40:41.311582,CLO,1902682.jpg,1902682,1,0,NA
1902753_1,2023-01-04 23:40:40.780343,CLO,1902753.jpg,1902753,1,0,NA
1903033_1,2023-01-04 23:40:40.233466,CLO,1903033.jpg,1903033,1,0,NA
1903034_1,2023-01-04 23:40:39.155352,CLO,1903034.jpg,1903034,1,0,NA
1903038_1,2023-01-04 23:40:38.608472,CLO,1903038.jpg,1903038,1,0,NA
1903210_1,2023-01-04 23:40:38.061599,CLO,1903210.jpg,1903210,1,0,NA
1903252_1,2023-01-04 23:40:37.561625,CLO,1903252.jpg,1903252,1,0,NA
1903295_1,2023-01-04 23:40:37.045977,CLO,1903295.jpg,1903295,1,0,NA
1903352_1,2023-01-04 23:40:36.061603,CLO,1903352.jpg,1903352,1,0,NA
1903344_1,2023-01-04 23:40:35.514734,CLO,1903344.jpg,1903344,1,0,NA
1903450_1,2023-01-04 23:40:34.999111,CLO,1903450.jpg,1903450,1,0,NA
1903459_1,2023-01-04 23:40:34.483473,CLO,1903459.jpg,1903459,1,0,NA
1700110_1,2023-01-04 23:40:33.936614,CLO,1700110.jpg,1700110,1,0,NA
1903487_1,2023-01-04 23:40:33.561639,CLO,1903487.jpg,1903487,1,0,NA
1903483_1,2023-01-04 23:40:33.030393,CLO,1903483.jpg,1903483,1,0,NA
1903493_1,2023-01-04 23:40:32.467870,CLO,1903493.jpg,1903493,1,0,NA
1903499_1,2023-01-04 23:40:31.936680,CLO,1903499.jpg,1903499,1,0,NA
1903511_1,2023-01-04 23:40:31.374125,CLO,1903511.jpg,1903511,1,0,NA
1903512_1,2023-01-04 23:40:30.842881,CLO,1903512.jpg,1903512,1,0,NA
1903549_1,2023-01-04 23:40:30.311643,CLO,1903549.jpg,1903549,1,0,NA
1903556_1,2023-01-04 23:40:29.764738,CLO,1903556.jpg,1903556,1,0,NA
1903621_1,2023-01-04 23:40:29.139760,CLO,1903621.jpg,1903621,1,0,NA
1903938_1,2023-01-04 23:40:28.608526,CLO,1903938.jpg,1903938,1,0,NA
1903941_1,2023-01-04 23:40:28.014834,CLO,1903941.jpg,1903941,1,0,NA
1904078_1,2023-01-04 23:40:27.436648,CLO,1904078.jpg,1904078,1,0,NA
1904084_1,2023-01-04 23:40:26.889772,CLO,1904084.jpg,1904084,1,0,NA
1904112_1,2023-01-04 23:40:26.186647,CLO,1904112.jpg,1904112,1,0,NA
1904158_1,2023-01-04 23:40:25.671024,CLO,1904158.jpg,1904158,1,0,NA
1904168_1,2023-01-04 23:40:24.827278,CLO,1904168.jpg,1904168,1,0,NA
1904173_1,2023-01-04 23:40:24.046031,CLO,1904173.jpg,1904173,1,0,NA
1904197_1,2023-01-04 23:40:23.514781,CLO,1904197.jpg,1904197,1,0,NA
1904174_1,2023-01-04 23:40:22.952285,CLO,1904174.jpg,1904174,1,0,NA
1904910_1,2023-01-04 23:40:22.436661,CLO,1904910.jpg,1904910,1,0,NA
1904914_1,2023-01-04 23:40:21.889785,CLO,1904914.jpg,1904914,1,0,NA
1904918_1,2023-01-04 23:40:21.374158,CLO,1904918.jpg,1904918,1,0,NA
1904931_1,2023-01-04 23:40:20.796042,CLO,1904931.jpg,1904931,1,0,NA
1905110_1,2023-01-04 23:40:20.280423,CLO,1905110.jpg,1905110,1,0,NA
1905177_1,2023-01-04 23:40:19.655404,CLO,1905177.jpg,1905177,1,0,NA
1905274_1,2023-01-04 23:40:19.092924,CLO,1905274.jpg,1905274,1,0,NA
1905277_1,2023-01-04 23:40:18.061683,CLO,1905277.jpg,1905277,1,0,NA
1905764_1,2023-01-04 23:40:17.546103,CLO,1905764.jpg,1905764,1,0,NA
1903644_1,2023-01-04 23:40:17.014828,CLO,1903644.jpg,1903644,1,0,NA
1903643_1,2023-01-04 23:40:16.499180,CLO,1903643.jpg,1903643,1,0,NA
1903720_1,2023-01-04 23:40:15.952312,CLO,1903720.jpg,1903720,1,0,NA
1903807_1,2023-01-04 23:40:15.436701,CLO,1903807.jpg,1903807,1,0,NA
1903810_1,2023-01-04 23:40:14.905437,CLO,1903810.jpg,1903810,1,0,NA
1903816_1,2023-01-04 23:40:14.374196,CLO,1903816.jpg,1903816,1,0,NA
1903845_1,2023-01-04 23:40:13.858568,CLO,1903845.jpg,1903845,1,0,NA
1903857_1,2023-01-04 23:40:13.092943,CLO,1903857.jpg,1903857,1,0,NA
1903881_1,2023-01-04 23:40:12.592947,CLO,1903881.jpg,1903881,1,0,NA
1902807_1,2023-01-04 23:40:12.046077,CLO,1902807.jpg,1902807,1,0,NA
1903907_1,2023-01-04 23:40:11.530452,BEAUTY,1903907.jpg,1903907,1,0,NA
1903975_1,2023-01-04 23:40:11.014832,BEAUTY,1903975.jpg,1903975,1,0,NA
1903976_1,2023-01-04 23:40:10.483651,BEAUTY,1903976.jpg,1903976,1,0,NA
1903977_1,2023-01-04 23:40:09.936716,BEAUTY,1903977.jpg,1903977,1,0,NA
1802510_1,2023-01-04 23:40:09.421067,JEW,1802510.jpg,1802510,1,0,NA
2218401_2,2023-01-04 23:40:08.842970,BEAUTY,2218401.jpg,2218401,2,0,NA
1808146_1,2023-01-04 23:40:08.311728,BEAUTY,1808146.jpg,1808146,1,0,NA
2218398_2,2023-01-04 23:40:07.796099,BEAUTY,2218398.jpg,2218398,2,0,NA
1600516_1,2023-01-04 23:40:07.405468,BEAUTY,1600516.jpg,1600516,1,0,NA
1709414_1,2023-01-04 23:40:06.874221,CLO,1709414.jpg,1709414,1,0,NA
1804874_1,2023-01-04 23:40:06.280488,CLO,1804874.jpg,1804874,1,0,NA
1805173_1,2023-01-04 23:40:05.780475,CLO,1805173.jpg,1805173,1,0,NA
1805332_1,2023-01-04 23:40:05.249226,CLO,1805332.jpg,1805332,1,0,NA
1805333_1,2023-01-04 23:40:04.686742,CLO,1805333.jpg,1805333,1,0,NA
1805529_1,2023-01-04 23:40:04.171133,CLO,1805529.jpg,1805529,1,0,NA
1805896_1,2023-01-04 23:40:03.639858,CLO,1805896.jpg,1805896,1,0,NA
1805980_1,2023-01-04 23:40:02.577364,CLO,1805980.jpg,1805980,1,0,NA
1806504_1,2023-01-04 23:40:02.061738,CLO,1806504.jpg,1806504,1,0,NA
1806566_1,2023-01-04 23:40:01.499238,CLO,1806566.jpg,1806566,1,0,NA
1806641_1,2023-01-04 23:40:00.936748,CLO,1806641.jpg,1806641,1,0,NA
1807891_1,2023-01-04 23:40:00.358621,CLO,1807891.jpg,1807891,1,0,NA
1808112_1,2023-01-04 23:39:59.780504,CLO,1808112.jpg,1808112,1,0,NA
1808429_1,2023-01-04 23:39:59.264877,CLO,1808429.jpg,1808429,1,0,NA
1808699_1,2023-01-04 23:39:58.686744,CLO,1808699.jpg,1808699,1,0,NA
1808441_1,2023-01-04 23:39:58.124248,CLO,1808441.jpg,1808441,1,0,NA
1808963_1,2023-01-04 23:39:57.577380,CLO,1808963.jpg,1808963,1,0,NA
1809065_1,2023-01-04 23:39:57.030523,CLO,1809065.jpg,1809065,1,0,NA
1809320_1,2023-01-04 23:39:56.483632,CLO,1809320.jpg,1809320,1,0,NA
1809350_1,2023-01-04 23:39:55.968017,CLO,1809350.jpg,1809350,1,0,NA
1809364_1,2023-01-04 23:39:55.421169,CLO,1809364.jpg,1809364,1,0,NA
1809456_1,2023-01-04 23:39:54.889889,CLO,1809456.jpg,1809456,1,0,NA
1809504_1,2023-01-04 23:39:54.374275,CLO,1809504.jpg,1809504,1,0,NA
1809890_1,2023-01-04 23:39:53.702393,CLO,1809890.jpg,1809890,1,0,NA
1809916_1,2023-01-04 23:39:53.124270,CLO,1809916.jpg,1809916,1,0,NA
1810011_1,2023-01-04 23:39:52.624280,CLO,1810011.jpg,1810011,1,0,NA
1810049_1,2023-01-04 23:39:52.108656,CLO,1810049.jpg,1810049,1,0,NA
1810074_1,2023-01-04 23:39:51.561759,CLO,1810074.jpg,1810074,1,0,NA
1810101_1,2023-01-04 23:39:51.030530,CLO,1810101.jpg,1810101,1,0,NA
1810115_1,2023-01-04 23:39:50.514910,CLO,1810115.jpg,1810115,1,0,NA
1810567_1,2023-01-04 23:39:49.983649,CLO,1810567.jpg,1810567,1,0,NA
1811266_1,2023-01-04 23:39:49.436789,CLO,1811266.jpg,1811266,1,0,NA
1811704_1,2023-01-04 23:39:48.921160,CLO,1811704.jpg,1811704,1,0,NA
1811677_1,2023-01-04 23:39:48.264911,CLO,1811677.jpg,1811677,1,0,NA
1812050_1,2023-01-04 23:39:47.718044,CLO,1812050.jpg,1812050,1,0,NA
1610927_1,2023-01-04 23:39:47.155587,SHO,1610927.jpg,1610927,1,0,NA
1808056_1,2023-01-04 23:39:46.780555,SHO,1808056.jpg,1808056,1,0,NA
1902706_1,2023-01-04 23:39:46.186935,SHO,1902706.jpg,1902706,1,0,NA
1902860_1,2023-01-04 23:39:45.671307,SHO,1902860.jpg,1902860,1,0,NA
1902866_1,2023-01-04 23:39:45.108689,SHO,1902866.jpg,1902866,1,0,NA
1902869_1,2023-01-04 23:39:44.124517,SHO,1902869.jpg,1902869,1,0,NA
1903354_1,2023-01-04 23:39:43.468143,SHO,1903354.jpg,1903354,1,0,NA
1903355_1,2023-01-04 23:39:42.764919,SHO,1903355.jpg,1903355,1,0,NA
1903356_1,2023-01-04 23:39:42.202424,SHO,1903356.jpg,1903356,1,0,NA
1903618_1,2023-01-04 23:39:41.624305,SHO,1903618.jpg,1903618,1,0,NA
1903619_1,2023-01-04 23:39:41.093098,SHO,1903619.jpg,1903619,1,0,NA
1905594_1,2023-01-04 23:39:40.546186,CLO,1905594.jpg,1905594,1,0,NA
1905774_1,2023-01-04 23:39:39.843069,CLO,1905774.jpg,1905774,1,0,NA
1902686_1,2023-01-04 23:39:38.765525,CLO,1902686.jpg,1902686,1,0,NA
1902774_1,2023-01-04 23:39:37.874455,CLO,1902774.jpg,1902774,1,0,NA
1902943_1,2023-01-04 23:39:37.343086,CLO,1902943.jpg,1902943,1,0,NA
1903430_1,2023-01-04 23:39:36.796227,CLO,1903430.jpg,1903430,1,0,NA
1903449_1,2023-01-04 23:39:36.249321,CLO,1903449.jpg,1903449,1,0,NA
1903451_1,2023-01-04 23:39:35.718092,CLO,1903451.jpg,1903451,1,0,NA
1903474_1,2023-01-04 23:39:35.139963,CLO,1903474.jpg,1903474,1,0,NA
1903536_1,2023-01-04 23:39:34.577472,CLO,1903536.jpg,1903536,1,0,NA
1903545_1,2023-01-04 23:39:34.046226,CLO,1903545.jpg,1903545,1,0,NA
1903586_1,2023-01-04 23:39:33.514963,CLO,1903586.jpg,1903586,1,0,NA
1903639_1,2023-01-04 23:39:32.577480,CLO,1903639.jpg,1903639,1,0,NA
1903721_1,2023-01-04 23:39:32.015068,CLO,1903721.jpg,1903721,1,0,NA
1903820_1,2023-01-04 23:39:31.514982,CLO,1903820.jpg,1903820,1,0,NA
1903836_1,2023-01-04 23:39:30.952571,CLO,1903836.jpg,1903836,1,0,NA
1903839_1,2023-01-04 23:39:30.421258,CLO,1903839.jpg,1903839,1,0,NA
1903842_1,2023-01-04 23:39:29.905697,CLO,1903842.jpg,1903842,1,0,NA
1903847_1,2023-01-04 23:39:29.358720,CLO,1903847.jpg,1903847,1,0,NA
1903877_1,2023-01-04 23:39:28.780602,CLO,1903877.jpg,1903877,1,0,NA
1903854_1,2023-01-04 23:39:28.233729,CLO,1903854.jpg,1903854,1,0,NA
1903883_1,2023-01-04 23:39:27.671257,CLO,1903883.jpg,1903883,1,0,NA
1904098_1,2023-01-04 23:39:27.124360,CLO,1904098.jpg,1904098,1,0,NA
1905459_1,2023-01-04 23:39:26.124401,CLO,1905459.jpg,1905459,1,0,NA
1903340_1,2023-01-04 23:39:25.593129,BEAUTY,1903340.jpg,1903340,1,0,NA
1903341_1,2023-01-04 23:39:25.093194,BEAUTY,1903341.jpg,1903341,1,0,NA
1903342_1,2023-01-04 23:39:24.593138,BEAUTY,1903342.jpg,1903342,1,0,NA
1812125_1,2023-01-04 23:39:24.093133,CLO,1812125.jpg,1812125,1,0,NA
1903533_1,2023-01-04 23:39:23.561883,CLO,1903533.jpg,1903533,1,0,NA
1903757_1,2023-01-04 23:39:23.030637,CLO,1903757.jpg,1903757,1,0,NA
1904749_1,2023-01-04 23:39:22.499387,CLO,1904749.jpg,1904749,1,0,NA
1904900_1,2023-01-04 23:39:21.983768,CLO,1904900.jpg,1904900,1,0,NA
1801471_1,2023-01-04 23:39:21.468141,CLO,1801471.jpg,1801471,1,0,NA
1903882_1,2023-01-04 23:39:20.968149,CLO,1903882.jpg,1903882,1,0,NA
1903891_1,2023-01-04 23:39:20.421301,CLO,1903891.jpg,1903891,1,0,NA
1903919_1,2023-01-04 23:39:19.827560,CLO,1903919.jpg,1903919,1,0,NA
1903920_1,2023-01-04 23:39:19.233790,CLO,1903920.jpg,1903920,1,0,NA
1903994_1,2023-01-04 23:39:18.686922,CLO,1903994.jpg,1903994,1,0,NA
1904068_1,2023-01-04 23:39:18.124657,CLO,1904068.jpg,1904068,1,0,NA
1904075_1,2023-01-04 23:39:17.483853,CLO,1904075.jpg,1904075,1,0,NA
1904143_1,2023-01-04 23:39:16.968163,CLO,1904143.jpg,1904143,1,0,NA
1904159_1,2023-01-04 23:39:16.452537,CLO,1904159.jpg,1904159,1,0,NA
1904162_1,2023-01-04 23:39:15.890148,CLO,1904162.jpg,1904162,1,0,NA
1904710_1,2023-01-04 23:39:15.296292,CLO,1904710.jpg,1904710,1,0,NA
1904751_1,2023-01-04 23:39:14.765045,CLO,1904751.jpg,1904751,1,0,NA
1904724_1,2023-01-04 23:39:14.249424,CLO,1904724.jpg,1904724,1,0,NA
1905457_1,2023-01-04 23:39:13.718173,CLO,1905457.jpg,1905457,1,0,NA
1905757_1,2023-01-04 23:39:13.124421,CLO,1905757.jpg,1905757,1,0,NA
1802011_1,2023-01-04 23:39:12.593176,SHO,1802011.jpg,1802011,1,0,NA
1902863_1,2023-01-04 23:39:12.030686,SHO,1902863.jpg,1902863,1,0,NA
1903070_1,2023-01-04 23:39:11.436950,SHO,1903070.jpg,1903070,1,0,NA
1905878_1,2023-01-04 23:39:10.780686,SHO,1905878.jpg,1905878,1,0,NA
1905879_1,2023-01-04 23:39:10.218181,SHO,1905879.jpg,1905879,1,0,NA
1604025_1,2023-01-04 23:39:09.561942,CLO,1604025.jpg,1604025,1,0,NA
1700651_1,2023-01-04 23:39:09.015059,CLO,1700651.jpg,1700651,1,0,NA
1610666_1,2023-01-04 23:39:08.640066,CLO,1610666.jpg,1610666,1,0,NA
1704592_1,2023-01-04 23:39:07.608805,CLO,1704592.jpg,1704592,1,0,NA
1604454_1,2023-01-04 23:37:53.515353,CLO,1604454.jpg,1604454,1,0,NA
1709917_1,2023-01-04 23:37:53.109105,CLO,1709917.jpg,1709917,1,0,NA
1705418_1,2023-01-04 23:37:52.734106,CLO,1705418.jpg,1705418,1,0,NA
1805655_1,2023-01-04 23:37:52.234111,CLO,1805655.jpg,1805655,1,0,NA
1805983_1,2023-01-04 23:37:51.655985,CLO,1805983.jpg,1805983,1,0,NA
1806466_1,2023-01-04 23:37:51.124750,CLO,1806466.jpg,1806466,1,0,NA
1809011_1,2023-01-04 23:37:50.515369,CLO,1809011.jpg,1809011,1,0,NA
1808626_1,2023-01-04 23:37:49.999898,CLO,1808626.jpg,1808626,1,0,NA
1809191_1,2023-01-04 23:37:49.374747,CLO,1809191.jpg,1809191,1,0,NA
1809425_1,2023-01-04 23:37:48.827883,CLO,1809425.jpg,1809425,1,0,NA
1810014_1,2023-01-04 23:37:48.265393,CLO,1810014.jpg,1810014,1,0,NA
1810096_1,2023-01-04 23:37:47.562246,CLO,1810096.jpg,1810096,1,0,NA
1810562_1,2023-01-04 23:37:47.046625,CLO,1810562.jpg,1810562,1,0,NA
1811857_1,2023-01-04 23:37:46.546632,CLO,1811857.jpg,1811857,1,0,NA
1903211_1,2023-01-04 23:37:46.046641,CLO,1903211.jpg,1903211,1,0,NA
1903471_1,2023-01-04 23:37:45.499738,CLO,1903471.jpg,1903471,1,0,NA
1903498_1,2023-01-04 23:37:44.968518,CLO,1903498.jpg,1903498,1,0,NA
1903519_1,2023-01-04 23:37:44.406015,CLO,1903519.jpg,1903519,1,0,NA
1903906_1,2023-01-04 23:37:43.640396,CLO,1903906.jpg,1903906,1,0,NA
1903914_1,2023-01-04 23:37:43.124771,CLO,1903914.jpg,1903914,1,0,NA
1904081_1,2023-01-04 23:37:42.593523,CLO,1904081.jpg,1904081,1,0,NA
1904087_1,2023-01-04 23:37:42.093544,CLO,1904087.jpg,1904087,1,0,NA
1904103_1,2023-01-04 23:37:41.577905,CLO,1904103.jpg,1904103,1,0,NA
1904703_1,2023-01-04 23:37:41.046657,CLO,1904703.jpg,1904703,1,0,NA
1905762_1,2023-01-04 23:37:40.515404,CLO,1905762.jpg,1905762,1,0,NA
1905907_1,2023-01-04 23:37:39.937264,CLO,1905907.jpg,1905907,1,0,NA
1905444_1,2023-01-04 23:37:39.312307,ACC,1905444.jpg,1905444,1,0,NA
1905426_1,2023-01-04 23:37:38.765412,ACC,1905426.jpg,1905426,1,0,NA
1905514_1,2023-01-04 23:37:38.218521,JEW,1905514.jpg,1905514,1,0,NA
1905544_1,2023-01-04 23:37:37.687355,JEW,1905544.jpg,1905544,1,0,NA
1905545_1,2023-01-04 23:37:37.109180,ACC,1905545.jpg,1905545,1,0,NA
1902116_1,2023-01-04 23:37:36.609169,CLO,1902116.jpg,1902116,1,0,NA
1902117_1,2023-01-04 23:37:35.624800,CLO,1902117.jpg,1902117,1,0,NA
1902118_1,2023-01-04 23:37:35.109171,CLO,1902118.jpg,1902118,1,0,NA
1902119_1,2023-01-04 23:37:34.046688,CLO,1902119.jpg,1902119,1,0,NA
1902120_1,2023-01-04 23:37:33.499824,CLO,1902120.jpg,1902120,1,0,NA
1902121_1,2023-01-04 23:37:32.984178,CLO,1902121.jpg,1902121,1,0,NA
1902129_1,2023-01-04 23:37:32.390441,CLO,1902129.jpg,1902129,1,0,NA
1902130_1,2023-01-04 23:37:31.843564,CLO,1902130.jpg,1902130,1,0,NA
1707834_1,2023-01-04 23:37:31.312313,CLO,1707834.jpg,1707834,1,0,NA
1708931_1,2023-01-04 23:37:30.781068,CLO,1708931.jpg,1708931,1,0,NA
1805614_1,2023-01-04 23:37:30.390458,CLO,1805614.jpg,1805614,1,0,NA
1805930_1,2023-01-04 23:37:30.015446,CLO,1805930.jpg,1805930,1,0,NA
1709093_1,2023-01-04 23:37:29.406069,CLO,1709093.jpg,1709093,1,0,NA
1709680_1,2023-01-04 23:37:28.859198,CLO,1709680.jpg,1709680,1,0,NA
1805676_1,2023-01-04 23:37:28.312325,CLO,1805676.jpg,1805676,1,0,NA
1709723_1,2023-01-04 23:37:27.937330,CLO,1709723.jpg,1709723,1,0,NA
1801426_1,2023-01-04 23:37:27.406086,CLO,1801426.jpg,1801426,1,0,NA
1803198_1,2023-01-04 23:37:26.890457,CLO,1803198.jpg,1803198,1,0,NA
1802176_1,2023-01-04 23:37:26.312346,CLO,1802176.jpg,1802176,1,0,NA
1804551_1,2023-01-04 23:37:25.937335,CLO,1804551.jpg,1804551,1,0,NA
1806610_1,2023-01-04 23:37:25.406075,CLO,1806610.jpg,1806610,1,0,NA
1808233_1,2023-01-04 23:37:24.890466,CLO,1808233.jpg,1808233,1,0,NA
1808280_1,2023-01-04 23:37:24.327980,CLO,1808280.jpg,1808280,1,0,NA
1808288_1,2023-01-04 23:37:23.749850,CLO,1808288.jpg,1808288,1,0,NA
1808433_1,2023-01-04 23:37:23.202977,CLO,1808433.jpg,1808433,1,0,NA
1808860_1,2023-01-04 23:37:22.671729,CLO,1808860.jpg,1808860,1,0,NA
1808871_1,2023-01-04 23:37:22.062349,CLO,1808871.jpg,1808871,1,0,NA
1808934_1,2023-01-04 23:37:21.515462,CLO,1808934.jpg,1808934,1,0,NA
1808959_1,2023-01-04 23:37:20.937355,CLO,1808959.jpg,1808959,1,0,NA
1808979_1,2023-01-04 23:37:20.406168,CLO,1808979.jpg,1808979,1,0,NA
1802244_1,2023-01-04 23:37:19.874839,CLO,1802244.jpg,1802244,1,0,NA
1705561_1,2023-01-04 23:37:19.499865,CLO,1705561.jpg,1705561,1,0,NA
1903858_1,2023-01-04 23:37:18.921813,CLO,1903858.jpg,1903858,1,0,NA
1903865_1,2023-01-04 23:37:18.406576,CLO,1903865.jpg,1903865,1,0,NA
1903928_1,2023-01-04 23:37:17.859240,CLO,1903928.jpg,1903928,1,0,NA
1904088_1,2023-01-04 23:37:17.343632,CLO,1904088.jpg,1904088,1,0,NA
1904141_1,2023-01-04 23:37:16.843614,CLO,1904141.jpg,1904141,1,0,NA
1904148_1,2023-01-04 23:37:16.312372,CLO,1904148.jpg,1904148,1,0,NA
1904705_1,2023-01-04 23:37:15.765499,CLO,1904705.jpg,1904705,1,0,NA
1904750_1,2023-01-04 23:37:15.234251,CLO,1904750.jpg,1904750,1,0,NA
1904773_1,2023-01-04 23:37:14.671755,CLO,1904773.jpg,1904773,1,0,NA
1905185_1,2023-01-04 23:37:14.124893,CLO,1905185.jpg,1905185,1,0,NA
1905251_1,2023-01-04 23:37:13.578017,CLO,1905251.jpg,1905251,1,0,NA
1905437_1,2023-01-04 23:37:13.015513,CLO,1905437.jpg,1905437,1,0,NA
1905624_1,2023-01-04 23:37:12.437384,CLO,1905624.jpg,1905624,1,0,NA
1905755_1,2023-01-04 23:37:11.828030,CLO,1905755.jpg,1905755,1,0,NA
1905765_1,2023-01-04 23:37:11.312403,CLO,1905765.jpg,1905765,1,0,NA
1905782_1,2023-01-04 23:37:10.828036,CLO,1905782.jpg,1905782,1,0,NA
1906139_1,2023-01-04 23:37:10.249896,CLO,1906139.jpg,1906139,1,0,NA
1809399_1,2023-01-04 23:37:09.703021,CLO,1809399.jpg,1809399,1,0,NA
1809400_1,2023-01-04 23:37:09.140527,CLO,1809400.jpg,1809400,1,0,NA
1809401_1,2023-01-04 23:37:08.593654,CLO,1809401.jpg,1809401,1,0,NA
1809427_1,2023-01-04 23:37:08.093630,CLO,1809427.jpg,1809427,1,0,NA
1809475_1,2023-01-04 23:37:07.546767,CLO,1809475.jpg,1809475,1,0,NA
1809480_1,2023-01-04 23:37:07.015536,CLO,1809480.jpg,1809480,1,0,NA
1809716_1,2023-01-04 23:37:06.421782,CLO,1809716.jpg,1809716,1,0,NA
1809870_1,2023-01-04 23:37:05.906157,CLO,1809870.jpg,1809870,1,0,NA
1809894_1,2023-01-04 23:37:05.375041,CLO,1809894.jpg,1809894,1,0,NA
1809910_1,2023-01-04 23:37:04.859289,CLO,1809910.jpg,1809910,1,0,NA
1809912_1,2023-01-04 23:37:04.328042,CLO,1809912.jpg,1809912,1,0,NA
1810026_1,2023-01-04 23:37:03.828059,CLO,1810026.jpg,1810026,1,0,NA
1810017_1,2023-01-04 23:37:03.312423,CLO,1810017.jpg,1810017,1,0,NA
1810051_1,2023-01-04 23:37:02.765552,CLO,1810051.jpg,1810051,1,0,NA
1810570_1,2023-01-04 23:37:02.249928,CLO,1810570.jpg,1810570,1,0,NA
1810993_1,2023-01-04 23:37:01.687433,CLO,1810993.jpg,1810993,1,0,NA
1811166_1,2023-01-04 23:37:01.171832,CLO,1811166.jpg,1811166,1,0,NA
1811312_1,2023-01-04 23:37:00.609307,CLO,1811312.jpg,1811312,1,0,NA
1811712_1,2023-01-04 23:37:00.078057,CLO,1811712.jpg,1811712,1,0,NA
1811988_1,2023-01-04 23:36:59.578061,CLO,1811988.jpg,1811988,1,0,NA
1812320_1,2023-01-04 23:36:59.015563,CLO,1812320.jpg,1812320,1,0,NA
1901061_1,2023-01-04 23:36:58.453068,CLO,1901061.jpg,1901061,1,0,NA
1901845_1,2023-01-04 23:36:57.937461,CLO,1901845.jpg,1901845,1,0,NA
1902111_1,2023-01-04 23:36:56.937458,CLO,1902111.jpg,1902111,1,0,NA
1903475_1,2023-01-04 23:36:56.390572,CLO,1903475.jpg,1903475,1,0,NA
1903974_1,2023-01-04 23:36:55.718703,BEAUTY,1903974.jpg,1903974,1,0,NA
1903999_1,2023-01-04 23:36:55.156216,CLO,1903999.jpg,1903999,1,0,NA
1904020_1,2023-01-04 23:36:54.609329,CLO,1904020.jpg,1904020,1,0,NA
1904046_1,2023-01-04 23:36:54.062458,CLO,1904046.jpg,1904046,1,0,NA
1901895_1,2023-01-04 23:36:53.515587,JEW,1901895.jpg,1901895,1,0,NA
1900857_1,2023-01-04 23:36:52.890665,JEW,1900857.jpg,1900857,1,0,NA
1902097_1,2023-01-04 23:36:52.499969,JEW,1902097.jpg,1902097,1,0,NA
1811599_1,2023-01-04 23:36:52.109342,JEW,1811599.jpg,1811599,1,0,NA
1900348_1,2023-01-04 23:36:51.546852,ACC,1900348.jpg,1900348,1,0,NA
1901142_1,2023-01-04 23:36:50.968717,CLO,1901142.jpg,1901142,1,0,NA
1903072_1,2023-01-04 23:36:50.437477,CLO,1903072.jpg,1903072,1,0,NA
1903071_1,2023-01-04 23:36:49.921854,CLO,1903071.jpg,1903071,1,0,NA
1903078_1,2023-01-04 23:36:49.374967,CLO,1903078.jpg,1903078,1,0,NA
1903081_1,2023-01-04 23:36:48.828120,ACC,1903081.jpg,1903081,1,0,NA
1903983_1,2023-01-04 23:36:48.031247,CLO,1903983.jpg,1903983,1,0,NA
1708132_1,2023-01-04 23:36:47.499980,CLO,1708132.jpg,1708132,1,0,NA
1806740_1,2023-01-04 23:36:46.937485,CLO,1806740.jpg,1806740,1,0,NA
1807351_1,2023-01-04 23:36:46.421866,CLO,1807351.jpg,1807351,1,0,NA
1807477_1,2023-01-04 23:36:45.921869,CLO,1807477.jpg,1807477,1,0,NA
1808172_1,2023-01-04 23:36:45.421864,CLO,1808172.jpg,1808172,1,0,NA
1808174_1,2023-01-04 23:36:44.843759,CLO,1808174.jpg,1808174,1,0,NA
1808177_1,2023-01-04 23:36:44.328121,CLO,1808177.jpg,1808177,1,0,NA
1808328_1,2023-01-04 23:36:43.812496,CLO,1808328.jpg,1808328,1,0,NA
1809094_1,2023-01-04 23:36:43.265627,CLO,1809094.jpg,1809094,1,0,NA
1810668_1,2023-01-04 23:36:42.718750,CLO,1810668.jpg,1810668,1,0,NA
1811992_1,2023-01-04 23:36:42.187515,CLO,1811992.jpg,1811992,1,0,NA
1812052_1,2023-01-04 23:36:41.625006,CLO,1812052.jpg,1812052,1,0,NA
1811935_1,2023-01-04 23:36:41.078133,CLO,1811935.jpg,1811935,1,0,NA
1415221_1,2023-01-04 23:36:40.531268,SHO,1415221.jpg,1415221,1,0,NA
1502566_1,2023-01-04 23:36:39.968769,SHO,1502566.jpg,1502566,1,0,NA
1710221_1,2023-01-04 23:36:39.437515,SHO,1710221.jpg,1710221,1,0,NA
1802865_1,2023-01-04 23:36:38.796909,SHO,1802865.jpg,1802865,1,0,NA
1802866_1,2023-01-04 23:36:38.250019,SHO,1802866.jpg,1802866,1,0,NA
1803107_1,2023-01-04 23:36:37.609399,SHO,1803107.jpg,1803107,1,0,NA
1805730_1,2023-01-04 23:36:37.062521,SHO,1805730.jpg,1805730,1,0,NA
1802655_1,2023-01-04 23:36:36.687710,SHO,1802655.jpg,1802655,1,0,NA
1806773_1,2023-01-04 23:36:36.156282,SHO,1806773.jpg,1806773,1,0,NA
1807808_1,2023-01-04 23:36:35.546904,SHO,1807808.jpg,1807808,1,0,NA
1808051_1,2023-01-04 23:36:34.953158,SHO,1808051.jpg,1808051,1,0,NA
1808750_1,2023-01-04 23:36:34.437515,SHO,1808750.jpg,1808750,1,0,NA
1808752_1,2023-01-04 23:36:33.890663,SHO,1808752.jpg,1808752,1,0,NA
1809946_1,2023-01-04 23:36:33.359411,SHO,1809946.jpg,1809946,1,0,NA
1809983_1,2023-01-04 23:36:32.796920,SHO,1809983.jpg,1809983,1,0,NA
1810989_1,2023-01-04 23:36:32.156385,SHO,1810989.jpg,1810989,1,0,NA
1811087_1,2023-01-04 23:36:31.609421,SHO,1811087.jpg,1811087,1,0,NA
1811091_1,2023-01-04 23:36:31.093793,SHO,1811091.jpg,1811091,1,0,NA
1901478_1,2023-01-04 23:36:30.546924,SHO,1901478.jpg,1901478,1,0,NA
1901479_1,2023-01-04 23:36:30.000053,SHO,1901479.jpg,1901479,1,0,NA
1901482_1,2023-01-04 23:36:29.437564,SHO,1901482.jpg,1901482,1,0,NA
1901483_1,2023-01-04 23:36:28.781425,SHO,1901483.jpg,1901483,1,0,NA
1902851_1,2023-01-04 23:36:28.203181,SHO,1902851.jpg,1902851,1,0,NA
1903247_1,2023-01-04 23:36:27.578187,SHO,1903247.jpg,1903247,1,0,NA
1903337_1,2023-01-04 23:36:27.046937,SHO,1903337.jpg,1903337,1,0,NA
1811923_1,2023-01-04 23:36:26.406317,SHO,1811923.jpg,1811923,1,0,NA
1901695_1,2023-01-04 23:36:25.875067,ACC,1901695.jpg,1901695,1,0,NA
1901139_1,2023-01-04 23:36:25.312549,CLO,1901139.jpg,1901139,1,0,NA
1901140_1,2023-01-04 23:36:24.718839,CLO,1901140.jpg,1901140,1,0,NA
1901363_1,2023-01-04 23:36:24.203203,CLO,1901363.jpg,1901363,1,0,NA
1901364_1,2023-01-04 23:36:23.656313,CLO,1901364.jpg,1901364,1,0,NA
1901367_1,2023-01-04 23:36:23.156329,CLO,1901367.jpg,1901367,1,0,NA
1901842_1,2023-01-04 23:36:22.625081,CLO,1901842.jpg,1901842,1,0,NA
1902070_1,2023-01-04 23:36:21.968848,CLO,1902070.jpg,1902070,1,0,NA
1902262_1,2023-01-04 23:36:21.437582,CLO,1902262.jpg,1902262,1,0,NA
1902722_1,2023-01-04 23:36:20.875087,CLO,1902722.jpg,1902722,1,0,NA
1902847_1,2023-01-04 23:36:20.312598,CLO,1902847.jpg,1902847,1,0,NA
1902885_1,2023-01-04 23:36:19.343848,CLO,1902885.jpg,1902885,1,0,NA
1903005_1,2023-01-04 23:36:18.765717,CLO,1903005.jpg,1903005,1,0,NA
1902965_1,2023-01-04 23:36:18.218846,CLO,1902965.jpg,1902965,1,0,NA
1903061_1,2023-01-04 23:36:17.687595,CLO,1903061.jpg,1903061,1,0,NA
1903240_1,2023-01-04 23:36:16.828228,CLO,1903240.jpg,1903240,1,0,NA
1903241_1,2023-01-04 23:36:16.312615,CLO,1903241.jpg,1903241,1,0,NA
1903366_1,2023-01-04 23:36:15.781355,CLO,1903366.jpg,1903366,1,0,NA
1903461_1,2023-01-04 23:36:15.218864,CLO,1903461.jpg,1903461,1,0,NA
1903506_1,2023-01-04 23:36:14.687611,CLO,1903506.jpg,1903506,1,0,NA
1903570_1,2023-01-04 23:36:14.140785,CLO,1903570.jpg,1903570,1,0,NA
1903573_1,2023-01-04 23:36:13.172002,CLO,1903573.jpg,1903573,1,0,NA
1903572_1,2023-01-04 23:36:12.656354,CLO,1903572.jpg,1903572,1,0,NA
1903640_1,2023-01-04 23:36:12.140726,CLO,1903640.jpg,1903640,1,0,NA
1903837_1,2023-01-04 23:36:11.343855,CLO,1903837.jpg,1903837,1,0,NA
1904137_1,2023-01-04 23:36:10.843876,CLO,1904137.jpg,1904137,1,0,NA
1904142_1,2023-01-04 23:36:10.281383,CLO,1904142.jpg,1904142,1,0,NA
1904145_1,2023-01-04 23:36:09.734485,CLO,1904145.jpg,1904145,1,0,NA
1904146_1,2023-01-04 23:36:09.109508,CLO,1904146.jpg,1904146,1,0,NA
1904166_1,2023-01-04 23:36:08.547055,CLO,1904166.jpg,1904166,1,0,NA
1904709_1,2023-01-04 23:36:07.968894,CLO,1904709.jpg,1904709,1,0,NA
1904711_1,2023-01-04 23:36:07.422010,CLO,1904711.jpg,1904711,1,0,NA
1904715_1,2023-01-04 23:36:06.922027,CLO,1904715.jpg,1904715,1,0,NA
1904713_1,2023-01-04 23:36:06.312642,CLO,1904713.jpg,1904713,1,0,NA
1904716_1,2023-01-04 23:36:05.765769,CLO,1904716.jpg,1904716,1,0,NA
1904730_1,2023-01-04 23:36:05.203270,CLO,1904730.jpg,1904730,1,0,NA
1904735_1,2023-01-04 23:36:04.687629,CLO,1904735.jpg,1904735,1,0,NA
1904752_1,2023-01-04 23:36:04.140776,CLO,1904752.jpg,1904752,1,0,NA
1806615_1,2023-01-04 23:36:03.625163,CLO,1806615.jpg,1806615,1,0,NA
1806638_1,2023-01-04 23:36:03.062653,CLO,1806638.jpg,1806638,1,0,NA
1808614_1,2023-01-04 23:36:02.484540,CLO,1808614.jpg,1808614,1,0,NA
1810673_1,2023-01-04 23:36:01.937673,CLO,1810673.jpg,1810673,1,0,NA
1810683_1,2023-01-04 23:36:01.390784,CLO,1810683.jpg,1810683,1,0,NA
1707276_1,2023-01-04 23:36:00.843929,CLO,1707276.jpg,1707276,1,0,NA
1802255_1,2023-01-04 23:36:00.265922,CLO,1802255.jpg,1802255,1,0,NA
1903888_1,2023-01-04 23:35:59.718921,CLO,1903888.jpg,1903888,1,0,NA
1903904_1,2023-01-04 23:35:59.218990,CLO,1903904.jpg,1903904,1,0,NA
1903901_1,2023-01-04 23:35:58.672048,CLO,1903901.jpg,1903901,1,0,NA
1903953_1,2023-01-04 23:35:57.562671,CLO,1903953.jpg,1903953,1,0,NA
1903954_1,2023-01-04 23:35:57.047114,CLO,1903954.jpg,1903954,1,0,NA
1904005_1,2023-01-04 23:35:56.515904,CLO,1904005.jpg,1904005,1,0,NA
1904006_1,2023-01-04 23:35:55.937676,CLO,1904006.jpg,1904006,1,0,NA
1904007_1,2023-01-04 23:35:55.359568,CLO,1904007.jpg,1904007,1,0,NA
1904083_1,2023-01-04 23:35:54.843948,CLO,1904083.jpg,1904083,1,0,NA
1904090_1,2023-01-04 23:35:54.312699,CLO,1904090.jpg,1904090,1,0,NA
1904104_1,2023-01-04 23:35:53.797068,CLO,1904104.jpg,1904104,1,0,NA
1904106_1,2023-01-04 23:35:53.203316,CLO,1904106.jpg,1904106,1,0,NA
1904111_1,2023-01-04 23:35:52.656430,CLO,1904111.jpg,1904111,1,0,NA
1904113_1,2023-01-04 23:35:52.093946,CLO,1904113.jpg,1904113,1,0,NA
1904117_1,2023-01-04 23:35:51.578328,CLO,1904117.jpg,1904117,1,0,NA
1904119_1,2023-01-04 23:35:51.031470,CLO,1904119.jpg,1904119,1,0,NA
1904122_1,2023-01-04 23:35:50.437697,CLO,1904122.jpg,1904122,1,0,NA
1904124_1,2023-01-04 23:35:49.906455,CLO,1904124.jpg,1904124,1,0,NA
1804078_1,2023-01-04 23:35:49.359599,CLO,1804078.jpg,1804078,1,0,NA
1805211_1,2023-01-04 23:35:48.828332,CLO,1805211.jpg,1805211,1,0,NA
1805251_1,2023-01-04 23:35:48.250212,CLO,1805251.jpg,1805251,1,0,NA
1907162_1,2023-01-04 23:35:46.953342,CLO,1907162.jpg,1907162,1,0,NA
1805337_1,2023-01-04 23:35:46.562717,CLO,1805337.jpg,1805337,1,0,NA
1806012_1,2023-01-04 23:35:46.015844,CLO,1806012.jpg,1806012,1,0,NA
1806115_1,2023-01-04 23:35:45.422103,CLO,1806115.jpg,1806115,1,0,NA
1705685_1,2023-01-04 23:35:44.797098,CLO,1705685.jpg,1705685,1,0,NA
1806168_1,2023-01-04 23:35:44.406472,CLO,1806168.jpg,1806168,1,0,NA
1808176_1,2023-01-04 23:35:43.765910,CLO,1808176.jpg,1808176,1,0,NA
1808321_1,2023-01-04 23:35:43.156536,CLO,1808321.jpg,1808321,1,0,NA
1809398_1,2023-01-04 23:35:42.578361,CLO,1809398.jpg,1809398,1,0,NA
1809530_1,2023-01-04 23:35:41.984669,CLO,1809530.jpg,1809530,1,0,NA
1809905_1,2023-01-04 23:35:41.453360,CLO,1809905.jpg,1809905,1,0,NA
1810081_1,2023-01-04 23:35:40.906492,CLO,1810081.jpg,1810081,1,0,NA
1810642_1,2023-01-04 23:35:40.359618,CLO,1810642.jpg,1810642,1,0,NA
1811030_1,2023-01-04 23:35:39.812824,CLO,1811030.jpg,1811030,1,0,NA
1801021_1,2023-01-04 23:35:39.250246,CLO,1801021.jpg,1801021,1,0,NA
1802273_1,2023-01-04 23:35:38.734623,CLO,1802273.jpg,1802273,1,0,NA
1703139_1,2023-01-04 23:35:38.156492,CLO,1703139.jpg,1703139,1,0,NA
1708155_1,2023-01-04 23:35:37.640890,CLO,1708155.jpg,1708155,1,0,NA
1708154_1,2023-01-04 23:35:37.094005,CLO,1708154.jpg,1708154,1,0,NA
1904758_1,2023-01-04 23:35:36.547127,CLO,1904758.jpg,1904758,1,0,NA
1904901_1,2023-01-04 23:35:35.750261,CLO,1904901.jpg,1904901,1,0,NA
1905098_1,2023-01-04 23:35:35.187761,CLO,1905098.jpg,1905098,1,0,NA
1905399_1,2023-01-04 23:35:34.640884,CLO,1905399.jpg,1905399,1,0,NA
1905401_1,2023-01-04 23:35:34.125268,CLO,1905401.jpg,1905401,1,0,NA
1905417_1,2023-01-04 23:35:33.578396,CLO,1905417.jpg,1905417,1,0,NA
1905428_1,2023-01-04 23:35:33.031518,CLO,1905428.jpg,1905428,1,0,NA
1905438_1,2023-01-04 23:35:32.453379,CLO,1905438.jpg,1905438,1,0,NA
1905567_1,2023-01-04 23:35:31.906521,CLO,1905567.jpg,1905567,1,0,NA
1905719_1,2023-01-04 23:35:31.375266,CLO,1905719.jpg,1905719,1,0,NA
1905758_1,2023-01-04 23:35:30.859647,CLO,1905758.jpg,1905758,1,0,NA
1905761_1,2023-01-04 23:35:30.312778,CLO,1905761.jpg,1905761,1,0,NA
1905763_1,2023-01-04 23:35:29.797157,CLO,1905763.jpg,1905763,1,0,NA
1905995_1,2023-01-04 23:35:29.219032,CLO,1905995.jpg,1905995,1,0,NA
1906098_1,2023-01-04 23:35:28.157166,CLO,1906098.jpg,1906098,1,0,NA
1906102_1,2023-01-04 23:35:27.625284,CLO,1906102.jpg,1906102,1,0,NA
1906114_1,2023-01-04 23:35:27.078414,CLO,1906114.jpg,1906114,1,0,NA
1906115_1,2023-01-04 23:35:26.531550,CLO,1906115.jpg,1906115,1,0,NA
1906117_1,2023-01-04 23:35:25.953439,CLO,1906117.jpg,1906117,1,0,NA
1906128_1,2023-01-04 23:35:25.453422,CLO,1906128.jpg,1906128,1,0,NA
1906135_1,2023-01-04 23:35:24.875374,CLO,1906135.jpg,1906135,1,0,NA
1906146_1,2023-01-04 23:35:24.297193,CLO,1906146.jpg,1906146,1,0,NA
1906121_1,2023-01-04 23:35:23.750310,CLO,1906121.jpg,1906121,1,0,NA
1906106_1,2023-01-04 23:35:23.015945,CLO,1906106.jpg,1906106,1,0,NA
1906132_1,2023-01-04 23:35:22.297202,CLO,1906132.jpg,1906132,1,0,NA
1906144_1,2023-01-04 23:35:21.484685,CLO,1906144.jpg,1906144,1,0,NA
1906275_1,2023-01-04 23:35:20.906563,CLO,1906275.jpg,1906275,1,0,NA
1906445_1,2023-01-04 23:35:20.375315,CLO,1906445.jpg,1906445,1,0,NA
1906510_1,2023-01-04 23:35:19.875313,CLO,1906510.jpg,1906510,1,0,NA
1812294_1,2023-01-04 23:35:19.297191,CLO,1812294.jpg,1812294,1,0,NA
1900255_1,2023-01-04 23:35:18.781566,CLO,1900255.jpg,1900255,1,0,NA
1900554_1,2023-01-04 23:35:18.234700,ACC,1900554.jpg,1900554,1,0,NA
1900565_1,2023-01-04 23:35:17.703451,ACC,1900565.jpg,1900565,1,0,NA
1901057_1,2023-01-04 23:35:17.140954,CLO,1901057.jpg,1901057,1,0,NA
1901170_1,2023-01-04 23:35:16.640950,CLO,1901170.jpg,1901170,1,0,NA
1901365_1,2023-01-04 23:35:16.031588,CLO,1901365.jpg,1901365,1,0,NA
1901366_1,2023-01-04 23:35:15.469083,CLO,1901366.jpg,1901366,1,0,NA
1901368_1,2023-01-04 23:35:14.875402,CLO,1901368.jpg,1901368,1,0,NA
1901438_1,2023-01-04 23:35:14.297223,CLO,1901438.jpg,1901438,1,0,NA
1902184_1,2023-01-04 23:35:13.765965,CLO,1902184.jpg,1902184,1,0,NA
1902264_1,2023-01-04 23:35:13.219108,CLO,1902264.jpg,1902264,1,0,NA
1902241_1,2023-01-04 23:35:12.594090,CLO,1902241.jpg,1902241,1,0,NA
1902298_1,2023-01-04 23:35:12.078790,ACC,1902298.jpg,1902298,1,0,NA
1902587_1,2023-01-04 23:35:11.500351,CLO,1902587.jpg,1902587,1,0,NA
1902845_1,2023-01-04 23:35:10.953474,CLO,1902845.jpg,1902845,1,0,NA
1902849_1,2023-01-04 23:35:10.406687,CLO,1902849.jpg,1902849,1,0,NA
1902931_1,2023-01-04 23:35:09.875358,CLO,1902931.jpg,1902931,1,0,NA
1903568_1,2023-01-04 23:35:09.250373,CLO,1903568.jpg,1903568,1,0,NA
1903608_1,2023-01-04 23:35:08.734736,CLO,1903608.jpg,1903608,1,0,NA
1903609_1,2023-01-04 23:35:08.203490,CLO,1903609.jpg,1903609,1,0,NA
1903641_1,2023-01-04 23:35:07.672242,CLO,1903641.jpg,1903641,1,0,NA
1903903_1,2023-01-04 23:35:07.125372,CLO,1903903.jpg,1903903,1,0,NA
1903921_1,2023-01-04 23:35:06.578494,CLO,1903921.jpg,1903921,1,0,NA
1903955_1,2023-01-04 23:35:06.016000,CLO,1903955.jpg,1903955,1,0,NA
1903987_1,2023-01-04 23:35:05.437869,CLO,1903987.jpg,1903987,1,0,NA
1904061_1,2023-01-04 23:35:04.875378,CLO,1904061.jpg,1904061,1,0,NA
1904085_1,2023-01-04 23:35:04.328514,CLO,1904085.jpg,1904085,1,0,NA
1904100_1,2023-01-04 23:35:03.734746,CLO,1904100.jpg,1904100,1,0,NA
1904167_1,2023-01-04 23:35:03.141006,CLO,1904167.jpg,1904167,1,0,NA
1904612_1,2023-01-04 23:35:02.516009,CLO,1904612.jpg,1904612,1,0,NA
1904613_1,2023-01-04 23:35:01.969131,CLO,1904613.jpg,1904613,1,0,NA
1904738_1,2023-01-04 23:35:01.359759,CLO,1904738.jpg,1904738,1,0,NA
1904747_1,2023-01-04 23:35:00.781644,CLO,1904747.jpg,1904747,1,0,NA
1904748_1,2023-01-04 23:35:00.219144,CLO,1904748.jpg,1904748,1,0,NA
1904756_1,2023-01-04 23:34:59.641022,CLO,1904756.jpg,1904756,1,0,NA
1905203_1,2023-01-04 23:34:59.094146,CLO,1905203.jpg,1905203,1,0,NA
1905396_1,2023-01-04 23:34:58.562899,CLO,1905396.jpg,1905396,1,0,NA
1905404_1,2023-01-04 23:34:58.000396,CLO,1905404.jpg,1905404,1,0,NA
1905400_1,2023-01-04 23:34:57.453589,CLO,1905400.jpg,1905400,1,0,NA
1905415_1,2023-01-04 23:34:56.922355,CLO,1905415.jpg,1905415,1,0,NA
1905419_1,2023-01-04 23:34:56.422345,CLO,1905419.jpg,1905419,1,0,NA
1905421_1,2023-01-04 23:34:55.812914,CLO,1905421.jpg,1905421,1,0,NA
1905481_1,2023-01-04 23:34:55.266065,CLO,1905481.jpg,1905481,1,0,NA
1905532_1,2023-01-04 23:34:54.703559,CLO,1905532.jpg,1905532,1,0,NA
1905468_1,2023-01-04 23:34:54.203536,CLO,1905468.jpg,1905468,1,0,NA
1905581_1,2023-01-04 23:34:53.641046,CLO,1905581.jpg,1905581,1,0,NA
1905726_1,2023-01-04 23:34:53.109811,CLO,1905726.jpg,1905726,1,0,NA
1905734_1,2023-01-04 23:34:52.547302,CLO,1905734.jpg,1905734,1,0,NA
1905786_1,2023-01-04 23:34:52.016049,CLO,1905786.jpg,1905786,1,0,NA
1905793_1,2023-01-04 23:34:51.500426,CLO,1905793.jpg,1905793,1,0,NA
1905796_1,2023-01-04 23:34:50.937934,CLO,1905796.jpg,1905796,1,0,NA
1905916_1,2023-01-04 23:34:50.375432,CLO,1905916.jpg,1905916,1,0,NA
1905917_1,2023-01-04 23:34:49.781685,CLO,1905917.jpg,1905917,1,0,NA
1904065_1,2023-01-04 23:34:49.250435,CLO,1904065.jpg,1904065,1,0,NA
1904071_1,2023-01-04 23:34:48.750446,CLO,1904071.jpg,1904071,1,0,NA
1904074_1,2023-01-04 23:34:48.172323,CLO,1904074.jpg,1904074,1,0,NA
1904150_1,2023-01-04 23:34:47.594182,CLO,1904150.jpg,1904150,1,0,NA
1904151_1,2023-01-04 23:34:47.016072,CLO,1904151.jpg,1904151,1,0,NA
1904668_1,2023-01-04 23:34:46.437959,CLO,1904668.jpg,1904668,1,0,NA
1904681_1,2023-01-04 23:34:45.875432,CLO,1904681.jpg,1904681,1,0,NA
1904683_1,2023-01-04 23:34:45.281927,CLO,1904683.jpg,1904683,1,0,NA
1904687_1,2023-01-04 23:34:44.734819,CLO,1904687.jpg,1904687,1,0,NA
1904688_1,2023-01-04 23:34:44.156685,CLO,1904688.jpg,1904688,1,0,NA
1904690_1,2023-01-04 23:34:11.594342,CLO,1904690.jpg,1904690,1,0,NA
1909896_1,2023-01-04 23:34:11.203703,CLO,1909896.jpg,1909896,1,0,NA
1905343_1,2023-01-04 23:34:10.688085,CLO,1905343.jpg,1905343,1,0,NA
1905346_1,2023-01-04 23:34:10.109964,CLO,1905346.jpg,1905346,1,0,NA
1905356_1,2023-01-04 23:34:09.578695,CLO,1905356.jpg,1905356,1,0,NA
1905685_1,2023-01-04 23:34:09.016285,CLO,1905685.jpg,1905685,1,0,NA
1905686_1,2023-01-04 23:34:08.469341,CLO,1905686.jpg,1905686,1,0,NA
1906086_1,2023-01-04 23:34:07.859971,CLO,1906086.jpg,1906086,1,0,NA
1810859_1,2023-01-04 23:34:07.297471,CLO,1810859.jpg,1810859,1,0,NA
1705605_1,2023-01-04 23:34:06.734972,CLO,1705605.jpg,1705605,1,0,NA
1808742_1,2023-01-04 23:34:06.172473,CLO,1808742.jpg,1808742,1,0,NA
1808901_1,2023-01-04 23:34:05.625602,CLO,1808901.jpg,1808901,1,0,NA
1808908_1,2023-01-04 23:34:05.094351,CLO,1808908.jpg,1808908,1,0,NA
1809171_1,2023-01-04 23:34:04.531857,CLO,1809171.jpg,1809171,1,0,NA
1812227_1,2023-01-04 23:34:04.016244,CLO,1812227.jpg,1812227,1,0,NA
1900840_1,2023-01-04 23:34:03.469359,CLO,1900840.jpg,1900840,1,0,NA
1901408_1,2023-01-04 23:34:02.875612,CLO,1901408.jpg,1901408,1,0,NA
1901413_1,2023-01-04 23:34:02.344406,CLO,1901413.jpg,1901413,1,0,NA
1901647_1,2023-01-04 23:34:01.813126,CLO,1901647.jpg,1901647,1,0,NA
1902524_1,2023-01-04 23:34:01.266269,CLO,1902524.jpg,1902524,1,0,NA
1902619_1,2023-01-04 23:34:00.735008,CLO,1902619.jpg,1902619,1,0,NA
1902621_1,2023-01-04 23:34:00.203748,CLO,1902621.jpg,1902621,1,0,NA
1902641_1,2023-01-04 23:33:59.672505,CLO,1902641.jpg,1902641,1,0,NA
1902855_1,2023-01-04 23:33:59.110004,CLO,1902855.jpg,1902855,1,0,NA
1902896_1,2023-01-04 23:33:58.516328,CLO,1902896.jpg,1902896,1,0,NA
1902901_1,2023-01-04 23:33:58.000735,CLO,1902901.jpg,1902901,1,0,NA
1903257_1,2023-01-04 23:33:57.391257,CLO,1903257.jpg,1903257,1,0,NA
1903259_1,2023-01-04 23:33:56.860010,CLO,1903259.jpg,1903259,1,0,NA
1903299_1,2023-01-04 23:33:56.328767,CLO,1903299.jpg,1903299,1,0,NA
1903300_1,2023-01-04 23:33:55.781895,CLO,1903300.jpg,1903300,1,0,NA
1903301_1,2023-01-04 23:33:55.266286,CLO,1903301.jpg,1903301,1,0,NA
1903604_1,2023-01-04 23:33:54.719393,CLO,1903604.jpg,1903604,1,0,NA
1903808_1,2023-01-04 23:33:54.188150,CLO,1903808.jpg,1903808,1,0,NA
1903809_1,2023-01-04 23:33:53.641276,CLO,1903809.jpg,1903809,1,0,NA
1903844_1,2023-01-04 23:33:53.078758,CLO,1903844.jpg,1903844,1,0,NA
1904053_1,2023-01-04 23:33:52.500656,CLO,1904053.jpg,1904053,1,0,NA
1904055_1,2023-01-04 23:33:52.016262,CLO,1904055.jpg,1904055,1,0,NA
1904057_1,2023-01-04 23:33:50.969483,CLO,1904057.jpg,1904057,1,0,NA
1904058_1,2023-01-04 23:33:50.422537,CLO,1904058.jpg,1904058,1,0,NA
1904059_1,2023-01-04 23:33:49.891305,CLO,1904059.jpg,1904059,1,0,NA
1904062_1,2023-01-04 23:33:49.360040,CLO,1904062.jpg,1904062,1,0,NA
1303187_1,2023-01-04 23:33:48.813167,SHO,1303187.jpg,1303187,1,0,NA
1800712_1,2023-01-04 23:33:48.281920,SHO,1800712.jpg,1800712,1,0,NA
1811415_1,2023-01-04 23:33:47.735038,SHO,1811415.jpg,1811415,1,0,NA
1903358_1,2023-01-04 23:33:47.047552,SHO,1903358.jpg,1903358,1,0,NA
1903620_1,2023-01-04 23:33:46.516308,SHO,1903620.jpg,1903620,1,0,NA
1903838_1,2023-01-04 23:33:46.000678,SHO,1903838.jpg,1903838,1,0,NA
1904177_1,2023-01-04 23:33:45.453804,SHO,1904177.jpg,1904177,1,0,NA
1610940_1,2023-01-04 23:33:44.922663,SHO,1610940.jpg,1610940,1,0,NA
1601650_1,2023-01-04 23:33:44.516340,SHO,1601650.jpg,1601650,1,0,NA
1503723_1,2023-01-04 23:33:44.000688,SHO,1503723.jpg,1503723,1,0,NA
1710229_1,2023-01-04 23:33:43.438181,SHO,1710229.jpg,1710229,1,0,NA
1805927_1,2023-01-04 23:33:42.875695,SHO,1805927.jpg,1805927,1,0,NA
1803284_1,2023-01-04 23:33:42.344440,SHO,1803284.jpg,1803284,1,0,NA
1806594_1,2023-01-04 23:33:41.797569,SHO,1806594.jpg,1806594,1,0,NA
1801530_1,2023-01-04 23:33:41.297643,SHO,1801530.jpg,1801530,1,0,NA
1809985_1,2023-01-04 23:33:40.781949,SHO,1809985.jpg,1809985,1,0,NA
1808052_1,2023-01-04 23:33:40.281947,SHO,1808052.jpg,1808052,1,0,NA
1902899_1,2023-01-04 23:33:39.735076,SHO,1902899.jpg,1902899,1,0,NA
1802862_1,2023-01-04 23:33:39.219458,SHO,1802862.jpg,1802862,1,0,NA
1901481_1,2023-01-04 23:33:38.625709,SHO,1901481.jpg,1901481,1,0,NA
1901194_1,2023-01-04 23:33:38.078827,CLO,1901194.jpg,1901194,1,0,NA
1901210_1,2023-01-04 23:33:37.563213,CLO,1901210.jpg,1901210,1,0,NA
1901199_1,2023-01-04 23:33:36.969510,CLO,1901199.jpg,1901199,1,0,NA
1810449_1,2023-01-04 23:33:36.438275,BEAUTY,1810449.jpg,1810449,1,0,NA
1900212_1,2023-01-04 23:33:35.922592,BEAUTY,1900212.jpg,1900212,1,0,NA
1900181_1,2023-01-04 23:33:35.328844,BEAUTY,1900181.jpg,1900181,1,0,NA
1904223_1,2023-01-04 23:33:34.781983,BEAUTY,1904223.jpg,1904223,1,0,NA
1900577_1,2023-01-04 23:33:34.110095,ACC,1900577.jpg,1900577,1,0,NA
1903946_1,2023-01-04 23:33:33.469474,CLO,1903946.jpg,1903946,1,0,NA
1904745_1,2023-01-04 23:33:32.938228,CLO,1904745.jpg,1904745,1,0,NA
1905225_1,2023-01-04 23:33:32.438296,ACC,1905225.jpg,1905225,1,0,NA
1905710_1,2023-01-04 23:33:31.906981,CLO,1905710.jpg,1905710,1,0,NA
1905716_1,2023-01-04 23:33:31.328874,CLO,1905716.jpg,1905716,1,0,NA
1905759_1,2023-01-04 23:33:30.735143,CLO,1905759.jpg,1905759,1,0,NA
1905775_1,2023-01-04 23:33:30.203873,CLO,1905775.jpg,1905775,1,0,NA
1905789_1,2023-01-04 23:33:29.672615,CLO,1905789.jpg,1905789,1,0,NA
1906130_1,2023-01-04 23:33:29.110135,CLO,1906130.jpg,1906130,1,0,NA
1906182_1,2023-01-04 23:33:28.594496,CLO,1906182.jpg,1906182,1,0,NA
1906255_1,2023-01-04 23:33:28.078872,CLO,1906255.jpg,1906255,1,0,NA
1906407_1,2023-01-04 23:33:27.563254,CLO,1906407.jpg,1906407,1,0,NA
1906485_1,2023-01-04 23:33:27.063231,CLO,1906485.jpg,1906485,1,0,NA
1507975_1,2023-01-04 23:33:26.469503,ACC,1507975.jpg,1507975,1,0,NA
1809286_1,2023-01-04 23:33:25.938263,ACC,1809286.jpg,1809286,1,0,NA
1900513_1,2023-01-04 23:33:25.438254,BEAUTY,1900513.jpg,1900513,1,0,NA
1900512_1,2023-01-04 23:33:24.906992,BEAUTY,1900512.jpg,1900512,1,0,NA
1900514_1,2023-01-04 23:33:24.391385,BEAUTY,1900514.jpg,1900514,1,0,NA
1900595_1,2023-01-04 23:33:23.813262,ACC,1900595.jpg,1900595,1,0,NA
2218369_2,2023-01-04 23:33:23.313364,ACC,2218369.jpg,2218369,2,0,NA
1900651_1,2023-01-04 23:33:22.813271,ACC,1900651.jpg,1900651,1,0,NA
1900864_1,2023-01-04 23:33:22.282039,ACC,1900864.jpg,1900864,1,0,NA
1902256_1,2023-01-04 23:33:21.813271,ACC,1902256.jpg,1902256,1,0,NA
1902591_1,2023-01-04 23:33:21.266466,BEAUTY,1902591.jpg,1902591,1,0,NA
1902818_1,2023-01-04 23:33:20.735148,ACC,1902818.jpg,1902818,1,0,NA
1902819_1,2023-01-04 23:33:20.157010,ACC,1902819.jpg,1902819,1,0,NA
1902839_1,2023-01-04 23:33:19.578906,ACC,1902839.jpg,1902839,1,0,NA
1903338_1,2023-01-04 23:33:19.063261,BEAUTY,1903338.jpg,1903338,1,0,NA
1903850_1,2023-01-04 23:33:18.547654,BEAUTY,1903850.jpg,1903850,1,0,NA
1904047_1,2023-01-04 23:33:18.000787,CLO,1904047.jpg,1904047,1,0,NA
1905242_1,2023-01-04 23:33:17.453912,ACC,1905242.jpg,1905242,1,0,NA
1811398_1,2023-01-04 23:33:16.922659,CLO,1811398.jpg,1811398,1,0,NA
1812085_1,2023-01-04 23:33:16.375787,CLO,1812085.jpg,1812085,1,0,NA
1900949_1,2023-01-04 23:33:15.813294,CLO,1900949.jpg,1900949,1,0,NA
1812379_1,2023-01-04 23:33:15.250797,CLO,1812379.jpg,1812379,1,0,NA
1901224_1,2023-01-04 23:33:14.735186,CLO,1901224.jpg,1901224,1,0,NA
1901237_1,2023-01-04 23:33:14.110175,CLO,1901237.jpg,1901237,1,0,NA
1901266_1,2023-01-04 23:33:13.594543,CLO,1901266.jpg,1901266,1,0,NA
1901775_1,2023-01-04 23:33:13.032059,CLO,1901775.jpg,1901775,1,0,NA
1902067_1,2023-01-04 23:33:12.469553,CLO,1902067.jpg,1902067,1,0,NA
1902604_1,2023-01-04 23:33:11.907060,CLO,1902604.jpg,1902604,1,0,NA
1903571_1,2023-01-04 23:33:11.391440,CLO,1903571.jpg,1903571,1,0,NA
1903577_1,2023-01-04 23:33:10.813313,CLO,1903577.jpg,1903577,1,0,NA
1903887_1,2023-01-04 23:33:10.282075,CLO,1903887.jpg,1903887,1,0,NA
1805984_1,2023-01-04 23:33:09.719572,CLO,1805984.jpg,1805984,1,0,NA
1809962_1,2023-01-04 23:33:09.203968,CLO,1809962.jpg,1809962,1,0,NA
1806069_1,2023-01-04 23:33:08.672698,CLO,1806069.jpg,1806069,1,0,NA
1810991_1,2023-01-04 23:33:08.141446,CLO,1810991.jpg,1810991,1,0,NA
1811083_1,2023-01-04 23:33:07.125809,CLO,1811083.jpg,1811083,1,0,NA
1812082_1,2023-01-04 23:33:06.578958,CLO,1812082.jpg,1812082,1,0,NA
1812170_1,2023-01-04 23:33:06.000821,CLO,1812170.jpg,1812170,1,0,NA
1812307_1,2023-01-04 23:33:05.469576,CLO,1812307.jpg,1812307,1,0,NA
1900095_1,2023-01-04 23:33:04.953952,CLO,1900095.jpg,1900095,1,0,NA
1900304_1,2023-01-04 23:33:04.438353,CLO,1900304.jpg,1900304,1,0,NA
1900133_1,2023-01-04 23:33:03.422717,CLO,1900133.jpg,1900133,1,0,NA
1900355_1,2023-01-04 23:33:02.875867,CLO,1900355.jpg,1900355,1,0,NA
1901229_1,2023-01-04 23:33:02.360209,CLO,1901229.jpg,1901229,1,0,NA
1904543_1,2023-01-04 23:33:01.860217,CLO,1904543.jpg,1904543,1,0,NA
1904611_1,2023-01-04 23:33:01.328973,CLO,1904611.jpg,1904611,1,0,NA
1904614_1,2023-01-04 23:33:00.797738,CLO,1904614.jpg,1904614,1,0,NA
1906143_1,2023-01-04 23:33:00.016623,CLO,1906143.jpg,1906143,1,0,NA
1906179_1,2023-01-04 23:32:59.516548,CLO,1906179.jpg,1906179,1,0,NA
1900282_1,2023-01-04 23:32:58.985234,CLO,1900282.jpg,1900282,1,0,NA
1901523_1,2023-01-04 23:32:58.469605,CLO,1901523.jpg,1901523,1,0,NA
1805320_1,2023-01-04 23:32:58.078996,CLO,1805320.jpg,1805320,1,0,NA
1901393_1,2023-01-04 23:32:57.578992,CLO,1901393.jpg,1901393,1,0,NA
1901975_1,2023-01-04 23:32:57.032135,CLO,1901975.jpg,1901975,1,0,NA
1902020_1,2023-01-04 23:32:56.453982,CLO,1902020.jpg,1902020,1,0,NA
1901369_1,2023-01-04 23:32:48.079027,CLO,1901369.jpg,1901369,1,0,NA
1902201_1,2023-01-04 23:32:47.688397,CLO,1902201.jpg,1902201,1,0,NA
1811392_1,2023-01-04 23:32:47.313398,CLO,1811392.jpg,1811392,1,0,NA
1902478_1,2023-01-04 23:32:46.766539,CLO,1902478.jpg,1902478,1,0,NA
1909459_1,2023-01-04 23:32:46.172784,CLO,1909459.jpg,1909459,1,0,NA
1902548_1,2023-01-04 23:32:45.797797,CLO,1902548.jpg,1902548,1,0,NA
1902721_1,2023-01-04 23:32:45.173689,CLO,1902721.jpg,1902721,1,0,NA
1903308_1,2023-01-04 23:32:44.641546,CLO,1903308.jpg,1903308,1,0,NA
1902996_1,2023-01-04 23:32:44.094668,CLO,1902996.jpg,1902996,1,0,NA
1903585_1,2023-01-04 23:32:43.594667,CLO,1903585.jpg,1903585,1,0,NA
1908665_1,2023-01-04 23:32:43.204044,CLO,1908665.jpg,1908665,1,0,NA
1903817_1,2023-01-04 23:32:42.641546,CLO,1903817.jpg,1903817,1,0,NA
1903939_1,2023-01-04 23:32:42.063428,CLO,1903939.jpg,1903939,1,0,NA
1903979_1,2023-01-04 23:32:41.532176,CLO,1903979.jpg,1903979,1,0,NA
1904161_1,2023-01-04 23:32:41.016553,CLO,1904161.jpg,1904161,1,0,NA
1903989_1,2023-01-04 23:32:40.454067,CLO,1903989.jpg,1903989,1,0,NA
1904615_1,2023-01-04 23:32:39.907175,CLO,1904615.jpg,1904615,1,0,NA
1904707_1,2023-01-04 23:32:39.407185,CLO,1904707.jpg,1904707,1,0,NA
1904645_1,2023-01-04 23:32:38.813433,CLO,1904645.jpg,1904645,1,0,NA
1904712_1,2023-01-04 23:32:38.282247,CLO,1904712.jpg,1904712,1,0,NA
1904722_1,2023-01-04 23:32:37.750939,CLO,1904722.jpg,1904722,1,0,NA
1904727_1,2023-01-04 23:32:37.219693,CLO,1904727.jpg,1904727,1,0,NA
1904744_1,2023-01-04 23:32:36.625940,CLO,1904744.jpg,1904744,1,0,NA
1904754_1,2023-01-04 23:32:36.094701,CLO,1904754.jpg,1904754,1,0,NA
1905199_1,2023-01-04 23:32:35.579134,CLO,1905199.jpg,1905199,1,0,NA
1905226_1,2023-01-04 23:32:35.032212,ACC,1905226.jpg,1905226,1,0,NA
1905360_1,2023-01-04 23:32:34.422833,CLO,1905360.jpg,1905360,1,0,NA
1905395_1,2023-01-04 23:32:33.860329,CLO,1905395.jpg,1905395,1,0,NA
1905402_1,2023-01-04 23:32:33.313440,CLO,1905402.jpg,1905402,1,0,NA
1905405_1,2023-01-04 23:32:32.766662,CLO,1905405.jpg,1905405,1,0,NA
1905406_1,2023-01-04 23:32:32.219706,CLO,1905406.jpg,1905406,1,0,NA
1905411_1,2023-01-04 23:32:31.672832,CLO,1905411.jpg,1905411,1,0,NA
1905416_1,2023-01-04 23:32:31.079094,CLO,1905416.jpg,1905416,1,0,NA
1905420_1,2023-01-04 23:32:30.516589,CLO,1905420.jpg,1905420,1,0,NA
1905657_1,2023-01-04 23:32:29.922847,CLO,1905657.jpg,1905657,1,0,NA
1905623_1,2023-01-04 23:32:29.344721,CLO,1905623.jpg,1905623,1,0,NA
1905691_1,2023-01-04 23:32:16.704141,CLO,1905691.jpg,1905691,1,0,NA
1905693_1,2023-01-04 23:32:15.641646,CLO,1905693.jpg,1905693,1,0,NA
1905708_1,2023-01-04 23:32:15.126025,CLO,1905708.jpg,1905708,1,0,NA
1905712_1,2023-01-04 23:32:14.563523,CLO,1905712.jpg,1905712,1,0,NA
1905714_1,2023-01-04 23:32:13.969779,CLO,1905714.jpg,1905714,1,0,NA
1905745_1,2023-01-04 23:32:13.407283,CLO,1905745.jpg,1905745,1,0,NA
1905753_1,2023-01-04 23:32:12.829158,CLO,1905753.jpg,1905753,1,0,NA
1905768_1,2023-01-04 23:32:12.282302,CLO,1905768.jpg,1905768,1,0,NA
1905794_1,2023-01-04 23:32:11.672915,CLO,1905794.jpg,1905794,1,0,NA
1905839_1,2023-01-04 23:32:11.047918,CLO,1905839.jpg,1905839,1,0,NA
1905915_1,2023-01-04 23:32:10.547916,CLO,1905915.jpg,1905915,1,0,NA
1906047_1,2023-01-04 23:32:09.985420,CLO,1906047.jpg,1906047,1,0,NA
1906088_1,2023-01-04 23:32:09.454165,CLO,1906088.jpg,1906088,1,0,NA
1906112_1,2023-01-04 23:32:08.813555,CLO,1906112.jpg,1906112,1,0,NA
1906136_1,2023-01-04 23:32:08.235428,CLO,1906136.jpg,1906136,1,0,NA
1908456_1,2023-01-04 23:32:07.844802,CLO,1908456.jpg,1908456,1,0,NA
1906138_1,2023-01-04 23:32:07.313555,CLO,1906138.jpg,1906138,1,0,NA
1906141_1,2023-01-04 23:32:06.719807,CLO,1906141.jpg,1906141,1,0,NA
1906247_1,2023-01-04 23:32:06.032311,CLO,1906247.jpg,1906247,1,0,NA
1906253_1,2023-01-04 23:32:05.032318,CLO,1906253.jpg,1906253,1,0,NA
1906464_1,2023-01-04 23:32:04.469813,CLO,1906464.jpg,1906464,1,0,NA
1906477_1,2023-01-04 23:32:03.907319,CLO,1906477.jpg,1906477,1,0,NA
1906565_1,2023-01-04 23:32:03.251101,CLO,1906565.jpg,1906565,1,0,NA
1906721_1,2023-01-04 23:32:02.657361,CLO,1906721.jpg,1906721,1,0,NA
1810639_1,2023-01-04 23:32:02.094822,CLO,1810639.jpg,1810639,1,0,NA
1812306_1,2023-01-04 23:32:01.532397,CLO,1812306.jpg,1812306,1,0,NA
1901223_1,2023-01-04 23:32:00.922954,CLO,1901223.jpg,1901223,1,0,NA
1902296_1,2023-01-04 23:32:00.391706,CLO,1902296.jpg,1902296,1,0,NA
1903560_1,2023-01-04 23:31:59.797966,CLO,1903560.jpg,1903560,1,0,NA
1904070_1,2023-01-04 23:31:59.266709,CLO,1904070.jpg,1904070,1,0,NA
1904030_1,2023-01-04 23:31:58.735476,CLO,1904030.jpg,1904030,1,0,NA
1902726_1,2023-01-04 23:31:58.110468,CLO,1902726.jpg,1902726,1,0,NA
1903028_1,2023-01-04 23:31:57.563602,CLO,1903028.jpg,1903028,1,0,NA
1903557_1,2023-01-04 23:31:56.907348,CLO,1903557.jpg,1903557,1,0,NA
1904743_1,2023-01-04 23:31:56.376092,CLO,1904743.jpg,1904743,1,0,NA
1904714_1,2023-01-04 23:31:55.766726,CLO,1904714.jpg,1904714,1,0,NA
1905153_1,2023-01-04 23:31:55.188947,CLO,1905153.jpg,1905153,1,0,NA
1905357_1,2023-01-04 23:31:54.219856,CLO,1905357.jpg,1905357,1,0,NA
1905377_1,2023-01-04 23:31:53.704231,CLO,1905377.jpg,1905377,1,0,NA
1905361_1,2023-01-04 23:31:53.126105,CLO,1905361.jpg,1905361,1,0,NA
1905397_1,2023-01-04 23:31:52.610488,CLO,1905397.jpg,1905397,1,0,NA
1905398_1,2023-01-04 23:31:52.094918,CLO,1905398.jpg,1905398,1,0,NA
1905595_1,2023-01-04 23:31:51.563616,CLO,1905595.jpg,1905595,1,0,NA
1905695_1,2023-01-04 23:31:51.016804,CLO,1905695.jpg,1905695,1,0,NA
1905696_1,2023-01-04 23:31:50.469926,CLO,1905696.jpg,1905696,1,0,NA
1905713_1,2023-01-04 23:31:49.891817,CLO,1905713.jpg,1905713,1,0,NA
1905720_1,2023-01-04 23:31:49.329261,CLO,1905720.jpg,1905720,1,0,NA
1905737_1,2023-01-04 23:31:48.766749,CLO,1905737.jpg,1905737,1,0,NA
1905803_1,2023-01-04 23:31:48.173012,CLO,1905803.jpg,1905803,1,0,NA
1905862_1,2023-01-04 23:31:47.641759,CLO,1905862.jpg,1905862,1,0,NA
1905913_1,2023-01-04 23:31:47.094969,CLO,1905913.jpg,1905913,1,0,NA
1906101_1,2023-01-04 23:31:46.548305,CLO,1906101.jpg,1906101,1,0,NA
1906145_1,2023-01-04 23:31:46.001122,CLO,1906145.jpg,1906145,1,0,NA
1906719_1,2023-01-04 23:29:36.064122,CLO,1906719.jpg,1906719,1,0,NA
2103007_2,2023-01-04 23:27:50.845838,CLO,2103007.jpg,2103007,2,0,NA
1603869_1,2023-01-04 23:27:50.455165,CLO,1603869.jpg,1603869,1,0,NA
1508637_1,2023-01-04 23:27:50.048916,CLO,1508637.jpg,1508637,1,0,NA
1502654_1,2023-01-04 23:27:49.611415,CLO,1502654.jpg,1502654,1,0,NA
1603747_1,2023-01-04 23:27:49.220773,CLO,1603747.jpg,1603747,1,0,NA
1804914_1,2023-01-04 23:27:48.689549,CLO,1804914.jpg,1804914,1,0,NA
1806539_1,2023-01-04 23:27:48.158299,CLO,1806539.jpg,1806539,1,0,NA
1809459_1,2023-01-04 23:27:47.611460,CLO,1809459.jpg,1809459,1,0,NA
1809060_1,2023-01-04 23:27:47.080179,CLO,1809060.jpg,1809060,1,0,NA
1810710_1,2023-01-04 23:27:46.502057,CLO,1810710.jpg,1810710,1,0,NA
1811680_1,2023-01-04 23:27:45.923940,CLO,1811680.jpg,1811680,1,0,NA
2014788_2,2023-01-04 23:27:45.533443,CLO,2014788.jpg,2014788,2,0,NA
1811849_1,2023-01-04 23:27:45.002063,CLO,1811849.jpg,1811849,1,0,NA
1900383_1,2023-01-04 23:27:44.470821,CLO,1900383.jpg,1900383,1,0,NA
1900536_1,2023-01-04 23:27:43.861441,ACC,1900536.jpg,1900536,1,0,NA
1900549_1,2023-01-04 23:27:43.345827,ACC,1900549.jpg,1900549,1,0,NA
1901233_1,2023-01-04 23:27:42.767693,CLO,1901233.jpg,1901233,1,0,NA
1901400_1,2023-01-04 23:27:42.236454,CLO,1901400.jpg,1901400,1,0,NA
1902170_1,2023-01-04 23:27:41.580198,CLO,1902170.jpg,1902170,1,0,NA
1808251_1,2023-01-04 23:27:41.048931,SHO,1808251.jpg,1808251,1,0,NA
1808747_1,2023-01-04 23:27:40.517790,SHO,1808747.jpg,1808747,1,0,NA
1811243_1,2023-01-04 23:27:39.908335,SHO,1811243.jpg,1811243,1,0,NA
1901970_1,2023-01-04 23:27:39.236465,SHO,1901970.jpg,1901970,1,0,NA
1903335_1,2023-01-04 23:27:38.705215,SHO,1903335.jpg,1903335,1,0,NA
1903336_1,2023-01-04 23:27:38.173961,SHO,1903336.jpg,1903336,1,0,NA
1903357_1,2023-01-04 23:27:37.642715,SHO,1903357.jpg,1903357,1,0,NA
1902251_1,2023-01-04 23:27:37.158352,CLO,1902251.jpg,1902251,1,0,NA
1902267_1,2023-01-04 23:27:36.627191,CLO,1902267.jpg,1902267,1,0,NA
1902271_1,2023-01-04 23:27:35.970847,CLO,1902271.jpg,1902271,1,0,NA
1902880_1,2023-01-04 23:27:35.455230,CLO,1902880.jpg,1902880,1,0,NA
1807521_1,2023-01-04 23:27:35.080233,ACC,1807521.jpg,1807521,1,0,NA
1903598_1,2023-01-04 23:27:34.548978,CLO,1903598.jpg,1903598,1,0,NA
1903669_1,2023-01-04 23:27:34.033353,CLO,1903669.jpg,1903669,1,0,NA
1903892_1,2023-01-04 23:27:33.502121,CLO,1903892.jpg,1903892,1,0,NA
1903991_1,2023-01-04 23:27:33.002100,CLO,1903991.jpg,1903991,1,0,NA
1904026_1,2023-01-04 23:27:32.470866,CLO,1904026.jpg,1904026,1,0,NA
1904069_1,2023-01-04 23:27:31.955246,CLO,1904069.jpg,1904069,1,0,NA
1904129_1,2023-01-04 23:27:31.392871,CLO,1904129.jpg,1904129,1,0,NA
1904732_1,2023-01-04 23:27:30.861795,CLO,1904732.jpg,1904732,1,0,NA
1904542_1,2023-01-04 23:27:30.330257,CLO,1904542.jpg,1904542,1,0,NA
1904771_1,2023-01-04 23:27:29.752123,CLO,1904771.jpg,1904771,1,0,NA
1904774_1,2023-01-04 23:27:28.658437,CLO,1904774.jpg,1904774,1,0,NA
1904776_1,2023-01-04 23:27:28.111507,CLO,1904776.jpg,1904776,1,0,NA
1905483_1,2023-01-04 23:27:27.611496,CLO,1905483.jpg,1905483,1,0,NA
1905565_1,2023-01-04 23:27:27.095872,CLO,1905565.jpg,1905565,1,0,NA
1906084_1,2023-01-04 23:27:26.533383,CLO,1906084.jpg,1906084,1,0,NA
1906105_1,2023-01-04 23:27:26.002131,CLO,1906105.jpg,1906105,1,0,NA
1906123_1,2023-01-04 23:27:25.486511,CLO,1906123.jpg,1906123,1,0,NA
1906574_1,2023-01-04 23:27:24.955265,CLO,1906574.jpg,1906574,1,0,NA
1907348_1,2023-01-04 23:27:24.439643,CLO,1907348.jpg,1907348,1,0,NA
1900653_1,2023-01-04 23:27:23.455275,ACC,1900653.jpg,1900653,1,0,NA
1900735_1,2023-01-04 23:27:22.924019,ACC,1900735.jpg,1900735,1,0,NA
1905143_1,2023-01-04 23:27:22.361535,BEAUTY,1905143.jpg,1905143,1,0,NA
1906142_1,2023-01-04 23:27:21.799025,ACC,1906142.jpg,1906142,1,0,NA
1906241_1,2023-01-04 23:27:21.252151,BEAUTY,1906241.jpg,1906241,1,0,NA
1906243_1,2023-01-04 23:27:20.689661,BEAUTY,1906243.jpg,1906243,1,0,NA
1905912_1,2023-01-04 23:27:19.971584,SHO,1905912.jpg,1905912,1,0,NA
1906259_1,2023-01-04 23:27:19.439685,SHO,1906259.jpg,1906259,1,0,NA
1906261_1,2023-01-04 23:27:18.877162,SHO,1906261.jpg,1906261,1,0,NA
2001235_2,2023-01-04 23:27:18.361553,SHO,2001235.jpg,2001235,2,0,NA
1805895_1,2023-01-04 23:27:17.736532,CLO,1805895.jpg,1805895,1,0,NA
1710374_1,2023-01-04 23:27:17.314677,CLO,1710374.jpg,1710374,1,0,NA
1801413_1,2023-01-04 23:27:16.783422,CLO,1801413.jpg,1801413,1,0,NA
1808157_1,2023-01-04 23:27:16.220915,CLO,1808157.jpg,1808157,1,0,NA
1809127_1,2023-01-04 23:27:15.674051,CLO,1809127.jpg,1809127,1,0,NA
1811666_1,2023-01-04 23:27:14.720927,CLO,1811666.jpg,1811666,1,0,NA
1900537_1,2023-01-04 23:27:14.205286,ACC,1900537.jpg,1900537,1,0,NA
1900547_1,2023-01-04 23:27:13.674184,ACC,1900547.jpg,1900547,1,0,NA
1905683_1,2023-01-04 23:27:13.127182,CLO,1905683.jpg,1905683,1,0,NA
1905684_1,2023-01-04 23:27:12.533441,CLO,1905684.jpg,1905684,1,0,NA
1905747_1,2023-01-04 23:27:11.939687,CLO,1905747.jpg,1905747,1,0,NA
1905750_1,2023-01-04 23:27:11.424072,CLO,1905750.jpg,1905750,1,0,NA
1905756_1,2023-01-04 23:27:10.861579,CLO,1905756.jpg,1905756,1,0,NA
1905777_1,2023-01-04 23:27:09.814698,CLO,1905777.jpg,1905777,1,0,NA
1905778_1,2023-01-04 23:27:09.283519,CLO,1905778.jpg,1905778,1,0,NA
1905784_1,2023-01-04 23:27:08.689781,CLO,1905784.jpg,1905784,1,0,NA
1905785_1,2023-01-04 23:27:08.111586,CLO,1905785.jpg,1905785,1,0,NA
1905787_1,2023-01-04 23:27:07.611578,CLO,1905787.jpg,1905787,1,0,NA
1905791_1,2023-01-04 23:27:07.080328,CLO,1905791.jpg,1905791,1,0,NA
1905804_1,2023-01-04 23:27:06.517833,CLO,1905804.jpg,1905804,1,0,NA
1905805_1,2023-01-04 23:27:06.002236,CLO,1905805.jpg,1905805,1,0,NA
1905812_1,2023-01-04 23:27:05.470960,CLO,1905812.jpg,1905812,1,0,NA
1905814_1,2023-01-04 23:27:04.908452,CLO,1905814.jpg,1905814,1,0,NA
1905825_1,2023-01-04 23:27:04.392939,CLO,1905825.jpg,1905825,1,0,NA
1905865_1,2023-01-04 23:27:03.877222,CLO,1905865.jpg,1905865,1,0,NA
1905868_1,2023-01-04 23:27:03.314724,CLO,1905868.jpg,1905868,1,0,NA
1905881_1,2023-01-04 23:27:02.752229,CLO,1905881.jpg,1905881,1,0,NA
1906099_1,2023-01-04 23:27:02.095981,CLO,1906099.jpg,1906099,1,0,NA
1906103_1,2023-01-04 23:27:01.595960,CLO,1906103.jpg,1906103,1,0,NA
1906104_1,2023-01-04 23:27:01.080361,CLO,1906104.jpg,1906104,1,0,NA
1906107_1,2023-01-04 23:27:00.549114,CLO,1906107.jpg,1906107,1,0,NA
1906122_1,2023-01-04 23:27:00.002267,CLO,1906122.jpg,1906122,1,0,NA
1906446_1,2023-01-04 23:26:59.486614,CLO,1906446.jpg,1906446,1,0,NA
1907339_1,2023-01-04 23:26:58.986644,CLO,1907339.jpg,1907339,1,0,NA
1907375_1,2023-01-04 23:26:58.095994,CLO,1907375.jpg,1907375,1,0,NA
1907226_1,2023-01-04 23:26:57.564740,CLO,1907226.jpg,1907226,1,0,NA
1907230_1,2023-01-04 23:26:57.033496,CLO,1907230.jpg,1907230,1,0,NA
1907235_1,2023-01-04 23:26:56.517869,CLO,1907235.jpg,1907235,1,0,NA
1907252_1,2023-01-04 23:26:56.002243,CLO,1907252.jpg,1907252,1,0,NA
1907268_1,2023-01-04 23:26:55.502335,CLO,1907268.jpg,1907268,1,0,NA
1811438_1,2023-01-04 23:26:54.924131,CLO,1811438.jpg,1811438,1,0,NA
1904123_1,2023-01-04 23:26:54.330386,CLO,1904123.jpg,1904123,1,0,NA
1906140_1,2023-01-04 23:26:53.814761,CLO,1906140.jpg,1906140,1,0,NA
1906163_1,2023-01-04 23:26:53.283523,CLO,1906163.jpg,1906163,1,0,NA
1906166_1,2023-01-04 23:26:52.674137,CLO,1906166.jpg,1906166,1,0,NA
1906200_1,2023-01-04 23:26:52.158512,CLO,1906200.jpg,1906200,1,0,NA
1906454_1,2023-01-04 23:26:51.596017,CLO,1906454.jpg,1906454,1,0,NA
1906496_1,2023-01-04 23:26:51.033519,CLO,1906496.jpg,1906496,1,0,NA
1906498_1,2023-01-04 23:26:50.486646,CLO,1906498.jpg,1906498,1,0,NA
1906499_1,2023-01-04 23:26:49.955401,CLO,1906499.jpg,1906499,1,0,NA
1906502_1,2023-01-04 23:26:48.908520,CLO,1906502.jpg,1906502,1,0,NA
1906504_1,2023-01-04 23:26:48.330465,CLO,1906504.jpg,1906504,1,0,NA
1906526_1,2023-01-04 23:26:47.736661,CLO,1906526.jpg,1906526,1,0,NA
1906532_1,2023-01-04 23:26:47.221030,CLO,1906532.jpg,1906532,1,0,NA
1906575_1,2023-01-04 23:26:46.689927,CLO,1906575.jpg,1906575,1,0,NA
1906576_1,2023-01-04 23:26:46.142911,CLO,1906576.jpg,1906576,1,0,NA
1906577_1,2023-01-04 23:26:45.627392,CLO,1906577.jpg,1906577,1,0,NA
1906656_1,2023-01-04 23:26:45.049178,CLO,1906656.jpg,1906656,1,0,NA
1906670_1,2023-01-04 23:26:44.517920,CLO,1906670.jpg,1906670,1,0,NA
1906730_1,2023-01-04 23:26:43.752291,CLO,1906730.jpg,1906730,1,0,NA
1906731_1,2023-01-04 23:26:43.236676,CLO,1906731.jpg,1906731,1,0,NA
1907096_1,2023-01-04 23:26:42.705549,CLO,1907096.jpg,1907096,1,0,NA
1907209_1,2023-01-04 23:26:42.174254,CLO,1907209.jpg,1907209,1,0,NA
1907211_1,2023-01-04 23:26:41.674180,CLO,1907211.jpg,1907211,1,0,NA
1907214_1,2023-01-04 23:26:41.159503,CLO,1907214.jpg,1907214,1,0,NA
1907225_1,2023-01-04 23:26:40.611759,CLO,1907225.jpg,1907225,1,0,NA
1907224_1,2023-01-04 23:26:40.096050,CLO,1907224.jpg,1907224,1,0,NA
1906277_1,2023-01-04 23:26:39.455430,SHO,1906277.jpg,1906277,1,0,NA
1810873_1,2023-01-04 23:26:38.939815,ACC,1810873.jpg,1810873,1,0,NA
1811278_1,2023-01-04 23:26:38.377310,SHO,1811278.jpg,1811278,1,0,NA
1811378_1,2023-01-04 23:26:37.799319,SHO,1811378.jpg,1811378,1,0,NA
1900617_1,2023-01-04 23:26:37.267966,ACC,1900617.jpg,1900617,1,0,NA
1901382_1,2023-01-04 23:26:36.767941,ACC,1901382.jpg,1901382,1,0,NA
1902405_1,2023-01-04 23:26:36.236703,BEAUTY,1902405.jpg,1902405,1,0,NA
1904236_1,2023-01-04 23:26:35.674206,BEAUTY,1904236.jpg,1904236,1,0,NA
1904300_1,2023-01-04 23:26:35.017953,BEAUTY,1904300.jpg,1904300,1,0,NA
1904301_1,2023-01-04 23:26:34.471061,BEAUTY,1904301.jpg,1904301,1,0,NA
1905141_1,2023-01-04 23:26:33.861721,BEAUTY,1905141.jpg,1905141,1,0,NA
1905150_1,2023-01-04 23:26:33.346081,BEAUTY,1905150.jpg,1905150,1,0,NA
1802152_1,2023-01-04 23:26:32.783595,SHO,1802152.jpg,1802152,1,0,NA
1800498_1,2023-01-04 23:26:32.408580,SHO,1800498.jpg,1800498,1,0,NA
1904637_1,2023-01-04 23:26:31.846090,SHO,1904637.jpg,1904637,1,0,NA
1904761_1,2023-01-04 23:26:31.314853,SHO,1904761.jpg,1904761,1,0,NA
1905486_1,2023-01-04 23:26:30.752349,SHO,1905486.jpg,1905486,1,0,NA
1906968_1,2023-01-04 23:26:30.221109,SHO,1906968.jpg,1906968,1,0,NA
1905679_1,2023-01-04 23:26:29.658596,SHO,1905679.jpg,1905679,1,0,NA
1906969_1,2023-01-04 23:26:29.127351,SHO,1906969.jpg,1906969,1,0,NA
1811767_1,2023-01-04 23:26:28.502356,CLO,1811767.jpg,1811767,1,0,NA
1902608_1,2023-01-04 23:26:27.892975,CLO,1902608.jpg,1902608,1,0,NA
1902665_1,2023-01-04 23:26:27.330585,CLO,1902665.jpg,1902665,1,0,NA
1902667_1,2023-01-04 23:26:26.799237,CLO,1902667.jpg,1902667,1,0,NA
1902673_1,2023-01-04 23:26:26.252363,CLO,1902673.jpg,1902673,1,0,NA
1902856_1,2023-01-04 23:26:25.705510,CLO,1902856.jpg,1902856,1,0,NA
1902854_1,2023-01-04 23:26:25.221125,CLO,1902854.jpg,1902854,1,0,NA
1903436_1,2023-01-04 23:26:24.721117,CLO,1903436.jpg,1903436,1,0,NA
1903435_1,2023-01-04 23:26:24.189876,CLO,1903435.jpg,1903435,1,0,NA
1903610_1,2023-01-04 23:26:23.627380,CLO,1903610.jpg,1903610,1,0,NA
1903753_1,2023-01-04 23:26:23.096121,CLO,1903753.jpg,1903753,1,0,NA
1903755_1,2023-01-04 23:26:22.580721,CLO,1903755.jpg,1903755,1,0,NA
1903756_1,2023-01-04 23:26:22.049389,CLO,1903756.jpg,1903756,1,0,NA
1903824_1,2023-01-04 23:26:21.502380,CLO,1903824.jpg,1903824,1,0,NA
1903849_1,2023-01-04 23:26:20.986766,CLO,1903849.jpg,1903849,1,0,NA
1903852_1,2023-01-04 23:26:20.439885,CLO,1903852.jpg,1903852,1,0,NA
1903853_1,2023-01-04 23:26:19.924270,CLO,1903853.jpg,1903853,1,0,NA
1903856_1,2023-01-04 23:26:19.408650,CLO,1903856.jpg,1903856,1,0,NA
1903860_1,2023-01-04 23:26:18.877578,CLO,1903860.jpg,1903860,1,0,NA
1903862_1,2023-01-04 23:26:18.315010,CLO,1903862.jpg,1903862,1,0,NA
1904064_1,2023-01-04 23:26:17.814915,CLO,1904064.jpg,1904064,1,0,NA
1904643_1,2023-01-04 23:26:17.236778,CLO,1904643.jpg,1904643,1,0,NA
1904670_1,2023-01-04 23:26:16.736775,CLO,1904670.jpg,1904670,1,0,NA
1904677_1,2023-01-04 23:26:16.174295,CLO,1904677.jpg,1904677,1,0,NA
1905344_1,2023-01-04 23:26:15.658653,CLO,1905344.jpg,1905344,1,0,NA
1905345_1,2023-01-04 23:26:15.096159,CLO,1905345.jpg,1905345,1,0,NA
1905353_1,2023-01-04 23:26:14.580534,CLO,1905353.jpg,1905353,1,0,NA
1905354_1,2023-01-04 23:26:13.596163,CLO,1905354.jpg,1905354,1,0,NA
1905358_1,2023-01-04 23:26:13.033667,CLO,1905358.jpg,1905358,1,0,NA
1905363_1,2023-01-04 23:26:12.486790,CLO,1905363.jpg,1905363,1,0,NA
1905364_1,2023-01-04 23:26:11.955549,CLO,1905364.jpg,1905364,1,0,NA
1905367_1,2023-01-04 23:26:11.439901,CLO,1905367.jpg,1905367,1,0,NA
1905370_1,2023-01-04 23:26:10.893046,CLO,1905370.jpg,1905370,1,0,NA
1905376_1,2023-01-04 23:26:10.205537,CLO,1905376.jpg,1905376,1,0,NA
1905454_1,2023-01-04 23:26:09.689949,CLO,1905454.jpg,1905454,1,0,NA
1905702_1,2023-01-04 23:26:09.158677,CLO,1905702.jpg,1905702,1,0,NA
1905703_1,2023-01-04 23:26:08.611823,CLO,1905703.jpg,1905703,1,0,NA
1906184_1,2023-01-04 23:26:08.064933,CLO,1906184.jpg,1906184,1,0,NA
1906190_1,2023-01-04 23:26:07.518059,CLO,1906190.jpg,1906190,1,0,NA
1811769_1,2023-01-04 23:26:06.939938,CLO,1811769.jpg,1811769,1,0,NA
1905687_1,2023-01-04 23:26:06.393061,CLO,1905687.jpg,1905687,1,0,NA
1905700_1,2023-01-04 23:26:05.846190,CLO,1905700.jpg,1905700,1,0,NA
1906151_1,2023-01-04 23:26:05.314948,CLO,1906151.jpg,1906151,1,0,NA
1906174_1,2023-01-04 23:26:04.674319,CLO,1906174.jpg,1906174,1,0,NA
1906178_1,2023-01-04 23:26:04.111833,CLO,1906178.jpg,1906178,1,0,NA
1906176_1,2023-01-04 23:26:03.611829,CLO,1906176.jpg,1906176,1,0,NA
1906189_1,2023-01-04 23:26:03.018076,CLO,1906189.jpg,1906189,1,0,NA
1906185_1,2023-01-04 23:26:02.486837,CLO,1906185.jpg,1906185,1,0,NA
1906191_1,2023-01-04 23:26:01.955581,CLO,1906191.jpg,1906191,1,0,NA
1906180_1,2023-01-04 23:26:01.361841,CLO,1906180.jpg,1906180,1,0,NA
1903752_1,2023-01-04 23:26:00.846216,CLO,1903752.jpg,1903752,1,0,NA
1903398_1,2023-01-04 23:26:00.283727,CLO,1903398.jpg,1903398,1,0,NA
1905746_1,2023-01-04 23:25:59.908715,CLO,1905746.jpg,1905746,1,0,NA
1811835_1,2023-01-04 23:25:59.377474,CLO,1811835.jpg,1811835,1,0,NA
1905748_1,2023-01-04 23:25:58.861942,CLO,1905748.jpg,1905748,1,0,NA
1905771_1,2023-01-04 23:25:58.236847,CLO,1905771.jpg,1905771,1,0,NA
1905822_1,2023-01-04 23:25:57.705606,CLO,1905822.jpg,1905822,1,0,NA
1905823_1,2023-01-04 23:25:57.096222,CLO,1905823.jpg,1905823,1,0,NA
1905824_1,2023-01-04 23:25:56.518101,CLO,1905824.jpg,1905824,1,0,NA
1906097_1,2023-01-04 23:25:55.814987,CLO,1906097.jpg,1906097,1,0,NA
1906198_1,2023-01-04 23:25:55.221231,CLO,1906198.jpg,1906198,1,0,NA
1906410_1,2023-01-04 23:25:54.674372,CLO,1906410.jpg,1906410,1,0,NA
1906416_1,2023-01-04 23:25:53.643109,CLO,1906416.jpg,1906416,1,0,NA
1906419_1,2023-01-04 23:25:53.080800,CLO,1906419.jpg,1906419,1,0,NA
1906439_1,2023-01-04 23:25:52.533744,CLO,1906439.jpg,1906439,1,0,NA
1907222_1,2023-01-04 23:25:51.955615,CLO,1907222.jpg,1907222,1,0,NA
1907057_1,2023-01-04 23:25:51.424373,CLO,1907057.jpg,1907057,1,0,NA
1907349_1,2023-01-04 23:25:50.846248,CLO,1907349.jpg,1907349,1,0,NA
1802572_1,2023-01-04 23:25:50.252515,CLO,1802572.jpg,1802572,1,0,NA
1902253_1,2023-01-04 23:25:49.705631,CLO,1902253.jpg,1902253,1,0,NA
1903032_1,2023-01-04 23:25:49.127501,CLO,1903032.jpg,1903032,1,0,NA
1904539_1,2023-01-04 23:25:48.596254,CLO,1904539.jpg,1904539,1,0,NA
1905688_1,2023-01-04 23:25:47.924384,CLO,1905688.jpg,1905688,1,0,NA
1905776_1,2023-01-04 23:25:47.315018,CLO,1905776.jpg,1905776,1,0,NA
1905808_1,2023-01-04 23:25:46.705642,CLO,1905808.jpg,1905808,1,0,NA
1905813_1,2023-01-04 23:25:46.096265,CLO,1905813.jpg,1905813,1,0,NA
1905821_1,2023-01-04 23:25:45.518147,CLO,1905821.jpg,1905821,1,0,NA
1906274_1,2023-01-04 23:25:44.955638,CLO,1906274.jpg,1906274,1,0,NA
1906418_1,2023-01-04 23:25:44.393143,CLO,1906418.jpg,1906418,1,0,NA
1906825_1,2023-01-04 23:25:43.815031,CLO,1906825.jpg,1906825,1,0,NA
1812380_1,2023-01-04 23:25:43.252548,CLO,1812380.jpg,1812380,1,0,NA
1906578_1,2023-01-04 23:25:42.596275,CLO,1906578.jpg,1906578,1,0,NA
1907345_1,2023-01-04 23:25:41.986911,CLO,1907345.jpg,1907345,1,0,NA
1906422_1,2023-01-04 23:25:41.393156,CLO,1906422.jpg,1906422,1,0,NA
1906442_1,2023-01-04 23:25:40.830753,CLO,1906442.jpg,1906442,1,0,NA
1906437_1,2023-01-04 23:25:40.283787,CLO,1906437.jpg,1906437,1,0,NA
1906473_1,2023-01-04 23:25:39.658786,CLO,1906473.jpg,1906473,1,0,NA
1906475_1,2023-01-04 23:25:39.080668,CLO,1906475.jpg,1906475,1,0,NA
1906541_1,2023-01-04 23:25:38.518168,CLO,1906541.jpg,1906541,1,0,NA
1906824_1,2023-01-04 23:25:37.736919,CLO,1906824.jpg,1906824,1,0,NA
1907282_1,2023-01-04 23:25:37.158798,CLO,1907282.jpg,1907282,1,0,NA
1907059_1,2023-01-04 23:25:36.596301,CLO,1907059.jpg,1907059,1,0,NA
1907284_1,2023-01-04 23:25:35.971299,CLO,1907284.jpg,1907284,1,0,NA
1907346_1,2023-01-04 23:25:35.377557,CLO,1907346.jpg,1907346,1,0,NA
1907347_1,2023-01-04 23:25:34.830685,CLO,1907347.jpg,1907347,1,0,NA
1907350_1,2023-01-04 23:25:34.268207,CLO,1907350.jpg,1907350,1,0,NA
1907364_1,2023-01-04 23:25:33.705689,CLO,1907364.jpg,1907364,1,0,NA
1907366_1,2023-01-04 23:25:33.158952,CLO,1907366.jpg,1907366,1,0,NA
1907367_1,2023-01-04 23:25:32.533821,CLO,1907367.jpg,1907367,1,0,NA
1811003_1,2023-01-04 23:25:31.955675,CLO,1811003.jpg,1811003,1,0,NA
1902760_1,2023-01-04 23:25:30.768200,CLO,1902760.jpg,1902760,1,0,NA
1903575_1,2023-01-04 23:25:30.221326,CLO,1903575.jpg,1903575,1,0,NA
1904152_1,2023-01-04 23:25:29.611953,CLO,1904152.jpg,1904152,1,0,NA
1905790_1,2023-01-04 23:25:29.080700,CLO,1905790.jpg,1905790,1,0,NA
1907191_1,2023-01-04 23:25:28.471334,CLO,1907191.jpg,1907191,1,0,NA
1907299_1,2023-01-04 23:25:27.830710,CLO,1907299.jpg,1907299,1,0,NA
1907335_1,2023-01-04 23:25:27.236965,CLO,1907335.jpg,1907335,1,0,NA
1907336_1,2023-01-04 23:25:26.690089,CLO,1907336.jpg,1907336,1,0,NA
1907337_1,2023-01-04 23:25:26.080734,CLO,1907337.jpg,1907337,1,0,NA
1907369_1,2023-01-04 23:25:25.471354,CLO,1907369.jpg,1907369,1,0,NA
1905797_1,2023-01-04 23:25:24.893219,CLO,1905797.jpg,1905797,1,0,NA
1906116_1,2023-01-04 23:25:24.330724,CLO,1906116.jpg,1906116,1,0,NA
1906518_1,2023-01-04 23:25:23.783851,CLO,1906518.jpg,1906518,1,0,NA
1907061_1,2023-01-04 23:25:23.174733,CLO,1907061.jpg,1907061,1,0,NA
1907269_1,2023-01-04 23:25:22.565116,CLO,1907269.jpg,1907269,1,0,NA
1907281_1,2023-01-04 23:25:21.924665,CLO,1907281.jpg,1907281,1,0,NA
1907344_1,2023-01-04 23:25:21.346346,CLO,1907344.jpg,1907344,1,0,NA
1609360_1,2023-01-04 23:25:20.690113,CLO,1609360.jpg,1609360,1,0,NA
1806613_1,2023-01-04 23:25:20.127618,CLO,1806613.jpg,1806613,1,0,NA
1808969_1,2023-01-04 23:25:19.580755,CLO,1808969.jpg,1808969,1,0,NA
1810122_1,2023-01-04 23:25:18.908861,CLO,1810122.jpg,1810122,1,0,NA
1810121_1,2023-01-04 23:25:18.236986,CLO,1810121.jpg,1810121,1,0,NA
1809167_1,2023-01-04 23:25:17.580743,CLO,1809167.jpg,1809167,1,0,NA
1811174_1,2023-01-04 23:25:16.987024,CLO,1811174.jpg,1811174,1,0,NA
1811337_1,2023-01-04 23:25:16.408895,CLO,1811337.jpg,1811337,1,0,NA
1811609_1,2023-01-04 23:25:15.846389,CLO,1811609.jpg,1811609,1,0,NA
1811442_1,2023-01-04 23:25:15.205761,CLO,1811442.jpg,1811442,1,0,NA
1811322_1,2023-01-04 23:25:14.612016,CLO,1811322.jpg,1811322,1,0,NA
1802110_1,2023-01-04 23:25:14.002641,CLO,1802110.jpg,1802110,1,0,NA
1811611_1,2023-01-04 23:25:13.612028,CLO,1811611.jpg,1811611,1,0,NA
1811922_1,2023-01-04 23:25:12.846379,CLO,1811922.jpg,1811922,1,0,NA
1811612_1,2023-01-04 23:25:12.190147,CLO,1811612.jpg,1811612,1,0,NA
1811749_1,2023-01-04 23:25:11.596399,CLO,1811749.jpg,1811749,1,0,NA
1811963_1,2023-01-04 23:25:11.065157,CLO,1811963.jpg,1811963,1,0,NA
1900329_1,2023-01-04 23:25:10.455780,CLO,1900329.jpg,1900329,1,0,NA
1900764_1,2023-01-04 23:25:09.862028,CLO,1900764.jpg,1900764,1,0,NA
1900931_1,2023-01-04 23:25:09.315456,CLO,1900931.jpg,1900931,1,0,NA
1901270_1,2023-01-04 23:25:08.783920,CLO,1901270.jpg,1901270,1,0,NA
1901147_1,2023-01-04 23:25:08.252667,CLO,1901147.jpg,1901147,1,0,NA
1901215_1,2023-01-04 23:25:07.502668,CLO,1901215.jpg,1901215,1,0,NA
1901313_1,2023-01-04 23:25:06.893312,CLO,1901313.jpg,1901313,1,0,NA
1901280_1,2023-01-04 23:25:06.346417,CLO,1901280.jpg,1901280,1,0,NA
1903672_1,2023-01-04 23:25:05.580805,CLO,1903672.jpg,1903672,1,0,NA
1902172_1,2023-01-04 23:25:04.440186,CLO,1902172.jpg,1902172,1,0,NA
1809999_1,2023-01-04 23:25:03.846406,CLO,1809999.jpg,1809999,1,0,NA
1709106_1,2023-01-04 23:25:03.440194,CLO,1709106.jpg,1709106,1,0,NA
1811946_1,2023-01-04 23:25:02.893338,CLO,1811946.jpg,1811946,1,0,NA
1811936_1,2023-01-04 23:25:02.299706,CLO,1811936.jpg,1811936,1,0,NA
1811443_1,2023-01-04 23:25:01.721569,CLO,1811443.jpg,1811443,1,0,NA
1811013_1,2023-01-04 23:25:01.143338,CLO,1811013.jpg,1811013,1,0,NA
1900447_1,2023-01-04 23:25:00.580841,CLO,1900447.jpg,1900447,1,0,NA
1900322_1,2023-01-04 23:25:00.018327,CLO,1900322.jpg,1900322,1,0,NA
1900496_1,2023-01-04 23:24:59.455826,CLO,1900496.jpg,1900496,1,0,NA
1900990_1,2023-01-04 23:24:58.908950,CLO,1900990.jpg,1900990,1,0,NA
1900746_1,2023-01-04 23:24:58.315208,CLO,1900746.jpg,1900746,1,0,NA
1901225_1,2023-01-04 23:24:57.549731,CLO,1901225.jpg,1901225,1,0,NA
1901971_1,2023-01-04 23:24:57.018340,CLO,1901971.jpg,1901971,1,0,NA
1902190_1,2023-01-04 23:24:56.377712,CLO,1902190.jpg,1902190,1,0,NA
1902455_1,2023-01-04 23:24:55.831775,CLO,1902455.jpg,1902455,1,0,NA
1906244_1,2023-01-04 23:24:55.221473,SHO,1906244.jpg,1906244,1,0,NA
1901317_1,2023-01-04 23:24:54.658974,CLO,1901317.jpg,1901317,1,0,NA
1903708_1,2023-01-04 23:24:54.065216,CLO,1903708.jpg,1903708,1,0,NA
1905723_1,2023-01-04 23:24:53.455878,CLO,1905723.jpg,1905723,1,0,NA
1905850_1,2023-01-04 23:24:52.924578,CLO,1905850.jpg,1905850,1,0,NA
1905866_1,2023-01-04 23:24:52.362105,CLO,1905866.jpg,1905866,1,0,NA
1906030_1,2023-01-04 23:24:51.784130,CLO,1906030.jpg,1906030,1,0,NA
1906090_1,2023-01-04 23:24:51.205869,CLO,1906090.jpg,1906090,1,0,NA
1906729_1,2023-01-04 23:24:50.643360,CLO,1906729.jpg,1906729,1,0,NA
1906862_1,2023-01-04 23:24:50.033989,ACC,1906862.jpg,1906862,1,0,NA
1509206_1,2023-01-04 23:24:49.455865,CLO,1509206.jpg,1509206,1,0,NA
1904114_1,2023-01-04 23:24:48.909189,CLO,1904114.jpg,1904114,1,0,NA
1904845_1,2023-01-04 23:24:48.393347,CLO,1904845.jpg,1904845,1,0,NA
1905857_1,2023-01-04 23:24:47.799603,CLO,1905857.jpg,1905857,1,0,NA
1704990_1,2023-01-04 23:24:47.237120,CLO,1704990.jpg,1704990,1,0,NA
1902219_1,2023-01-04 23:24:46.846499,CLO,1902219.jpg,1902219,1,0,NA
1902043_1,2023-01-04 23:24:46.330873,CLO,1902043.jpg,1902043,1,0,NA
1904753_1,2023-01-04 23:24:45.737143,CLO,1904753.jpg,1904753,1,0,NA
1906249_1,2023-01-04 23:24:45.221487,CLO,1906249.jpg,1906249,1,0,NA
1906251_1,2023-01-04 23:24:44.580876,CLO,1906251.jpg,1906251,1,0,NA
1906413_1,2023-01-04 23:24:43.940249,CLO,1906413.jpg,1906413,1,0,NA
1906449_1,2023-01-04 23:24:43.346507,CLO,1906449.jpg,1906449,1,0,NA
1906453_1,2023-01-04 23:24:42.752834,CLO,1906453.jpg,1906453,1,0,NA
1906646_1,2023-01-04 23:24:42.190345,CLO,1906646.jpg,1906646,1,0,NA
1906525_1,2023-01-04 23:24:41.627932,CLO,1906525.jpg,1906525,1,0,NA
1906666_1,2023-01-04 23:24:41.112138,CLO,1906666.jpg,1906666,1,0,NA
1906671_1,2023-01-04 23:24:40.549784,CLO,1906671.jpg,1906671,1,0,NA
1906676_1,2023-01-04 23:24:39.971500,CLO,1906676.jpg,1906676,1,0,NA
1906682_1,2023-01-04 23:24:39.409010,CLO,1906682.jpg,1906682,1,0,NA
1907202_1,2023-01-04 23:24:38.830879,CLO,1907202.jpg,1907202,1,0,NA
1907318_1,2023-01-04 23:24:38.190266,CLO,1907318.jpg,1907318,1,0,NA
1907203_1,2023-01-04 23:24:37.596530,CLO,1907203.jpg,1907203,1,0,NA
1907380_1,2023-01-04 23:24:37.049806,CLO,1907380.jpg,1907380,1,0,NA
1906369_1,2023-01-04 23:24:36.487144,CLO,1906369.jpg,1906369,1,0,NA
1906414_1,2023-01-04 23:24:35.893434,CLO,1906414.jpg,1906414,1,0,NA
1906415_1,2023-01-04 23:24:35.284066,CLO,1906415.jpg,1906415,1,0,NA
1906424_1,2023-01-04 23:24:34.705922,CLO,1906424.jpg,1906424,1,0,NA
1906426_1,2023-01-04 23:24:34.096624,CLO,1906426.jpg,1906426,1,0,NA
1906459_1,2023-01-04 23:24:33.471561,CLO,1906459.jpg,1906459,1,0,NA
1906467_1,2023-01-04 23:24:32.815681,CLO,1906467.jpg,1906467,1,0,NA
1906507_1,2023-01-04 23:24:32.237745,CLO,1906507.jpg,1906507,1,0,NA
1906892_1,2023-01-04 23:24:31.659062,CLO,1906892.jpg,1906892,1,0,NA
1907030_1,2023-01-04 23:24:31.096675,CLO,1907030.jpg,1907030,1,0,NA
1907055_1,2023-01-04 23:24:30.518457,CLO,1907055.jpg,1907055,1,0,NA
1907038_1,2023-01-04 23:24:29.940306,CLO,1907038.jpg,1907038,1,0,NA
1907058_1,2023-01-04 23:24:29.330942,CLO,1907058.jpg,1907058,1,0,NA
1907321_1,2023-01-04 23:24:28.768655,CLO,1907321.jpg,1907321,1,0,NA
1907805_1,2023-01-04 23:24:28.174714,CLO,1907805.jpg,1907805,1,0,NA
1908423_1,2023-01-04 23:24:27.612215,CLO,1908423.jpg,1908423,1,0,NA
1810904_1,2023-01-04 23:24:27.034072,ACC,1810904.jpg,1810904,1,0,NA
1900599_1,2023-01-04 23:24:26.518427,ACC,1900599.jpg,1900599,1,0,NA
1901991_1,2023-01-04 23:24:25.971732,BEAUTY,1901991.jpg,1901991,1,0,NA
1901995_1,2023-01-04 23:24:25.440304,BEAUTY,1901995.jpg,1901995,1,0,NA
1901996_1,2023-01-04 23:24:24.424702,BEAUTY,1901996.jpg,1901996,1,0,NA
1902805_1,2023-01-04 23:24:23.909080,ACC,1902805.jpg,1902805,1,0,NA
1810872_1,2023-01-04 23:24:23.299711,ACC,1810872.jpg,1810872,1,0,NA
1703258_1,2023-01-04 23:24:22.737232,CLO,1703258.jpg,1703258,1,0,NA
1902467_1,2023-01-04 23:24:22.159079,CLO,1902467.jpg,1902467,1,0,NA
1902603_1,2023-01-04 23:24:21.549715,CLO,1902603.jpg,1902603,1,0,NA
1902894_1,2023-01-04 23:24:21.018459,CLO,1902894.jpg,1902894,1,0,NA
1903587_1,2023-01-04 23:24:20.424731,CLO,1903587.jpg,1903587,1,0,NA
1904118_1,2023-01-04 23:24:19.831438,CLO,1904118.jpg,1904118,1,0,NA
1905715_1,2023-01-04 23:24:19.143460,CLO,1905715.jpg,1905715,1,0,NA
1905863_1,2023-01-04 23:24:18.549744,CLO,1905863.jpg,1905863,1,0,NA
1906031_1,2023-01-04 23:24:17.941788,CLO,1906031.jpg,1906031,1,0,NA
1906039_1,2023-01-04 23:24:17.377880,CLO,1906039.jpg,1906039,1,0,NA
1906041_1,2023-01-04 23:24:16.346994,CLO,1906041.jpg,1906041,1,0,NA
1912074_1,2023-01-04 23:24:15.784193,CLO,1912074.jpg,1912074,1,0,NA
1906118_1,2023-01-04 23:24:15.377969,CLO,1906118.jpg,1906118,1,0,NA
1906364_1,2023-01-04 23:24:15.002872,CLO,1906364.jpg,1906364,1,0,NA
1911980_1,2023-01-04 23:24:14.440368,CLO,1911980.jpg,1911980,1,0,NA
1906366_1,2023-01-04 23:24:13.862247,CLO,1906366.jpg,1906366,1,0,NA
1904626_1,2023-01-04 23:24:13.300085,SHO,1904626.jpg,1904626,1,0,NA
1900649_1,2023-01-04 23:24:12.721626,ACC,1900649.jpg,1900649,1,0,NA
1902806_1,2023-01-04 23:24:12.174751,ACC,1902806.jpg,1902806,1,0,NA
1905175_1,2023-01-04 23:24:11.674829,ACC,1905175.jpg,1905175,1,0,NA
1903065_1,2023-01-04 23:24:11.143482,ACC,1903065.jpg,1903065,1,0,NA
1907100_1,2023-01-04 23:24:10.737264,ACC,1907100.jpg,1907100,1,0,NA
1906967_1,2023-01-04 23:24:10.331068,ACC,1906967.jpg,1906967,1,0,NA
1901992_1,2023-01-04 23:24:09.768508,BEAUTY,1901992.jpg,1901992,1,0,NA
1802573_1,2023-01-04 23:24:09.221641,CLO,1802573.jpg,1802573,1,0,NA
1902008_1,2023-01-04 23:24:08.721761,CLO,1902008.jpg,1902008,1,0,NA
1902870_1,2023-01-04 23:24:08.127901,CLO,1902870.jpg,1902870,1,0,NA
1903453_1,2023-01-04 23:24:07.518536,CLO,1903453.jpg,1903453,1,0,NA
1903454_1,2023-01-04 23:24:06.940396,CLO,1903454.jpg,1903454,1,0,NA
1904045_1,2023-01-04 23:24:06.362275,CLO,1904045.jpg,1904045,1,0,NA
1904079_1,2023-01-04 23:24:05.784152,CLO,1904079.jpg,1904079,1,0,NA
1904077_1,2023-01-04 23:24:05.206033,CLO,1904077.jpg,1904077,1,0,NA
1904540_1,2023-01-04 23:24:04.643530,CLO,1904540.jpg,1904540,1,0,NA
1905127_1,2023-01-04 23:24:04.049785,CLO,1905127.jpg,1905127,1,0,NA
1905431_1,2023-01-04 23:24:03.471677,CLO,1905431.jpg,1905431,1,0,NA
1905727_1,2023-01-04 23:24:02.893534,CLO,1905727.jpg,1905727,1,0,NA
1906026_1,2023-01-04 23:24:02.252911,CLO,1906026.jpg,1906026,1,0,NA
1906211_1,2023-01-04 23:24:01.096672,CLO,1906211.jpg,1906211,1,0,NA
1906411_1,2023-01-04 23:24:00.534157,CLO,1906411.jpg,1906411,1,0,NA
1906447_1,2023-01-04 23:23:59.971653,CLO,1906447.jpg,1906447,1,0,NA
1906563_1,2023-01-04 23:23:59.377915,CLO,1906563.jpg,1906563,1,0,NA
1907045_1,2023-01-04 23:23:58.815412,CLO,1907045.jpg,1907045,1,0,NA
1907063_1,2023-01-04 23:23:58.237280,CLO,1907063.jpg,1907063,1,0,NA
1907066_1,2023-01-04 23:23:57.674756,CLO,1907066.jpg,1907066,1,0,NA
1907263_1,2023-01-04 23:23:57.081042,CLO,1907263.jpg,1907263,1,0,NA
1907362_1,2023-01-04 23:23:56.487280,CLO,1907362.jpg,1907362,1,0,NA
1812478_1,2023-01-04 23:23:55.940392,CLO,1812478.jpg,1812478,1,0,NA
1902270_1,2023-01-04 23:23:55.362274,CLO,1902270.jpg,1902270,1,0,NA
1902910_1,2023-01-04 23:23:54.799768,CLO,1902910.jpg,1902910,1,0,NA
1903294_1,2023-01-04 23:23:54.159133,CLO,1903294.jpg,1903294,1,0,NA
1903326_1,2023-01-04 23:23:53.596746,CLO,1903326.jpg,1903326,1,0,NA
1903642_1,2023-01-04 23:23:53.018516,CLO,1903642.jpg,1903642,1,0,NA
1904025_1,2023-01-04 23:23:52.456015,CLO,1904025.jpg,1904025,1,0,NA
1811728_1,2023-01-04 23:23:52.018521,CLO,1811728.jpg,1811728,1,0,NA
1906036_1,2023-01-04 23:23:51.440393,CLO,1906036.jpg,1906036,1,0,NA
1906078_1,2023-01-04 23:23:50.768512,CLO,1906078.jpg,1906078,1,0,NA
1906428_1,2023-01-04 23:23:50.221729,CLO,1906428.jpg,1906428,1,0,NA
1906733_1,2023-01-04 23:23:49.643511,CLO,1906733.jpg,1906733,1,0,NA
1907193_1,2023-01-04 23:23:49.081014,CLO,1907193.jpg,1907193,1,0,NA
1907381_1,2023-01-04 23:23:48.518508,CLO,1907381.jpg,1907381,1,0,NA
1901118_1,2023-01-04 23:23:47.956013,SHO,1901118.jpg,1901118,1,0,NA
1901240_1,2023-01-04 23:23:47.362252,SHO,1901240.jpg,1901240,1,0,NA
1901298_1,2023-01-04 23:23:46.815378,SHO,1901298.jpg,1901298,1,0,NA
1901308_1,2023-01-04 23:23:46.268539,SHO,1901308.jpg,1901308,1,0,NA
1901310_1,2023-01-04 23:23:45.674749,SHO,1901310.jpg,1901310,1,0,NA
1901471_1,2023-01-04 23:23:45.159171,SHO,1901471.jpg,1901471,1,0,NA
1903242_1,2023-01-04 23:23:44.627873,CLO,1903242.jpg,1903242,1,0,NA
1903276_1,2023-01-04 23:23:44.049760,CLO,1903276.jpg,1903276,1,0,NA
1905142_1,2023-01-04 23:23:43.424742,CLO,1905142.jpg,1905142,1,0,NA
1905730_1,2023-01-04 23:23:42.846616,CLO,1905730.jpg,1905730,1,0,NA
1905484_1,2023-01-04 23:23:42.237246,CLO,1905484.jpg,1905484,1,0,NA
1905831_1,2023-01-04 23:23:41.612263,CLO,1905831.jpg,1905831,1,0,NA
1905858_1,2023-01-04 23:23:40.987249,CLO,1905858.jpg,1905858,1,0,NA
1905861_1,2023-01-04 23:23:40.409120,CLO,1905861.jpg,1905861,1,0,NA
1906425_1,2023-01-04 23:23:39.862241,CLO,1906425.jpg,1906425,1,0,NA
1906474_1,2023-01-04 23:23:39.299741,CLO,1906474.jpg,1906474,1,0,NA
1906511_1,2023-01-04 23:23:38.752962,CLO,1906511.jpg,1906511,1,0,NA
1907068_1,2023-01-04 23:23:38.174750,CLO,1907068.jpg,1907068,1,0,NA
1907083_1,2023-01-04 23:23:37.596605,CLO,1907083.jpg,1907083,1,0,NA
1907088_1,2023-01-04 23:23:37.034110,CLO,1907088.jpg,1907088,1,0,NA
1801901_1,2023-01-04 23:23:36.377854,CLO,1801901.jpg,1801901,1,0,NA
1709300_1,2023-01-04 23:23:35.846602,CLO,1709300.jpg,1709300,1,0,NA
1902252_1,2023-01-04 23:23:34.815364,CLO,1902252.jpg,1902252,1,0,NA
1902765_1,2023-01-04 23:23:34.190350,CLO,1902765.jpg,1902765,1,0,NA
1902850_1,2023-01-04 23:23:33.612228,CLO,1902850.jpg,1902850,1,0,NA
1903031_1,2023-01-04 23:23:33.018469,CLO,1903031.jpg,1903031,1,0,NA
1903486_1,2023-01-04 23:23:32.455970,CLO,1903486.jpg,1903486,1,0,NA
1903280_1,2023-01-04 23:23:31.815342,CLO,1903280.jpg,1903280,1,0,NA
1903523_1,2023-01-04 23:23:31.205978,CLO,1903523.jpg,1903523,1,0,NA
1904038_1,2023-01-04 23:23:30.627842,CLO,1904038.jpg,1904038,1,0,NA
1904042_1,2023-01-04 23:23:30.018467,CLO,1904042.jpg,1904042,1,0,NA
1904044_1,2023-01-04 23:23:29.455962,CLO,1904044.jpg,1904044,1,0,NA
1904048_1,2023-01-04 23:23:28.862211,CLO,1904048.jpg,1904048,1,0,NA
1910568_1,2023-01-04 23:23:28.284115,CLO,1910568.jpg,1910568,1,0,NA
1904050_1,2023-01-04 23:23:27.877834,CLO,1904050.jpg,1904050,1,0,NA
1904052_1,2023-01-04 23:23:27.268472,CLO,1904052.jpg,1904052,1,0,NA
1910842_1,2023-01-04 23:23:26.549710,CLO,1910842.jpg,1910842,1,0,NA
1904054_1,2023-01-04 23:23:26.143462,CLO,1904054.jpg,1904054,1,0,NA
1904056_1,2023-01-04 23:23:25.549700,CLO,1904056.jpg,1904056,1,0,NA
1905485_1,2023-01-04 23:23:24.955955,CLO,1905485.jpg,1905485,1,0,NA
1904867_1,2023-01-04 23:23:24.362200,CLO,1904867.jpg,1904867,1,0,NA
1905689_1,2023-01-04 23:23:23.784090,CLO,1905689.jpg,1905689,1,0,NA
1905725_1,2023-01-04 23:23:23.221574,CLO,1905725.jpg,1905725,1,0,NA
1905769_1,2023-01-04 23:23:22.674704,CLO,1905769.jpg,1905769,1,0,NA
1905842_1,2023-01-04 23:23:22.096585,CLO,1905842.jpg,1905842,1,0,NA
1905853_1,2023-01-04 23:23:21.518517,CLO,1905853.jpg,1905853,1,0,NA
1905856_1,2023-01-04 23:23:20.862194,CLO,1905856.jpg,1905856,1,0,NA
1905860_1,2023-01-04 23:23:20.315330,CLO,1905860.jpg,1905860,1,0,NA
1905864_1,2023-01-04 23:23:19.752914,CLO,1905864.jpg,1905864,1,0,NA
1905904_1,2023-01-04 23:23:19.174724,CLO,1905904.jpg,1905904,1,0,NA
1906420_1,2023-01-04 23:23:18.596564,CLO,1906420.jpg,1906420,1,0,NA
1906423_1,2023-01-04 23:23:17.987182,CLO,1906423.jpg,1906423,1,0,NA
1906462_1,2023-01-04 23:23:17.377811,CLO,1906462.jpg,1906462,1,0,NA
1906465_1,2023-01-04 23:23:16.830946,CLO,1906465.jpg,1906465,1,0,NA
1906548_1,2023-01-04 23:23:16.205928,CLO,1906548.jpg,1906548,1,0,NA
1906571_1,2023-01-04 23:23:15.659058,CLO,1906571.jpg,1906571,1,0,NA
1906580_1,2023-01-04 23:23:15.080943,CLO,1906580.jpg,1906580,1,0,NA
1906679_1,2023-01-04 23:23:14.534052,CLO,1906679.jpg,1906679,1,0,NA
1906718_1,2023-01-04 23:23:13.924680,CLO,1906718.jpg,1906718,1,0,NA
1906714_1,2023-01-04 23:23:13.346553,CLO,1906714.jpg,1906714,1,0,NA
1906822_1,2023-01-04 23:23:12.752799,CLO,1906822.jpg,1906822,1,0,NA
1907069_1,2023-01-04 23:23:12.205922,CLO,1907069.jpg,1907069,1,0,NA
1907074_1,2023-01-04 23:23:11.643426,CLO,1907074.jpg,1907074,1,0,NA
1907089_1,2023-01-04 23:23:11.080921,CLO,1907089.jpg,1907089,1,0,NA
1907277_1,2023-01-04 23:23:10.409046,CLO,1907277.jpg,1907277,1,0,NA
1907279_1,2023-01-04 23:23:09.784048,CLO,1907279.jpg,1907279,1,0,NA
1907320_1,2023-01-04 23:23:09.190297,CLO,1907320.jpg,1907320,1,0,NA
1907322_1,2023-01-04 23:23:08.612166,CLO,1907322.jpg,1907322,1,0,NA
1907378_1,2023-01-04 23:23:07.971541,CLO,1907378.jpg,1907378,1,0,NA
1802427_1,2023-01-04 23:23:07.393412,SHO,1802427.jpg,1802427,1,0,NA
1811908_1,2023-01-04 23:23:06.768412,SHO,1811908.jpg,1811908,1,0,NA
1811909_1,2023-01-04 23:23:06.190289,SHO,1811909.jpg,1811909,1,0,NA
1912641_1,2023-01-04 23:23:05.612168,SHO,1912641.jpg,1912641,1,0,NA
1901120_1,2023-01-04 23:23:05.221515,SHO,1901120.jpg,1901120,1,0,NA
1901291_1,2023-01-04 23:23:04.643405,SHO,1901291.jpg,1901291,1,0,NA
1901293_1,2023-01-04 23:23:04.049650,SHO,1901293.jpg,1901293,1,0,NA
1901296_1,2023-01-04 23:23:03.080904,SHO,1901296.jpg,1901296,1,0,NA
1901297_1,2023-01-04 23:23:02.549663,SHO,1901297.jpg,1901297,1,0,NA
1903724_1,2023-01-04 23:23:02.002779,SHO,1903724.jpg,1903724,1,0,NA
1901107_1,2023-01-04 23:23:01.471590,CLO,1901107.jpg,1901107,1,0,NA
1902843_1,2023-01-04 23:23:00.909025,CLO,1902843.jpg,1902843,1,0,NA
1903561_1,2023-01-04 23:23:00.237160,CLO,1903561.jpg,1903561,1,0,NA
1904974_1,2023-01-04 23:22:59.659029,CLO,1904974.jpg,1904974,1,0,NA
1904976_1,2023-01-04 23:22:59.096519,CLO,1904976.jpg,1904976,1,0,NA
1905180_1,2023-01-04 23:22:58.502767,CLO,1905180.jpg,1905180,1,0,NA
1905836_1,2023-01-04 23:22:57.862143,CLO,1905836.jpg,1905836,1,0,NA
1907075_1,2023-01-04 23:22:57.284071,CLO,1907075.jpg,1907075,1,0,NA
1908416_1,2023-01-04 23:22:56.737153,CLO,1908416.jpg,1908416,1,0,NA
1906490_1,2023-01-04 23:22:56.159113,CLO,1906490.jpg,1906490,1,0,NA
1907289_1,2023-01-04 23:22:55.659010,CLO,1907289.jpg,1907289,1,0,NA
1907290_1,2023-01-04 23:22:55.096508,CLO,1907290.jpg,1907290,1,0,NA
1907304_1,2023-01-04 23:22:54.034090,CLO,1907304.jpg,1907304,1,0,NA
1907361_1,2023-01-04 23:22:53.487136,CLO,1907361.jpg,1907361,1,0,NA
1907363_1,2023-01-04 23:22:52.893426,CLO,1907363.jpg,1907363,1,0,NA
1907370_1,2023-01-04 23:22:52.362139,CLO,1907370.jpg,1907370,1,0,NA
1907853_1,2023-01-04 23:22:51.784007,CLO,1907853.jpg,1907853,1,0,NA
1907854_1,2023-01-04 23:22:51.237125,CLO,1907854.jpg,1907854,1,0,NA
1908422_1,2023-01-04 23:22:50.659005,CLO,1908422.jpg,1908422,1,0,NA
1805041_1,2023-01-04 23:22:50.049612,CLO,1805041.jpg,1805041,1,0,NA
1801538_1,2023-01-04 23:22:49.627747,CLO,1801538.jpg,1801538,1,0,NA
1903659_1,2023-01-04 23:22:49.112129,CLO,1903659.jpg,1903659,1,0,NA
1905843_1,2023-01-04 23:22:48.565249,CLO,1905843.jpg,1905843,1,0,NA
1906252_1,2023-01-04 23:22:47.971495,CLO,1906252.jpg,1906252,1,0,NA
1906334_1,2023-01-04 23:22:47.408993,CLO,1906334.jpg,1906334,1,0,NA
1907031_1,2023-01-04 23:22:46.799658,CLO,1907031.jpg,1907031,1,0,NA
1907317_1,2023-01-04 23:22:46.112214,CLO,1907317.jpg,1907317,1,0,NA
1907831_1,2023-01-04 23:22:45.549676,CLO,1907831.jpg,1907831,1,0,NA
1907839_1,2023-01-04 23:22:44.971490,CLO,1907839.jpg,1907839,1,0,NA
1907846_1,2023-01-04 23:22:44.330883,CLO,1907846.jpg,1907846,1,0,NA
1907865_1,2023-01-04 23:22:43.737112,CLO,1907865.jpg,1907865,1,0,NA
1908316_1,2023-01-04 23:22:43.174612,CLO,1908316.jpg,1908316,1,0,NA
1901299_1,2023-01-04 23:22:42.533993,SHO,1901299.jpg,1901299,1,0,NA
1901306_1,2023-01-04 23:22:41.955856,SHO,1901306.jpg,1901306,1,0,NA
1901473_1,2023-01-04 23:22:41.393411,SHO,1901473.jpg,1901473,1,0,NA
1901475_1,2023-01-04 23:22:40.862186,SHO,1901475.jpg,1901475,1,0,NA
1901476_1,2023-01-04 23:22:40.315230,SHO,1901476.jpg,1901476,1,0,NA
1901493_1,2023-01-04 23:22:39.690222,SHO,1901493.jpg,1901493,1,0,NA
1902362_1,2023-01-04 23:22:39.175628,ACC,1902362.jpg,1902362,1,0,NA
1905427_1,2023-01-04 23:22:38.627723,SHO,1905427.jpg,1905427,1,0,NA
1906922_1,2023-01-04 23:22:37.908972,SHO,1906922.jpg,1906922,1,0,NA
1901494_1,2023-01-04 23:22:37.346476,SHO,1901494.jpg,1901494,1,0,NA
1901513_1,2023-01-04 23:22:36.815225,SHO,1901513.jpg,1901513,1,0,NA
1901526_1,2023-01-04 23:22:36.299612,SHO,1901526.jpg,1901526,1,0,NA
1901559_1,2023-01-04 23:22:35.752719,SHO,1901559.jpg,1901559,1,0,NA
1901560_1,2023-01-04 23:22:35.221467,SHO,1901560.jpg,1901560,1,0,NA
1903638_1,2023-01-04 23:22:34.690220,CLO,1903638.jpg,1903638,1,0,NA
1905898_1,2023-01-04 23:22:34.127695,CLO,1905898.jpg,1905898,1,0,NA
1906014_1,2023-01-04 23:22:33.080848,CLO,1906014.jpg,1906014,1,0,NA
1906096_1,2023-01-04 23:22:32.487086,CLO,1906096.jpg,1906096,1,0,NA
1906201_1,2023-01-04 23:22:31.877711,CLO,1906201.jpg,1906201,1,0,NA
1906225_1,2023-01-04 23:22:31.268350,CLO,1906225.jpg,1906225,1,0,NA
1906823_1,2023-01-04 23:22:30.643345,CLO,1906823.jpg,1906823,1,0,NA
1906873_1,2023-01-04 23:22:30.080830,CLO,1906873.jpg,1906873,1,0,NA
1906891_1,2023-01-04 23:22:29.440200,CLO,1906891.jpg,1906891,1,0,NA
1907114_1,2023-01-04 23:22:28.815200,CLO,1907114.jpg,1907114,1,0,NA
1907303_1,2023-01-04 23:22:28.252708,CLO,1907303.jpg,1907303,1,0,NA
1907310_1,2023-01-04 23:22:27.690205,CLO,1907310.jpg,1907310,1,0,NA
1907332_1,2023-01-04 23:22:26.612141,CLO,1907332.jpg,1907332,1,0,NA
1907333_1,2023-01-04 23:22:26.018337,CLO,1907333.jpg,1907333,1,0,NA
1907342_1,2023-01-04 23:22:25.440198,CLO,1907342.jpg,1907342,1,0,NA
1907817_1,2023-01-04 23:22:24.674565,CLO,1907817.jpg,1907817,1,0,NA
1907833_1,2023-01-04 23:22:24.112081,CLO,1907833.jpg,1907833,1,0,NA
1907873_1,2023-01-04 23:22:23.455815,CLO,1907873.jpg,1907873,1,0,NA
1907883_1,2023-01-04 23:22:22.846452,CLO,1907883.jpg,1907883,1,0,NA
1907895_1,2023-01-04 23:22:22.283967,CLO,1907895.jpg,1907895,1,0,NA
1908361_1,2023-01-04 23:22:21.737046,CLO,1908361.jpg,1908361,1,0,NA
1703560_1,2023-01-04 23:22:21.112042,ACC,1703560.jpg,1703560,1,0,NA
1803308_1,2023-01-04 23:22:20.596439,CLO,1803308.jpg,1803308,1,0,NA
1910610_1,2023-01-04 23:22:20.205815,CLO,1910610.jpg,1910610,1,0,NA
1900624_1,2023-01-04 23:22:19.674561,ACC,1900624.jpg,1900624,1,0,NA
1900625_1,2023-01-04 23:22:18.908926,ACC,1900625.jpg,1900625,1,0,NA
1902135_1,2023-01-04 23:22:18.393303,ACC,1902135.jpg,1902135,1,0,NA
1904348_1,2023-01-04 23:22:17.877671,BEAUTY,1904348.jpg,1904348,1,0,NA
1811984_1,2023-01-04 23:22:17.330843,CLO,1811984.jpg,1811984,1,0,NA
1903517_1,2023-01-04 23:22:16.768298,CLO,1903517.jpg,1903517,1,0,NA
1903448_1,2023-01-04 23:22:16.205802,CLO,1903448.jpg,1903448,1,0,NA
1905728_1,2023-01-04 23:22:15.627669,CLO,1905728.jpg,1905728,1,0,NA
1905849_1,2023-01-04 23:22:15.080804,CLO,1905849.jpg,1905849,1,0,NA
1906027_1,2023-01-04 23:22:14.502670,CLO,1906027.jpg,1906027,1,0,NA
1906327_1,2023-01-04 23:22:13.924545,CLO,1906327.jpg,1906327,1,0,NA
1907062_1,2023-01-04 23:22:13.127647,CLO,1907062.jpg,1907062,1,0,NA
1907262_1,2023-01-04 23:22:12.565164,CLO,1907262.jpg,1907262,1,0,NA
1907800_1,2023-01-04 23:22:12.018291,CLO,1907800.jpg,1907800,1,0,NA
1907822_1,2023-01-04 23:22:11.424539,CLO,1907822.jpg,1907822,1,0,NA
1909307_1,2023-01-04 23:22:10.846411,CLO,1909307.jpg,1909307,1,0,NA
1907877_1,2023-01-04 23:22:10.424538,CLO,1907877.jpg,1907877,1,0,NA
1909453_1,2023-01-04 23:22:10.049535,CLO,1909453.jpg,1909453,1,0,NA
1907884_1,2023-01-04 23:22:09.487169,CLO,1907884.jpg,1907884,1,0,NA
1908141_1,2023-01-04 23:22:08.924531,CLO,1908141.jpg,1908141,1,0,NA
1908351_1,2023-01-04 23:22:08.283918,CLO,1908351.jpg,1908351,1,0,NA
1901472_1,2023-01-04 23:22:07.705785,SHO,1901472.jpg,1901472,1,0,NA
1901484_1,2023-01-04 23:22:07.190156,SHO,1901484.jpg,1901484,1,0,NA
1901485_1,2023-01-04 23:22:06.643278,SHO,1901485.jpg,1901485,1,0,NA
1901492_1,2023-01-04 23:22:06.096403,SHO,1901492.jpg,1901492,1,0,NA
1903319_1,2023-01-04 23:22:05.565150,SHO,1903319.jpg,1903319,1,0,NA
1903722_1,2023-01-04 23:22:05.033986,SHO,1903722.jpg,1903722,1,0,NA
1904179_1,2023-01-04 23:22:04.518429,SHO,1904179.jpg,1904179,1,0,NA
1906271_1,2023-01-04 23:22:03.971398,SHO,1906271.jpg,1906271,1,0,NA
1906272_1,2023-01-04 23:22:03.393275,SHO,1906272.jpg,1906272,1,0,NA
1906278_1,2023-01-04 23:22:02.846395,SHO,1906278.jpg,1906278,1,0,NA
1905910_1,2023-01-04 23:22:02.283909,CLO,1905910.jpg,1905910,1,0,NA
1905911_1,2023-01-04 23:22:01.643264,CLO,1905911.jpg,1905911,1,0,NA
1906028_1,2023-01-04 23:22:01.049496,CLO,1906028.jpg,1906028,1,0,NA
1906147_1,2023-01-04 23:22:00.424516,CLO,1906147.jpg,1906147,1,0,NA
1906332_1,2023-01-04 23:21:59.862012,CLO,1906332.jpg,1906332,1,0,NA
1906396_1,2023-01-04 23:21:59.283882,CLO,1906396.jpg,1906396,1,0,NA
1906398_1,2023-01-04 23:21:58.674547,CLO,1906398.jpg,1906398,1,0,NA
1906668_1,2023-01-04 23:21:58.096375,CLO,1906668.jpg,1906668,1,0,NA
1907188_1,2023-01-04 23:21:57.487002,CLO,1907188.jpg,1907188,1,0,NA
1907189_1,2023-01-04 23:21:56.940204,CLO,1907189.jpg,1907189,1,0,NA
1907804_1,2023-01-04 23:21:56.377648,CLO,1907804.jpg,1907804,1,0,NA
1907807_1,2023-01-04 23:21:55.815130,CLO,1907807.jpg,1907807,1,0,NA
1907881_1,2023-01-04 23:21:55.205750,CLO,1907881.jpg,1907881,1,0,NA
1907885_1,2023-01-04 23:21:54.612011,CLO,1907885.jpg,1907885,1,0,NA
1809844_1,2023-01-04 23:21:53.940104,CLO,1809844.jpg,1809844,1,0,NA
1904127_1,2023-01-04 23:21:53.361995,CLO,1904127.jpg,1904127,1,0,NA
1905139_1,2023-01-04 23:21:52.815127,CLO,1905139.jpg,1905139,1,0,NA
1905470_1,2023-01-04 23:21:51.783870,CLO,1905470.jpg,1905470,1,0,NA
1905482_1,2023-01-04 23:21:51.190121,CLO,1905482.jpg,1905482,1,0,NA
1905749_1,2023-01-04 23:21:50.658868,CLO,1905749.jpg,1905749,1,0,NA
1905798_1,2023-01-04 23:21:50.080739,CLO,1905798.jpg,1905798,1,0,NA
1905841_1,2023-01-04 23:21:49.486997,CLO,1905841.jpg,1905841,1,0,NA
1906220_1,2023-01-04 23:21:48.908859,CLO,1906220.jpg,1906220,1,0,NA
1906403_1,2023-01-04 23:21:48.221358,CLO,1906403.jpg,1906403,1,0,NA
1906543_1,2023-01-04 23:21:47.549550,CLO,1906543.jpg,1906543,1,0,NA
1906665_1,2023-01-04 23:21:46.986987,CLO,1906665.jpg,1906665,1,0,NA
1900171_1,2023-01-04 23:21:46.377601,CLO,1900171.jpg,1900171,1,0,NA
1812382_1,2023-01-04 23:21:46.002588,CLO,1812382.jpg,1812382,1,0,NA
1810114_1,2023-01-04 23:21:45.455801,CLO,1810114.jpg,1810114,1,0,NA
1901958_1,2023-01-04 23:21:44.893287,CLO,1901958.jpg,1901958,1,0,NA
1902161_1,2023-01-04 23:21:44.346353,CLO,1902161.jpg,1902161,1,0,NA
1903208_1,2023-01-04 23:21:43.830728,CLO,1903208.jpg,1903208,1,0,NA
1903813_1,2023-01-04 23:21:43.252602,CLO,1903813.jpg,1903813,1,0,NA
1903942_1,2023-01-04 23:21:42.690100,CLO,1903942.jpg,1903942,1,0,NA
1904097_1,2023-01-04 23:21:42.127609,CLO,1904097.jpg,1904097,1,0,NA
1906993_1,2023-01-04 23:21:41.549476,CLO,1906993.jpg,1906993,1,0,NA
1907353_1,2023-01-04 23:21:40.986953,CLO,1907353.jpg,1907353,1,0,NA
1900594_1,2023-01-04 23:21:40.377581,ACC,1900594.jpg,1900594,1,0,NA
1904299_1,2023-01-04 23:21:39.799467,BEAUTY,1904299.jpg,1904299,1,0,NA
1905170_1,2023-01-04 23:21:39.237027,ACC,1905170.jpg,1905170,1,0,NA
1905167_1,2023-01-04 23:21:38.705713,ACC,1905167.jpg,1905167,1,0,NA
1905537_1,2023-01-04 23:21:38.096368,CLO,1905537.jpg,1905537,1,0,NA
1906715_1,2023-01-04 23:21:37.565082,CLO,1906715.jpg,1906715,1,0,NA
1906681_1,2023-01-04 23:21:36.940089,CLO,1906681.jpg,1906681,1,0,NA
1907019_1,2023-01-04 23:21:36.393284,CLO,1907019.jpg,1907019,1,0,NA
1907212_1,2023-01-04 23:21:35.861959,CLO,1907212.jpg,1907212,1,0,NA
1907288_1,2023-01-04 23:21:35.315095,CLO,1907288.jpg,1907288,1,0,NA
1907291_1,2023-01-04 23:21:34.752630,CLO,1907291.jpg,1907291,1,0,NA
1907372_1,2023-01-04 23:21:34.127667,CLO,1907372.jpg,1907372,1,0,NA
1907373_1,2023-01-04 23:21:33.580705,CLO,1907373.jpg,1907373,1,0,NA
1907389_1,2023-01-04 23:21:32.986948,CLO,1907389.jpg,1907389,1,0,NA
1907806_1,2023-01-04 23:21:32.377586,CLO,1907806.jpg,1907806,1,0,NA
1907871_1,2023-01-04 23:21:31.799448,CLO,1907871.jpg,1907871,1,0,NA
1907872_1,2023-01-04 23:21:31.205743,CLO,1907872.jpg,1907872,1,0,NA
1908472_1,2023-01-04 23:21:30.674449,CLO,1908472.jpg,1908472,1,0,NA
1908522_1,2023-01-04 23:21:30.096327,CLO,1908522.jpg,1908522,1,0,NA
1909385_1,2023-01-04 23:21:29.721318,CLO,1909385.jpg,1909385,1,0,NA
1908535_1,2023-01-04 23:21:29.112039,CLO,1908535.jpg,1908535,1,0,NA
1903219_1,2023-01-04 23:21:28.533879,CLO,1903219.jpg,1903219,1,0,NA
1903973_1,2023-01-04 23:21:27.940071,CLO,1903973.jpg,1903973,1,0,NA
1906344_1,2023-01-04 23:21:27.377590,CLO,1906344.jpg,1906344,1,0,NA
1906399_1,2023-01-04 23:21:26.736945,CLO,1906399.jpg,1906399,1,0,NA
1906400_1,2023-01-04 23:21:26.174433,CLO,1906400.jpg,1906400,1,0,NA
1906401_1,2023-01-04 23:21:25.596413,CLO,1906401.jpg,1906401,1,0,NA
1907071_1,2023-01-04 23:21:25.002562,CLO,1907071.jpg,1907071,1,0,NA
1907196_1,2023-01-04 23:21:24.268600,CLO,1907196.jpg,1907196,1,0,NA
1907295_1,2023-01-04 23:21:23.658805,CLO,1907295.jpg,1907295,1,0,NA
1907298_1,2023-01-04 23:21:23.033879,CLO,1907298.jpg,1907298,1,0,NA
1907301_1,2023-01-04 23:21:22.471304,CLO,1907301.jpg,1907301,1,0,NA
1907309_1,2023-01-04 23:21:21.877551,CLO,1907309.jpg,1907309,1,0,NA
1907352_1,2023-01-04 23:21:21.268190,CLO,1907352.jpg,1907352,1,0,NA
1909306_1,2023-01-04 23:21:20.705668,CLO,1909306.jpg,1909306,1,0,NA
1907354_1,2023-01-04 23:21:20.330670,CLO,1907354.jpg,1907354,1,0,NA
1907357_1,2023-01-04 23:21:19.721303,CLO,1907357.jpg,1907357,1,0,NA
1907866_1,2023-01-04 23:21:19.096307,CLO,1907866.jpg,1907866,1,0,NA
1907869_1,2023-01-04 23:21:18.486931,CLO,1907869.jpg,1907869,1,0,NA
1812181_1,2023-01-04 23:21:17.924401,CLO,1812181.jpg,1812181,1,0,NA
1901267_1,2023-01-04 23:21:17.330669,CLO,1901267.jpg,1901267,1,0,NA
1901655_1,2023-01-04 23:21:16.768163,CLO,1901655.jpg,1901655,1,0,NA
1902474_1,2023-01-04 23:21:16.158958,CLO,1902474.jpg,1902474,1,0,NA
1908615_1,2023-01-04 23:21:15.768166,CLO,1908615.jpg,1908615,1,0,NA
1906544_1,2023-01-04 23:21:15.174463,CLO,1906544.jpg,1906544,1,0,NA
1906545_1,2023-01-04 23:21:14.627537,CLO,1906545.jpg,1906545,1,0,NA
1906819_1,2023-01-04 23:21:14.096267,CLO,1906819.jpg,1906819,1,0,NA
1907221_1,2023-01-04 23:21:13.549408,CLO,1907221.jpg,1907221,1,0,NA
1907095_1,2023-01-04 23:21:13.065047,CLO,1907095.jpg,1907095,1,0,NA
1907305_1,2023-01-04 23:21:12.471279,CLO,1907305.jpg,1907305,1,0,NA
1907302_1,2023-01-04 23:21:11.908779,CLO,1907302.jpg,1907302,1,0,NA
1907841_1,2023-01-04 23:21:11.346354,CLO,1907841.jpg,1907841,1,0,NA
1907308_1,2023-01-04 23:21:10.783776,CLO,1907308.jpg,1907308,1,0,NA
1907843_1,2023-01-04 23:21:10.221278,CLO,1907843.jpg,1907843,1,0,NA
1907882_1,2023-01-04 23:21:09.643150,CLO,1907882.jpg,1907882,1,0,NA
1908417_1,2023-01-04 23:21:09.049395,CLO,1908417.jpg,1908417,1,0,NA
1901999_1,2023-01-04 23:21:08.518150,CLO,1901999.jpg,1901999,1,0,NA
1903645_1,2023-01-04 23:21:07.955644,CLO,1903645.jpg,1903645,1,0,NA
1903944_1,2023-01-04 23:21:07.361904,CLO,1903944.jpg,1903944,1,0,NA
1906029_1,2023-01-04 23:21:06.799392,CLO,1906029.jpg,1906029,1,0,NA
1906338_1,2023-01-04 23:21:06.236893,CLO,1906338.jpg,1906338,1,0,NA
1906500_1,2023-01-04 23:21:05.674403,CLO,1906500.jpg,1906500,1,0,NA
1907314_1,2023-01-04 23:21:05.065020,CLO,1907314.jpg,1907314,1,0,NA
1907326_1,2023-01-04 23:21:04.487040,CLO,1907326.jpg,1907326,1,0,NA
1907328_1,2023-01-04 23:21:03.908760,CLO,1907328.jpg,1907328,1,0,NA
1907387_1,2023-01-04 23:21:03.315011,CLO,1907387.jpg,1907387,1,0,NA
1907823_1,2023-01-04 23:21:02.768133,CLO,1907823.jpg,1907823,1,0,NA
1907826_1,2023-01-04 23:21:02.111883,CLO,1907826.jpg,1907826,1,0,NA
1907870_1,2023-01-04 23:21:01.549379,CLO,1907870.jpg,1907870,1,0,NA
1908166_1,2023-01-04 23:21:00.549374,CLO,1908166.jpg,1908166,1,0,NA
1908354_1,2023-01-04 23:20:59.877502,CLO,1908354.jpg,1908354,1,0,NA
1906330_1,2023-01-04 23:20:59.330608,CLO,1906330.jpg,1906330,1,0,NA
1906517_1,2023-01-04 23:20:58.736872,CLO,1906517.jpg,1906517,1,0,NA
1906918_1,2023-01-04 23:20:58.158794,CLO,1906918.jpg,1906918,1,0,NA
1907422_1,2023-01-04 23:20:57.580774,CLO,1907422.jpg,1907422,1,0,NA
1907684_1,2023-01-04 23:20:57.018120,CLO,1907684.jpg,1907684,1,0,NA
1907863_1,2023-01-04 23:20:56.439996,CLO,1907863.jpg,1907863,1,0,NA
1908349_1,2023-01-04 23:20:55.861867,CLO,1908349.jpg,1908349,1,0,NA
1908481_1,2023-01-04 23:20:55.252494,CLO,1908481.jpg,1908481,1,0,NA
1908840_1,2023-01-04 23:20:54.611857,CLO,1908840.jpg,1908840,1,0,NA
1907338_1,2023-01-04 23:20:54.018109,CLO,1907338.jpg,1907338,1,0,NA
1907834_1,2023-01-04 23:20:53.377492,CLO,1907834.jpg,1907834,1,0,NA
1902539_1,2023-01-04 23:20:52.783732,CLO,1902539.jpg,1902539,1,0,NA
1906323_1,2023-01-04 23:20:52.221268,CLO,1906323.jpg,1906323,1,0,NA
1906427_1,2023-01-04 23:20:51.658799,CLO,1906427.jpg,1906427,1,0,NA
1906435_1,2023-01-04 23:20:51.018107,CLO,1906435.jpg,1906435,1,0,NA
1906457_1,2023-01-04 23:20:50.439965,CLO,1906457.jpg,1906457,1,0,NA
1906492_1,2023-01-04 23:20:49.830595,CLO,1906492.jpg,1906492,1,0,NA
1906820_1,2023-01-04 23:20:49.221225,CLO,1906820.jpg,1906820,1,0,NA
1906942_1,2023-01-04 23:20:48.674366,CLO,1906942.jpg,1906942,1,0,NA
1907082_1,2023-01-04 23:20:48.127479,CLO,1907082.jpg,1907082,1,0,NA
1907331_1,2023-01-04 23:20:47.564973,CLO,1907331.jpg,1907331,1,0,NA
1907811_1,2023-01-04 23:20:46.971229,CLO,1907811.jpg,1907811,1,0,NA
1907816_1,2023-01-04 23:20:46.440104,CLO,1907816.jpg,1907816,1,0,NA
1908404_1,2023-01-04 23:20:45.846221,CLO,1908404.jpg,1908404,1,0,NA
1908430_1,2023-01-04 23:20:45.268144,CLO,1908430.jpg,1908430,1,0,NA
1908551_1,2023-01-04 23:20:44.658718,CLO,1908551.jpg,1908551,1,0,NA
1908555_1,2023-01-04 23:20:43.986836,CLO,1908555.jpg,1908555,1,0,NA
1908689_1,2023-01-04 23:20:43.424345,CLO,1908689.jpg,1908689,1,0,NA
1901446_1,2023-01-04 23:20:42.533713,CLO,1901446.jpg,1901446,1,0,NA
1904156_1,2023-01-04 23:20:41.986880,CLO,1904156.jpg,1904156,1,0,NA
1906126_1,2023-01-04 23:20:41.408778,CLO,1906126.jpg,1906126,1,0,NA
1906588_1,2023-01-04 23:20:40.846200,CLO,1906588.jpg,1906588,1,0,NA
1906938_1,2023-01-04 23:20:40.252454,CLO,1906938.jpg,1906938,1,0,NA
1906944_1,2023-01-04 23:20:39.705581,CLO,1906944.jpg,1906944,1,0,NA
1906947_1,2023-01-04 23:20:39.143080,CLO,1906947.jpg,1906947,1,0,NA
1907190_1,2023-01-04 23:20:38.580595,CLO,1907190.jpg,1907190,1,0,NA
1907307_1,2023-01-04 23:20:38.018081,CLO,1907307.jpg,1907307,1,0,NA
1907330_1,2023-01-04 23:20:37.439956,CLO,1907330.jpg,1907330,1,0,NA
1907803_1,2023-01-04 23:20:36.861819,CLO,1907803.jpg,1907803,1,0,NA
1907830_1,2023-01-04 23:20:36.314953,CLO,1907830.jpg,1907830,1,0,NA
1907837_1,2023-01-04 23:20:35.705574,CLO,1907837.jpg,1907837,1,0,NA
1907850_1,2023-01-04 23:20:35.158700,CLO,1907850.jpg,1907850,1,0,NA
1907852_1,2023-01-04 23:20:34.549320,CLO,1907852.jpg,1907852,1,0,NA
1908343_1,2023-01-04 23:20:33.986840,CLO,1908343.jpg,1908343,1,0,NA
1908408_1,2023-01-04 23:20:33.377441,CLO,1908408.jpg,1908408,1,0,NA
1908547_1,2023-01-04 23:20:32.783801,CLO,1908547.jpg,1908547,1,0,NA
1812326_1,2023-01-04 23:20:32.189944,CLO,1812326.jpg,1812326,1,0,NA
1810000_1,2023-01-04 23:20:31.643068,CLO,1810000.jpg,1810000,1,0,NA
1910165_1,2023-01-04 23:20:31.127453,CLO,1910165.jpg,1910165,1,0,NA
1906711_1,2023-01-04 23:20:30.736815,CLO,1906711.jpg,1906711,1,0,NA
1906913_1,2023-01-04 23:20:30.064916,CLO,1906913.jpg,1906913,1,0,NA
1906945_1,2023-01-04 23:20:29.518061,CLO,1906945.jpg,1906945,1,0,NA
1907014_1,2023-01-04 23:20:28.955560,CLO,1907014.jpg,1907014,1,0,NA
1907379_1,2023-01-04 23:20:28.377432,CLO,1907379.jpg,1907379,1,0,NA
1907390_1,2023-01-04 23:20:27.799304,CLO,1907390.jpg,1907390,1,0,NA
1907864_1,2023-01-04 23:20:27.236810,CLO,1907864.jpg,1907864,1,0,NA
1908370_1,2023-01-04 23:20:26.643048,CLO,1908370.jpg,1908370,1,0,NA
1908332_1,2023-01-04 23:20:26.049382,CLO,1908332.jpg,1908332,1,0,NA
1908379_1,2023-01-04 23:20:25.471171,CLO,1908379.jpg,1908379,1,0,NA
1908586_1,2023-01-04 23:20:24.893049,CLO,1908586.jpg,1908586,1,0,NA
1908508_1,2023-01-04 23:20:24.205547,CLO,1908508.jpg,1908508,1,0,NA
1908684_1,2023-01-04 23:20:23.627427,CLO,1908684.jpg,1908684,1,0,NA
1904736_1,2023-01-04 23:20:22.986789,CLO,1904736.jpg,1904736,1,0,NA
1904746_1,2023-01-04 23:20:22.408734,CLO,1904746.jpg,1904746,1,0,NA
1906199_1,2023-01-04 23:20:21.814915,CLO,1906199.jpg,1906199,1,0,NA
1906257_1,2023-01-04 23:20:21.236795,CLO,1906257.jpg,1906257,1,0,NA
1906260_1,2023-01-04 23:20:20.471218,CLO,1906260.jpg,1906260,1,0,NA
1906343_1,2023-01-04 23:20:19.908655,CLO,1906343.jpg,1906343,1,0,NA
1906916_1,2023-01-04 23:20:19.299289,CLO,1906916.jpg,1906916,1,0,NA
1906929_1,2023-01-04 23:20:18.736926,CLO,1906929.jpg,1906929,1,0,NA
1906941_1,2023-01-04 23:20:18.174296,CLO,1906941.jpg,1906941,1,0,NA
1907033_1,2023-01-04 23:20:17.408706,CLO,1907033.jpg,1907033,1,0,NA
1907223_1,2023-01-04 23:20:16.596162,CLO,1907223.jpg,1907223,1,0,NA
1907316_1,2023-01-04 23:20:15.721169,CLO,1907316.jpg,1907316,1,0,NA
1907862_1,2023-01-04 23:20:14.752506,CLO,1907862.jpg,1907862,1,0,NA
1908348_1,2023-01-04 23:20:13.908648,CLO,1908348.jpg,1908348,1,0,NA
1908402_1,2023-01-04 23:20:13.221152,CLO,1908402.jpg,1908402,1,0,NA
1808935_1,2023-01-04 23:20:12.455522,SHO,1808935.jpg,1808935,1,0,NA
2001471_2,2023-01-04 23:20:12.049290,SHO,2001471.jpg,2001471,2,0,NA
1901984_1,2023-01-04 23:20:11.518024,SHO,1901984.jpg,1901984,1,0,NA
1905462_1,2023-01-04 23:20:10.986769,SHO,1905462.jpg,1905462,1,0,NA
1905465_1,2023-01-04 23:20:10.486774,SHO,1905465.jpg,1905465,1,0,NA
1906273_1,2023-01-04 23:20:09.908636,SHO,1906273.jpg,1906273,1,0,NA
1900583_1,2023-01-04 23:20:09.393017,ACC,1900583.jpg,1900583,1,0,NA
1900596_1,2023-01-04 23:20:08.830512,ACC,1900596.jpg,1900596,1,0,NA
1902555_1,2023-01-04 23:20:08.314899,ACC,1902555.jpg,1902555,1,0,NA
1903084_1,2023-01-04 23:20:07.736764,ACC,1903084.jpg,1903084,1,0,NA
1905145_1,2023-01-04 23:20:07.158638,BEAUTY,1905145.jpg,1905145,1,0,NA
1905147_1,2023-01-04 23:20:06.611757,BEAUTY,1905147.jpg,1905147,1,0,NA
1905159_1,2023-01-04 23:20:06.096139,ACC,1905159.jpg,1905159,1,0,NA
1906021_1,2023-01-04 23:20:05.564878,CLO,1906021.jpg,1906021,1,0,NA
1806508_1,2023-01-04 23:20:04.986757,CLO,1806508.jpg,1806508,1,0,NA
1808795_1,2023-01-04 23:20:04.393010,CLO,1808795.jpg,1808795,1,0,NA
1812003_1,2023-01-04 23:20:03.752378,CLO,1812003.jpg,1812003,1,0,NA
1811817_1,2023-01-04 23:20:03.189888,CLO,1811817.jpg,1811817,1,0,NA
1901443_1,2023-01-04 23:20:02.611745,CLO,1901443.jpg,1901443,1,0,NA
1901531_1,2023-01-04 23:20:02.017997,CLO,1901531.jpg,1901531,1,0,NA
1901774_1,2023-01-04 23:20:01.424314,CLO,1901774.jpg,1901774,1,0,NA
1901776_1,2023-01-04 23:20:00.846120,CLO,1901776.jpg,1901776,1,0,NA
1907382_1,2023-01-04 23:20:00.268017,CLO,1907382.jpg,1907382,1,0,NA
1907687_1,2023-01-04 23:19:59.705500,CLO,1907687.jpg,1907687,1,0,NA
1907689_1,2023-01-04 23:19:59.096123,CLO,1907689.jpg,1907689,1,0,NA
1907832_1,2023-01-04 23:19:58.471116,CLO,1907832.jpg,1907832,1,0,NA
1907840_1,2023-01-04 23:19:57.877367,CLO,1907840.jpg,1907840,1,0,NA
1908327_1,2023-01-04 23:19:57.330559,CLO,1908327.jpg,1908327,1,0,NA
1908344_1,2023-01-04 23:19:56.767985,CLO,1908344.jpg,1908344,1,0,NA
1908347_1,2023-01-04 23:19:56.205488,CLO,1908347.jpg,1908347,1,0,NA
1908367_1,2023-01-04 23:19:55.627364,CLO,1908367.jpg,1908367,1,0,NA
1908556_1,2023-01-04 23:19:55.080485,CLO,1908556.jpg,1908556,1,0,NA
1908668_1,2023-01-04 23:19:54.502365,CLO,1908668.jpg,1908668,1,0,NA
1908746_1,2023-01-04 23:19:53.939851,CLO,1908746.jpg,1908746,1,0,NA
1901777_1,2023-01-04 23:19:53.330479,CLO,1901777.jpg,1901777,1,0,NA
1901779_1,2023-01-04 23:19:52.783607,CLO,1901779.jpg,1901779,1,0,NA
1901782_1,2023-01-04 23:19:52.189852,CLO,1901782.jpg,1901782,1,0,NA
1901832_1,2023-01-04 23:19:51.642977,CLO,1901832.jpg,1901832,1,0,NA
1902047_1,2023-01-04 23:19:51.096092,CLO,1902047.jpg,1902047,1,0,NA
1902763_1,2023-01-04 23:19:50.471204,CLO,1902763.jpg,1902763,1,0,NA
1904149_1,2023-01-04 23:19:49.877338,CLO,1904149.jpg,1904149,1,0,NA
1905744_1,2023-01-04 23:19:49.314852,CLO,1905744.jpg,1905744,1,0,NA
1905867_1,2023-01-04 23:19:48.767971,CLO,1905867.jpg,1905867,1,0,NA
1905872_1,2023-01-04 23:19:48.205463,CLO,1905872.jpg,1905872,1,0,NA
1906113_1,2023-01-04 23:19:47.596096,CLO,1906113.jpg,1906113,1,0,NA
1906150_1,2023-01-04 23:19:46.955453,CLO,1906150.jpg,1906150,1,0,NA
1906157_1,2023-01-04 23:19:46.392947,CLO,1906157.jpg,1906157,1,0,NA
1906404_1,2023-01-04 23:19:45.767960,CLO,1906404.jpg,1906404,1,0,NA
1906405_1,2023-01-04 23:19:45.205465,CLO,1906405.jpg,1906405,1,0,NA
1906412_1,2023-01-04 23:19:44.674219,CLO,1906412.jpg,1906412,1,0,NA
1906436_1,2023-01-04 23:19:44.127622,CLO,1906436.jpg,1906436,1,0,NA
1906441_1,2023-01-04 23:19:43.549215,CLO,1906441.jpg,1906441,1,0,NA
1906461_1,2023-01-04 23:19:42.924215,CLO,1906461.jpg,1906461,1,0,NA
1906463_1,2023-01-04 23:19:42.346181,CLO,1906463.jpg,1906463,1,0,NA
1906582_1,2023-01-04 23:19:41.752312,CLO,1906582.jpg,1906582,1,0,NA
1906583_1,2023-01-04 23:19:41.142947,CLO,1906583.jpg,1906583,1,0,NA
1906712_1,2023-01-04 23:19:40.424183,CLO,1906712.jpg,1906712,1,0,NA
1906915_1,2023-01-04 23:19:39.846184,CLO,1906915.jpg,1906915,1,0,NA
1906920_1,2023-01-04 23:19:39.283561,CLO,1906920.jpg,1906920,1,0,NA
1907072_1,2023-01-04 23:19:38.439810,CLO,1907072.jpg,1907072,1,0,NA
1907218_1,2023-01-04 23:19:37.752366,CLO,1907218.jpg,1907218,1,0,NA
1907259_1,2023-01-04 23:19:37.236916,CLO,1907259.jpg,1907259,1,0,NA
1811017_1,2023-01-04 23:19:36.642935,CLO,1811017.jpg,1811017,1,0,NA
1903207_1,2023-01-04 23:19:36.080452,CLO,1903207.jpg,1903207,1,0,NA
1901780_1,2023-01-04 23:19:35.517942,CLO,1901780.jpg,1901780,1,0,NA
1905788_1,2023-01-04 23:19:34.939813,CLO,1905788.jpg,1905788,1,0,NA
1905799_1,2023-01-04 23:19:34.361687,CLO,1905799.jpg,1905799,1,0,NA
1905802_1,2023-01-04 23:19:33.752293,CLO,1905802.jpg,1905802,1,0,NA
1905885_1,2023-01-04 23:19:33.205448,CLO,1905885.jpg,1905885,1,0,NA
1905886_1,2023-01-04 23:19:32.002415,CLO,1905886.jpg,1905886,1,0,NA
1905887_1,2023-01-04 23:19:30.830538,CLO,1905887.jpg,1905887,1,0,NA
1907340_1,2023-01-04 23:19:30.221039,CLO,1907340.jpg,1907340,1,0,NA
1907867_1,2023-01-04 23:19:29.627281,CLO,1907867.jpg,1907867,1,0,NA
1907879_1,2023-01-04 23:19:29.049164,CLO,1907879.jpg,1907879,1,0,NA
1908358_1,2023-01-04 23:19:28.455423,CLO,1908358.jpg,1908358,1,0,NA
1908365_1,2023-01-04 23:19:27.877285,CLO,1908365.jpg,1908365,1,0,NA
1908409_1,2023-01-04 23:19:27.299178,CLO,1908409.jpg,1908409,1,0,NA
1908645_1,2023-01-04 23:19:26.330400,CLO,1908645.jpg,1908645,1,0,NA
1908656_1,2023-01-04 23:19:25.767926,CLO,1908656.jpg,1908656,1,0,NA
1808936_1,2023-01-04 23:19:25.205419,CLO,1808936.jpg,1808936,1,0,NA
1903649_1,2023-01-04 23:19:24.643063,CLO,1903649.jpg,1903649,1,0,NA
1905876_1,2023-01-04 23:19:24.111676,CLO,1905876.jpg,1905876,1,0,NA
1906004_1,2023-01-04 23:19:23.533552,CLO,1906004.jpg,1906004,1,0,NA
1907274_1,2023-01-04 23:19:22.924173,CLO,1907274.jpg,1907274,1,0,NA
1904132_1,2023-01-04 23:19:22.533597,CLO,1904132.jpg,1904132,1,0,NA
1908318_1,2023-01-04 23:19:21.908540,CLO,1908318.jpg,1908318,1,0,NA
1908345_1,2023-01-04 23:19:21.330413,CLO,1908345.jpg,1908345,1,0,NA
1908359_1,2023-01-04 23:19:20.767910,CLO,1908359.jpg,1908359,1,0,NA
1908507_1,2023-01-04 23:19:20.127289,CLO,1908507.jpg,1908507,1,0,NA
1908509_1,2023-01-04 23:19:19.549155,CLO,1908509.jpg,1908509,1,0,NA
1908640_1,2023-01-04 23:19:18.986646,CLO,1908640.jpg,1908640,1,0,NA
1904027_1,2023-01-04 23:19:18.408529,CLO,1904027.jpg,1904027,1,0,NA
1905869_1,2023-01-04 23:19:17.846042,CLO,1905869.jpg,1905869,1,0,NA
1906538_1,2023-01-04 23:19:17.299172,CLO,1906538.jpg,1906538,1,0,NA
1907183_1,2023-01-04 23:19:16.517899,CLO,1907183.jpg,1907183,1,0,NA
1907187_1,2023-01-04 23:19:15.939772,CLO,1907187.jpg,1907187,1,0,NA
1907294_1,2023-01-04 23:19:15.392906,CLO,1907294.jpg,1907294,1,0,NA
1907809_1,2023-01-04 23:19:14.846029,CLO,1907809.jpg,1907809,1,0,NA
1907819_1,2023-01-04 23:19:14.267892,CLO,1907819.jpg,1907819,1,0,NA
1908275_1,2023-01-04 23:19:13.705396,CLO,1908275.jpg,1908275,1,0,NA
1908537_1,2023-01-04 23:19:13.096025,CLO,1908537.jpg,1908537,1,0,NA
1908837_1,2023-01-04 23:19:12.518525,CLO,1908837.jpg,1908837,1,0,NA
1908880_1,2023-01-04 23:19:11.939763,CLO,1908880.jpg,1908880,1,0,NA
1905424_1,2023-01-04 23:19:11.314845,CLO,1905424.jpg,1905424,1,0,NA
1907815_1,2023-01-04 23:19:10.736638,CLO,1907815.jpg,1907815,1,0,NA
1908389_1,2023-01-04 23:19:10.189782,CLO,1908389.jpg,1908389,1,0,NA
1908541_1,2023-01-04 23:19:09.642880,CLO,1908541.jpg,1908541,1,0,NA
1907149_1,2023-01-04 23:19:09.111643,CLO,1907149.jpg,1907149,1,0,NA
1903433_1,2023-01-04 23:19:08.721014,CLO,1903433.jpg,1903433,1,0,NA
1907690_1,2023-01-04 23:19:08.190076,CLO,1907690.jpg,1907690,1,0,NA
1908315_1,2023-01-04 23:19:07.549134,CLO,1908315.jpg,1908315,1,0,NA
1908317_1,2023-01-04 23:19:06.971004,CLO,1908317.jpg,1908317,1,0,NA
1908338_1,2023-01-04 23:19:06.346003,CLO,1908338.jpg,1908338,1,0,NA
1908340_1,2023-01-04 23:19:05.783502,CLO,1908340.jpg,1908340,1,0,NA
1908396_1,2023-01-04 23:19:05.221007,CLO,1908396.jpg,1908396,1,0,NA
1908433_1,2023-01-04 23:19:04.642874,CLO,1908433.jpg,1908433,1,0,NA
1908434_1,2023-01-04 23:19:04.096007,CLO,1908434.jpg,1908434,1,0,NA
1908543_1,2023-01-04 23:19:03.517876,CLO,1908543.jpg,1908543,1,0,NA
1908545_1,2023-01-04 23:19:02.939756,CLO,1908545.jpg,1908545,1,0,NA
1908552_1,2023-01-04 23:19:02.283498,CLO,1908552.jpg,1908552,1,0,NA
1908643_1,2023-01-04 23:19:01.689739,CLO,1908643.jpg,1908643,1,0,NA
1908682_1,2023-01-04 23:19:01.064886,CLO,1908682.jpg,1908682,1,0,NA
1608810_1,2023-01-04 23:19:00.439796,ACC,1608810.jpg,1608810,1,0,NA
1810915_1,2023-01-04 23:18:59.924111,ACC,1810915.jpg,1810915,1,0,NA
1810867_1,2023-01-04 23:18:59.377261,ACC,1810867.jpg,1810867,1,0,NA
1812061_1,2023-01-04 23:18:58.799115,ACC,1812061.jpg,1812061,1,0,NA
1900628_1,2023-01-04 23:18:58.283496,ACC,1900628.jpg,1900628,1,0,NA
1900876_1,2023-01-04 23:18:57.721112,ACC,1900876.jpg,1900876,1,0,NA
1901100_1,2023-01-04 23:18:57.189729,ACC,1901100.jpg,1901100,1,0,NA
1902554_1,2023-01-04 23:18:56.564824,ACC,1902554.jpg,1902554,1,0,NA
1904854_1,2023-01-04 23:18:55.549097,ACC,1904854.jpg,1904854,1,0,NA
1912887_1,2023-01-04 23:18:55.017870,CLO,1912887.jpg,1912887,1,0,NA
1905259_1,2023-01-04 23:18:54.642847,ACC,1905259.jpg,1905259,1,0,NA
1906005_1,2023-01-04 23:18:54.064819,CLO,1906005.jpg,1906005,1,0,NA
1906009_1,2023-01-04 23:18:53.549105,CLO,1906009.jpg,1906009,1,0,NA
1906010_1,2023-01-04 23:18:53.017853,CLO,1906010.jpg,1906010,1,0,NA
1906011_1,2023-01-04 23:18:52.424124,CLO,1906011.jpg,1906011,1,0,NA
1907256_1,2023-01-04 23:18:51.799095,BEAUTY,1907256.jpg,1907256,1,0,NA
1907546_1,2023-01-04 23:18:51.205659,CLO,1907546.jpg,1907546,1,0,NA
1906133_1,2023-01-04 23:18:50.564722,SHO,1906133.jpg,1906133,1,0,NA
1907079_1,2023-01-04 23:18:50.017846,SHO,1907079.jpg,1907079,1,0,NA
1907324_1,2023-01-04 23:18:49.471067,SHO,1907324.jpg,1907324,1,0,NA
1902690_1,2023-01-04 23:18:48.955337,CLO,1902690.jpg,1902690,1,0,NA
1902692_1,2023-01-04 23:18:48.424106,CLO,1902692.jpg,1902692,1,0,NA
1903984_1,2023-01-04 23:18:47.877212,CLO,1903984.jpg,1903984,1,0,NA
1903990_1,2023-01-04 23:18:47.361733,CLO,1903990.jpg,1903990,1,0,NA
1905359_1,2023-01-04 23:18:46.830335,CLO,1905359.jpg,1905359,1,0,NA
1905366_1,2023-01-04 23:18:46.299077,CLO,1905366.jpg,1905366,1,0,NA
1905378_1,2023-01-04 23:18:45.783459,CLO,1905378.jpg,1905378,1,0,NA
1905698_1,2023-01-04 23:18:45.189786,CLO,1905698.jpg,1905698,1,0,NA
1906267_1,2023-01-04 23:18:44.643159,CLO,1906267.jpg,1906267,1,0,NA
1906268_1,2023-01-04 23:18:44.111589,CLO,1906268.jpg,1906268,1,0,NA
1906421_1,2023-01-04 23:18:43.580336,CLO,1906421.jpg,1906421,1,0,NA
1907385_1,2023-01-04 23:18:43.017825,CLO,1907385.jpg,1907385,1,0,NA
1907860_1,2023-01-04 23:18:42.455331,CLO,1907860.jpg,1907860,1,0,NA
1908342_1,2023-01-04 23:18:41.939695,CLO,1908342.jpg,1908342,1,0,NA
1908346_1,2023-01-04 23:18:41.424078,CLO,1908346.jpg,1908346,1,0,NA
1908360_1,2023-01-04 23:18:40.877362,CLO,1908360.jpg,1908360,1,0,NA
1908453_1,2023-01-04 23:18:40.283526,CLO,1908453.jpg,1908453,1,0,NA
1908454_1,2023-01-04 23:18:39.752199,CLO,1908454.jpg,1908454,1,0,NA
1908455_1,2023-01-04 23:18:39.220949,CLO,1908455.jpg,1908455,1,0,NA
1908561_1,2023-01-04 23:18:38.705316,CLO,1908561.jpg,1908561,1,0,NA
1908563_1,2023-01-04 23:18:38.142827,CLO,1908563.jpg,1908563,1,0,NA
1908655_1,2023-01-04 23:18:37.080400,CLO,1908655.jpg,1908655,1,0,NA
1908653_1,2023-01-04 23:18:36.517817,CLO,1908653.jpg,1908653,1,0,NA
1808077_1,2023-01-04 23:18:35.924060,CLO,1808077.jpg,1808077,1,0,NA
1805027_1,2023-01-04 23:18:35.361567,CLO,1805027.jpg,1805027,1,0,NA
1809070_1,2023-01-04 23:18:34.986669,CLO,1809070.jpg,1809070,1,0,NA
1901161_1,2023-01-04 23:18:34.439682,CLO,1901161.jpg,1901161,1,0,NA
1901163_1,2023-01-04 23:18:33.908431,CLO,1901163.jpg,1901163,1,0,NA
1905362_1,2023-01-04 23:18:33.330690,CLO,1905362.jpg,1905362,1,0,NA
1905706_1,2023-01-04 23:18:32.767798,CLO,1905706.jpg,1905706,1,0,NA
1906430_1,2023-01-04 23:18:32.189706,CLO,1906430.jpg,1906430,1,0,NA
1906443_1,2023-01-04 23:18:31.564764,CLO,1906443.jpg,1906443,1,0,NA
1906531_1,2023-01-04 23:18:30.986554,CLO,1906531.jpg,1906531,1,0,NA
1906995_1,2023-01-04 23:18:30.392803,CLO,1906995.jpg,1906995,1,0,NA
1906997_1,2023-01-04 23:18:29.799066,CLO,1906997.jpg,1906997,1,0,NA
1907280_1,2023-01-04 23:18:29.220926,CLO,1907280.jpg,1907280,1,0,NA
1907285_1,2023-01-04 23:18:28.689669,CLO,1907285.jpg,1907285,1,0,NA
1907838_1,2023-01-04 23:18:28.111628,CLO,1907838.jpg,1907838,1,0,NA
1908336_1,2023-01-04 23:18:27.517797,CLO,1908336.jpg,1908336,1,0,NA
1908514_1,2023-01-04 23:18:26.955307,CLO,1908514.jpg,1908514,1,0,NA
1905682_1,2023-01-04 23:18:26.314672,CLO,1905682.jpg,1905682,1,0,NA
1907002_1,2023-01-04 23:18:25.736540,CLO,1907002.jpg,1907002,1,0,NA
1907384_1,2023-01-04 23:18:25.189806,CLO,1907384.jpg,1907384,1,0,NA
1908366_1,2023-01-04 23:18:24.611531,CLO,1908366.jpg,1908366,1,0,NA
1908549_1,2023-01-04 23:18:23.939854,CLO,1908549.jpg,1908549,1,0,NA
1908550_1,2023-01-04 23:18:23.299032,CLO,1908550.jpg,1908550,1,0,NA
1908644_1,2023-01-04 23:18:22.736536,CLO,1908644.jpg,1908644,1,0,NA
1908780_1,2023-01-04 23:18:22.142780,CLO,1908780.jpg,1908780,1,0,NA
1902266_1,2023-01-04 23:18:21.549028,CLO,1902266.jpg,1902266,1,0,NA
1904160_1,2023-01-04 23:18:20.955274,CLO,1904160.jpg,1904160,1,0,NA
1906264_1,2023-01-04 23:18:20.314792,CLO,1906264.jpg,1906264,1,0,NA
1909777_1,2023-01-04 23:18:19.939651,CLO,1909777.jpg,1909777,1,0,NA
1907005_1,2023-01-04 23:18:19.267905,CLO,1907005.jpg,1907005,1,0,NA
1907034_1,2023-01-04 23:18:18.658394,CLO,1907034.jpg,1907034,1,0,NA
1907037_1,2023-01-04 23:18:18.095893,CLO,1907037.jpg,1907037,1,0,NA
1904737_1,2023-01-04 23:18:17.689786,CLO,1904737.jpg,1904737,1,0,NA
1907383_1,2023-01-04 23:18:17.080273,CLO,1907383.jpg,1907383,1,0,NA
1907849_1,2023-01-04 23:18:16.486534,CLO,1907849.jpg,1907849,1,0,NA
1908512_1,2023-01-04 23:18:15.924122,CLO,1908512.jpg,1908512,1,0,NA
1908540_1,2023-01-04 23:18:15.314659,CLO,1908540.jpg,1908540,1,0,NA
1908654_1,2023-01-04 23:18:14.736514,CLO,1908654.jpg,1908654,1,0,NA
1801826_1,2023-01-04 23:18:14.158387,CLO,1801826.jpg,1801826,1,0,NA
1808803_1,2023-01-04 23:18:13.627142,CLO,1808803.jpg,1808803,1,0,NA
1811994_1,2023-01-04 23:18:13.080271,CLO,1811994.jpg,1811994,1,0,NA
1903530_1,2023-01-04 23:18:12.533384,CLO,1903530.jpg,1903530,1,0,NA
1903945_1,2023-01-04 23:18:11.924086,CLO,1903945.jpg,1903945,1,0,NA
1904043_1,2023-01-04 23:18:10.814645,CLO,1904043.jpg,1904043,1,0,NA
1906210_1,2023-01-04 23:18:10.236509,CLO,1906210.jpg,1906210,1,0,NA
1906217_1,2023-01-04 23:18:09.689625,CLO,1906217.jpg,1906217,1,0,NA
1906408_1,2023-01-04 23:18:09.033364,CLO,1906408.jpg,1906408,1,0,NA
1906431_1,2023-01-04 23:18:08.470959,CLO,1906431.jpg,1906431,1,0,NA
1811958_1,2023-01-04 23:18:07.845879,ACC,1811958.jpg,1811958,1,0,NA
1907147_1,2023-01-04 23:18:07.252118,ACC,1907147.jpg,1907147,1,0,NA
1903083_1,2023-01-04 23:18:06.861660,ACC,1903083.jpg,1903083,1,0,NA
1905160_1,2023-01-04 23:18:06.252114,ACC,1905160.jpg,1905160,1,0,NA
1905163_1,2023-01-04 23:18:05.658371,ACC,1905163.jpg,1905163,1,0,NA
1905164_1,2023-01-04 23:18:05.064615,ACC,1905164.jpg,1905164,1,0,NA
1907166_1,2023-01-04 23:18:04.502125,ACC,1907166.jpg,1907166,1,0,NA
1905848_1,2023-01-04 23:18:04.095939,ACC,1905848.jpg,1905848,1,0,NA
1902308_1,2023-01-04 23:18:03.548993,ACC,1902308.jpg,1902308,1,0,NA
1907168_1,2023-01-04 23:18:03.162951,ACC,1907168.jpg,1907168,1,0,NA
1901490_1,2023-01-04 23:18:02.564606,SHO,1901490.jpg,1901490,1,0,NA
1903317_1,2023-01-04 23:18:01.939621,SHO,1903317.jpg,1903317,1,0,NA
1907148_1,2023-01-04 23:18:01.377120,SHO,1907148.jpg,1907148,1,0,NA
1907151_1,2023-01-04 23:18:00.814672,SHO,1907151.jpg,1907151,1,0,NA
1907152_1,2023-01-04 23:18:00.236643,SHO,1907152.jpg,1907152,1,0,NA
1906516_1,2023-01-04 23:17:59.673997,CLO,1906516.jpg,1906516,1,0,NA
1906527_1,2023-01-04 23:17:59.064598,CLO,1906527.jpg,1906527,1,0,NA
1904759_1,2023-01-04 23:17:12.189504,CLO,1904759.jpg,1904759,1,0,NA
1902595_1,2023-01-04 23:17:11.798882,CLO,1902595.jpg,1902595,1,0,NA
1906528_1,2023-01-04 23:17:11.408243,CLO,1906528.jpg,1906528,1,0,NA
1907197_1,2023-01-04 23:17:10.814493,CLO,1907197.jpg,1907197,1,0,NA
1907199_1,2023-01-04 23:17:10.252016,CLO,1907199.jpg,1907199,1,0,NA
1907276_1,2023-01-04 23:17:09.674202,CLO,1907276.jpg,1907276,1,0,NA
1908364_1,2023-01-04 23:17:09.064492,CLO,1908364.jpg,1908364,1,0,NA
1908374_1,2023-01-04 23:17:08.470741,CLO,1908374.jpg,1908374,1,0,NA
1908403_1,2023-01-04 23:17:07.908523,CLO,1908403.jpg,1908403,1,0,NA
1908405_1,2023-01-04 23:17:07.330125,CLO,1908405.jpg,1908405,1,0,NA
1908500_1,2023-01-04 23:17:06.767640,CLO,1908500.jpg,1908500,1,0,NA
1908503_1,2023-01-04 23:17:06.048870,CLO,1908503.jpg,1908503,1,0,NA
1908515_1,2023-01-04 23:17:05.470726,CLO,1908515.jpg,1908515,1,0,NA
1908517_1,2023-01-04 23:17:04.876987,CLO,1908517.jpg,1908517,1,0,NA
1908620_1,2023-01-04 23:17:04.267782,CLO,1908620.jpg,1908620,1,0,NA
1908659_1,2023-01-04 23:17:03.658312,CLO,1908659.jpg,1908659,1,0,NA
1908662_1,2023-01-04 23:17:02.955189,CLO,1908662.jpg,1908662,1,0,NA
1903596_1,2023-01-04 23:17:02.331094,CLO,1903596.jpg,1903596,1,0,NA
1908663_1,2023-01-04 23:17:01.955110,CLO,1908663.jpg,1908663,1,0,NA
1908894_1,2023-01-04 23:17:01.361422,CLO,1908894.jpg,1908894,1,0,NA
1902039_1,2023-01-04 23:17:00.783225,CLO,1902039.jpg,1902039,1,0,NA
1902041_1,2023-01-04 23:17:00.173940,CLO,1902041.jpg,1902041,1,0,NA
1902042_1,2023-01-04 23:16:59.611342,CLO,1902042.jpg,1902042,1,0,NA
1905855_1,2023-01-04 23:16:59.064464,CLO,1905855.jpg,1905855,1,0,NA
1907217_1,2023-01-04 23:16:58.533214,CLO,1907217.jpg,1907217,1,0,NA
1907374_1,2023-01-04 23:16:57.986434,CLO,1907374.jpg,1907374,1,0,NA
1908321_1,2023-01-04 23:16:56.939477,CLO,1908321.jpg,1908321,1,0,NA
1908461_1,2023-01-04 23:16:56.376976,CLO,1908461.jpg,1908461,1,0,NA
1908646_1,2023-01-04 23:16:55.251971,CLO,1908646.jpg,1908646,1,0,NA
1908749_1,2023-01-04 23:16:54.673930,CLO,1908749.jpg,1908749,1,0,NA
1908750_1,2023-01-04 23:16:54.095869,CLO,1908750.jpg,1908750,1,0,NA
1906584_1,2023-01-04 23:16:53.455077,CLO,1906584.jpg,1906584,1,0,NA
1907004_1,2023-01-04 23:16:52.908321,CLO,1907004.jpg,1907004,1,0,NA
1908628_1,2023-01-04 23:16:52.314507,CLO,1908628.jpg,1908628,1,0,NA
1908658_1,2023-01-04 23:16:51.736425,CLO,1908658.jpg,1908658,1,0,NA
1902488_1,2023-01-04 23:16:51.111634,CLO,1902488.jpg,1902488,1,0,NA
1908494_1,2023-01-04 23:16:50.501969,CLO,1908494.jpg,1908494,1,0,NA
1908887_1,2023-01-04 23:16:49.939445,CLO,1908887.jpg,1908887,1,0,NA
1802475_1,2023-01-04 23:16:49.314459,CLO,1802475.jpg,1802475,1,0,NA
1910846_1,2023-01-04 23:16:48.908211,CLO,1910846.jpg,1910846,1,0,NA
1910837_1,2023-01-04 23:16:48.345689,CLO,1910837.jpg,1910837,1,0,NA
1906546_1,2023-01-04 23:16:47.955089,CLO,1906546.jpg,1906546,1,0,NA
1907368_1,2023-01-04 23:16:47.361417,CLO,1907368.jpg,1907368,1,0,NA
1907371_1,2023-01-04 23:16:46.830061,CLO,1907371.jpg,1907371,1,0,NA
1908426_1,2023-01-04 23:16:46.236431,CLO,1908426.jpg,1908426,1,0,NA
1908516_1,2023-01-04 23:16:45.673818,CLO,1908516.jpg,1908516,1,0,NA
1908496_1,2023-01-04 23:16:44.720698,CLO,1908496.jpg,1908496,1,0,NA
1908538_1,2023-01-04 23:16:43.673815,CLO,1908538.jpg,1908538,1,0,NA
1908539_1,2023-01-04 23:16:43.080060,CLO,1908539.jpg,1908539,1,0,NA
1908669_1,2023-01-04 23:16:42.455060,CLO,1908669.jpg,1908669,1,0,NA
1908764_1,2023-01-04 23:16:41.908185,CLO,1908764.jpg,1908764,1,0,NA
1908924_1,2023-01-04 23:16:41.298805,CLO,1908924.jpg,1908924,1,0,NA
1908950_1,2023-01-04 23:16:40.751926,CLO,1908950.jpg,1908950,1,0,NA
1909123_1,2023-01-04 23:16:40.173818,CLO,1909123.jpg,1909123,1,0,NA
1906587_1,2023-01-04 23:16:39.611302,CLO,1906587.jpg,1906587,1,0,NA
1907007_1,2023-01-04 23:16:39.001943,CLO,1907007.jpg,1907007,1,0,NA
1907275_1,2023-01-04 23:16:38.455138,CLO,1907275.jpg,1907275,1,0,NA
1907880_1,2023-01-04 23:16:37.877338,CLO,1907880.jpg,1907880,1,0,NA
1908425_1,2023-01-04 23:16:37.267578,CLO,1908425.jpg,1908425,1,0,NA
1908546_1,2023-01-04 23:16:36.705103,CLO,1908546.jpg,1908546,1,0,NA
1908642_1,2023-01-04 23:16:36.127232,CLO,1908642.jpg,1908642,1,0,NA
1908755_1,2023-01-04 23:16:35.517557,CLO,1908755.jpg,1908755,1,0,NA
1908772_1,2023-01-04 23:16:34.408229,CLO,1908772.jpg,1908772,1,0,NA
1908895_1,2023-01-04 23:16:33.845659,CLO,1908895.jpg,1908895,1,0,NA
1509204_1,2023-01-04 23:16:33.220673,CLO,1509204.jpg,1509204,1,0,NA
1906208_1,2023-01-04 23:16:32.705121,CLO,1906208.jpg,1906208,1,0,NA
1906216_1,2023-01-04 23:16:32.142560,CLO,1906216.jpg,1906216,1,0,NA
1906222_1,2023-01-04 23:16:31.580058,CLO,1906222.jpg,1906222,1,0,NA
1906230_1,2023-01-04 23:16:30.986257,CLO,1906230.jpg,1906230,1,0,NA
1906234_1,2023-01-04 23:16:30.408154,CLO,1906234.jpg,1906234,1,0,NA
1906235_1,2023-01-04 23:16:29.798777,CLO,1906235.jpg,1906235,1,0,NA
1906368_1,2023-01-04 23:16:29.206212,CLO,1906368.jpg,1906368,1,0,NA
1908891_1,2023-01-04 23:16:28.595761,CLO,1908891.jpg,1908891,1,0,NA
1806720_1,2023-01-04 23:16:28.017526,CLO,1806720.jpg,1806720,1,0,NA
1906568_1,2023-01-04 23:16:27.642547,CLO,1906568.jpg,1906568,1,0,NA
1905717_1,2023-01-04 23:16:27.142534,CLO,1905717.jpg,1905717,1,0,NA
1906153_1,2023-01-04 23:16:26.595663,ACC,1906153.jpg,1906153,1,0,NA
1906231_1,2023-01-04 23:16:25.986803,CLO,1906231.jpg,1906231,1,0,NA
1906505_1,2023-01-04 23:16:25.439398,CLO,1906505.jpg,1906505,1,0,NA
1908158_1,2023-01-04 23:16:24.798773,CLO,1908158.jpg,1908158,1,0,NA
1908505_1,2023-01-04 23:16:24.220656,CLO,1908505.jpg,1908505,1,0,NA
1908691_1,2023-01-04 23:16:23.580137,CLO,1908691.jpg,1908691,1,0,NA
1908725_1,2023-01-04 23:16:22.970731,CLO,1908725.jpg,1908725,1,0,NA
1908727_1,2023-01-04 23:16:22.362010,CLO,1908727.jpg,1908727,1,0,NA
1908733_1,2023-01-04 23:16:21.802027,CLO,1908733.jpg,1908733,1,0,NA
1908753_1,2023-01-04 23:16:21.205044,CLO,1908753.jpg,1908753,1,0,NA
1908759_1,2023-01-04 23:16:20.126871,CLO,1908759.jpg,1908759,1,0,NA
1908773_1,2023-01-04 23:16:19.517519,CLO,1908773.jpg,1908773,1,0,NA
1908781_1,2023-01-04 23:16:18.939381,CLO,1908781.jpg,1908781,1,0,NA
1908878_1,2023-01-04 23:16:18.361244,CLO,1908878.jpg,1908878,1,0,NA
1908886_1,2023-01-04 23:16:17.751886,CLO,1908886.jpg,1908886,1,0,NA
1908905_1,2023-01-04 23:16:17.173749,CLO,1908905.jpg,1908905,1,0,NA
1909077_1,2023-01-04 23:16:16.580000,CLO,1909077.jpg,1909077,1,0,NA
1909200_1,2023-01-04 23:16:16.048757,CLO,1909200.jpg,1909200,1,0,NA
1905223_1,2023-01-04 23:16:15.423747,CLO,1905223.jpg,1905223,1,0,NA
1906154_1,2023-01-04 23:16:14.876977,ACC,1906154.jpg,1906154,1,0,NA
1908868_1,2023-01-04 23:16:14.267574,CLO,1908868.jpg,1908868,1,0,NA
1809728_1,2023-01-04 23:16:13.720602,CLO,1809728.jpg,1809728,1,0,NA
1902113_1,2023-01-04 23:16:13.158136,CLO,1902113.jpg,1902113,1,0,NA
1902114_1,2023-01-04 23:16:12.595616,CLO,1902114.jpg,1902114,1,0,NA
1904733_1,2023-01-04 23:16:11.970599,CLO,1904733.jpg,1904733,1,0,NA
1906506_1,2023-01-04 23:16:11.423737,CLO,1906506.jpg,1906506,1,0,NA
1904739_1,2023-01-04 23:16:10.876863,CLO,1904739.jpg,1904739,1,0,NA
1906370_1,2023-01-04 23:16:10.298733,SHO,1906370.jpg,1906370,1,0,NA
2006102_2,2023-01-04 23:16:09.923730,SHO,2006102.jpg,2006102,2,0,NA
1906381_1,2023-01-04 23:16:09.361216,SHO,1906381.jpg,1906381,1,0,NA
1906870_1,2023-01-04 23:16:08.829988,SHO,1906870.jpg,1906870,1,0,NA
1907144_1,2023-01-04 23:16:08.268035,SHO,1907144.jpg,1907144,1,0,NA
1907145_1,2023-01-04 23:16:07.486232,SHO,1907145.jpg,1907145,1,0,NA
1907154_1,2023-01-04 23:16:06.892465,SHO,1907154.jpg,1907154,1,0,NA
1908648_1,2023-01-04 23:16:06.345601,CLO,1908648.jpg,1908648,1,0,NA
1908666_1,2023-01-04 23:16:05.798887,CLO,1908666.jpg,1908666,1,0,NA
1904996_1,2023-01-04 23:16:05.423717,CLO,1904996.jpg,1904996,1,0,NA
1912273_1,2023-01-04 23:16:04.830043,CLO,1912273.jpg,1912273,1,0,NA
1908751_1,2023-01-04 23:16:04.392530,CLO,1908751.jpg,1908751,1,0,NA
1908757_1,2023-01-04 23:16:03.767453,CLO,1908757.jpg,1908757,1,0,NA
1908758_1,2023-01-04 23:16:02.751840,CLO,1908758.jpg,1908758,1,0,NA
1908762_1,2023-01-04 23:16:02.142552,CLO,1908762.jpg,1908762,1,0,NA
1908766_1,2023-01-04 23:16:01.548707,CLO,1908766.jpg,1908766,1,0,NA
1908767_1,2023-01-04 23:16:00.939391,CLO,1908767.jpg,1908767,1,0,NA
1908831_1,2023-01-04 23:16:00.283093,CLO,1908831.jpg,1908831,1,0,NA
1908869_1,2023-01-04 23:15:59.736214,CLO,1908869.jpg,1908869,1,0,NA
1908911_1,2023-01-04 23:15:59.173743,CLO,1908911.jpg,1908911,1,0,NA
1908949_1,2023-01-04 23:15:58.626819,CLO,1908949.jpg,1908949,1,0,NA
1908943_1,2023-01-04 23:15:58.079999,CLO,1908943.jpg,1908943,1,0,NA
1909037_1,2023-01-04 23:15:57.533097,CLO,1909037.jpg,1909037,1,0,NA
1909040_1,2023-01-04 23:15:56.986228,CLO,1909040.jpg,1909040,1,0,NA
1909041_1,2023-01-04 23:15:56.392463,CLO,1909041.jpg,1909041,1,0,NA
1908639_1,2023-01-04 23:15:55.767436,CLO,1908639.jpg,1908639,1,0,NA
1908553_1,2023-01-04 23:15:55.220573,CLO,1908553.jpg,1908553,1,0,NA
1908734_1,2023-01-04 23:15:54.642450,CLO,1908734.jpg,1908734,1,0,NA
1908754_1,2023-01-04 23:15:54.079933,CLO,1908754.jpg,1908754,1,0,NA
1908882_1,2023-01-04 23:15:53.486179,CLO,1908882.jpg,1908882,1,0,NA
1908921_1,2023-01-04 23:15:52.892446,CLO,1908921.jpg,1908921,1,0,NA
1908926_1,2023-01-04 23:15:52.329948,CLO,1908926.jpg,1908926,1,0,NA
1909009_1,2023-01-04 23:15:51.783071,CLO,1909009.jpg,1909009,1,0,NA
1902978_1,2023-01-04 23:15:51.204956,CLO,1902978.jpg,1902978,1,0,NA
1908752_1,2023-01-04 23:15:50.658078,CLO,1908752.jpg,1908752,1,0,NA
1908761_1,2023-01-04 23:15:50.017452,CLO,1908761.jpg,1908761,1,0,NA
1908893_1,2023-01-04 23:15:49.470549,CLO,1908893.jpg,1908893,1,0,NA
1908908_1,2023-01-04 23:15:48.923689,CLO,1908908.jpg,1908908,1,0,NA
1909022_1,2023-01-04 23:15:48.314311,CLO,1909022.jpg,1909022,1,0,NA
1908915_1,2023-01-04 23:15:47.736182,CLO,1908915.jpg,1908915,1,0,NA
1909032_1,2023-01-04 23:15:47.158059,CLO,1909032.jpg,1909032,1,0,NA
1909038_1,2023-01-04 23:15:46.548682,CLO,1909038.jpg,1909038,1,0,NA
1909039_1,2023-01-04 23:15:45.954933,CLO,1909039.jpg,1909039,1,0,NA
1903978_1,2023-01-04 23:15:45.376965,CLO,1903978.jpg,1903978,1,0,NA
1606092_1,2023-01-04 23:15:44.829917,SHO,1606092.jpg,1606092,1,0,NA
1808684_1,2023-01-04 23:15:44.251812,SHO,1808684.jpg,1808684,1,0,NA
1905449_1,2023-01-04 23:15:43.595549,SHO,1905449.jpg,1905449,1,0,NA
1905450_1,2023-01-04 23:15:43.079918,SHO,1905450.jpg,1905450,1,0,NA
1905451_1,2023-01-04 23:15:42.548671,SHO,1905451.jpg,1905451,1,0,NA
1905455_1,2023-01-04 23:15:42.033055,SHO,1905455.jpg,1905455,1,0,NA
1905466_1,2023-01-04 23:15:41.486260,SHO,1905466.jpg,1905466,1,0,NA
1905980_1,2023-01-04 23:15:40.954922,SHO,1905980.jpg,1905980,1,0,NA
1906306_1,2023-01-04 23:15:40.283067,SHO,1906306.jpg,1906306,1,0,NA
1906317_1,2023-01-04 23:15:39.751790,SHO,1906317.jpg,1906317,1,0,NA
1804089_1,2023-01-04 23:15:39.267457,CLO,1804089.jpg,1804089,1,0,NA
1809069_1,2023-01-04 23:15:38.892416,CLO,1809069.jpg,1809069,1,0,NA
1504338_1,2023-01-04 23:15:37.939352,CLO,1504338.jpg,1504338,1,0,NA
1811073_1,2023-01-04 23:15:37.345531,CLO,1811073.jpg,1811073,1,0,NA
1900471_1,2023-01-04 23:15:36.767396,CLO,1900471.jpg,1900471,1,0,NA
1903880_1,2023-01-04 23:15:36.142411,CLO,1903880.jpg,1903880,1,0,NA
1906321_1,2023-01-04 23:15:35.579908,SHO,1906321.jpg,1906321,1,0,NA
1907032_1,2023-01-04 23:15:35.048684,CLO,1907032.jpg,1907032,1,0,NA
1905257_1,2023-01-04 23:15:34.658028,CLO,1905257.jpg,1905257,1,0,NA
1903325_1,2023-01-04 23:15:34.111453,CLO,1903325.jpg,1903325,1,0,NA
1908467_1,2023-01-04 23:15:33.517456,CLO,1908467.jpg,1908467,1,0,NA
1908610_1,2023-01-04 23:15:32.923647,CLO,1908610.jpg,1908610,1,0,NA
1908717_1,2023-01-04 23:15:32.376770,CLO,1908717.jpg,1908717,1,0,NA
1908731_1,2023-01-04 23:15:31.783051,CLO,1908731.jpg,1908731,1,0,NA
1908835_1,2023-01-04 23:15:31.189353,CLO,1908835.jpg,1908835,1,0,NA
1908843_1,2023-01-04 23:15:30.501764,CLO,1908843.jpg,1908843,1,0,NA
1908888_1,2023-01-04 23:15:29.923640,CLO,1908888.jpg,1908888,1,0,NA
1908936_1,2023-01-04 23:15:29.376893,CLO,1908936.jpg,1908936,1,0,NA
1906818_1,2023-01-04 23:15:28.798629,CLO,1906818.jpg,1906818,1,0,NA
1908460_1,2023-01-04 23:15:28.251763,CLO,1908460.jpg,1908460,1,0,NA
1908462_1,2023-01-04 23:15:27.548624,CLO,1908462.jpg,1908462,1,0,NA
1908465_1,2023-01-04 23:15:26.954894,CLO,1908465.jpg,1908465,1,0,NA
1908714_1,2023-01-04 23:15:26.376768,CLO,1908714.jpg,1908714,1,0,NA
1908881_1,2023-01-04 23:15:25.767478,CLO,1908881.jpg,1908881,1,0,NA
1908884_1,2023-01-04 23:15:25.204886,CLO,1908884.jpg,1908884,1,0,NA
1901320_1,2023-01-04 23:15:24.236179,ACC,1901320.jpg,1901320,1,0,NA
1908457_1,2023-01-04 23:15:23.658348,CLO,1908457.jpg,1908457,1,0,NA
1908594_1,2023-01-04 23:15:23.080117,CLO,1908594.jpg,1908594,1,0,NA
1908598_1,2023-01-04 23:15:22.548655,CLO,1908598.jpg,1908598,1,0,NA
1908637_1,2023-01-04 23:15:22.001734,CLO,1908637.jpg,1908637,1,0,NA
1908756_1,2023-01-04 23:15:21.470495,CLO,1908756.jpg,1908756,1,0,NA
1908813_1,2023-01-04 23:15:20.845502,CLO,1908813.jpg,1908813,1,0,NA
1908828_1,2023-01-04 23:15:20.251731,CLO,1908828.jpg,1908828,1,0,NA
1908953_1,2023-01-04 23:15:19.204867,CLO,1908953.jpg,1908953,1,0,NA
1908960_1,2023-01-04 23:15:18.611120,CLO,1908960.jpg,1908960,1,0,NA
1909015_1,2023-01-04 23:15:18.048621,CLO,1909015.jpg,1909015,1,0,NA
1910674_1,2023-01-04 23:15:17.673633,CLO,1910674.jpg,1910674,1,0,NA
1907131_1,2023-01-04 23:15:17.095475,SHO,1907131.jpg,1907131,1,0,NA
1907135_1,2023-01-04 23:15:16.564320,SHO,1907135.jpg,1907135,1,0,NA
1907155_1,2023-01-04 23:15:15.986178,SHO,1907155.jpg,1907155,1,0,NA
1907157_1,2023-01-04 23:15:15.423614,SHO,1907157.jpg,1907157,1,0,NA
1908571_1,2023-01-04 23:15:14.908081,SHO,1908571.jpg,1908571,1,0,NA
1809706_1,2023-01-04 23:15:14.361197,SHO,1809706.jpg,1809706,1,0,NA
1908865_1,2023-01-04 23:15:13.970487,SHO,1908865.jpg,1908865,1,0,NA
1811932_1,2023-01-04 23:15:13.423719,CLO,1811932.jpg,1811932,1,0,NA
1610598_1,2023-01-04 23:14:43.345415,CLO,1610598.jpg,1610598,1,0,NA
1508992_1,2023-01-04 23:14:42.939219,CLO,1508992.jpg,1508992,1,0,NA
1409394_1,2023-01-04 23:14:42.564147,CLO,1409394.jpg,1409394,1,0,NA
1603558_1,2023-01-04 23:14:42.064143,CLO,1603558.jpg,1603558,1,0,NA
1802049_1,2023-01-04 23:14:41.657913,CLO,1802049.jpg,1802049,1,0,NA
1610600_1,2023-01-04 23:14:41.251660,CLO,1610600.jpg,1610600,1,0,NA
1502086_1,2023-01-04 23:14:40.861017,CLO,1502086.jpg,1502086,1,0,NA
1808248_1,2023-01-04 23:14:40.440413,CLO,1808248.jpg,1808248,1,0,NA
1901096_1,2023-01-04 23:14:39.845411,CLO,1901096.jpg,1901096,1,0,NA
1903819_1,2023-01-04 23:14:39.220386,CLO,1903819.jpg,1903819,1,0,NA
1903965_1,2023-01-04 23:14:38.454758,CLO,1903965.jpg,1903965,1,0,NA
1903971_1,2023-01-04 23:14:37.861008,CLO,1903971.jpg,1903971,1,0,NA
1906660_1,2023-01-04 23:14:37.267683,CLO,1906660.jpg,1906660,1,0,NA
1906661_1,2023-01-04 23:14:36.689164,CLO,1906661.jpg,1906661,1,0,NA
1908466_1,2023-01-04 23:14:36.157955,CLO,1908466.jpg,1908466,1,0,NA
1908826_1,2023-01-04 23:14:35.595396,CLO,1908826.jpg,1908826,1,0,NA
1908829_1,2023-01-04 23:14:35.001653,CLO,1908829.jpg,1908829,1,0,NA
1908832_1,2023-01-04 23:14:34.423501,CLO,1908832.jpg,1908832,1,0,NA
1908830_1,2023-01-04 23:14:33.892282,CLO,1908830.jpg,1908830,1,0,NA
1908833_1,2023-01-04 23:14:33.314152,CLO,1908833.jpg,1908833,1,0,NA
1908890_1,2023-01-04 23:14:32.720399,CLO,1908890.jpg,1908890,1,0,NA
1908899_1,2023-01-04 23:14:32.173528,CLO,1908899.jpg,1908899,1,0,NA
1908904_1,2023-01-04 23:14:31.611162,CLO,1908904.jpg,1908904,1,0,NA
1908913_1,2023-01-04 23:14:31.064142,CLO,1908913.jpg,1908913,1,0,NA
1909059_1,2023-01-04 23:14:30.439142,CLO,1909059.jpg,1909059,1,0,NA
1909061_1,2023-01-04 23:14:29.876638,CLO,1909061.jpg,1909061,1,0,NA
1908604_1,2023-01-04 23:14:29.314158,CLO,1908604.jpg,1908604,1,0,NA
1908520_1,2023-01-04 23:14:28.642268,CLO,1908520.jpg,1908520,1,0,NA
1908458_1,2023-01-04 23:14:28.111025,CLO,1908458.jpg,1908458,1,0,NA
1908459_1,2023-01-04 23:14:27.548504,CLO,1908459.jpg,1908459,1,0,NA
1908506_1,2023-01-04 23:14:27.032878,CLO,1908506.jpg,1908506,1,0,NA
1908825_1,2023-01-04 23:14:26.486032,CLO,1908825.jpg,1908825,1,0,NA
1906409_1,2023-01-04 23:14:25.923523,CLO,1906409.jpg,1906409,1,0,NA
1907315_1,2023-01-04 23:14:25.392291,CLO,1907315.jpg,1907315,1,0,NA
1808683_1,2023-01-04 23:14:24.814697,SHO,1808683.jpg,1808683,1,0,NA
1906285_1,2023-01-04 23:14:24.282921,SHO,1906285.jpg,1906285,1,0,NA
1906286_1,2023-01-04 23:14:23.626617,SHO,1906286.jpg,1906286,1,0,NA
1906313_1,2023-01-04 23:14:23.095366,SHO,1906313.jpg,1906313,1,0,NA
1812262_1,2023-01-04 23:14:22.579750,CLO,1812262.jpg,1812262,1,0,NA
1903981_1,2023-01-04 23:14:21.954846,CLO,1903981.jpg,1903981,1,0,NA
1905133_1,2023-01-04 23:14:21.360987,CLO,1905133.jpg,1905133,1,0,NA
1905729_1,2023-01-04 23:14:20.782863,CLO,1905729.jpg,1905729,1,0,NA
1905731_1,2023-01-04 23:14:20.220376,CLO,1905731.jpg,1905731,1,0,NA
1906213_1,2023-01-04 23:14:19.642249,CLO,1906213.jpg,1906213,1,0,NA
1906508_1,2023-01-04 23:14:18.860980,CLO,1906508.jpg,1906508,1,0,NA
1908498_1,2023-01-04 23:14:18.142245,CLO,1908498.jpg,1908498,1,0,NA
1907143_1,2023-01-04 23:14:17.595355,SHO,1907143.jpg,1907143,1,0,NA
1906374_1,2023-01-04 23:14:17.064118,SHO,1906374.jpg,1906374,1,0,NA
1906042_1,2023-01-04 23:14:16.548477,CLO,1906042.jpg,1906042,1,0,NA
1908614_1,2023-01-04 23:14:15.985979,CLO,1908614.jpg,1908614,1,0,NA
1908676_1,2023-01-04 23:14:15.392217,CLO,1908676.jpg,1908676,1,0,NA
1908745_1,2023-01-04 23:14:14.845339,CLO,1908745.jpg,1908745,1,0,NA
1908785_1,2023-01-04 23:14:14.314103,CLO,1908785.jpg,1908785,1,0,NA
1908871_1,2023-01-04 23:14:13.704837,CLO,1908871.jpg,1908871,1,0,NA
1908872_1,2023-01-04 23:14:13.142370,CLO,1908872.jpg,1908872,1,0,NA
1908951_1,2023-01-04 23:14:12.579721,CLO,1908951.jpg,1908951,1,0,NA
1908952_1,2023-01-04 23:14:11.986049,CLO,1908952.jpg,1908952,1,0,NA
1908961_1,2023-01-04 23:14:11.423480,CLO,1908961.jpg,1908961,1,0,NA
1909018_1,2023-01-04 23:14:10.798466,CLO,1909018.jpg,1909018,1,0,NA
1909021_1,2023-01-04 23:14:10.173497,CLO,1909021.jpg,1909021,1,0,NA
1909125_1,2023-01-04 23:14:09.626600,CLO,1909125.jpg,1909125,1,0,NA
1907141_1,2023-01-04 23:14:09.095340,SHO,1907141.jpg,1907141,1,0,NA
1907167_1,2023-01-04 23:14:08.579708,SHO,1907167.jpg,1907167,1,0,NA
1909147_1,2023-01-04 23:14:08.017216,CLO,1909147.jpg,1909147,1,0,NA
1909157_1,2023-01-04 23:14:07.501598,CLO,1909157.jpg,1909157,1,0,NA
1909364_1,2023-01-04 23:14:07.001577,CLO,1909364.jpg,1909364,1,0,NA
1909199_1,2023-01-04 23:14:06.439082,CLO,1909199.jpg,1909199,1,0,NA
1909381_1,2023-01-04 23:14:05.860940,CLO,1909381.jpg,1909381,1,0,NA
1908493_1,2023-01-04 23:14:05.298453,CLO,1908493.jpg,1908493,1,0,NA
1908554_1,2023-01-04 23:14:04.720323,CLO,1908554.jpg,1908554,1,0,NA
1908873_1,2023-01-04 23:14:04.189104,CLO,1908873.jpg,1908873,1,0,NA
1908690_1,2023-01-04 23:14:03.626571,CLO,1908690.jpg,1908690,1,0,NA
1908875_1,2023-01-04 23:14:03.048540,CLO,1908875.jpg,1908875,1,0,NA
1908883_1,2023-01-04 23:14:02.501574,CLO,1908883.jpg,1908883,1,0,NA
1908907_1,2023-01-04 23:14:01.939069,CLO,1908907.jpg,1908907,1,0,NA
1908988_1,2023-01-04 23:14:01.407869,CLO,1908988.jpg,1908988,1,0,NA
1908998_1,2023-01-04 23:14:00.876550,CLO,1908998.jpg,1908998,1,0,NA
1909003_1,2023-01-04 23:14:00.235922,CLO,1909003.jpg,1909003,1,0,NA
1812098_1,2023-01-04 23:13:59.689029,CLO,1812098.jpg,1812098,1,0,NA
1907547_1,2023-01-04 23:13:59.298400,CLO,1907547.jpg,1907547,1,0,NA
1900887_1,2023-01-04 23:13:58.720267,ACC,1900887.jpg,1900887,1,0,NA
1904012_1,2023-01-04 23:13:58.189034,CLO,1904012.jpg,1904012,1,0,NA
1904769_1,2023-01-04 23:13:57.610887,CLO,1904769.jpg,1904769,1,0,NA
1904785_1,2023-01-04 23:13:57.095225,JEW,1904785.jpg,1904785,1,0,NA
1906022_1,2023-01-04 23:13:56.610860,CLO,1906022.jpg,1906022,1,0,NA
1906653_1,2023-01-04 23:13:56.063961,ACC,1906653.jpg,1906653,1,0,NA
1909171_1,2023-01-04 23:13:55.532701,CLO,1909171.jpg,1909171,1,0,NA
1909239_1,2023-01-04 23:13:54.986278,CLO,1909239.jpg,1909239,1,0,NA
1909267_1,2023-01-04 23:13:54.407706,CLO,1909267.jpg,1909267,1,0,NA
1909301_1,2023-01-04 23:13:53.829566,CLO,1909301.jpg,1909301,1,0,NA
1909498_1,2023-01-04 23:13:53.235806,CLO,1909498.jpg,1909498,1,0,NA
1701170_1,2023-01-04 23:13:52.642131,CLO,1701170.jpg,1701170,1,0,NA
1803181_1,2023-01-04 23:13:52.079550,CLO,1803181.jpg,1803181,1,0,NA
1803323_1,2023-01-04 23:13:51.517042,CLO,1803323.jpg,1803323,1,0,NA
1906713_1,2023-01-04 23:13:50.938892,CLO,1906713.jpg,1906713,1,0,NA
1907828_1,2023-01-04 23:13:50.329566,CLO,1907828.jpg,1907828,1,0,NA
1908641_1,2023-01-04 23:13:49.751399,CLO,1908641.jpg,1908641,1,0,NA
1908548_1,2023-01-04 23:13:49.188878,CLO,1908548.jpg,1908548,1,0,NA
1908779_1,2023-01-04 23:13:48.095093,CLO,1908779.jpg,1908779,1,0,NA
1909007_1,2023-01-04 23:13:47.470237,CLO,1909007.jpg,1909007,1,0,NA
1909008_1,2023-01-04 23:13:46.829461,CLO,1909008.jpg,1909008,1,0,NA
1909012_1,2023-01-04 23:13:46.235711,CLO,1909012.jpg,1909012,1,0,NA
1909124_1,2023-01-04 23:13:45.688838,CLO,1909124.jpg,1909124,1,0,NA
1909163_1,2023-01-04 23:13:45.141981,CLO,1909163.jpg,1909163,1,0,NA
1907024_1,2023-01-04 23:13:44.345054,SHO,1907024.jpg,1907024,1,0,NA
1907129_1,2023-01-04 23:13:43.782543,SHO,1907129.jpg,1907129,1,0,NA
1906357_1,2023-01-04 23:13:43.188775,SHO,1906357.jpg,1906357,1,0,NA
1908565_1,2023-01-04 23:13:42.657539,SHO,1908565.jpg,1908565,1,0,NA
1906654_1,2023-01-04 23:13:42.141909,ACC,1906654.jpg,1906654,1,0,NA
1906655_1,2023-01-04 23:13:41.610629,ACC,1906655.jpg,1906655,1,0,NA
1907245_1,2023-01-04 23:13:41.048115,BEAUTY,1907245.jpg,1907245,1,0,NA
1907300_1,2023-01-04 23:13:40.485619,ACC,1907300.jpg,1907300,1,0,NA
1908863_1,2023-01-04 23:13:39.891858,CLO,1908863.jpg,1908863,1,0,NA
1908889_1,2023-01-04 23:13:39.173116,CLO,1908889.jpg,1908889,1,0,NA
1908897_1,2023-01-04 23:13:38.516835,CLO,1908897.jpg,1908897,1,0,NA
1908900_1,2023-01-04 23:13:37.938695,CLO,1908900.jpg,1908900,1,0,NA
1908923_1,2023-01-04 23:13:37.360566,CLO,1908923.jpg,1908923,1,0,NA
1908939_1,2023-01-04 23:13:36.766795,CLO,1908939.jpg,1908939,1,0,NA
1909002_1,2023-01-04 23:13:36.188669,CLO,1909002.jpg,1909002,1,0,NA
1909014_1,2023-01-04 23:13:35.641786,CLO,1909014.jpg,1909014,1,0,NA
1909034_1,2023-01-04 23:13:35.048033,CLO,1909034.jpg,1909034,1,0,NA
1909035_1,2023-01-04 23:13:34.329265,CLO,1909035.jpg,1909035,1,0,NA
1909043_1,2023-01-04 23:13:33.751142,CLO,1909043.jpg,1909043,1,0,NA
1909111_1,2023-01-04 23:13:33.188649,CLO,1909111.jpg,1909111,1,0,NA
1909164_1,2023-01-04 23:13:32.563704,CLO,1909164.jpg,1909164,1,0,NA
1909207_1,2023-01-04 23:13:32.001169,CLO,1909207.jpg,1909207,1,0,NA
1910547_1,2023-01-04 23:13:31.579228,CLO,1910547.jpg,1910547,1,0,NA
1909233_1,2023-01-04 23:13:31.016722,CLO,1909233.jpg,1909233,1,0,NA
1909234_1,2023-01-04 23:13:30.391714,CLO,1909234.jpg,1909234,1,0,NA
1909272_1,2023-01-04 23:13:29.813596,CLO,1909272.jpg,1909272,1,0,NA
1909323_1,2023-01-04 23:13:29.219951,CLO,1909323.jpg,1909323,1,0,NA
1909324_1,2023-01-04 23:13:28.641690,CLO,1909324.jpg,1909324,1,0,NA
1907003_1,2023-01-04 23:13:28.079322,CLO,1907003.jpg,1907003,1,0,NA
1908463_1,2023-01-04 23:13:27.547911,CLO,1908463.jpg,1908463,1,0,NA
1908670_1,2023-01-04 23:12:47.875470,CLO,1908670.jpg,1908670,1,0,NA
1908671_1,2023-01-04 23:12:46.766050,CLO,1908671.jpg,1908671,1,0,NA
1908673_1,2023-01-04 23:12:46.094167,CLO,1908673.jpg,1908673,1,0,NA
1908768_1,2023-01-04 23:12:45.547288,CLO,1908768.jpg,1908768,1,0,NA
1908771_1,2023-01-04 23:12:44.984758,CLO,1908771.jpg,1908771,1,0,NA
1908877_1,2023-01-04 23:12:44.406714,CLO,1908877.jpg,1908877,1,0,NA
1909004_1,2023-01-04 23:12:43.844190,CLO,1909004.jpg,1909004,1,0,NA
1909010_1,2023-01-04 23:12:43.203501,CLO,1909010.jpg,1909010,1,0,NA
1909016_1,2023-01-04 23:12:42.640991,CLO,1909016.jpg,1909016,1,0,NA
1909020_1,2023-01-04 23:12:42.078468,CLO,1909020.jpg,1909020,1,0,NA
1909023_1,2023-01-04 23:12:41.531598,CLO,1909023.jpg,1909023,1,0,NA
1909174_1,2023-01-04 23:12:41.000340,CLO,1909174.jpg,1909174,1,0,NA
1909186_1,2023-01-04 23:12:40.437844,CLO,1909186.jpg,1909186,1,0,NA
1909269_1,2023-01-04 23:12:39.859856,CLO,1909269.jpg,1909269,1,0,NA
1809920_1,2023-01-04 23:12:39.234697,CLO,1809920.jpg,1809920,1,0,NA
1905201_1,2023-01-04 23:12:38.734674,CLO,1905201.jpg,1905201,1,0,NA
1905202_1,2023-01-04 23:12:38.125284,CLO,1905202.jpg,1905202,1,0,NA
1907006_1,2023-01-04 23:12:37.484669,CLO,1907006.jpg,1907006,1,0,NA
1908716_1,2023-01-04 23:12:36.937774,CLO,1908716.jpg,1908716,1,0,NA
1908718_1,2023-01-04 23:12:36.344033,CLO,1908718.jpg,1908718,1,0,NA
1908720_1,2023-01-04 23:12:35.375273,CLO,1908720.jpg,1908720,1,0,NA
1908726_1,2023-01-04 23:12:34.812784,CLO,1908726.jpg,1908726,1,0,NA
1908807_1,2023-01-04 23:12:34.187728,CLO,1908807.jpg,1908807,1,0,NA
1908876_1,2023-01-04 23:12:33.656479,CLO,1908876.jpg,1908876,1,0,NA
1908901_1,2023-01-04 23:12:33.047132,CLO,1908901.jpg,1908901,1,0,NA
1909088_1,2023-01-04 23:12:32.484593,CLO,1909088.jpg,1909088,1,0,NA
1909172_1,2023-01-04 23:12:31.890819,CLO,1909172.jpg,1909172,1,0,NA
1909275_1,2023-01-04 23:12:31.328308,CLO,1909275.jpg,1909275,1,0,NA
1909401_1,2023-01-04 23:12:30.734562,CLO,1909401.jpg,1909401,1,0,NA
1906283_1,2023-01-04 23:12:30.140812,SHO,1906283.jpg,1906283,1,0,NA
1906322_1,2023-01-04 23:12:29.625161,SHO,1906322.jpg,1906322,1,0,NA
1907130_1,2023-01-04 23:12:29.047037,SHO,1907130.jpg,1907130,1,0,NA
1907139_1,2023-01-04 23:12:28.515769,SHO,1907139.jpg,1907139,1,0,NA
1907140_1,2023-01-04 23:12:27.922015,SHO,1907140.jpg,1907140,1,0,NA
1907176_1,2023-01-04 23:12:27.406393,SHO,1907176.jpg,1907176,1,0,NA
1907835_1,2023-01-04 23:12:26.875137,SHO,1907835.jpg,1907835,1,0,NA
1604507_1,2023-01-04 23:12:26.265738,SHO,1604507.jpg,1604507,1,0,NA
1906304_1,2023-01-04 23:12:25.765738,SHO,1906304.jpg,1906304,1,0,NA
1906305_1,2023-01-04 23:12:25.250086,SHO,1906305.jpg,1906305,1,0,NA
1906316_1,2023-01-04 23:12:24.734469,SHO,1906316.jpg,1906316,1,0,NA
1906318_1,2023-01-04 23:12:24.218838,SHO,1906318.jpg,1906318,1,0,NA
1906320_1,2023-01-04 23:12:23.640702,SHO,1906320.jpg,1906320,1,0,NA
1906326_1,2023-01-04 23:12:23.125083,SHO,1906326.jpg,1906326,1,0,NA
1906329_1,2023-01-04 23:12:22.562569,SHO,1906329.jpg,1906329,1,0,NA
1907845_1,2023-01-04 23:12:21.547090,SHO,1907845.jpg,1907845,1,0,NA
1907847_1,2023-01-04 23:12:20.937773,SHO,1907847.jpg,1907847,1,0,NA
1906331_1,2023-01-04 23:12:20.343796,SHO,1906331.jpg,1906331,1,0,NA
1906335_1,2023-01-04 23:12:19.703140,SHO,1906335.jpg,1906335,1,0,NA
1907184_1,2023-01-04 23:12:19.140724,SHO,1907184.jpg,1907184,1,0,NA
1907233_1,2023-01-04 23:12:18.609369,SHO,1907233.jpg,1907233,1,0,NA
1907842_1,2023-01-04 23:12:18.109375,SHO,1907842.jpg,1907842,1,0,NA
1906340_1,2023-01-04 23:12:17.562471,SHO,1906340.jpg,1906340,1,0,NA
1807350_1,2023-01-04 23:12:16.531225,CLO,1807350.jpg,1807350,1,0,NA
1901175_1,2023-01-04 23:12:15.874962,CLO,1901175.jpg,1901175,1,0,NA
1901244_1,2023-01-04 23:12:15.328075,CLO,1901244.jpg,1901244,1,0,NA
1902993_1,2023-01-04 23:12:14.796833,CLO,1902993.jpg,1902993,1,0,NA
1910549_1,2023-01-04 23:12:14.406180,CLO,1910549.jpg,1910549,1,0,NA
1903909_1,2023-01-04 23:12:13.765565,CLO,1903909.jpg,1903909,1,0,NA
1907376_1,2023-01-04 23:12:13.140562,CLO,1907376.jpg,1907376,1,0,NA
1908484_1,2023-01-04 23:12:12.562415,CLO,1908484.jpg,1908484,1,0,NA
1908486_1,2023-01-04 23:12:12.015557,CLO,1908486.jpg,1908486,1,0,NA
1908487_1,2023-01-04 23:12:11.437391,CLO,1908487.jpg,1908487,1,0,NA
1908485_1,2023-01-04 23:12:10.874945,CLO,1908485.jpg,1908485,1,0,NA
1908784_1,2023-01-04 23:12:10.328063,CLO,1908784.jpg,1908784,1,0,NA
1908786_1,2023-01-04 23:12:09.781113,CLO,1908786.jpg,1908786,1,0,NA
1908957_1,2023-01-04 23:12:09.202959,CLO,1908957.jpg,1908957,1,0,NA
1908958_1,2023-01-04 23:12:08.671712,CLO,1908958.jpg,1908958,1,0,NA
1908977_1,2023-01-04 23:12:08.140481,CLO,1908977.jpg,1908977,1,0,NA
1908978_1,2023-01-04 23:12:07.578002,CLO,1908978.jpg,1908978,1,0,NA
1909063_1,2023-01-04 23:12:07.015448,CLO,1909063.jpg,1909063,1,0,NA
1909112_1,2023-01-04 23:12:06.468565,CLO,1909112.jpg,1909112,1,0,NA
1909115_1,2023-01-04 23:12:05.921683,CLO,1909115.jpg,1909115,1,0,NA
1909116_1,2023-01-04 23:12:05.327989,CLO,1909116.jpg,1909116,1,0,NA
1909170_1,2023-01-04 23:12:04.796668,CLO,1909170.jpg,1909170,1,0,NA
1909212_1,2023-01-04 23:12:04.296659,CLO,1909212.jpg,1909212,1,0,NA
1909213_1,2023-01-04 23:12:03.734133,CLO,1909213.jpg,1909213,1,0,NA
1910551_1,2023-01-04 23:12:03.327892,CLO,1910551.jpg,1910551,1,0,NA
1909278_1,2023-01-04 23:12:02.702878,CLO,1909278.jpg,1909278,1,0,NA
1909309_1,2023-01-04 23:12:02.140375,CLO,1909309.jpg,1909309,1,0,NA
1909370_1,2023-01-04 23:12:01.593505,CLO,1909370.jpg,1909370,1,0,NA
1909536_1,2023-01-04 23:12:01.077865,CLO,1909536.jpg,1909536,1,0,NA
1908567_1,2023-01-04 23:12:00.515407,CLO,1908567.jpg,1908567,1,0,NA
1908612_1,2023-01-04 23:11:59.921896,CLO,1908612.jpg,1908612,1,0,NA
1908680_1,2023-01-04 23:11:59.155954,CLO,1908680.jpg,1908680,1,0,NA
1908683_1,2023-01-04 23:11:58.577827,CLO,1908683.jpg,1908683,1,0,NA
1908702_1,2023-01-04 23:11:57.968437,CLO,1908702.jpg,1908702,1,0,NA
1908777_1,2023-01-04 23:11:57.421551,CLO,1908777.jpg,1908777,1,0,NA
1908993_1,2023-01-04 23:11:56.796554,CLO,1908993.jpg,1908993,1,0,NA
1909001_1,2023-01-04 23:11:56.218408,CLO,1909001.jpg,1909001,1,0,NA
1909265_1,2023-01-04 23:11:55.655916,CLO,1909265.jpg,1909265,1,0,NA
1909624_1,2023-01-04 23:11:55.046618,CLO,1909624.jpg,1909624,1,0,NA
1908607_1,2023-01-04 23:11:54.405883,CLO,1908607.jpg,1908607,1,0,NA
1908789_1,2023-01-04 23:11:53.796499,CLO,1908789.jpg,1908789,1,0,NA
1908903_1,2023-01-04 23:11:53.265246,CLO,1908903.jpg,1908903,1,0,NA
1908995_1,2023-01-04 23:11:52.687103,CLO,1908995.jpg,1908995,1,0,NA
1908997_1,2023-01-04 23:11:52.171489,CLO,1908997.jpg,1908997,1,0,NA
1909000_1,2023-01-04 23:11:51.499649,CLO,1909000.jpg,1909000,1,0,NA
1909013_1,2023-01-04 23:11:50.859164,CLO,1909013.jpg,1909013,1,0,NA
1909046_1,2023-01-04 23:11:50.327720,CLO,1909046.jpg,1909046,1,0,NA
1909092_1,2023-01-04 23:11:49.249626,CLO,1909092.jpg,1909092,1,0,NA
1909093_1,2023-01-04 23:11:48.671448,CLO,1909093.jpg,1909093,1,0,NA
1909094_1,2023-01-04 23:11:48.093293,CLO,1909094.jpg,1909094,1,0,NA
1909095_1,2023-01-04 23:11:47.515166,CLO,1909095.jpg,1909095,1,0,NA
1909148_1,2023-01-04 23:11:46.968356,CLO,1909148.jpg,1909148,1,0,NA
1909152_1,2023-01-04 23:11:46.405767,CLO,1909152.jpg,1909152,1,0,NA
1909263_1,2023-01-04 23:11:45.858991,CLO,1909263.jpg,1909263,1,0,NA
1909271_1,2023-01-04 23:11:45.296404,CLO,1909271.jpg,1909271,1,0,NA
1909383_1,2023-01-04 23:11:44.655713,CLO,1909383.jpg,1909383,1,0,NA
1909389_1,2023-01-04 23:11:44.077608,CLO,1909389.jpg,1909389,1,0,NA
1909397_1,2023-01-04 23:11:43.468201,CLO,1909397.jpg,1909397,1,0,NA
1909407_1,2023-01-04 23:11:42.905744,CLO,1909407.jpg,1909407,1,0,NA
1909546_1,2023-01-04 23:11:42.327587,CLO,1909546.jpg,1909546,1,0,NA
1902936_1,2023-01-04 23:11:41.749441,CLO,1902936.jpg,1902936,1,0,NA
1908862_1,2023-01-04 23:11:41.233814,CLO,1908862.jpg,1908862,1,0,NA
1909122_1,2023-01-04 23:11:40.671307,CLO,1909122.jpg,1909122,1,0,NA
1909149_1,2023-01-04 23:11:40.108777,CLO,1909149.jpg,1909149,1,0,NA
1909179_1,2023-01-04 23:11:39.546286,CLO,1909179.jpg,1909179,1,0,NA
1909260_1,2023-01-04 23:11:38.983780,CLO,1909260.jpg,1909260,1,0,NA
1909262_1,2023-01-04 23:11:38.390115,CLO,1909262.jpg,1909262,1,0,NA
1909392_1,2023-01-04 23:11:37.827619,CLO,1909392.jpg,1909392,1,0,NA
1909395_1,2023-01-04 23:11:37.249380,CLO,1909395.jpg,1909395,1,0,NA
1909398_1,2023-01-04 23:11:36.671238,CLO,1909398.jpg,1909398,1,0,NA
1909402_1,2023-01-04 23:11:36.139991,CLO,1909402.jpg,1909402,1,0,NA
1909404_1,2023-01-04 23:11:35.358706,CLO,1909404.jpg,1909404,1,0,NA
1906314_1,2023-01-04 23:11:34.796211,SHO,1906314.jpg,1906314,1,0,NA
1906361_1,2023-01-04 23:11:34.171220,SHO,1906361.jpg,1906361,1,0,NA
1906871_1,2023-01-04 23:11:33.639966,SHO,1906871.jpg,1906871,1,0,NA
1906872_1,2023-01-04 23:11:32.905552,SHO,1906872.jpg,1906872,1,0,NA
1907128_1,2023-01-04 23:11:32.296200,SHO,1907128.jpg,1907128,1,0,NA
1907158_1,2023-01-04 23:11:31.749341,SHO,1907158.jpg,1907158,1,0,NA
1907174_1,2023-01-04 23:11:31.171182,SHO,1907174.jpg,1907174,1,0,NA
1907181_1,2023-01-04 23:11:30.593024,SHO,1907181.jpg,1907181,1,0,NA
1907888_1,2023-01-04 23:11:29.577384,SHO,1907888.jpg,1907888,1,0,NA
1907891_1,2023-01-04 23:11:29.077389,SHO,1907891.jpg,1907891,1,0,NA
1907892_1,2023-01-04 23:11:28.530487,SHO,1907892.jpg,1907892,1,0,NA
1907893_1,2023-01-04 23:11:27.999228,SHO,1907893.jpg,1907893,1,0,NA
1907894_1,2023-01-04 23:11:27.499234,SHO,1907894.jpg,1907894,1,0,NA
1908909_1,2023-01-04 23:11:26.967950,SHO,1908909.jpg,1908909,1,0,NA
1900394_1,2023-01-04 23:11:26.436709,ACC,1900394.jpg,1900394,1,0,NA
1905326_1,2023-01-04 23:11:25.921076,ACC,1905326.jpg,1905326,1,0,NA
1906573_1,2023-01-04 23:11:25.405505,ACC,1906573.jpg,1906573,1,0,NA
1810681_1,2023-01-04 23:11:24.827314,CLO,1810681.jpg,1810681,1,0,NA
1908542_1,2023-01-04 23:11:24.249176,CLO,1908542.jpg,1908542,1,0,NA
1908601_1,2023-01-04 23:11:23.608539,CLO,1908601.jpg,1908601,1,0,NA
1908569_1,2023-01-04 23:11:23.014800,CLO,1908569.jpg,1908569,1,0,NA
1908769_1,2023-01-04 23:11:22.452283,CLO,1908769.jpg,1908769,1,0,NA
1908818_1,2023-01-04 23:11:21.874171,CLO,1908818.jpg,1908818,1,0,NA
1908820_1,2023-01-04 23:11:21.249197,CLO,1908820.jpg,1908820,1,0,NA
1909302_1,2023-01-04 23:11:20.624140,CLO,1909302.jpg,1909302,1,0,NA
1909718_1,2023-01-04 23:11:20.077252,CLO,1909718.jpg,1909718,1,0,NA
1807326_1,2023-01-04 23:11:19.499111,CLO,1807326.jpg,1807326,1,0,NA
1902033_1,2023-01-04 23:11:18.999093,CLO,1902033.jpg,1902033,1,0,NA
1906647_1,2023-01-04 23:11:18.467968,CLO,1906647.jpg,1906647,1,0,NA
1908839_1,2023-01-04 23:11:17.874090,CLO,1908839.jpg,1908839,1,0,NA
1909106_1,2023-01-04 23:11:17.202190,CLO,1909106.jpg,1909106,1,0,NA
1909108_1,2023-01-04 23:11:16.530309,CLO,1909108.jpg,1909108,1,0,NA
1909109_1,2023-01-04 23:11:15.936552,CLO,1909109.jpg,1909109,1,0,NA
1909110_1,2023-01-04 23:11:15.374060,CLO,1909110.jpg,1909110,1,0,NA
1909118_1,2023-01-04 23:11:14.264656,CLO,1909118.jpg,1909118,1,0,NA
1909156_1,2023-01-04 23:11:13.639626,CLO,1909156.jpg,1909156,1,0,NA
1909371_1,2023-01-04 23:11:13.014639,CLO,1909371.jpg,1909371,1,0,NA
1909382_1,2023-01-04 23:08:57.637583,CLO,1909382.jpg,1909382,1,0,NA
1709235_1,2023-01-04 23:08:57.028204,CLO,1709235.jpg,1709235,1,0,NA
1805999_1,2023-01-04 23:08:56.621945,CLO,1805999.jpg,1805999,1,0,NA
2014346_2,2023-01-04 23:08:56.231411,CLO,2014346.jpg,2014346,2,0,NA
2107401_2,2023-01-04 23:08:55.856402,CLO,2107401.jpg,2107401,2,0,NA
1709355_1,2023-01-04 23:08:55.246922,CLO,1709355.jpg,1709355,1,0,NA
1710012_1,2023-01-04 23:08:54.606451,CLO,1710012.jpg,1710012,1,0,NA
1803202_1,2023-01-04 23:08:54.028279,CLO,1803202.jpg,1803202,1,0,NA
1705404_1,2023-01-04 23:08:53.434404,CLO,1705404.jpg,1705404,1,0,NA
1805894_1,2023-01-04 23:08:53.043743,CLO,1805894.jpg,1805894,1,0,NA
1805959_1,2023-01-04 23:08:52.496886,CLO,1805959.jpg,1805959,1,0,NA
1806039_1,2023-01-04 23:08:51.887493,CLO,1806039.jpg,1806039,1,0,NA
1806425_1,2023-01-04 23:08:51.262539,CLO,1806425.jpg,1806425,1,0,NA
1811375_1,2023-01-04 23:08:50.731241,CLO,1811375.jpg,1811375,1,0,NA
1811700_1,2023-01-04 23:08:50.215599,CLO,1811700.jpg,1811700,1,0,NA
1901193_1,2023-01-04 23:08:49.559335,CLO,1901193.jpg,1901193,1,0,NA
1901514_1,2023-01-04 23:08:48.949978,CLO,1901514.jpg,1901514,1,0,NA
1902492_1,2023-01-04 23:08:48.324940,CLO,1902492.jpg,1902492,1,0,NA
1811664_1,2023-01-04 23:08:47.778065,CLO,1811664.jpg,1811664,1,0,NA
1903893_1,2023-01-04 23:08:47.340531,CLO,1903893.jpg,1903893,1,0,NA
1903323_1,2023-01-04 23:08:46.637418,CLO,1903323.jpg,1903323,1,0,NA
1909165_1,2023-01-04 23:08:45.996792,CLO,1909165.jpg,1909165,1,0,NA
1909259_1,2023-01-04 23:08:45.418660,CLO,1909259.jpg,1909259,1,0,NA
1909261_1,2023-01-04 23:08:44.793660,CLO,1909261.jpg,1909261,1,0,NA
1909266_1,2023-01-04 23:08:44.215508,CLO,1909266.jpg,1909266,1,0,NA
1909270_1,2023-01-04 23:08:43.653004,CLO,1909270.jpg,1909270,1,0,NA
1909274_1,2023-01-04 23:08:43.043619,CLO,1909274.jpg,1909274,1,0,NA
1909276_1,2023-01-04 23:08:42.418607,CLO,1909276.jpg,1909276,1,0,NA
1909347_1,2023-01-04 23:08:41.777973,CLO,1909347.jpg,1909347,1,0,NA
1909369_1,2023-01-04 23:08:41.137418,CLO,1909369.jpg,1909369,1,0,NA
1909388_1,2023-01-04 23:08:40.543724,CLO,1909388.jpg,1909388,1,0,NA
1909596_1,2023-01-04 23:08:39.996669,CLO,1909596.jpg,1909596,1,0,NA
1909598_1,2023-01-04 23:08:39.402943,CLO,1909598.jpg,1909598,1,0,NA
1909872_1,2023-01-04 23:08:38.777929,CLO,1909872.jpg,1909872,1,0,NA
1909874_1,2023-01-04 23:08:38.200018,CLO,1909874.jpg,1909874,1,0,NA
1909877_1,2023-01-04 23:08:37.637242,CLO,1909877.jpg,1909877,1,0,NA
1909887_1,2023-01-04 23:08:36.934124,CLO,1909887.jpg,1909887,1,0,NA
1907311_1,2023-01-04 23:08:36.293809,CLO,1907311.jpg,1907311,1,0,NA
1907312_1,2023-01-04 23:08:35.762143,CLO,1907312.jpg,1907312,1,0,NA
1907319_1,2023-01-04 23:08:35.246500,CLO,1907319.jpg,1907319,1,0,NA
1907325_1,2023-01-04 23:08:34.668422,CLO,1907325.jpg,1907325,1,0,NA
1907327_1,2023-01-04 23:08:34.058959,CLO,1907327.jpg,1907327,1,0,NA
1907855_1,2023-01-04 23:08:33.527670,CLO,1907855.jpg,1907855,1,0,NA
1907856_1,2023-01-04 23:08:32.965293,CLO,1907856.jpg,1907856,1,0,NA
1907887_1,2023-01-04 23:08:32.324498,CLO,1907887.jpg,1907887,1,0,NA
1908363_1,2023-01-04 23:08:31.527554,CLO,1908363.jpg,1908363,1,0,NA
1908575_1,2023-01-04 23:08:31.011940,CLO,1908575.jpg,1908575,1,0,NA
1908577_1,2023-01-04 23:08:30.418231,CLO,1908577.jpg,1908577,1,0,NA
1908581_1,2023-01-04 23:08:29.824412,CLO,1908581.jpg,1908581,1,0,NA
1908582_1,2023-01-04 23:08:29.308712,CLO,1908582.jpg,1908582,1,0,NA
1908583_1,2023-01-04 23:08:28.714943,CLO,1908583.jpg,1908583,1,0,NA
1908584_1,2023-01-04 23:08:28.199309,CLO,1908584.jpg,1908584,1,0,NA
1908585_1,2023-01-04 23:08:27.621152,CLO,1908585.jpg,1908585,1,0,NA
1908593_1,2023-01-04 23:08:27.042997,CLO,1908593.jpg,1908593,1,0,NA
1908597_1,2023-01-04 23:08:26.183828,CLO,1908597.jpg,1908597,1,0,NA
1908672_1,2023-01-04 23:08:25.605439,CLO,1908672.jpg,1908672,1,0,NA
1908703_1,2023-01-04 23:08:25.074157,CLO,1908703.jpg,1908703,1,0,NA
1810733_1,2023-01-04 23:08:24.559024,ACC,1810733.jpg,1810733,1,0,NA
1906336_1,2023-01-04 23:08:23.933627,SHO,1906336.jpg,1906336,1,0,NA
1906348_1,2023-01-04 23:08:23.339689,SHO,1906348.jpg,1906348,1,0,NA
1906351_1,2023-01-04 23:08:22.824052,SHO,1906351.jpg,1906351,1,0,NA
1906358_1,2023-01-04 23:08:22.261518,SHO,1906358.jpg,1906358,1,0,NA
1906359_1,2023-01-04 23:08:21.730240,SHO,1906359.jpg,1906359,1,0,NA
1907020_1,2023-01-04 23:08:21.198989,SHO,1907020.jpg,1907020,1,0,NA
1912268_1,2023-01-04 23:08:20.777061,SHO,1912268.jpg,1912268,1,0,NA
1902225_1,2023-01-04 23:08:20.214541,ACC,1902225.jpg,1902225,1,0,NA
1906853_1,2023-01-04 23:08:19.652005,ACC,1906853.jpg,1906853,1,0,NA
1902400_1,2023-01-04 23:08:19.073876,ACC,1902400.jpg,1902400,1,0,NA
1908994_1,2023-01-04 23:08:18.495816,CLO,1908994.jpg,1908994,1,0,NA
1909183_1,2023-01-04 23:08:17.948803,CLO,1909183.jpg,1909183,1,0,NA
1909264_1,2023-01-04 23:08:17.355032,CLO,1909264.jpg,1909264,1,0,NA
1909273_1,2023-01-04 23:08:16.808122,CLO,1909273.jpg,1909273,1,0,NA
1909399_1,2023-01-04 23:08:16.214427,CLO,1909399.jpg,1909399,1,0,NA
1909662_1,2023-01-04 23:08:15.542442,CLO,1909662.jpg,1909662,1,0,NA
1803213_1,2023-01-04 23:08:14.948713,CLO,1803213.jpg,1803213,1,0,NA
1805740_1,2023-01-04 23:08:14.292380,CLO,1805740.jpg,1805740,1,0,NA
1902261_1,2023-01-04 23:08:13.698603,CLO,1902261.jpg,1902261,1,0,NA
1904095_1,2023-01-04 23:08:13.011067,CLO,1904095.jpg,1904095,1,0,NA
1908492_1,2023-01-04 23:08:12.464247,CLO,1908492.jpg,1908492,1,0,NA
1909153_1,2023-01-04 23:08:11.886041,CLO,1909153.jpg,1909153,1,0,NA
1909168_1,2023-01-04 23:08:11.308291,CLO,1909168.jpg,1909168,1,0,NA
1909376_1,2023-01-04 23:08:10.698447,CLO,1909376.jpg,1909376,1,0,NA
1909400_1,2023-01-04 23:08:09.979702,CLO,1909400.jpg,1909400,1,0,NA
1909406_1,2023-01-04 23:08:09.401523,CLO,1909406.jpg,1909406,1,0,NA
1911323_1,2023-01-04 23:08:09.011023,CLO,1911323.jpg,1911323,1,0,NA
1909408_1,2023-01-04 23:08:08.432735,CLO,1909408.jpg,1909408,1,0,NA
1906384_1,2023-01-04 23:08:07.839055,SHO,1906384.jpg,1906384,1,0,NA
1907246_1,2023-01-04 23:08:07.260827,SHO,1907246.jpg,1907246,1,0,NA
1907248_1,2023-01-04 23:08:06.745157,SHO,1907248.jpg,1907248,1,0,NA
1907851_1,2023-01-04 23:08:06.151370,SHO,1907851.jpg,1907851,1,0,NA
1909053_1,2023-01-04 23:08:05.541962,SHO,1909053.jpg,1909053,1,0,NA
1907146_1,2023-01-04 23:08:04.979522,SHO,1907146.jpg,1907146,1,0,NA
1801996_1,2023-01-04 23:08:04.432553,CLO,1801996.jpg,1801996,1,0,NA
1812336_1,2023-01-04 23:08:03.823143,CLO,1812336.jpg,1812336,1,0,NA
1903966_1,2023-01-04 23:08:03.198101,CLO,1903966.jpg,1903966,1,0,NA
1903967_1,2023-01-04 23:08:02.635808,CLO,1903967.jpg,1903967,1,0,NA
1903968_1,2023-01-04 23:08:02.088768,CLO,1903968.jpg,1903968,1,0,NA
1903969_1,2023-01-04 23:08:01.494900,CLO,1903969.jpg,1903969,1,0,NA
1903970_1,2023-01-04 23:08:00.901129,CLO,1903970.jpg,1903970,1,0,NA
1907810_1,2023-01-04 23:08:00.338701,CLO,1907810.jpg,1907810,1,0,NA
1908608_1,2023-01-04 23:07:59.744816,CLO,1908608.jpg,1908608,1,0,NA
1908609_1,2023-01-04 23:07:59.104165,CLO,1908609.jpg,1908609,1,0,NA
1908811_1,2023-01-04 23:07:58.510383,CLO,1908811.jpg,1908811,1,0,NA
1908959_1,2023-01-04 23:07:57.947860,CLO,1908959.jpg,1908959,1,0,NA
1909031_1,2023-01-04 23:07:57.385334,CLO,1909031.jpg,1909031,1,0,NA
1909366_1,2023-01-04 23:07:56.807176,CLO,1909366.jpg,1909366,1,0,NA
1909387_1,2023-01-04 23:07:55.682125,CLO,1909387.jpg,1909387,1,0,NA
1909410_1,2023-01-04 23:07:55.088357,CLO,1909410.jpg,1909410,1,0,NA
1909478_1,2023-01-04 23:07:54.416443,CLO,1909478.jpg,1909478,1,0,NA
1909481_1,2023-01-04 23:07:53.822655,CLO,1909481.jpg,1909481,1,0,NA
1910057_1,2023-01-04 23:07:53.244519,CLO,1910057.jpg,1910057,1,0,NA
1910093_1,2023-01-04 23:07:52.619553,CLO,1910093.jpg,1910093,1,0,NA
1910098_1,2023-01-04 23:07:52.041348,CLO,1910098.jpg,1910098,1,0,NA
1910167_1,2023-01-04 23:07:51.556925,CLO,1910167.jpg,1910167,1,0,NA
1909566_1,2023-01-04 23:07:50.978782,CLO,1909566.jpg,1909566,1,0,NA
1909586_1,2023-01-04 23:07:50.416246,CLO,1909586.jpg,1909586,1,0,NA
1909588_1,2023-01-04 23:07:49.838088,CLO,1909588.jpg,1909588,1,0,NA
1909607_1,2023-01-04 23:07:49.228696,CLO,1909607.jpg,1909607,1,0,NA
1909631_1,2023-01-04 23:07:48.572410,CLO,1909631.jpg,1909631,1,0,NA
1909633_1,2023-01-04 23:07:47.994263,CLO,1909633.jpg,1909633,1,0,NA
1909659_1,2023-01-04 23:07:47.431825,CLO,1909659.jpg,1909659,1,0,NA
1909684_1,2023-01-04 23:07:46.791075,CLO,1909684.jpg,1909684,1,0,NA
1909695_1,2023-01-04 23:07:46.166065,CLO,1909695.jpg,1909695,1,0,NA
1909890_1,2023-01-04 23:07:45.603518,CLO,1909890.jpg,1909890,1,0,NA
1909964_1,2023-01-04 23:07:45.056621,CLO,1909964.jpg,1909964,1,0,NA
1909999_1,2023-01-04 23:07:44.478477,CLO,1909999.jpg,1909999,1,0,NA
1906311_1,2023-01-04 23:07:43.853421,SHO,1906311.jpg,1906311,1,0,NA
1906349_1,2023-01-04 23:07:43.322183,SHO,1906349.jpg,1906349,1,0,NA
1906352_1,2023-01-04 23:07:42.744107,SHO,1906352.jpg,1906352,1,0,NA
1906382_1,2023-01-04 23:07:42.213668,SHO,1906382.jpg,1906382,1,0,NA
1906385_1,2023-01-04 23:07:41.665834,SHO,1906385.jpg,1906385,1,0,NA
1908783_1,2023-01-04 23:07:41.150182,CLO,1908783.jpg,1908783,1,0,NA
1907808_1,2023-01-04 23:07:40.509529,CLO,1907808.jpg,1907808,1,0,NA
1908990_1,2023-01-04 23:07:39.947002,CLO,1908990.jpg,1908990,1,0,NA
1911736_1,2023-01-04 23:07:39.353280,CLO,1911736.jpg,1911736,1,0,NA
1908996_1,2023-01-04 23:07:38.978188,CLO,1908996.jpg,1908996,1,0,NA
1909117_1,2023-01-04 23:07:38.337552,CLO,1909117.jpg,1909117,1,0,NA
1909119_1,2023-01-04 23:07:37.759488,CLO,1909119.jpg,1909119,1,0,NA
1909304_1,2023-01-04 23:07:37.197091,CLO,1909304.jpg,1909304,1,0,NA
1909317_1,2023-01-04 23:07:36.618902,CLO,1909317.jpg,1909317,1,0,NA
1909466_1,2023-01-04 23:07:36.071825,CLO,1909466.jpg,1909466,1,0,NA
1909474_1,2023-01-04 23:07:35.509294,CLO,1909474.jpg,1909474,1,0,NA
1909484_1,2023-01-04 23:07:34.931137,CLO,1909484.jpg,1909484,1,0,NA
1909547_1,2023-01-04 23:07:34.384253,CLO,1909547.jpg,1909547,1,0,NA
1909564_1,2023-01-04 23:07:33.696712,CLO,1909564.jpg,1909564,1,0,NA
1909649_1,2023-01-04 23:07:33.071679,CLO,1909649.jpg,1909649,1,0,NA
1909682_1,2023-01-04 23:07:32.509165,CLO,1909682.jpg,1909682,1,0,NA
1909692_1,2023-01-04 23:07:31.790365,CLO,1909692.jpg,1909692,1,0,NA
1909925_1,2023-01-04 23:07:31.212210,CLO,1909925.jpg,1909925,1,0,NA
1910020_1,2023-01-04 23:07:30.665555,CLO,1910020.jpg,1910020,1,0,NA
1910058_1,2023-01-04 23:07:30.087178,CLO,1910058.jpg,1910058,1,0,NA
1910118_1,2023-01-04 23:07:29.446526,CLO,1910118.jpg,1910118,1,0,NA
1910201_1,2023-01-04 23:07:28.899608,CLO,1910201.jpg,1910201,1,0,NA
1910204_1,2023-01-04 23:07:28.274819,CLO,1910204.jpg,1910204,1,0,NA
1910205_1,2023-01-04 23:07:27.712448,CLO,1910205.jpg,1910205,1,0,NA
1910206_1,2023-01-04 23:07:27.133912,CLO,1910206.jpg,1910206,1,0,NA
1909915_1,2023-01-04 23:07:26.555753,CLO,1909915.jpg,1909915,1,0,NA
1912704_1,2023-01-04 23:07:26.180744,CLO,1912704.jpg,1912704,1,0,NA
1909947_1,2023-01-04 23:07:25.540077,CLO,1909947.jpg,1909947,1,0,NA
1909952_1,2023-01-04 23:07:24.883781,CLO,1909952.jpg,1909952,1,0,NA
1909959_1,2023-01-04 23:07:24.305655,CLO,1909959.jpg,1909959,1,0,NA
1910008_1,2023-01-04 23:07:23.602476,CLO,1910008.jpg,1910008,1,0,NA
1910013_1,2023-01-04 23:07:23.024423,CLO,1910013.jpg,1910013,1,0,NA
1910017_1,2023-01-04 23:07:22.446177,CLO,1910017.jpg,1910017,1,0,NA
1910018_1,2023-01-04 23:07:21.852420,CLO,1910018.jpg,1910018,1,0,NA
1805168_1,2023-01-04 23:07:21.274378,CLO,1805168.jpg,1805168,1,0,NA
1908664_1,2023-01-04 23:07:20.649218,CLO,1908664.jpg,1908664,1,0,NA
1908986_1,2023-01-04 23:07:19.961724,CLO,1908986.jpg,1908986,1,0,NA
1909033_1,2023-01-04 23:07:19.430409,CLO,1909033.jpg,1909033,1,0,NA
1909078_1,2023-01-04 23:07:18.852847,CLO,1909078.jpg,1909078,1,0,NA
1909335_1,2023-01-04 23:07:18.242863,CLO,1909335.jpg,1909335,1,0,NA
1909372_1,2023-01-04 23:07:17.617815,CLO,1909372.jpg,1909372,1,0,NA
1909472_1,2023-01-04 23:07:17.086813,CLO,1909472.jpg,1909472,1,0,NA
1909490_1,2023-01-04 23:07:16.180272,CLO,1909490.jpg,1909490,1,0,NA
1909544_1,2023-01-04 23:07:15.648982,CLO,1909544.jpg,1909544,1,0,NA
1909568_1,2023-01-04 23:07:15.070824,CLO,1909568.jpg,1909568,1,0,NA
1909590_1,2023-01-04 23:07:14.523980,CLO,1909590.jpg,1909590,1,0,NA
1909891_1,2023-01-04 23:07:13.992647,CLO,1909891.jpg,1909891,1,0,NA
1906058_1,2023-01-04 23:07:13.383263,ACC,1906058.jpg,1906058,1,0,NA
1908149_1,2023-01-04 23:07:12.820723,CLO,1908149.jpg,1908149,1,0,NA
1908151_1,2023-01-04 23:07:12.291203,CLO,1908151.jpg,1908151,1,0,NA
1908153_1,2023-01-04 23:07:11.742555,CLO,1908153.jpg,1908153,1,0,NA
1908819_1,2023-01-04 23:07:11.180099,CLO,1908819.jpg,1908819,1,0,NA
1908821_1,2023-01-04 23:07:10.602077,CLO,1908821.jpg,1908821,1,0,NA
1909026_1,2023-01-04 23:07:10.023853,CLO,1909026.jpg,1909026,1,0,NA
1909027_1,2023-01-04 23:07:09.508140,CLO,1909027.jpg,1909027,1,0,NA
1909597_1,2023-01-04 23:07:08.976869,CLO,1909597.jpg,1909597,1,0,NA
1909712_1,2023-01-04 23:07:08.461224,CLO,1909712.jpg,1909712,1,0,NA
1908885_1,2023-01-04 23:07:07.851996,CLO,1908885.jpg,1908885,1,0,NA
1909373_1,2023-01-04 23:07:07.289419,CLO,1909373.jpg,1909373,1,0,NA
1909379_1,2023-01-04 23:07:06.696137,CLO,1909379.jpg,1909379,1,0,NA
1909391_1,2023-01-04 23:07:05.962059,CLO,1909391.jpg,1909391,1,0,NA
1909396_1,2023-01-04 23:07:05.382969,CLO,1909396.jpg,1909396,1,0,NA
1909403_1,2023-01-04 23:07:04.789083,CLO,1909403.jpg,1909403,1,0,NA
1909492_1,2023-01-04 23:07:04.210956,CLO,1909492.jpg,1909492,1,0,NA
1909600_1,2023-01-04 23:07:03.462167,CLO,1909600.jpg,1909600,1,0,NA
1909641_1,2023-01-04 23:07:02.804654,CLO,1909641.jpg,1909641,1,0,NA
1909660_1,2023-01-04 23:07:02.210854,CLO,1909660.jpg,1909660,1,0,NA
1911801_1,2023-01-04 23:07:01.540231,CLO,1911801.jpg,1911801,1,0,NA
1909681_1,2023-01-04 23:07:01.163932,CLO,1909681.jpg,1909681,1,0,NA
1909683_1,2023-01-04 23:07:00.601391,CLO,1909683.jpg,1909683,1,0,NA
1909893_1,2023-01-04 23:06:59.992004,CLO,1909893.jpg,1909893,1,0,NA
1909955_1,2023-01-04 23:06:59.413837,CLO,1909955.jpg,1909955,1,0,NA
1910011_1,2023-01-04 23:06:58.835683,CLO,1910011.jpg,1910011,1,0,NA
1910053_1,2023-01-04 23:06:58.226493,CLO,1910053.jpg,1910053,1,0,NA
1912494_1,2023-01-04 23:06:57.572503,CLO,1912494.jpg,1912494,1,0,NA
2001487_2,2023-01-04 23:06:57.023347,CLO,2001487.jpg,2001487,2,0,NA
2001485_2,2023-01-04 23:06:56.476215,CLO,2001485.jpg,2001485,2,0,NA
2001328_2,2023-01-04 23:06:55.882778,CLO,2001328.jpg,2001328,2,0,NA
2001744_2,2023-01-04 23:06:55.289122,CLO,2001744.jpg,2001744,2,0,NA
2001556_2,2023-01-04 23:06:54.913627,CLO,2001556.jpg,2001556,2,0,NA
1910769_1,2023-01-04 23:06:54.351086,CLO,1910769.jpg,1910769,1,0,NA
2002210_2,2023-01-04 23:06:53.788634,CLO,2002210.jpg,2002210,2,0,NA
2002168_2,2023-01-04 23:06:53.272949,CLO,2002168.jpg,2002168,2,0,NA
2002424_2,2023-01-04 23:06:52.632266,CLO,2002424.jpg,2002424,2,0,NA
2002484_2,2023-01-04 23:06:52.116671,CLO,2002484.jpg,2002484,2,0,NA
2002441_2,2023-01-04 23:06:51.554076,CLO,2002441.jpg,2002441,2,0,NA
2002486_2,2023-01-04 23:06:51.022893,CLO,2002486.jpg,2002486,2,0,NA
2002501_2,2023-01-04 23:06:49.913471,CLO,2002501.jpg,2002501,2,0,NA
2002583_2,2023-01-04 23:06:49.413356,CLO,2002583.jpg,2002583,2,0,NA
2002516_2,2023-01-04 23:06:48.866454,CLO,2002516.jpg,2002516,2,0,NA
2002601_2,2023-01-04 23:06:48.350793,CLO,2002601.jpg,2002601,2,0,NA
2002622_2,2023-01-04 23:06:47.835314,CLO,2002622.jpg,2002622,2,0,NA
2002726_2,2023-01-04 23:06:47.335291,CLO,2002726.jpg,2002726,2,0,NA
2002885_2,2023-01-04 23:06:46.788292,CLO,2002885.jpg,2002885,2,0,NA
2002830_2,2023-01-04 23:06:46.272602,CLO,2002830.jpg,2002830,2,0,NA
2002889_2,2023-01-04 23:06:45.694446,CLO,2002889.jpg,2002889,2,0,NA
2005210_2,2023-01-04 23:06:45.178791,CLO,2005210.jpg,2005210,2,0,NA
2002894_2,2023-01-04 23:06:44.788136,CLO,2002894.jpg,2002894,2,0,NA
2003002_2,2023-01-04 23:06:44.241236,CLO,2003002.jpg,2003002,2,0,NA
2003014_2,2023-01-04 23:06:43.725593,CLO,2003014.jpg,2003014,2,0,NA
2003104_2,2023-01-04 23:06:43.163093,CLO,2003104.jpg,2003104,2,0,NA
2000136_2,2023-01-04 23:06:42.553653,CLO,2000136.jpg,2000136,2,0,NA
1912973_1,2023-01-04 23:06:42.006821,CLO,1912973.jpg,1912973,1,0,NA
2000766_2,2023-01-04 23:06:41.475503,CLO,2000766.jpg,2000766,2,0,NA
2000769_2,2023-01-04 23:06:40.928577,CLO,2000769.jpg,2000769,2,0,NA
2001332_2,2023-01-04 23:06:40.397342,CLO,2001332.jpg,2001332,2,0,NA
2001922_2,2023-01-04 23:06:39.850403,CLO,2001922.jpg,2001922,2,0,NA
2001698_2,2023-01-04 23:06:39.225388,CLO,2001698.jpg,2001698,2,0,NA
2001590_2,2023-01-04 23:06:38.694100,CLO,2001590.jpg,2001590,2,0,NA
2002305_2,2023-01-04 23:06:38.163439,CLO,2002305.jpg,2002305,2,0,NA
2002525_2,2023-01-04 23:06:37.647221,CLO,2002525.jpg,2002525,2,0,NA
2002421_2,2023-01-04 23:06:37.069023,CLO,2002421.jpg,2002421,2,0,NA
2003107_2,2023-01-04 23:06:36.553377,CLO,2003107.jpg,2003107,2,0,NA
2003188_2,2023-01-04 23:06:36.022112,CLO,2003188.jpg,2003188,2,0,NA
2003123_2,2023-01-04 23:06:35.443961,CLO,2003123.jpg,2003123,2,0,NA
2107582_2,2023-01-04 23:06:34.897040,CLO,2107582.jpg,2107582,2,0,NA
2102351_2,2023-01-04 23:06:34.522069,CLO,2102351.jpg,2102351,2,0,NA
2003190_2,2023-01-04 23:06:34.068891,CLO,2003190.jpg,2003190,2,0,NA
2003128_2,2023-01-04 23:06:33.475118,CLO,2003128.jpg,2003128,2,0,NA
2003193_2,2023-01-04 23:06:32.943833,CLO,2003193.jpg,2003193,2,0,NA
2003192_2,2023-01-04 23:06:32.334466,CLO,2003192.jpg,2003192,2,0,NA
2003294_2,2023-01-04 23:06:31.834398,CLO,2003294.jpg,2003294,2,0,NA
2001481_2,2023-01-04 23:06:31.224994,CLO,2001481.jpg,2001481,2,0,NA
2001478_2,2023-01-04 23:06:30.834356,CLO,2001478.jpg,2001478,2,0,NA
1912727_1,2023-01-04 23:06:30.443858,CLO,1912727.jpg,1912727,1,0,NA
2001585_2,2023-01-04 23:06:29.912429,CLO,2001585.jpg,2001585,2,0,NA
2002403_2,2023-01-04 23:06:29.349896,CLO,2002403.jpg,2002403,2,0,NA
2002781_2,2023-01-04 23:06:28.803006,CLO,2002781.jpg,2002781,2,0,NA
2003424_2,2023-01-04 23:06:28.240790,CLO,2003424.jpg,2003424,2,0,NA
2003670_2,2023-01-04 23:06:27.662325,CLO,2003670.jpg,2003670,2,0,NA
2003768_2,2023-01-04 23:06:27.146683,CLO,2003768.jpg,2003768,2,0,NA
2003808_2,2023-01-04 23:06:26.443521,CLO,2003808.jpg,2003808,2,0,NA
2003794_2,2023-01-04 23:06:25.880997,CLO,2003794.jpg,2003794,2,0,NA
2003867_2,2023-01-04 23:06:25.365349,CLO,2003867.jpg,2003867,2,0,NA
2003878_2,2023-01-04 23:06:24.771569,CLO,2003878.jpg,2003878,2,0,NA
2004078_2,2023-01-04 23:06:24.271617,CLO,2004078.jpg,2004078,2,0,NA
2004392_2,2023-01-04 23:06:23.755890,CLO,2004392.jpg,2004392,2,0,NA
2004406_2,2023-01-04 23:06:23.240245,CLO,2004406.jpg,2004406,2,0,NA
1912894_1,2023-01-04 23:06:22.740594,CLO,1912894.jpg,1912894,1,0,NA
1913010_1,2023-01-04 23:06:22.083952,CLO,1913010.jpg,1913010,1,0,NA
1913092_1,2023-01-04 23:06:21.568303,CLO,1913092.jpg,1913092,1,0,NA
1913130_1,2023-01-04 23:06:21.068279,CLO,1913130.jpg,1913130,1,0,NA
2001538_2,2023-01-04 23:06:20.505741,CLO,2001538.jpg,2001538,2,0,NA
2001412_2,2023-01-04 23:06:19.943227,CLO,2001412.jpg,2001412,2,0,NA
2001545_2,2023-01-04 23:06:19.411973,CLO,2001545.jpg,2001545,2,0,NA
2001563_2,2023-01-04 23:06:18.880661,CLO,2001563.jpg,2001563,2,0,NA
2001944_2,2023-01-04 23:06:18.333766,CLO,2001944.jpg,2001944,2,0,NA
2002560_2,2023-01-04 23:06:17.755606,CLO,2002560.jpg,2002560,2,0,NA
2002260_2,2023-01-04 23:06:17.208814,CLO,2002260.jpg,2002260,2,0,NA
2003135_2,2023-01-04 23:06:16.708703,CLO,2003135.jpg,2003135,2,0,NA
2003103_2,2023-01-04 23:06:16.161813,CLO,2003103.jpg,2003103,2,0,NA
2003379_2,2023-01-04 23:06:15.630503,CLO,2003379.jpg,2003379,2,0,NA
2003317_2,2023-01-04 23:06:15.130496,CLO,2003317.jpg,2003317,2,0,NA
2003390_2,2023-01-04 23:06:14.583687,CLO,2003390.jpg,2003390,2,0,NA
2003391_2,2023-01-04 23:06:14.067944,CLO,2003391.jpg,2003391,2,0,NA
2003380_2,2023-01-04 23:06:13.521043,CLO,2003380.jpg,2003380,2,0,NA
2003395_2,2023-01-04 23:06:13.005409,CLO,2003395.jpg,2003395,2,0,NA
2003396_2,2023-01-04 23:06:12.427232,CLO,2003396.jpg,2003396,2,0,NA
2003507_2,2023-01-04 23:06:11.833468,CLO,2003507.jpg,2003507,2,0,NA
2003490_2,2023-01-04 23:06:11.286554,CLO,2003490.jpg,2003490,2,0,NA
2003508_2,2023-01-04 23:06:10.708400,CLO,2003508.jpg,2003508,2,0,NA
2003510_2,2023-01-04 23:06:10.177122,CLO,2003510.jpg,2003510,2,0,NA
2003519_2,2023-01-04 23:06:09.645852,CLO,2003519.jpg,2003519,2,0,NA
2003641_2,2023-01-04 23:06:09.130273,CLO,2003641.jpg,2003641,2,0,NA
2003637_2,2023-01-04 23:06:08.630172,CLO,2003637.jpg,2003637,2,0,NA
2003633_2,2023-01-04 23:06:08.083275,CLO,2003633.jpg,2003633,2,0,NA
2003642_2,2023-01-04 23:06:07.567622,CLO,2003642.jpg,2003642,2,0,NA
2003644_2,2023-01-04 23:06:07.020873,CLO,2003644.jpg,2003644,2,0,NA
2003668_2,2023-01-04 23:06:06.505074,CLO,2003668.jpg,2003668,2,0,NA
2003718_2,2023-01-04 23:06:05.864428,CLO,2003718.jpg,2003718,2,0,NA
2003673_2,2023-01-04 23:06:05.333155,CLO,2003673.jpg,2003673,2,0,NA
2003776_2,2023-01-04 23:06:04.817497,CLO,2003776.jpg,2003776,2,0,NA
2003737_2,2023-01-04 23:06:04.036224,CLO,2003737.jpg,2003737,2,0,NA
2003796_2,2023-01-04 23:06:03.504943,CLO,2003796.jpg,2003796,2,0,NA
2003822_2,2023-01-04 23:06:02.958031,CLO,2003822.jpg,2003822,2,0,NA
2003798_2,2023-01-04 23:06:02.254893,CLO,2003798.jpg,2003798,2,0,NA
2003861_2,2023-01-04 23:06:01.661106,CLO,2003861.jpg,2003861,2,0,NA
2003826_2,2023-01-04 23:06:01.114190,CLO,2003826.jpg,2003826,2,0,NA
2003972_2,2023-01-04 23:06:00.598541,CLO,2003972.jpg,2003972,2,0,NA
2003918_2,2023-01-04 23:06:00.036035,CLO,2003918.jpg,2003918,2,0,NA
2003993_2,2023-01-04 23:05:59.504808,CLO,2003993.jpg,2003993,2,0,NA
2004039_2,2023-01-04 23:05:58.848452,CLO,2004039.jpg,2004039,2,0,NA
2004108_2,2023-01-04 23:05:58.254730,CLO,2004108.jpg,2004108,2,0,NA
2004295_2,2023-01-04 23:05:57.739033,CLO,2004295.jpg,2004295,2,0,NA
2004046_2,2023-01-04 23:05:57.162656,CLO,2004046.jpg,2004046,2,0,NA
2004301_2,2023-01-04 23:05:56.551474,CLO,2004301.jpg,2004301,2,0,NA
2004319_2,2023-01-04 23:05:56.004561,CLO,2004319.jpg,2004319,2,0,NA
2004320_2,2023-01-04 23:05:55.457676,CLO,2004320.jpg,2004320,2,0,NA
2004337_2,2023-01-04 23:05:54.926414,CLO,2004337.jpg,2004337,2,0,NA
2004348_2,2023-01-04 23:05:54.363877,CLO,2004348.jpg,2004348,2,0,NA
2004354_2,2023-01-04 23:05:53.832603,CLO,2004354.jpg,2004354,2,0,NA
2004359_2,2023-01-04 23:05:53.301320,CLO,2004359.jpg,2004359,2,0,NA
2004370_2,2023-01-04 23:05:52.738796,CLO,2004370.jpg,2004370,2,0,NA
2004368_2,2023-01-04 23:05:52.223169,CLO,2004368.jpg,2004368,2,0,NA
2004377_2,2023-01-04 23:05:51.676253,CLO,2004377.jpg,2004377,2,0,NA
2004378_2,2023-01-04 23:05:51.066845,CLO,2004378.jpg,2004378,2,0,NA
2004488_2,2023-01-04 23:05:50.488689,CLO,2004488.jpg,2004488,2,0,NA
2004420_2,2023-01-04 23:05:49.957566,CLO,2004420.jpg,2004420,2,0,NA
2004513_2,2023-01-04 23:05:49.394891,CLO,2004513.jpg,2004513,2,0,NA
2004514_2,2023-01-04 23:05:48.847975,CLO,2004514.jpg,2004514,2,0,NA
2004626_2,2023-01-04 23:05:48.285468,CLO,2004626.jpg,2004626,2,0,NA
2004629_2,2023-01-04 23:05:47.738558,CLO,2004629.jpg,2004629,2,0,NA
2004979_2,2023-01-04 23:05:47.191665,CLO,2004979.jpg,2004979,2,0,NA
2004984_2,2023-01-04 23:05:46.644770,CLO,2004984.jpg,2004984,2,0,NA
2004987_2,2023-01-04 23:05:46.113480,CLO,2004987.jpg,2004987,2,0,NA
1912937_1,2023-01-04 23:05:45.550955,CLO,1912937.jpg,1912937,1,0,NA
2000051_2,2023-01-04 23:05:45.144686,CLO,2000051.jpg,2000051,2,0,NA
1910683_1,2023-01-04 23:05:44.597896,CLO,1910683.jpg,1910683,1,0,NA
2000149_2,2023-01-04 23:05:44.097763,CLO,2000149.jpg,2000149,2,0,NA
2000052_2,2023-01-04 23:05:43.535255,CLO,2000052.jpg,2000052,2,0,NA
2000883_2,2023-01-04 23:05:43.003977,CLO,2000883.jpg,2000883,2,0,NA
2000915_2,2023-01-04 23:05:42.472673,CLO,2000915.jpg,2000915,2,0,NA
2000645_2,2023-01-04 23:05:41.925797,CLO,2000645.jpg,2000645,2,0,NA
2001261_2,2023-01-04 23:05:41.394522,CLO,2001261.jpg,2001261,2,0,NA
2001357_2,2023-01-04 23:05:40.581969,CLO,2001357.jpg,2001357,2,0,NA
2001469_2,2023-01-04 23:05:40.050681,CLO,2001469.jpg,2001469,2,0,NA
2001484_2,2023-01-04 23:05:39.488170,CLO,2001484.jpg,2001484,2,0,NA
2001470_2,2023-01-04 23:05:38.956882,CLO,2001470.jpg,2001470,2,0,NA
2001480_2,2023-01-04 23:05:38.394452,CLO,2001480.jpg,2001480,2,0,NA
2001561_2,2023-01-04 23:05:37.863101,CLO,2001561.jpg,2001561,2,0,NA
2001767_2,2023-01-04 23:05:37.284942,CLO,2001767.jpg,2001767,2,0,NA
2001907_2,2023-01-04 23:05:36.722411,CLO,2001907.jpg,2001907,2,0,NA
2001773_2,2023-01-04 23:05:36.206763,CLO,2001773.jpg,2001773,2,0,NA
2002047_2,2023-01-04 23:05:35.675489,CLO,2002047.jpg,2002047,2,0,NA
2002048_2,2023-01-04 23:05:35.144223,CLO,2002048.jpg,2002048,2,0,NA
2002049_2,2023-01-04 23:05:34.628564,CLO,2002049.jpg,2002049,2,0,NA
2002050_2,2023-01-04 23:05:34.112901,CLO,2002050.jpg,2002050,2,0,NA
2003122_2,2023-01-04 23:05:33.722272,CLO,2003122.jpg,2003122,2,0,NA
2002051_2,2023-01-04 23:05:33.144121,CLO,2002051.jpg,2002051,2,0,NA
2003030_2,2023-01-04 23:05:32.769111,CLO,2003030.jpg,2003030,2,0,NA
2002052_2,2023-01-04 23:05:32.222218,CLO,2002052.jpg,2002052,2,0,NA
2002140_2,2023-01-04 23:05:31.659678,CLO,2002140.jpg,2002140,2,0,NA
2002150_2,2023-01-04 23:05:31.065895,CLO,2002150.jpg,2002150,2,0,NA
2002157_2,2023-01-04 23:05:30.487747,CLO,2002157.jpg,2002157,2,0,NA
2002153_2,2023-01-04 23:05:29.925225,CLO,2002153.jpg,2002153,2,0,NA
2002309_2,2023-01-04 23:05:29.331447,CLO,2002309.jpg,2002309,2,0,NA
2002251_2,2023-01-04 23:05:28.800173,CLO,2002251.jpg,2002251,2,0,NA
2000140_2,2023-01-04 23:05:28.237636,CLO,2000140.jpg,2000140,2,0,NA
2001587_2,2023-01-04 23:05:27.534493,CLO,2001587.jpg,2001587,2,0,NA
2001671_2,2023-01-04 23:05:26.971933,CLO,2001671.jpg,2001671,2,0,NA
2001910_2,2023-01-04 23:05:26.440682,CLO,2001910.jpg,2001910,2,0,NA
2001904_2,2023-01-04 23:05:25.893778,CLO,2001904.jpg,2001904,2,0,NA
2003605_2,2023-01-04 23:05:25.362517,CLO,2003605.jpg,2003605,2,0,NA
2002108_2,2023-01-04 23:05:24.940613,CLO,2002108.jpg,2002108,2,0,NA
2002119_2,2023-01-04 23:05:24.393708,CLO,2002119.jpg,2002119,2,0,NA
2002109_2,2023-01-04 23:05:23.846789,CLO,2002109.jpg,2002109,2,0,NA
2002221_2,2023-01-04 23:05:23.331263,CLO,2002221.jpg,2002221,2,0,NA
2002245_2,2023-01-04 23:05:22.674890,CLO,2002245.jpg,2002245,2,0,NA
2001586_2,2023-01-04 23:05:22.112344,CLO,2001586.jpg,2001586,2,0,NA
2001769_2,2023-01-04 23:05:21.612336,CLO,2001769.jpg,2001769,2,0,NA
2001662_2,2023-01-04 23:05:21.096689,CLO,2001662.jpg,2001662,2,0,NA
2001852_2,2023-01-04 23:05:20.565393,CLO,2001852.jpg,2001852,2,0,NA
2001868_2,2023-01-04 23:05:19.909113,CLO,2001868.jpg,2001868,2,0,NA
2001926_2,2023-01-04 23:05:19.315340,CLO,2001926.jpg,2001926,2,0,NA
2001933_2,2023-01-04 23:05:18.877821,CLO,2001933.jpg,2001933,2,0,NA
2003781_2,2023-01-04 23:05:18.377790,CLO,2003781.jpg,2003781,2,0,NA
2001956_2,2023-01-04 23:05:17.862148,CLO,2001956.jpg,2001956,2,0,NA
2001988_2,2023-01-04 23:05:17.315241,CLO,2001988.jpg,2001988,2,0,NA
2002102_2,2023-01-04 23:05:16.768356,CLO,2002102.jpg,2002102,2,0,NA
2002046_2,2023-01-04 23:05:16.143300,CLO,2002046.jpg,2002046,2,0,NA
2002105_2,2023-01-04 23:05:15.612052,CLO,2002105.jpg,2002105,2,0,NA
2002104_2,2023-01-04 23:05:15.096394,CLO,2002104.jpg,2002104,2,0,NA
2002204_2,2023-01-04 23:05:14.580751,CLO,2002204.jpg,2002204,2,0,NA
1911376_1,2023-01-04 23:05:14.018220,CLO,1911376.jpg,1911376,1,0,NA
1909457_1,2023-01-04 23:05:13.502582,CLO,1909457.jpg,1909457,1,0,NA
1912289_1,2023-01-04 23:05:12.940105,CLO,1912289.jpg,1912289,1,0,NA
1912774_1,2023-01-04 23:05:12.408747,CLO,1912774.jpg,1912774,1,0,NA
1912362_1,2023-01-04 23:05:11.861860,CLO,1912362.jpg,1912362,1,0,NA
2000080_2,2023-01-04 23:05:11.361835,CLO,2000080.jpg,2000080,2,0,NA
2000082_2,2023-01-04 23:05:10.830577,CLO,2000082.jpg,2000082,2,0,NA
2000094_2,2023-01-04 23:05:10.299381,CLO,2000094.jpg,2000094,2,0,NA
2000084_2,2023-01-04 23:05:09.736812,CLO,2000084.jpg,2000084,2,0,NA
2000100_2,2023-01-04 23:05:09.221109,CLO,2000100.jpg,2000100,2,0,NA
2000159_2,2023-01-04 23:05:08.689844,CLO,2000159.jpg,2000159,2,0,NA
2002053_2,2023-01-04 23:05:07.908561,CLO,2002053.jpg,2002053,2,0,NA
2002256_2,2023-01-04 23:05:07.221017,CLO,2002256.jpg,2002256,2,0,NA
2000924_2,2023-01-04 23:05:06.658620,CLO,2000924.jpg,2000924,2,0,NA
2001119_2,2023-01-04 23:05:06.158478,CLO,2001119.jpg,2001119,2,0,NA
2001254_2,2023-01-04 23:05:05.627191,CLO,2001254.jpg,2001254,2,0,NA
2001315_2,2023-01-04 23:05:05.080287,CLO,2001315.jpg,2001315,2,0,NA
2001255_2,2023-01-04 23:05:04.564636,CLO,2001255.jpg,2001255,2,0,NA
2001304_2,2023-01-04 23:05:04.033376,CLO,2001304.jpg,2001304,2,0,NA
2001316_2,2023-01-04 23:05:03.502087,CLO,2001316.jpg,2001316,2,0,NA
2001472_2,2023-01-04 23:05:02.970832,CLO,2001472.jpg,2001472,2,0,NA
2001323_2,2023-01-04 23:05:02.439549,CLO,2001323.jpg,2001323,2,0,NA
2001578_2,2023-01-04 23:05:01.892640,CLO,2001578.jpg,2001578,2,0,NA
2001617_2,2023-01-04 23:05:01.345733,CLO,2001617.jpg,2001617,2,0,NA
2001663_2,2023-01-04 23:05:00.845703,CLO,2001663.jpg,2001663,2,0,NA
2001705_2,2023-01-04 23:05:00.314444,CLO,2001705.jpg,2001705,2,0,NA
2001618_2,2023-01-04 23:04:59.783172,CLO,2001618.jpg,2001618,2,0,NA
1911386_1,2023-01-04 23:04:59.221447,CLO,1911386.jpg,1911386,1,0,NA
1911375_1,2023-01-04 23:04:58.689548,CLO,1911375.jpg,1911375,1,0,NA
1911938_1,2023-01-04 23:04:58.142486,CLO,1911938.jpg,1911938,1,0,NA
2000128_2,2023-01-04 23:04:57.517432,CLO,2000128.jpg,2000128,2,0,NA
2000105_2,2023-01-04 23:04:56.986161,CLO,2000105.jpg,2000105,2,0,NA
2000129_2,2023-01-04 23:04:56.470526,CLO,2000129.jpg,2000129,2,0,NA
2000923_2,2023-01-04 23:04:55.861124,CLO,2000923.jpg,2000923,2,0,NA
2002432_2,2023-01-04 23:04:55.329834,CLO,2002432.jpg,2002432,2,0,NA
2002434_2,2023-01-04 23:04:54.815099,CLO,2002434.jpg,2002434,2,0,NA
2002146_2,2023-01-04 23:04:54.267281,CLO,2002146.jpg,2002146,2,0,NA
2002144_2,2023-01-04 23:04:53.704762,CLO,2002144.jpg,2002144,2,0,NA
2002147_2,2023-01-04 23:04:53.204816,CLO,2002147.jpg,2002147,2,0,NA
2002152_2,2023-01-04 23:04:52.689083,CLO,2002152.jpg,2002152,2,0,NA
2002197_2,2023-01-04 23:04:52.157789,CLO,2002197.jpg,2002197,2,0,NA
2002418_2,2023-01-04 23:04:51.610910,CLO,2002418.jpg,2002418,2,0,NA
2002262_2,2023-01-04 23:04:51.079638,CLO,2002262.jpg,2002262,2,0,NA
2002426_2,2023-01-04 23:04:50.548360,CLO,2002426.jpg,2002426,2,0,NA
1912278_1,2023-01-04 23:04:50.001432,CLO,1912278.jpg,1912278,1,0,NA
1912121_1,2023-01-04 23:04:49.454547,CLO,1912121.jpg,1912121,1,0,NA
1912430_1,2023-01-04 23:04:48.892191,CLO,1912430.jpg,1912430,1,0,NA
1912876_1,2023-01-04 23:04:48.345102,CLO,1912876.jpg,1912876,1,0,NA
1912997_1,2023-01-04 23:04:47.798219,CLO,1912997.jpg,1912997,1,0,NA
2000098_2,2023-01-04 23:04:47.282679,CLO,2000098.jpg,2000098,2,0,NA
2000102_2,2023-01-04 23:04:46.704545,CLO,2000102.jpg,2000102,2,0,NA
2000099_2,2023-01-04 23:04:46.173151,CLO,2000099.jpg,2000099,2,0,NA
2000113_2,2023-01-04 23:04:45.595010,CLO,2000113.jpg,2000113,2,0,NA
2000126_2,2023-01-04 23:04:45.048347,CLO,2000126.jpg,2000126,2,0,NA
2000124_2,2023-01-04 23:04:44.563704,CLO,2000124.jpg,2000124,2,0,NA
2000303_2,2023-01-04 23:04:44.032428,CLO,2000303.jpg,2000303,2,0,NA
2000767_2,2023-01-04 23:04:43.516774,CLO,2000767.jpg,2000767,2,0,NA
2000921_2,2023-01-04 23:04:42.969890,CLO,2000921.jpg,2000921,2,0,NA
2000920_2,2023-01-04 23:04:42.391880,CLO,2000920.jpg,2000920,2,0,NA
2001366_2,2023-01-04 23:04:41.860463,CLO,2001366.jpg,2001366,2,0,NA
2001514_2,2023-01-04 23:04:41.329163,CLO,2001514.jpg,2001514,2,0,NA
2001535_2,2023-01-04 23:04:40.782242,CLO,2001535.jpg,2001535,2,0,NA
2001567_2,2023-01-04 23:04:39.969701,CLO,2001567.jpg,2001567,2,0,NA
2001568_2,2023-01-04 23:04:39.329050,CLO,2001568.jpg,2001568,2,0,NA
2001661_2,2023-01-04 23:04:38.736296,CLO,2001661.jpg,2001661,2,0,NA
2001658_2,2023-01-04 23:04:37.955282,CLO,2001658.jpg,2001658,2,0,NA
2001660_2,2023-01-04 23:04:37.422913,CLO,2001660.jpg,2001660,2,0,NA
2001695_2,2023-01-04 23:04:36.922720,CLO,2001695.jpg,2001695,2,0,NA
1812103_1,2023-01-04 23:04:36.375801,CLO,1812103.jpg,1812103,1,0,NA
1904039_1,2023-01-04 23:04:35.875940,CLO,1904039.jpg,1904039,1,0,NA
1906963_1,2023-01-04 23:04:35.360142,CLO,1906963.jpg,1906963,1,0,NA
1909358_1,2023-01-04 23:04:34.813231,CLO,1909358.jpg,1909358,1,0,NA
1907073_1,2023-01-04 23:04:34.297604,CLO,1907073.jpg,1907073,1,0,NA
1910840_1,2023-01-04 23:04:33.735053,CLO,1910840.jpg,1910840,1,0,NA
1909384_1,2023-01-04 23:04:33.219385,CLO,1909384.jpg,1909384,1,0,NA
2008187_2,2023-01-04 23:04:32.688196,CLO,2008187.jpg,2008187,2,0,NA
1911727_1,2023-01-04 23:04:32.297472,CLO,1911727.jpg,1911727,1,0,NA
1911758_1,2023-01-04 23:04:31.781841,CLO,1911758.jpg,1911758,1,0,NA
1911875_1,2023-01-04 23:04:31.266161,CLO,1911875.jpg,1911875,1,0,NA
1911874_1,2023-01-04 23:04:30.734914,CLO,1911874.jpg,1911874,1,0,NA
1911937_1,2023-01-04 23:04:30.203664,CLO,1911937.jpg,1911937,1,0,NA
1911876_1,2023-01-04 23:04:29.687994,CLO,1911876.jpg,1911876,1,0,NA
1911948_1,2023-01-04 23:04:29.187981,CLO,1911948.jpg,1911948,1,0,NA
2001722_2,2023-01-04 23:04:28.609815,CLO,2001722.jpg,2001722,2,0,NA
2001770_2,2023-01-04 23:04:28.047286,CLO,2001770.jpg,2001770,2,0,NA
2001978_2,2023-01-04 23:04:27.531642,CLO,2001978.jpg,2001978,2,0,NA
2001867_2,2023-01-04 23:04:27.000532,CLO,2001867.jpg,2001867,2,0,NA
2002113_2,2023-01-04 23:04:26.453500,CLO,2002113.jpg,2002113,2,0,NA
2002134_2,2023-01-04 23:04:25.922186,CLO,2002134.jpg,2002134,2,0,NA
2002143_2,2023-01-04 23:04:25.406548,CLO,2002143.jpg,2002143,2,0,NA
2002156_2,2023-01-04 23:04:24.890859,CLO,2002156.jpg,2002156,2,0,NA
2002248_2,2023-01-04 23:04:24.375234,CLO,2002248.jpg,2002248,2,0,NA
2002266_2,2023-01-04 23:04:23.828343,CLO,2002266.jpg,2002266,2,0,NA
2002428_2,2023-01-04 23:04:23.328324,CLO,2002428.jpg,2002428,2,0,NA
1912998_1,2023-01-04 23:04:22.640795,CLO,1912998.jpg,1912998,1,0,NA
1913110_1,2023-01-04 23:04:22.109506,CLO,1913110.jpg,1913110,1,0,NA
1912429_1,2023-01-04 23:04:21.578252,CLO,1912429.jpg,1912429,1,0,NA
2000785_2,2023-01-04 23:04:21.203242,CLO,2000785.jpg,2000785,2,0,NA
2000980_2,2023-01-04 23:04:20.687563,CLO,2000980.jpg,2000980,2,0,NA
2003604_2,2023-01-04 23:04:20.156292,CLO,2003604.jpg,2003604,2,0,NA
2002206_2,2023-01-04 23:04:19.500029,CLO,2002206.jpg,2002206,2,0,NA
2001360_2,2023-01-04 23:04:18.968818,CLO,2001360.jpg,2001360,2,0,NA
2001845_2,2023-01-04 23:04:18.406215,CLO,2001845.jpg,2001845,2,0,NA
2002640_2,2023-01-04 23:04:17.874965,CLO,2002640.jpg,2002640,2,0,NA
2002448_2,2023-01-04 23:04:17.328038,CLO,2002448.jpg,2002448,2,0,NA
2002517_2,2023-01-04 23:04:16.812375,CLO,2002517.jpg,2002517,2,0,NA
2002515_2,2023-01-04 23:04:16.281116,CLO,2002515.jpg,2002515,2,0,NA
2002615_2,2023-01-04 23:04:15.702968,CLO,2002615.jpg,2002615,2,0,NA
1909044_1,2023-01-04 23:04:15.202947,CLO,1909044.jpg,1909044,1,0,NA
1911933_1,2023-01-04 23:04:14.671659,CLO,1911933.jpg,1911933,1,0,NA
1911935_1,2023-01-04 23:04:14.155999,CLO,1911935.jpg,1911935,1,0,NA
2000010_2,2023-01-04 23:04:13.595196,CLO,2000010.jpg,2000010,2,0,NA
2000127_2,2023-01-04 23:04:13.062597,CLO,2000127.jpg,2000127,2,0,NA
2000011_2,2023-01-04 23:04:12.499682,CLO,2000011.jpg,2000011,2,0,NA
2001321_2,2023-01-04 23:04:11.984018,CLO,2001321.jpg,2001321,2,0,NA
2001483_2,2023-01-04 23:04:11.452749,CLO,2001483.jpg,2001483,2,0,NA
2001325_2,2023-01-04 23:04:10.905847,CLO,2001325.jpg,2001325,2,0,NA
2001610_2,2023-01-04 23:04:10.390212,CLO,2001610.jpg,2001610,2,0,NA
2001656_2,2023-01-04 23:04:09.874554,CLO,2001656.jpg,2001656,2,0,NA
2001613_2,2023-01-04 23:04:09.358916,CLO,2001613.jpg,2001613,2,0,NA
2001909_2,2023-01-04 23:04:08.843302,CLO,2001909.jpg,2001909,2,0,NA
2001987_2,2023-01-04 23:04:08.233853,CLO,2001987.jpg,2001987,2,0,NA
2001843_2,2023-01-04 23:04:07.733828,CLO,2001843.jpg,2001843,2,0,NA
2002064_2,2023-01-04 23:04:07.186917,CLO,2002064.jpg,2002064,2,0,NA
2002323_2,2023-01-04 23:04:06.608773,CLO,2002323.jpg,2002323,2,0,NA
2002214_2,2023-01-04 23:04:06.031342,CLO,2002214.jpg,2002214,2,0,NA
2002390_2,2023-01-04 23:04:05.468102,CLO,2002390.jpg,2002390,2,0,NA
2002433_2,2023-01-04 23:04:04.905545,CLO,2002433.jpg,2002433,2,0,NA
1912322_1,2023-01-04 23:04:04.343034,SHO,1912322.jpg,1912322,1,0,NA
2000044_2,2023-01-04 23:04:03.811793,SHO,2000044.jpg,2000044,2,0,NA
1912321_1,2023-01-04 23:04:03.233612,SHO,1912321.jpg,1912321,1,0,NA
1911342_1,2023-01-04 23:04:02.671082,CLO,1911342.jpg,1911342,1,0,NA
2000122_2,2023-01-04 23:04:02.108559,CLO,2000122.jpg,2000122,2,0,NA
1913109_1,2023-01-04 23:04:01.592908,CLO,1913109.jpg,1913109,1,0,NA
2001256_2,2023-01-04 23:04:00.999137,CLO,2001256.jpg,2001256,2,0,NA
2001609_2,2023-01-04 23:04:00.452233,CLO,2001609.jpg,2001609,2,0,NA
2001622_2,2023-01-04 23:03:59.920963,CLO,2001622.jpg,2001622,2,0,NA
2001623_2,2023-01-04 23:03:59.295933,CLO,2001623.jpg,2001623,2,0,NA
2001763_2,2023-01-04 23:03:58.733396,CLO,2001763.jpg,2001763,2,0,NA
2001624_2,2023-01-04 23:03:58.139621,CLO,2001624.jpg,2001624,2,0,NA
2001841_2,2023-01-04 23:03:57.608347,CLO,2001841.jpg,2001841,2,0,NA
2001992_2,2023-01-04 23:03:57.030285,CLO,2001992.jpg,2001992,2,0,NA
2001981_2,2023-01-04 23:03:56.530174,CLO,2001981.jpg,2001981,2,0,NA
2001984_2,2023-01-04 23:03:55.983268,CLO,2001984.jpg,2001984,2,0,NA
2001996_2,2023-01-04 23:03:55.420793,CLO,2001996.jpg,2001996,2,0,NA
2001995_2,2023-01-04 23:03:54.889443,CLO,2001995.jpg,2001995,2,0,NA
2001993_2,2023-01-04 23:03:54.326925,CLO,2001993.jpg,2001993,2,0,NA
2002458_2,2023-01-04 23:03:53.811293,CLO,2002458.jpg,2002458,2,0,NA
2001762_2,2023-01-04 23:03:53.295639,CLO,2001762.jpg,2001762,2,0,NA
2001847_2,2023-01-04 23:03:52.748746,CLO,2001847.jpg,2001847,2,0,NA
2001853_2,2023-01-04 23:03:52.092553,CLO,2001853.jpg,2001853,2,0,NA
2001854_2,2023-01-04 23:03:51.545572,CLO,2001854.jpg,2001854,2,0,NA
2001858_2,2023-01-04 23:03:51.014274,CLO,2001858.jpg,2001858,2,0,NA
2001865_2,2023-01-04 23:03:50.467395,CLO,2001865.jpg,2001865,2,0,NA
2001947_2,2023-01-04 23:03:49.889319,CLO,2001947.jpg,2001947,2,0,NA
2001991_2,2023-01-04 23:03:49.357964,CLO,2001991.jpg,2001991,2,0,NA
2002155_2,2023-01-04 23:03:48.811055,CLO,2002155.jpg,2002155,2,0,NA
2002398_2,2023-01-04 23:03:48.279781,CLO,2002398.jpg,2002398,2,0,NA
2002240_2,2023-01-04 23:03:47.670369,CLO,2002240.jpg,2002240,2,0,NA
2002399_2,2023-01-04 23:03:47.061059,CLO,2002399.jpg,2002399,2,0,NA
1912698_1,2023-01-04 23:03:46.514089,CLO,1912698.jpg,1912698,1,0,NA
1912967_1,2023-01-04 23:03:45.936591,CLO,1912967.jpg,1912967,1,0,NA
1912964_1,2023-01-04 23:03:45.373390,CLO,1912964.jpg,1912964,1,0,NA
1912971_1,2023-01-04 23:03:44.810868,CLO,1912971.jpg,1912971,1,0,NA
1912969_1,2023-01-04 23:03:44.263982,CLO,1912969.jpg,1912969,1,0,NA
1913098_1,2023-01-04 23:03:43.717060,CLO,1913098.jpg,1913098,1,0,NA
2000095_2,2023-01-04 23:03:42.732642,CLO,2000095.jpg,2000095,2,0,NA
2000108_2,2023-01-04 23:03:42.185718,CLO,2000108.jpg,2000108,2,0,NA
2000992_2,2023-01-04 23:03:41.607585,CLO,2000992.jpg,2000992,2,0,NA
2001396_2,2023-01-04 23:03:41.060711,CLO,2001396.jpg,2001396,2,0,NA
2001654_2,2023-01-04 23:03:40.513791,CLO,2001654.jpg,2001654,2,0,NA
2001673_2,2023-01-04 23:03:39.966887,CLO,2001673.jpg,2001673,2,0,NA
2001736_2,2023-01-04 23:03:39.435603,CLO,2001736.jpg,2001736,2,0,NA
2001738_2,2023-01-04 23:03:38.888687,CLO,2001738.jpg,2001738,2,0,NA
2001753_2,2023-01-04 23:03:37.810445,CLO,2001753.jpg,2001753,2,0,NA
1912186_1,2023-01-04 23:01:11.100932,CLO,1912186.jpg,1912186,1,0,NA
1912327_1,2023-01-04 22:59:25.835187,CLO,1912327.jpg,1912327,1,0,NA
2010443_2,2023-01-04 22:59:25.444492,CLO,2010443.jpg,2010443,2,0,NA
1913100_1,2023-01-04 22:59:24.897543,CLO,1913100.jpg,1913100,1,0,NA
1913013_1,2023-01-04 22:59:24.350663,CLO,1913013.jpg,1913013,1,0,NA
2001652_2,2023-01-04 22:59:23.834882,CLO,2001652.jpg,2001652,2,0,NA
2001521_2,2023-01-04 22:59:23.209801,CLO,2001521.jpg,2001521,2,0,NA
2001846_2,2023-01-04 22:59:22.475296,CLO,2001846.jpg,2001846,2,0,NA
2001882_2,2023-01-04 22:59:21.943976,CLO,2001882.jpg,2001882,2,0,NA
2001945_2,2023-01-04 22:59:21.428285,CLO,2001945.jpg,2001945,2,0,NA
2002063_2,2023-01-04 22:59:20.912536,CLO,2002063.jpg,2002063,2,0,NA
2002321_2,2023-01-04 22:59:20.381235,CLO,2002321.jpg,2002321,2,0,NA
2002211_2,2023-01-04 22:59:19.803014,CLO,2002211.jpg,2002211,2,0,NA
2002389_2,2023-01-04 22:59:19.271680,CLO,2002389.jpg,2002389,2,0,NA
2002322_2,2023-01-04 22:59:18.755984,CLO,2002322.jpg,2002322,2,0,NA
2002242_2,2023-01-04 22:59:18.240277,CLO,2002242.jpg,2002242,2,0,NA
2002617_2,2023-01-04 22:59:17.693336,CLO,2002617.jpg,2002617,2,0,NA
2002669_2,2023-01-04 22:59:17.177634,CLO,2002669.jpg,2002669,2,0,NA
2002668_2,2023-01-04 22:59:16.646317,CLO,2002668.jpg,2002668,2,0,NA
2002670_2,2023-01-04 22:59:16.099346,CLO,2002670.jpg,2002670,2,0,NA
2002702_2,2023-01-04 22:59:15.552507,CLO,2002702.jpg,2002702,2,0,NA
2002745_2,2023-01-04 22:59:15.036680,CLO,2002745.jpg,2002745,2,0,NA
2002743_2,2023-01-04 22:59:14.505344,CLO,2002743.jpg,2002743,2,0,NA
2002770_2,2023-01-04 22:59:13.880252,CLO,2002770.jpg,2002770,2,0,NA
2002773_2,2023-01-04 22:59:13.270793,CLO,2002773.jpg,2002773,2,0,NA
2002926_2,2023-01-04 22:59:12.708201,CLO,2002926.jpg,2002926,2,0,NA
2002949_2,2023-01-04 22:59:12.145600,CLO,2002949.jpg,2002949,2,0,NA
2003019_2,2023-01-04 22:59:11.598651,CLO,2003019.jpg,2003019,2,0,NA
2002439_2,2023-01-04 22:59:11.036158,CLO,2002439.jpg,2002439,2,0,NA
2002440_2,2023-01-04 22:59:10.489120,CLO,2002440.jpg,2002440,2,0,NA
2002462_2,2023-01-04 22:59:09.926556,CLO,2002462.jpg,2002462,2,0,NA
2002474_2,2023-01-04 22:59:09.317087,CLO,2002474.jpg,2002474,2,0,NA
2002610_2,2023-01-04 22:59:08.801343,CLO,2002610.jpg,2002610,2,0,NA
2002614_2,2023-01-04 22:59:08.285671,CLO,2002614.jpg,2002614,2,0,NA
2002619_2,2023-01-04 22:59:07.770028,CLO,2002619.jpg,2002619,2,0,NA
2002618_2,2023-01-04 22:59:07.254276,CLO,2002618.jpg,2002618,2,0,NA
2002636_2,2023-01-04 22:59:06.722924,CLO,2002636.jpg,2002636,2,0,NA
2002639_2,2023-01-04 22:59:06.144728,CLO,2002639.jpg,2002639,2,0,NA
2002767_2,2023-01-04 22:59:05.597765,CLO,2002767.jpg,2002767,2,0,NA
2002660_2,2023-01-04 22:59:05.082060,CLO,2002660.jpg,2002660,2,0,NA
2002774_2,2023-01-04 22:59:04.519456,CLO,2002774.jpg,2002774,2,0,NA
1911680_1,2023-01-04 22:59:03.956892,ACC,1911680.jpg,1911680,1,0,NA
1911692_1,2023-01-04 22:59:03.441195,ACC,1911692.jpg,1911692,1,0,NA
1911682_1,2023-01-04 22:59:02.878623,ACC,1911682.jpg,1911682,1,0,NA
2000014_2,2023-01-04 22:59:02.301108,CLO,2000014.jpg,2000014,2,0,NA
2000090_2,2023-01-04 22:59:01.769170,CLO,2000090.jpg,2000090,2,0,NA
2000764_2,2023-01-04 22:59:01.206504,CLO,2000764.jpg,2000764,2,0,NA
2000649_2,2023-01-04 22:59:00.612636,CLO,2000649.jpg,2000649,2,0,NA
2000906_2,2023-01-04 22:59:00.081329,CLO,2000906.jpg,2000906,2,0,NA
2001653_2,2023-01-04 22:58:59.534643,CLO,2001653.jpg,2001653,2,0,NA
2002386_2,2023-01-04 22:58:58.956251,CLO,2002386.jpg,2002386,2,0,NA
2002405_2,2023-01-04 22:58:58.424884,CLO,2002405.jpg,2002405,2,0,NA
2002832_2,2023-01-04 22:58:57.893474,CLO,2002832.jpg,2002832,2,0,NA
2002879_2,2023-01-04 22:58:57.362148,CLO,2002879.jpg,2002879,2,0,NA
2002929_2,2023-01-04 22:58:56.815193,CLO,2002929.jpg,2002929,2,0,NA
2002883_2,2023-01-04 22:58:56.268242,CLO,2002883.jpg,2002883,2,0,NA
1911995_1,2023-01-04 22:58:55.690041,CLO,1911995.jpg,1911995,1,0,NA
1912970_1,2023-01-04 22:58:55.127456,CLO,1912970.jpg,1912970,1,0,NA
1912855_1,2023-01-04 22:58:54.549236,CLO,1912855.jpg,1912855,1,0,NA
2001554_2,2023-01-04 22:58:53.924137,CLO,2001554.jpg,2001554,2,0,NA
2000770_2,2023-01-04 22:58:53.345928,CLO,2000770.jpg,2000770,2,0,NA
2001751_2,2023-01-04 22:58:52.798988,CLO,2001751.jpg,2001751,2,0,NA
2001625_2,2023-01-04 22:58:52.252042,CLO,2001625.jpg,2001625,2,0,NA
2001823_2,2023-01-04 22:58:51.658172,CLO,2001823.jpg,2001823,2,0,NA
2001979_2,2023-01-04 22:58:51.111221,CLO,2001979.jpg,2001979,2,0,NA
2002246_2,2023-01-04 22:58:50.548614,CLO,2002246.jpg,2002246,2,0,NA
2001985_2,2023-01-04 22:58:50.001652,CLO,2001985.jpg,2001985,2,0,NA
2002473_2,2023-01-04 22:58:49.439068,CLO,2002473.jpg,2002473,2,0,NA
2002478_2,2023-01-04 22:58:48.892136,CLO,2002478.jpg,2002478,2,0,NA
2002477_2,2023-01-04 22:58:48.360810,CLO,2002477.jpg,2002477,2,0,NA
2002646_2,2023-01-04 22:58:47.798228,CLO,2002646.jpg,2002646,2,0,NA
2002487_2,2023-01-04 22:58:47.266979,CLO,2002487.jpg,2002487,2,0,NA
2002703_2,2023-01-04 22:58:46.688708,CLO,2002703.jpg,2002703,2,0,NA
2002701_2,2023-01-04 22:58:46.172980,CLO,2002701.jpg,2002701,2,0,NA
1908420_1,2023-01-04 22:58:45.610389,CLO,1908420.jpg,1908420,1,0,NA
1911990_1,2023-01-04 22:58:45.063418,CLO,1911990.jpg,1911990,1,0,NA
1912182_1,2023-01-04 22:58:44.516483,CLO,1912182.jpg,1912182,1,0,NA
1912185_1,2023-01-04 22:58:43.953895,CLO,1912185.jpg,1912185,1,0,NA
1912854_1,2023-01-04 22:58:43.406935,CLO,1912854.jpg,1912854,1,0,NA
1912332_1,2023-01-04 22:58:42.875598,CLO,1912332.jpg,1912332,1,0,NA
1912859_1,2023-01-04 22:58:42.328645,CLO,1912859.jpg,1912859,1,0,NA
1912860_1,2023-01-04 22:58:41.750437,CLO,1912860.jpg,1912860,1,0,NA
1913014_1,2023-01-04 22:58:40.734663,CLO,1913014.jpg,1913014,1,0,NA
1913101_1,2023-01-04 22:58:40.203803,CLO,1913101.jpg,1913101,1,0,NA
2000968_2,2023-01-04 22:58:39.656384,CLO,2000968.jpg,2000968,2,0,NA
2000768_2,2023-01-04 22:58:39.125054,CLO,2000768.jpg,2000768,2,0,NA
2001397_2,2023-01-04 22:58:38.546922,CLO,2001397.jpg,2001397,2,0,NA
2001390_2,2023-01-04 22:58:38.015657,CLO,2001390.jpg,2001390,2,0,NA
2001822_2,2023-01-04 22:58:37.421916,CLO,2001822.jpg,2001822,2,0,NA
2001732_2,2023-01-04 22:58:36.859383,CLO,2001732.jpg,2001732,2,0,NA
2001840_2,2023-01-04 22:58:36.328154,CLO,2001840.jpg,2001840,2,0,NA
2001848_2,2023-01-04 22:58:35.750041,CLO,2001848.jpg,2001848,2,0,NA
2001856_2,2023-01-04 22:58:35.218829,CLO,2001856.jpg,2001856,2,0,NA
2002437_2,2023-01-04 22:58:34.703168,CLO,2002437.jpg,2002437,2,0,NA
2001990_2,2023-01-04 22:58:34.140668,CLO,2001990.jpg,2001990,2,0,NA
2001948_2,2023-01-04 22:58:33.593809,CLO,2001948.jpg,2001948,2,0,NA
2002471_2,2023-01-04 22:58:33.046928,CLO,2002471.jpg,2002471,2,0,NA
2002460_2,2023-01-04 22:58:32.468881,CLO,2002460.jpg,2002460,2,0,NA
2002475_2,2023-01-04 22:58:31.890707,CLO,2002475.jpg,2002475,2,0,NA
2003786_2,2023-01-04 22:58:31.343811,CLO,2003786.jpg,2003786,2,0,NA
2002616_2,2023-01-04 22:58:30.953186,CLO,2002616.jpg,2002616,2,0,NA
2002637_2,2023-01-04 22:58:30.375077,CLO,2002637.jpg,2002637,2,0,NA
2002664_2,2023-01-04 22:58:29.828182,CLO,2002664.jpg,2002664,2,0,NA
2002768_2,2023-01-04 22:58:29.281331,CLO,2002768.jpg,2002768,2,0,NA
2002699_2,2023-01-04 22:58:28.687570,CLO,2002699.jpg,2002699,2,0,NA
2002836_2,2023-01-04 22:58:28.062568,CLO,2002836.jpg,2002836,2,0,NA
2002909_2,2023-01-04 22:58:27.453201,CLO,2002909.jpg,2002909,2,0,NA
2002912_2,2023-01-04 22:58:26.906331,CLO,2002912.jpg,2002912,2,0,NA
2002920_2,2023-01-04 22:58:26.359459,CLO,2002920.jpg,2002920,2,0,NA
1910678_1,2023-01-04 22:58:25.828295,CLO,1910678.jpg,1910678,1,0,NA
2002928_2,2023-01-04 22:58:25.437582,CLO,2002928.jpg,2002928,2,0,NA
1912360_1,2023-01-04 22:58:24.875068,CLO,1912360.jpg,1912360,1,0,NA
1912432_1,2023-01-04 22:58:24.296954,CLO,1912432.jpg,1912432,1,0,NA
1912934_1,2023-01-04 22:58:23.734460,CLO,1912934.jpg,1912934,1,0,NA
1913009_1,2023-01-04 22:58:23.359479,CLO,1913009.jpg,1913009,1,0,NA
1909107_1,2023-01-04 22:58:22.843842,CLO,1909107.jpg,1909107,1,0,NA
1910712_1,2023-01-04 22:58:22.281342,CLO,1910712.jpg,1910712,1,0,NA
1913123_1,2023-01-04 22:58:21.891052,CLO,1913123.jpg,1913123,1,0,NA
1910763_1,2023-01-04 22:58:21.250099,CLO,1910763.jpg,1910763,1,0,NA
2000783_2,2023-01-04 22:58:20.875097,CLO,2000783.jpg,2000783,2,0,NA
2001986_2,2023-01-04 22:58:20.328220,CLO,2001986.jpg,2001986,2,0,NA
2002151_2,2023-01-04 22:58:19.781427,CLO,2002151.jpg,2002151,2,0,NA
2002249_2,2023-01-04 22:58:19.218876,CLO,2002249.jpg,2002249,2,0,NA
2002482_2,2023-01-04 22:58:18.687635,CLO,2002482.jpg,2002482,2,0,NA
2002526_2,2023-01-04 22:58:18.140713,CLO,2002526.jpg,2002526,2,0,NA
2003012_2,2023-01-04 22:58:17.515738,CLO,2003012.jpg,2003012,2,0,NA
2003228_2,2023-01-04 22:58:16.875103,CLO,2003228.jpg,2003228,2,0,NA
1912070_1,2023-01-04 22:58:16.343859,CLO,1912070.jpg,1912070,1,0,NA
1908499_1,2023-01-04 22:58:15.812620,CLO,1908499.jpg,1908499,1,0,NA
1910694_1,2023-01-04 22:58:15.281368,CLO,1910694.jpg,1910694,1,0,NA
1912361_1,2023-01-04 22:58:14.890745,CLO,1912361.jpg,1912361,1,0,NA
1912778_1,2023-01-04 22:58:14.359494,CLO,1912778.jpg,1912778,1,0,NA
1811279_1,2023-01-04 22:58:13.812697,CLO,1811279.jpg,1811279,1,0,NA
1912957_1,2023-01-04 22:58:13.437622,CLO,1912957.jpg,1912957,1,0,NA
2000077_2,2023-01-04 22:58:12.875120,CLO,2000077.jpg,2000077,2,0,NA
1911742_1,2023-01-04 22:58:12.359502,CLO,1911742.jpg,1911742,1,0,NA
2001571_2,2023-01-04 22:58:11.984508,CLO,2001571.jpg,2001571,2,0,NA
2001583_2,2023-01-04 22:58:11.406388,CLO,2001583.jpg,2001583,2,0,NA
2001589_2,2023-01-04 22:58:10.843883,CLO,2001589.jpg,2001589,2,0,NA
2002538_2,2023-01-04 22:58:10.281419,CLO,2002538.jpg,2002538,2,0,NA
2002212_2,2023-01-04 22:58:09.703265,CLO,2002212.jpg,2002212,2,0,NA
2002577_2,2023-01-04 22:58:09.156387,CLO,2002577.jpg,2002577,2,0,NA
2002574_2,2023-01-04 22:58:08.656423,CLO,2002574.jpg,2002574,2,0,NA
2002771_2,2023-01-04 22:58:08.109535,CLO,2002771.jpg,2002771,2,0,NA
2002884_2,2023-01-04 22:58:07.578270,CLO,2002884.jpg,2002884,2,0,NA
2002907_2,2023-01-04 22:58:06.953292,CLO,2002907.jpg,2002907,2,0,NA
2003226_2,2023-01-04 22:58:06.422029,CLO,2003226.jpg,2003226,2,0,NA
2002887_2,2023-01-04 22:58:05.859601,CLO,2002887.jpg,2002887,2,0,NA
2003186_2,2023-01-04 22:58:05.281409,CLO,2003186.jpg,2003186,2,0,NA
2003278_2,2023-01-04 22:58:04.687705,CLO,2003278.jpg,2003278,2,0,NA
1910872_1,2023-01-04 22:58:04.156395,CLO,1910872.jpg,1910872,1,0,NA
1912870_1,2023-01-04 22:58:03.562869,CLO,1912870.jpg,1912870,1,0,NA
2000133_2,2023-01-04 22:58:03.000164,CLO,2000133.jpg,2000133,2,0,NA
2000913_2,2023-01-04 22:58:02.453293,CLO,2000913.jpg,2000913,2,0,NA
2000773_2,2023-01-04 22:58:01.890789,CLO,2000773.jpg,2000773,2,0,NA
2001354_2,2023-01-04 22:58:01.375164,CLO,2001354.jpg,2001354,2,0,NA
2008617_2,2023-01-04 22:58:00.281427,CLO,2008617.jpg,2008617,2,0,NA
2001708_2,2023-01-04 22:57:59.875176,CLO,2001708.jpg,2001708,2,0,NA
2001702_2,2023-01-04 22:57:59.328318,CLO,2001702.jpg,2001702,2,0,NA
2002111_2,2023-01-04 22:57:58.812688,CLO,2002111.jpg,2002111,2,0,NA
2003124_2,2023-01-04 22:57:58.281452,CLO,2003124.jpg,2003124,2,0,NA
2003272_2,2023-01-04 22:57:57.687688,CLO,2003272.jpg,2003272,2,0,NA
2003369_2,2023-01-04 22:57:57.125187,CLO,2003369.jpg,2003369,2,0,NA
2003282_2,2023-01-04 22:57:56.531439,CLO,2003282.jpg,2003282,2,0,NA
2003542_2,2023-01-04 22:57:56.000223,CLO,2003542.jpg,2003542,2,0,NA
2003545_2,2023-01-04 22:57:55.500191,CLO,2003545.jpg,2003545,2,0,NA
2003584_2,2023-01-04 22:57:54.937695,CLO,2003584.jpg,2003584,2,0,NA
2003598_2,2023-01-04 22:57:54.375285,CLO,2003598.jpg,2003598,2,0,NA
2003767_2,2023-01-04 22:57:53.843949,CLO,2003767.jpg,2003767,2,0,NA
2003788_2,2023-01-04 22:57:53.265822,CLO,2003788.jpg,2003788,2,0,NA
2003789_2,2023-01-04 22:57:52.687705,CLO,2003789.jpg,2003789,2,0,NA
1911388_1,2023-01-04 22:57:52.140851,CLO,1911388.jpg,1911388,1,0,NA
2000118_2,2023-01-04 22:57:51.547087,CLO,2000118.jpg,2000118,2,0,NA
1912808_1,2023-01-04 22:57:51.000209,CLO,1912808.jpg,1912808,1,0,NA
2000454_2,2023-01-04 22:57:50.468973,CLO,2000454.jpg,2000454,2,0,NA
2001570_2,2023-01-04 22:57:49.922091,CLO,2001570.jpg,2001570,2,0,NA
2001859_2,2023-01-04 22:57:49.375222,CLO,2001859.jpg,2001859,2,0,NA
2002110_2,2023-01-04 22:57:48.828352,CLO,2002110.jpg,2002110,2,0,NA
2002374_2,2023-01-04 22:57:48.265844,CLO,2002374.jpg,2002374,2,0,NA
2002456_2,2023-01-04 22:57:47.625323,CLO,2002456.jpg,2002456,2,0,NA
2002463_2,2023-01-04 22:57:47.062736,CLO,2002463.jpg,2002463,2,0,NA
2002562_2,2023-01-04 22:57:46.453364,CLO,2002562.jpg,2002562,2,0,NA
2002914_2,2023-01-04 22:57:45.906497,CLO,2002914.jpg,2002914,2,0,NA
2002886_2,2023-01-04 22:57:45.015859,CLO,2002886.jpg,2002886,2,0,NA
2002595_2,2023-01-04 22:57:44.484615,CLO,2002595.jpg,2002595,2,0,NA
2002932_2,2023-01-04 22:57:43.719128,CLO,2002932.jpg,2002932,2,0,NA
2002930_2,2023-01-04 22:57:43.109640,CLO,2002930.jpg,2002930,2,0,NA
2002988_2,2023-01-04 22:57:42.594015,CLO,2002988.jpg,2002988,2,0,NA
2002993_2,2023-01-04 22:57:42.032491,CLO,2002993.jpg,2002993,2,0,NA
2003280_2,2023-01-04 22:57:41.484784,CLO,2003280.jpg,2003280,2,0,NA
2003357_2,2023-01-04 22:57:40.953380,CLO,2003357.jpg,2003357,2,0,NA
2003286_2,2023-01-04 22:57:40.422108,CLO,2003286.jpg,2003286,2,0,NA
2003385_2,2023-01-04 22:57:39.890876,CLO,2003385.jpg,2003385,2,0,NA
2003533_2,2023-01-04 22:57:39.375252,CLO,2003533.jpg,2003533,2,0,NA
2003399_2,2023-01-04 22:57:38.844018,CLO,2003399.jpg,2003399,2,0,NA
2003585_2,2023-01-04 22:57:38.219039,CLO,2003585.jpg,2003585,2,0,NA
2001292_2,2023-01-04 22:57:37.594040,CLO,2001292.jpg,2001292,2,0,NA
2002933_2,2023-01-04 22:57:37.078383,CLO,2002933.jpg,2002933,2,0,NA
2003334_2,2023-01-04 22:57:36.515887,CLO,2003334.jpg,2003334,2,0,NA
2003273_2,2023-01-04 22:57:35.875274,CLO,2003273.jpg,2003273,2,0,NA
2003341_2,2023-01-04 22:57:35.328393,CLO,2003341.jpg,2003341,2,0,NA
2003534_2,2023-01-04 22:57:34.781527,CLO,2003534.jpg,2003534,2,0,NA
2003724_2,2023-01-04 22:57:34.250284,CLO,2003724.jpg,2003724,2,0,NA
2003632_2,2023-01-04 22:57:33.656534,CLO,2003632.jpg,2003632,2,0,NA
2003725_2,2023-01-04 22:57:33.047187,CLO,2003725.jpg,2003725,2,0,NA
2002226_2,2023-01-04 22:57:32.484727,CLO,2002226.jpg,2002226,2,0,NA
2003108_2,2023-01-04 22:57:31.937783,CLO,2003108.jpg,2003108,2,0,NA
2002252_2,2023-01-04 22:57:31.390913,CLO,2002252.jpg,2002252,2,0,NA
2003224_2,2023-01-04 22:57:30.844048,CLO,2003224.jpg,2003224,2,0,NA
1909326_1,2023-01-04 22:57:30.297168,CLO,1909326.jpg,1909326,1,0,NA
1913000_1,2023-01-04 22:57:29.765917,CLO,1913000.jpg,1913000,1,0,NA
2000774_2,2023-01-04 22:57:29.156552,CLO,2000774.jpg,2000774,2,0,NA
2001860_2,2023-01-04 22:57:28.625309,CLO,2001860.jpg,2001860,2,0,NA
2001863_2,2023-01-04 22:57:28.062795,CLO,2001863.jpg,2001863,2,0,NA
2002222_2,2023-01-04 22:57:27.500301,CLO,2002222.jpg,2002222,2,0,NA
2001908_2,2023-01-04 22:57:26.969084,CLO,2001908.jpg,2001908,2,0,NA
2002224_2,2023-01-04 22:57:26.390931,CLO,2002224.jpg,2002224,2,0,NA
1912966_1,2023-01-04 22:57:25.781591,CLO,1912966.jpg,1912966,1,0,NA
1912968_1,2023-01-04 22:57:25.203450,CLO,1912968.jpg,1912968,1,0,NA
2002062_2,2023-01-04 22:57:24.672189,CLO,2002062.jpg,2002062,2,0,NA
2001838_2,2023-01-04 22:57:24.078448,CLO,2001838.jpg,2001838,2,0,NA
1912953_1,2023-01-04 22:57:23.687850,CLO,1912953.jpg,1912953,1,0,NA
2002379_2,2023-01-04 22:57:23.078444,CLO,2002379.jpg,2002379,2,0,NA
2002466_2,2023-01-04 22:57:22.562831,CLO,2002466.jpg,2002466,2,0,NA
2002385_2,2023-01-04 22:57:22.015945,CLO,2002385.jpg,2002385,2,0,NA
2002457_2,2023-01-04 22:57:21.484833,CLO,2002457.jpg,2002457,2,0,NA
2002881_2,2023-01-04 22:57:20.937825,CLO,2002881.jpg,2002881,2,0,NA
2003101_2,2023-01-04 22:57:20.344089,CLO,2003101.jpg,2003101,2,0,NA
2003229_2,2023-01-04 22:57:19.750344,CLO,2003229.jpg,2003229,2,0,NA
2003134_2,2023-01-04 22:57:19.203479,CLO,2003134.jpg,2003134,2,0,NA
2003268_2,2023-01-04 22:57:18.609733,CLO,2003268.jpg,2003268,2,0,NA
2003269_2,2023-01-04 22:57:18.078581,CLO,2003269.jpg,2003269,2,0,NA
2003289_2,2023-01-04 22:57:17.531597,CLO,2003289.jpg,2003289,2,0,NA
2003307_2,2023-01-04 22:57:16.969091,CLO,2003307.jpg,2003307,2,0,NA
2003537_2,2023-01-04 22:57:16.437843,CLO,2003537.jpg,2003537,2,0,NA
2003606_2,2023-01-04 22:57:15.844103,CLO,2003606.jpg,2003606,2,0,NA
2003723_2,2023-01-04 22:57:15.187848,CLO,2003723.jpg,2003723,2,0,NA
2003748_2,2023-01-04 22:57:14.625379,CLO,2003748.jpg,2003748,2,0,NA
2003749_2,2023-01-04 22:57:14.062849,CLO,2003749.jpg,2003749,2,0,NA
2003750_2,2023-01-04 22:57:13.516102,CLO,2003750.jpg,2003750,2,0,NA
2002376_2,2023-01-04 22:57:12.953494,CLO,2002376.jpg,2002376,2,0,NA
2002384_2,2023-01-04 22:57:12.375479,CLO,2002384.jpg,2002384,2,0,NA
2002567_2,2023-01-04 22:57:11.844120,CLO,2002567.jpg,2002567,2,0,NA
2002533_2,2023-01-04 22:57:11.312869,CLO,2002533.jpg,2002533,2,0,NA
2002586_2,2023-01-04 22:57:10.734763,CLO,2002586.jpg,2002586,2,0,NA
2002587_2,2023-01-04 22:57:10.157081,CLO,2002587.jpg,2002587,2,0,NA
2002591_2,2023-01-04 22:57:09.625396,CLO,2002591.jpg,2002591,2,0,NA
2002592_2,2023-01-04 22:57:09.047244,CLO,2002592.jpg,2002592,2,0,NA
2002769_2,2023-01-04 22:57:08.500378,CLO,2002769.jpg,2002769,2,0,NA
2002777_2,2023-01-04 22:57:07.984981,CLO,2002777.jpg,2002777,2,0,NA
2002604_2,2023-01-04 22:57:07.469139,CLO,2002604.jpg,2002604,2,0,NA
2002935_2,2023-01-04 22:57:06.906860,CLO,2002935.jpg,2002935,2,0,NA
2003005_2,2023-01-04 22:57:06.375477,CLO,2003005.jpg,2003005,2,0,NA
2002934_2,2023-01-04 22:57:05.797436,CLO,2002934.jpg,2002934,2,0,NA
2003095_2,2023-01-04 22:57:05.265998,CLO,2003095.jpg,2003095,2,0,NA
2003102_2,2023-01-04 22:57:04.641034,CLO,2003102.jpg,2003102,2,0,NA
2003314_2,2023-01-04 22:57:04.112152,CLO,2003314.jpg,2003314,2,0,NA
2003324_2,2023-01-04 22:57:03.594172,CLO,2003324.jpg,2003324,2,0,NA
2003372_2,2023-01-04 22:57:02.969165,CLO,2003372.jpg,2003372,2,0,NA
2003388_2,2023-01-04 22:57:02.422306,CLO,2003388.jpg,2003388,2,0,NA
2003381_2,2023-01-04 22:57:01.875524,CLO,2003381.jpg,2003381,2,0,NA
2003392_2,2023-01-04 22:57:01.281685,CLO,2003392.jpg,2003392,2,0,NA
2003425_2,2023-01-04 22:57:00.734812,CLO,2003425.jpg,2003425,2,0,NA
2003517_2,2023-01-04 22:57:00.156656,CLO,2003517.jpg,2003517,2,0,NA
2003650_2,2023-01-04 22:56:59.609781,CLO,2003650.jpg,2003650,2,0,NA
2003657_2,2023-01-04 22:56:59.031661,CLO,2003657.jpg,2003657,2,0,NA
2003731_2,2023-01-04 22:56:58.437910,CLO,2003731.jpg,2003731,2,0,NA
2003734_2,2023-01-04 22:56:57.891147,CLO,2003734.jpg,2003734,2,0,NA
2003746_2,2023-01-04 22:56:57.344177,CLO,2003746.jpg,2003746,2,0,NA
2003985_2,2023-01-04 22:56:56.750450,CLO,2003985.jpg,2003985,2,0,NA
2003410_2,2023-01-04 22:56:56.187981,CLO,2003410.jpg,2003410,2,0,NA
2003402_2,2023-01-04 22:56:55.656687,CLO,2003402.jpg,2003402,2,0,NA
2003433_2,2023-01-04 22:56:55.125431,CLO,2003433.jpg,2003433,2,0,NA
2003430_2,2023-01-04 22:56:54.312926,CLO,2003430.jpg,2003430,2,0,NA
2003456_2,2023-01-04 22:56:53.719182,CLO,2003456.jpg,2003456,2,0,NA
2003473_2,2023-01-04 22:56:53.141053,CLO,2003473.jpg,2003473,2,0,NA
2003477_2,2023-01-04 22:56:52.594179,CLO,2003477.jpg,2003477,2,0,NA
2003488_2,2023-01-04 22:56:52.031833,CLO,2003488.jpg,2003488,2,0,NA
2003494_2,2023-01-04 22:56:51.500432,CLO,2003494.jpg,2003494,2,0,NA
2003505_2,2023-01-04 22:56:50.969185,CLO,2003505.jpg,2003505,2,0,NA
2003602_2,2023-01-04 22:56:50.406681,CLO,2003602.jpg,2003602,2,0,NA
2003769_2,2023-01-04 22:56:49.875486,CLO,2003769.jpg,2003769,2,0,NA
2003603_2,2023-01-04 22:56:49.297342,CLO,2003603.jpg,2003603,2,0,NA
2003785_2,2023-01-04 22:56:48.750459,CLO,2003785.jpg,2003785,2,0,NA
2003787_2,2023-01-04 22:56:48.203592,CLO,2003787.jpg,2003787,2,0,NA
2003880_2,2023-01-04 22:56:47.656727,CLO,2003880.jpg,2003880,2,0,NA
2003799_2,2023-01-04 22:56:47.094209,CLO,2003799.jpg,2003799,2,0,NA
2003990_2,2023-01-04 22:56:46.547342,CLO,2003990.jpg,2003990,2,0,NA
2003978_2,2023-01-04 22:56:46.031865,CLO,2003978.jpg,2003978,2,0,NA
2004104_2,2023-01-04 22:56:45.453584,CLO,2004104.jpg,2004104,2,0,NA
2004097_2,2023-01-04 22:56:44.812979,CLO,2004097.jpg,2004097,2,0,NA
2004243_2,2023-01-04 22:56:44.204401,CLO,2004243.jpg,2004243,2,0,NA
2004249_2,2023-01-04 22:56:43.687973,CLO,2004249.jpg,2004249,2,0,NA
2004250_2,2023-01-04 22:56:42.750483,CLO,2004250.jpg,2004250,2,0,NA
2004251_2,2023-01-04 22:56:42.187972,CLO,2004251.jpg,2004251,2,0,NA
2004279_2,2023-01-04 22:56:41.672346,CLO,2004279.jpg,2004279,2,0,NA
2004278_2,2023-01-04 22:56:41.141112,CLO,2004278.jpg,2004278,2,0,NA
2004325_2,2023-01-04 22:56:40.609864,CLO,2004325.jpg,2004325,2,0,NA
2004422_2,2023-01-04 22:56:40.047370,CLO,2004422.jpg,2004422,2,0,NA
2004421_2,2023-01-04 22:56:39.500459,CLO,2004421.jpg,2004421,2,0,NA
2004426_2,2023-01-04 22:56:38.922371,CLO,2004426.jpg,2004426,2,0,NA
1803473_1,2023-01-04 22:56:38.359880,CLO,1803473.jpg,1803473,1,0,NA
1912960_1,2023-01-04 22:56:37.828594,CLO,1912960.jpg,1912960,1,0,NA
1911844_1,2023-01-04 22:56:37.453591,CLO,1911844.jpg,1911844,1,0,NA
1910035_1,2023-01-04 22:56:36.891436,CLO,1910035.jpg,1910035,1,0,NA
1913002_1,2023-01-04 22:56:36.328633,CLO,1913002.jpg,1913002,1,0,NA
2000088_2,2023-01-04 22:56:35.734889,CLO,2000088.jpg,2000088,2,0,NA
2000089_2,2023-01-04 22:56:35.156856,CLO,2000089.jpg,2000089,2,0,NA
2000096_2,2023-01-04 22:56:34.641275,CLO,2000096.jpg,2000096,2,0,NA
2000776_2,2023-01-04 22:56:34.031752,CLO,2000776.jpg,2000776,2,0,NA
2000882_2,2023-01-04 22:56:33.406754,CLO,2000882.jpg,2000882,2,0,NA
2006032_2,2023-01-04 22:56:33.016140,CLO,2006032.jpg,2006032,2,0,NA
2001875_2,2023-01-04 22:56:32.375509,CLO,2001875.jpg,2001875,2,0,NA
2001920_2,2023-01-04 22:56:31.344474,CLO,2001920.jpg,2001920,2,0,NA
2002603_2,2023-01-04 22:56:30.766149,CLO,2002603.jpg,2002603,2,0,NA
2002606_2,2023-01-04 22:56:30.234926,CLO,2002606.jpg,2002606,2,0,NA
2002677_2,2023-01-04 22:56:29.703640,CLO,2002677.jpg,2002677,2,0,NA
2002690_2,2023-01-04 22:56:29.172412,CLO,2002690.jpg,2002690,2,0,NA
2002823_2,2023-01-04 22:56:28.578664,CLO,2002823.jpg,2002823,2,0,NA
2002895_2,2023-01-04 22:56:28.031758,CLO,2002895.jpg,2002895,2,0,NA
2002896_2,2023-01-04 22:56:27.485123,CLO,2002896.jpg,2002896,2,0,NA
2002897_2,2023-01-04 22:56:26.953645,CLO,2002897.jpg,2002897,2,0,NA
2002905_2,2023-01-04 22:56:26.406782,CLO,2002905.jpg,2002905,2,0,NA
2003125_2,2023-01-04 22:56:25.860131,CLO,2003125.jpg,2003125,2,0,NA
2003306_2,2023-01-04 22:56:25.344285,CLO,2003306.jpg,2003306,2,0,NA
2003227_2,2023-01-04 22:56:24.781809,CLO,2003227.jpg,2003227,2,0,NA
2003312_2,2023-01-04 22:56:24.234919,CLO,2003312.jpg,2003312,2,0,NA
2003323_2,2023-01-04 22:56:23.609924,CLO,2003323.jpg,2003323,2,0,NA
2003315_2,2023-01-04 22:56:23.016236,CLO,2003315.jpg,2003315,2,0,NA
2003336_2,2023-01-04 22:56:22.469298,CLO,2003336.jpg,2003336,2,0,NA
2003343_2,2023-01-04 22:56:21.984921,CLO,2003343.jpg,2003343,2,0,NA
2003347_2,2023-01-04 22:56:21.422440,CLO,2003347.jpg,2003347,2,0,NA
2003352_2,2023-01-04 22:56:20.906786,CLO,2003352.jpg,2003352,2,0,NA
2003354_2,2023-01-04 22:56:20.359911,CLO,2003354.jpg,2003354,2,0,NA
2003358_2,2023-01-04 22:56:19.781966,CLO,2003358.jpg,2003358,2,0,NA
2003359_2,2023-01-04 22:56:19.207021,CLO,2003359.jpg,2003359,2,0,NA
2003361_2,2023-01-04 22:56:18.125564,CLO,2003361.jpg,2003361,2,0,NA
2003370_2,2023-01-04 22:56:17.578694,CLO,2003370.jpg,2003370,2,0,NA
2003363_2,2023-01-04 22:56:17.047444,CLO,2003363.jpg,2003363,2,0,NA
2003373_2,2023-01-04 22:56:16.516194,CLO,2003373.jpg,2003373,2,0,NA
2003376_2,2023-01-04 22:56:15.984943,CLO,2003376.jpg,2003376,2,0,NA
2003383_2,2023-01-04 22:56:15.453705,CLO,2003383.jpg,2003383,2,0,NA
2003397_2,2023-01-04 22:56:14.828753,CLO,2003397.jpg,2003397,2,0,NA
2001448_2,2023-01-04 22:56:14.250586,CLO,2001448.jpg,2001448,2,0,NA
2001921_2,2023-01-04 22:56:13.719340,CLO,2001921.jpg,2001921,2,0,NA
2002470_2,2023-01-04 22:56:13.078888,CLO,2002470.jpg,2002470,2,0,NA
2003400_2,2023-01-04 22:56:12.531837,CLO,2003400.jpg,2003400,2,0,NA
2003322_2,2023-01-04 22:56:11.938090,CLO,2003322.jpg,2003322,2,0,NA
2003483_2,2023-01-04 22:56:11.375597,CLO,2003483.jpg,2003483,2,0,NA
2003504_2,2023-01-04 22:56:10.844357,CLO,2003504.jpg,2003504,2,0,NA
2003521_2,2023-01-04 22:56:10.297470,CLO,2003521.jpg,2003521,2,0,NA
2003580_2,2023-01-04 22:56:09.719369,CLO,2003580.jpg,2003580,2,0,NA
2003811_2,2023-01-04 22:56:09.172479,CLO,2003811.jpg,2003811,2,0,NA
2003876_2,2023-01-04 22:56:08.641240,CLO,2003876.jpg,2003876,2,0,NA
1909902_1,2023-01-04 22:56:08.125607,CLO,1909902.jpg,1909902,1,0,NA
1912215_1,2023-01-04 22:56:07.734998,CLO,1912215.jpg,1912215,1,0,NA
2003877_2,2023-01-04 22:56:07.203752,CLO,2003877.jpg,2003877,2,0,NA
2003486_2,2023-01-04 22:56:06.672485,CLO,2003486.jpg,2003486,2,0,NA
2003577_2,2023-01-04 22:56:06.032260,CLO,2003577.jpg,2003577,2,0,NA
2003578_2,2023-01-04 22:56:05.469576,CLO,2003578.jpg,2003578,2,0,NA
2003777_2,2023-01-04 22:56:04.906853,CLO,2003777.jpg,2003777,2,0,NA
2003819_2,2023-01-04 22:56:04.344687,CLO,2003819.jpg,2003819,2,0,NA
2003114_2,2023-01-04 22:56:03.813136,CLO,2003114.jpg,2003114,2,0,NA
2003113_2,2023-01-04 22:56:03.266244,CLO,2003113.jpg,2003113,2,0,NA
2003378_2,2023-01-04 22:56:02.625615,CLO,2003378.jpg,2003378,2,0,NA
2003426_2,2023-01-04 22:56:02.063104,CLO,2003426.jpg,2003426,2,0,NA
2003429_2,2023-01-04 22:56:01.500628,CLO,2003429.jpg,2003429,2,0,NA
2003643_2,2023-01-04 22:56:00.985025,CLO,2003643.jpg,2003643,2,0,NA
2003666_2,2023-01-04 22:56:00.360147,CLO,2003666.jpg,2003666,2,0,NA
2003646_2,2023-01-04 22:55:59.750642,CLO,2003646.jpg,2003646,2,0,NA
2003722_2,2023-01-04 22:55:59.156887,CLO,2003722.jpg,2003722,2,0,NA
2003720_2,2023-01-04 22:55:58.610023,CLO,2003720.jpg,2003720,2,0,NA
2003742_2,2023-01-04 22:55:58.016265,CLO,2003742.jpg,2003742,2,0,NA
2003793_2,2023-01-04 22:55:57.469395,CLO,2003793.jpg,2003793,2,0,NA
2003800_2,2023-01-04 22:55:56.938146,CLO,2003800.jpg,2003800,2,0,NA
2003802_2,2023-01-04 22:55:56.313129,CLO,2003802.jpg,2003802,2,0,NA
2003824_2,2023-01-04 22:55:55.750647,CLO,2003824.jpg,2003824,2,0,NA
2003863_2,2023-01-04 22:55:55.156904,CLO,2003863.jpg,2003863,2,0,NA
2003864_2,2023-01-04 22:55:54.610034,CLO,2003864.jpg,2003864,2,0,NA
2004050_2,2023-01-04 22:55:54.063157,CLO,2004050.jpg,2004050,2,0,NA
2003966_2,2023-01-04 22:55:53.453949,CLO,2003966.jpg,2003966,2,0,NA
2004052_2,2023-01-04 22:55:52.938431,CLO,2004052.jpg,2004052,2,0,NA
2004264_2,2023-01-04 22:55:52.219434,CLO,2004264.jpg,2004264,2,0,NA
2004345_2,2023-01-04 22:55:51.610043,CLO,2004345.jpg,2004345,2,0,NA
2004362_2,2023-01-04 22:55:51.047545,CLO,2004362.jpg,2004362,2,0,NA
2004361_2,2023-01-04 22:55:50.531922,CLO,2004361.jpg,2004361,2,0,NA
2004352_2,2023-01-04 22:55:50.000674,CLO,2004352.jpg,2004352,2,0,NA
2004366_2,2023-01-04 22:55:49.438264,CLO,2004366.jpg,2004366,2,0,NA
2004663_2,2023-01-04 22:55:48.922559,CLO,2004663.jpg,2004663,2,0,NA
2004482_2,2023-01-04 22:55:48.250710,CLO,2004482.jpg,2004482,2,0,NA
2004363_2,2023-01-04 22:55:47.672714,CLO,2004363.jpg,2004363,2,0,NA
2004810_2,2023-01-04 22:55:47.063234,CLO,2004810.jpg,2004810,2,0,NA
1913040_1,2023-01-04 22:55:46.531953,CLO,1913040.jpg,1913040,1,0,NA
1913041_1,2023-01-04 22:55:45.953836,CLO,1913041.jpg,1913041,1,0,NA
1913042_1,2023-01-04 22:55:44.891331,CLO,1913042.jpg,1913042,1,0,NA
1913044_1,2023-01-04 22:55:44.328889,CLO,1913044.jpg,1913044,1,0,NA
1913093_1,2023-01-04 22:55:43.781956,CLO,1913093.jpg,1913093,1,0,NA
2000110_2,2023-01-04 22:55:43.250804,CLO,2000110.jpg,2000110,2,0,NA
1903500_1,2023-01-04 22:55:42.703825,CLO,1903500.jpg,1903500,1,0,NA
2001534_2,2023-01-04 22:55:42.094451,CLO,2001534.jpg,2001534,2,0,NA
2001731_2,2023-01-04 22:55:41.500707,CLO,2001731.jpg,2001731,2,0,NA
2001914_2,2023-01-04 22:55:40.953844,CLO,2001914.jpg,2001914,2,0,NA
2001730_2,2023-01-04 22:55:40.391344,CLO,2001730.jpg,2001730,2,0,NA
2002796_2,2023-01-04 22:55:39.797695,CLO,2002796.jpg,2002796,2,0,NA
2003683_2,2023-01-04 22:55:39.219487,CLO,2003683.jpg,2003683,2,0,NA
2004639_2,2023-01-04 22:55:38.656965,CLO,2004639.jpg,2004639,2,0,NA
2003728_2,2023-01-04 22:55:38.031959,CLO,2003728.jpg,2003728,2,0,NA
2004824_2,2023-01-04 22:55:37.469469,CLO,2004824.jpg,2004824,2,0,NA
2004648_2,2023-01-04 22:55:36.938231,CLO,2004648.jpg,2004648,2,0,NA
1913095_1,2023-01-04 22:55:36.360104,CLO,1913095.jpg,1913095,1,0,NA
2002375_2,2023-01-04 22:55:35.813277,CLO,2002375.jpg,2002375,2,0,NA
2003270_2,2023-01-04 22:55:35.281979,CLO,2003270.jpg,2003270,2,0,NA
1913090_1,2023-01-04 22:55:34.735108,CLO,1913090.jpg,1913090,1,0,NA
2003304_2,2023-01-04 22:55:34.156990,CLO,2003304.jpg,2003304,2,0,NA
2003308_2,2023-01-04 22:55:33.641369,CLO,2003308.jpg,2003308,2,0,NA
2003634_2,2023-01-04 22:55:33.063243,CLO,2003634.jpg,2003634,2,0,NA
2003639_2,2023-01-04 22:55:32.516368,CLO,2003639.jpg,2003639,2,0,NA
2003647_2,2023-01-04 22:55:31.938235,CLO,2003647.jpg,2003647,2,0,NA
2003763_2,2023-01-04 22:55:31.391376,CLO,2003763.jpg,2003763,2,0,NA
2003739_2,2023-01-04 22:55:30.844499,CLO,2003739.jpg,2003739,2,0,NA
2003795_2,2023-01-04 22:55:30.328872,CLO,2003795.jpg,2003795,2,0,NA
2003818_2,2023-01-04 22:55:29.750759,CLO,2003818.jpg,2003818,2,0,NA
2003803_2,2023-01-04 22:55:29.219514,CLO,2003803.jpg,2003803,2,0,NA
2003772_2,2023-01-04 22:55:28.625769,CLO,2003772.jpg,2003772,2,0,NA
2004400_2,2023-01-04 22:55:28.094504,CLO,2004400.jpg,2004400,2,0,NA
2004336_2,2023-01-04 22:55:27.578882,CLO,2004336.jpg,2004336,2,0,NA
2004481_2,2023-01-04 22:55:27.016380,CLO,2004481.jpg,2004481,2,0,NA
2004402_2,2023-01-04 22:55:26.485147,CLO,2004402.jpg,2004402,2,0,NA
2005027_2,2023-01-04 22:55:25.953894,CLO,2005027.jpg,2005027,2,0,NA
2005029_2,2023-01-04 22:55:25.391460,CLO,2005029.jpg,2005029,2,0,NA
2005030_2,2023-01-04 22:55:24.782036,CLO,2005030.jpg,2005030,2,0,NA
2005028_2,2023-01-04 22:55:24.188276,CLO,2005028.jpg,2005028,2,0,NA
2004340_2,2023-01-04 22:55:23.641399,CLO,2004340.jpg,2004340,2,0,NA
2004360_2,2023-01-04 22:55:23.094523,CLO,2004360.jpg,2004360,2,0,NA
2004408_2,2023-01-04 22:55:22.532032,CLO,2004408.jpg,2004408,2,0,NA
2004477_2,2023-01-04 22:55:22.032032,CLO,2004477.jpg,2004477,2,0,NA
2004409_2,2023-01-04 22:55:21.422669,CLO,2004409.jpg,2004409,2,0,NA
2004674_2,2023-01-04 22:55:20.860253,CLO,2004674.jpg,2004674,2,0,NA
2004735_2,2023-01-04 22:55:20.328917,CLO,2004735.jpg,2004735,2,0,NA
2003640_2,2023-01-04 22:55:19.735164,CLO,2003640.jpg,2003640,2,0,NA
2003649_2,2023-01-04 22:55:19.188310,CLO,2003649.jpg,2003649,2,0,NA
2003662_2,2023-01-04 22:55:18.594540,CLO,2003662.jpg,2003662,2,0,NA
2003659_2,2023-01-04 22:55:18.063295,CLO,2003659.jpg,2003659,2,0,NA
2003674_2,2023-01-04 22:55:17.485179,CLO,2003674.jpg,2003674,2,0,NA
2003671_2,2023-01-04 22:55:16.969550,CLO,2003671.jpg,2003671,2,0,NA
2003727_2,2023-01-04 22:55:16.453933,CLO,2003727.jpg,2003727,2,0,NA
2003732_2,2023-01-04 22:55:15.891444,CLO,2003732.jpg,2003732,2,0,NA
2003765_2,2023-01-04 22:55:15.297683,CLO,2003765.jpg,2003765,2,0,NA
2004079_2,2023-01-04 22:55:14.719568,CLO,2004079.jpg,2004079,2,0,NA
2003779_2,2023-01-04 22:55:14.188317,CLO,2003779.jpg,2003779,2,0,NA
2004100_2,2023-01-04 22:55:13.610217,CLO,2004100.jpg,2004100,2,0,NA
2004271_2,2023-01-04 22:55:13.078933,CLO,2004271.jpg,2004271,2,0,NA
2004307_2,2023-01-04 22:55:12.485195,CLO,2004307.jpg,2004307,2,0,NA
2004386_2,2023-01-04 22:55:11.891424,CLO,2004386.jpg,2004386,2,0,NA
2004379_2,2023-01-04 22:55:11.344567,CLO,2004379.jpg,2004379,2,0,NA
2004625_2,2023-01-04 22:55:10.735200,CLO,2004625.jpg,2004625,2,0,NA
2004480_2,2023-01-04 22:55:10.141480,CLO,2004480.jpg,2004480,2,0,NA
2004633_2,2023-01-04 22:55:09.578954,CLO,2004633.jpg,2004633,2,0,NA
2004647_2,2023-01-04 22:55:09.016476,CLO,2004647.jpg,2004647,2,0,NA
2004643_2,2023-01-04 22:55:08.453963,CLO,2004643.jpg,2004643,2,0,NA
2004657_2,2023-01-04 22:55:07.938313,CLO,2004657.jpg,2004657,2,0,NA
2004661_2,2023-01-04 22:55:07.297734,CLO,2004661.jpg,2004661,2,0,NA
2004685_2,2023-01-04 22:55:06.735223,CLO,2004685.jpg,2004685,2,0,NA
2004669_2,2023-01-04 22:55:06.188363,CLO,2004669.jpg,2004669,2,0,NA
2004740_2,2023-01-04 22:55:05.657092,CLO,2004740.jpg,2004740,2,0,NA
2001518_2,2023-01-04 22:55:05.110254,CLO,2001518.jpg,2001518,2,0,NA
1912468_1,2023-01-04 22:55:04.438354,CLO,1912468.jpg,1912468,1,0,NA
2002381_2,2023-01-04 22:55:03.422731,CLO,2002381.jpg,2002381,2,0,NA
1912288_1,2023-01-04 22:55:02.453997,CLO,1912288.jpg,1912288,1,0,NA
2003016_2,2023-01-04 22:55:01.500859,CLO,2003016.jpg,2003016,2,0,NA
2003017_2,2023-01-04 22:55:00.750899,CLO,2003017.jpg,2003017,2,0,NA
2003319_2,2023-01-04 22:55:00.094734,CLO,2003319.jpg,2003319,2,0,NA
2003591_2,2023-01-04 22:54:59.532117,CLO,2003591.jpg,2003591,2,0,NA
2003638_2,2023-01-04 22:54:58.954021,CLO,2003638.jpg,2003638,2,0,NA
2003636_2,2023-01-04 22:54:58.422907,CLO,2003636.jpg,2003636,2,0,NA
2004254_2,2023-01-04 22:54:57.844623,CLO,2004254.jpg,2004254,2,0,NA
2004357_2,2023-01-04 22:54:57.282145,CLO,2004357.jpg,2004357,2,0,NA
2004318_2,2023-01-04 22:54:56.719942,CLO,2004318.jpg,2004318,2,0,NA
2004245_2,2023-01-04 22:54:56.125919,CLO,2004245.jpg,2004245,2,0,NA
2004353_2,2023-01-04 22:54:55.563387,CLO,2004353.jpg,2004353,2,0,NA
2004252_2,2023-01-04 22:54:54.954020,CLO,2004252.jpg,2004252,2,0,NA
2004355_2,2023-01-04 22:54:54.422838,CLO,2004355.jpg,2004355,2,0,NA
2004356_2,2023-01-04 22:54:53.907166,CLO,2004356.jpg,2004356,2,0,NA
2004404_2,2023-01-04 22:54:53.407151,CLO,2004404.jpg,2004404,2,0,NA
2004407_2,2023-01-04 22:54:52.875919,CLO,2004407.jpg,2004407,2,0,NA
2004631_2,2023-01-04 22:54:52.297776,CLO,2004631.jpg,2004631,2,0,NA
2004515_2,2023-01-04 22:54:51.735289,CLO,2004515.jpg,2004515,2,0,NA
2004632_2,2023-01-04 22:54:51.172785,CLO,2004632.jpg,2004632,2,0,NA
2004800_2,2023-01-04 22:54:50.610290,CLO,2004800.jpg,2004800,2,0,NA
2005015_2,2023-01-04 22:54:50.079035,CLO,2005015.jpg,2005015,2,0,NA
2004816_2,2023-01-04 22:54:49.454177,CLO,2004816.jpg,2004816,2,0,NA
2005649_2,2023-01-04 22:54:48.907166,CLO,2005649.jpg,2005649,2,0,NA
2005066_2,2023-01-04 22:54:48.360354,CLO,2005066.jpg,2005066,2,0,NA
1911861_1,2023-01-04 22:54:47.860420,CLO,1911861.jpg,1911861,1,0,NA
1913039_1,2023-01-04 22:54:47.250906,CLO,1913039.jpg,1913039,1,0,NA
2000957_2,2023-01-04 22:54:46.735423,CLO,2000957.jpg,2000957,2,0,NA
2001420_2,2023-01-04 22:54:46.219734,CLO,2001420.jpg,2001420,2,0,NA
2001940_2,2023-01-04 22:54:45.657176,CLO,2001940.jpg,2001940,2,0,NA
2003672_2,2023-01-04 22:54:45.063423,CLO,2003672.jpg,2003672,2,0,NA
2004102_2,2023-01-04 22:54:44.547963,CLO,2004102.jpg,2004102,2,0,NA
2003860_2,2023-01-04 22:54:43.938523,CLO,2003860.jpg,2003860,2,0,NA
2004109_2,2023-01-04 22:54:43.375942,CLO,2004109.jpg,2004109,2,0,NA
2004105_2,2023-01-04 22:54:42.860293,CLO,2004105.jpg,2004105,2,0,NA
2004237_2,2023-01-04 22:54:42.172792,CLO,2004237.jpg,2004237,2,0,NA
2004178_2,2023-01-04 22:54:41.594673,CLO,2004178.jpg,2004178,2,0,NA
2004239_2,2023-01-04 22:54:41.063417,CLO,2004239.jpg,2004239,2,0,NA
2004238_2,2023-01-04 22:54:40.485315,CLO,2004238.jpg,2004238,2,0,NA
2004240_2,2023-01-04 22:54:39.875922,CLO,2004240.jpg,2004240,2,0,NA
2004241_2,2023-01-04 22:54:39.141555,CLO,2004241.jpg,2004241,2,0,NA
2004242_2,2023-01-04 22:54:38.000928,CLO,2004242.jpg,2004242,2,0,NA
2004323_2,2023-01-04 22:54:37.375938,CLO,2004323.jpg,2004323,2,0,NA
2004369_2,2023-01-04 22:54:36.846449,CLO,2004369.jpg,2004369,2,0,NA
2004677_2,2023-01-04 22:54:36.219757,CLO,2004677.jpg,2004677,2,0,NA
2004680_2,2023-01-04 22:54:35.672836,CLO,2004680.jpg,2004680,2,0,NA
2004678_2,2023-01-04 22:54:35.157210,CLO,2004678.jpg,2004678,2,0,NA
2004817_2,2023-01-04 22:54:34.610471,CLO,2004817.jpg,2004817,2,0,NA
2004814_2,2023-01-04 22:54:34.063473,CLO,2004814.jpg,2004814,2,0,NA
2004861_2,2023-01-04 22:54:33.516675,CLO,2004861.jpg,2004861,2,0,NA
2005651_2,2023-01-04 22:54:32.891732,CLO,2005651.jpg,2005651,2,0,NA
1910358_1,2023-01-04 22:54:32.329101,CLO,1910358.jpg,1910358,1,0,NA
2001559_2,2023-01-04 22:54:31.344731,CLO,2001559.jpg,2001559,2,0,NA
2000757_2,2023-01-04 22:54:30.797870,CLO,2000757.jpg,2000757,2,0,NA
2004145_2,2023-01-04 22:54:30.219760,CLO,2004145.jpg,2004145,2,0,NA
2004140_2,2023-01-04 22:54:29.625980,CLO,2004140.jpg,2004140,2,0,NA
2004171_2,2023-01-04 22:54:29.094733,CLO,2004171.jpg,2004171,2,0,NA
2004176_2,2023-01-04 22:54:28.563484,CLO,2004176.jpg,2004176,2,0,NA
2004179_2,2023-01-04 22:54:28.032236,CLO,2004179.jpg,2004179,2,0,NA
2004180_2,2023-01-04 22:54:27.516612,CLO,2004180.jpg,2004180,2,0,NA
2004116_2,2023-01-04 22:54:26.907263,CLO,2004116.jpg,2004116,2,0,NA
2004118_2,2023-01-04 22:54:26.329211,CLO,2004118.jpg,2004118,2,0,NA
2004117_2,2023-01-04 22:54:25.813554,CLO,2004117.jpg,2004117,2,0,NA
2004173_2,2023-01-04 22:54:25.235498,CLO,2004173.jpg,2004173,2,0,NA
2004172_2,2023-01-04 22:54:24.672874,CLO,2004172.jpg,2004172,2,0,NA
2004174_2,2023-01-04 22:54:24.126016,CLO,2004174.jpg,2004174,2,0,NA
2004247_2,2023-01-04 22:54:23.485380,CLO,2004247.jpg,2004247,2,0,NA
2004253_2,2023-01-04 22:54:22.969782,CLO,2004253.jpg,2004253,2,0,NA
2004255_2,2023-01-04 22:54:22.376005,CLO,2004255.jpg,2004255,2,0,NA
2004256_2,2023-01-04 22:54:21.844761,CLO,2004256.jpg,2004256,2,0,NA
2004270_2,2023-01-04 22:54:21.251020,CLO,2004270.jpg,2004270,2,0,NA
2004274_2,2023-01-04 22:54:20.719766,CLO,2004274.jpg,2004274,2,0,NA
2004280_2,2023-01-04 22:54:20.126100,CLO,2004280.jpg,2004280,2,0,NA
2004281_2,2023-01-04 22:54:19.579152,CLO,2004281.jpg,2004281,2,0,NA
2004309_2,2023-01-04 22:54:19.063521,CLO,2004309.jpg,2004309,2,0,NA
2004310_2,2023-01-04 22:54:18.532275,CLO,2004310.jpg,2004310,2,0,NA
2004371_2,2023-01-04 22:54:17.938525,CLO,2004371.jpg,2004371,2,0,NA
2004365_2,2023-01-04 22:54:17.391656,CLO,2004365.jpg,2004365,2,0,NA
2004349_2,2023-01-04 22:54:16.813809,CLO,2004349.jpg,2004349,2,0,NA
2004394_2,2023-01-04 22:54:16.297905,CLO,2004394.jpg,2004394,2,0,NA
2004424_2,2023-01-04 22:54:15.766653,CLO,2004424.jpg,2004424,2,0,NA
2004483_2,2023-01-04 22:54:15.235455,CLO,2004483.jpg,2004483,2,0,NA
2004512_2,2023-01-04 22:54:14.688536,CLO,2004512.jpg,2004512,2,0,NA
2004627_2,2023-01-04 22:54:14.126040,CLO,2004627.jpg,2004627,2,0,NA
2004665_2,2023-01-04 22:54:13.485543,CLO,2004665.jpg,2004665,2,0,NA
2004676_2,2023-01-04 22:54:12.954176,CLO,2004676.jpg,2004676,2,0,NA
2005018_2,2023-01-04 22:54:12.422929,CLO,2005018.jpg,2005018,2,0,NA
2004808_2,2023-01-04 22:54:11.891680,CLO,2004808.jpg,2004808,2,0,NA
2005023_2,2023-01-04 22:54:11.282428,CLO,2005023.jpg,2005023,2,0,NA
2005019_2,2023-01-04 22:54:10.766676,CLO,2005019.jpg,2005019,2,0,NA
2005150_2,2023-01-04 22:54:10.251056,CLO,2005150.jpg,2005150,2,0,NA
2005155_2,2023-01-04 22:54:09.641843,CLO,2005155.jpg,2005155,2,0,NA
2005197_2,2023-01-04 22:54:09.094815,CLO,2005197.jpg,2005197,2,0,NA
2005595_2,2023-01-04 22:54:08.563565,CLO,2005595.jpg,2005595,2,0,NA
2005627_2,2023-01-04 22:54:08.001311,CLO,2005627.jpg,2005627,2,0,NA
2005643_2,2023-01-04 22:54:07.438567,CLO,2005643.jpg,2005643,2,0,NA
2005634_2,2023-01-04 22:54:06.860439,CLO,2005634.jpg,2005634,2,0,NA
2005788_2,2023-01-04 22:54:06.282325,CLO,2005788.jpg,2005788,2,0,NA
2005767_2,2023-01-04 22:54:05.688687,CLO,2005767.jpg,2005767,2,0,NA
2005801_2,2023-01-04 22:54:05.126076,CLO,2005801.jpg,2005801,2,0,NA
2005902_2,2023-01-04 22:54:04.594853,CLO,2005902.jpg,2005902,2,0,NA
2006486_2,2023-01-04 22:54:04.032619,CLO,2006486.jpg,2006486,2,0,NA
2002688_2,2023-01-04 22:54:03.516692,CLO,2002688.jpg,2002688,2,0,NA
2002679_2,2023-01-04 22:54:02.969831,CLO,2002679.jpg,2002679,2,0,NA
2002831_2,2023-01-04 22:54:02.032354,CLO,2002831.jpg,2002831,2,0,NA
2002901_2,2023-01-04 22:54:01.454215,CLO,2002901.jpg,2002901,2,0,NA
2002925_2,2023-01-04 22:54:00.907352,CLO,2002925.jpg,2002925,2,0,NA
2002999_2,2023-01-04 22:53:59.985484,CLO,2002999.jpg,2002999,2,0,NA
2003018_2,2023-01-04 22:53:59.407333,CLO,2003018.jpg,2003018,2,0,NA
2003023_2,2023-01-04 22:53:58.844851,CLO,2003023.jpg,2003023,2,0,NA
2003316_2,2023-01-04 22:53:58.282336,CLO,2003316.jpg,2003316,2,0,NA
2003115_2,2023-01-04 22:53:57.751102,CLO,2003115.jpg,2003115,2,0,NA
2003329_2,2023-01-04 22:53:57.157364,CLO,2003329.jpg,2003329,2,0,NA
2003532_2,2023-01-04 22:53:56.579246,CLO,2003532.jpg,2003532,2,0,NA
2003645_2,2023-01-04 22:53:56.032362,CLO,2003645.jpg,2003645,2,0,NA
2003660_2,2023-01-04 22:53:55.501108,CLO,2003660.jpg,2003660,2,0,NA
2003588_2,2023-01-04 22:53:54.985500,CLO,2003588.jpg,2003588,2,0,NA
2003740_2,2023-01-04 22:53:54.157361,CLO,2003740.jpg,2003740,2,0,NA
2003810_2,2023-01-04 22:53:53.610490,CLO,2003810.jpg,2003810,2,0,NA
2003809_2,2023-01-04 22:53:53.094881,CLO,2003809.jpg,2003809,2,0,NA
2003865_2,2023-01-04 22:53:52.501140,CLO,2003865.jpg,2003865,2,0,NA
2004045_2,2023-01-04 22:53:51.969903,CLO,2004045.jpg,2004045,2,0,NA
2004043_2,2023-01-04 22:53:51.438624,CLO,2004043.jpg,2004043,2,0,NA
2004048_2,2023-01-04 22:53:50.923006,CLO,2004048.jpg,2004048,2,0,NA
2004071_2,2023-01-04 22:53:50.344879,CLO,2004071.jpg,2004071,2,0,NA
2004080_2,2023-01-04 22:53:49.813690,CLO,2004080.jpg,2004080,2,0,NA
1908770_1,2023-01-04 22:53:49.204255,CLO,1908770.jpg,1908770,1,0,NA
2000121_2,2023-01-04 22:53:48.673120,CLO,2000121.jpg,2000121,2,0,NA
2001344_2,2023-01-04 22:53:48.110602,CLO,2001344.jpg,2001344,2,0,NA
2001419_2,2023-01-04 22:53:47.548015,CLO,2001419.jpg,2001419,2,0,NA
2001544_2,2023-01-04 22:53:46.954289,CLO,2001544.jpg,2001544,2,0,NA
2001546_2,2023-01-04 22:53:46.391768,CLO,2001546.jpg,2001546,2,0,NA
2001555_2,2023-01-04 22:53:45.829274,CLO,2001555.jpg,2001555,2,0,NA
2001946_2,2023-01-04 22:53:45.267037,CLO,2001946.jpg,2001946,2,0,NA
2002218_2,2023-01-04 22:53:44.657419,CLO,2002218.jpg,2002218,2,0,NA
2002412_2,2023-01-04 22:53:44.110595,CLO,2002412.jpg,2002412,2,0,NA
2002570_2,2023-01-04 22:53:43.532415,CLO,2002570.jpg,2002570,2,0,NA
2002415_2,2023-01-04 22:53:42.923040,CLO,2002415.jpg,2002415,2,0,NA
2002590_2,2023-01-04 22:53:42.360552,CLO,2002590.jpg,2002590,2,0,NA
1910297_1,2023-01-04 22:53:41.813660,CLO,1910297.jpg,1910297,1,0,NA
1909780_1,2023-01-04 22:53:41.282609,CLO,1909780.jpg,1909780,1,0,NA
2000144_2,2023-01-04 22:53:40.719984,CLO,2000144.jpg,2000144,2,0,NA
1911859_1,2023-01-04 22:53:40.141824,CLO,1911859.jpg,1911859,1,0,NA
1910318_1,2023-01-04 22:53:39.610547,CLO,1910318.jpg,1910318,1,0,NA
2001373_2,2023-01-04 22:53:38.938665,CLO,2001373.jpg,2001373,2,0,NA
2000974_2,2023-01-04 22:53:38.376177,CLO,2000974.jpg,2000974,2,0,NA
2000053_2,2023-01-04 22:53:37.829310,CLO,2000053.jpg,2000053,2,0,NA
2001741_2,2023-01-04 22:53:37.329312,CLO,2001741.jpg,2001741,2,0,NA
2001743_2,2023-01-04 22:53:36.798064,CLO,2001743.jpg,2001743,2,0,NA
1912422_1,2023-01-04 22:53:36.423058,CLO,1912422.jpg,1912422,1,0,NA
2001745_2,2023-01-04 22:53:35.844938,CLO,2001745.jpg,2001745,2,0,NA
1912888_1,2023-01-04 22:53:35.454312,CLO,1912888.jpg,1912888,1,0,NA
2001857_2,2023-01-04 22:53:34.782444,CLO,2001857.jpg,2001857,2,0,NA
2000754_2,2023-01-04 22:53:34.391817,CLO,2000754.jpg,2000754,2,0,NA
2003136_2,2023-01-04 22:53:33.844947,CLO,2003136.jpg,2003136,2,0,NA
2003305_2,2023-01-04 22:53:33.282447,CLO,2003305.jpg,2003305,2,0,NA
2002380_2,2023-01-04 22:53:32.673071,CLO,2002380.jpg,2002380,2,0,NA
2003817_2,2023-01-04 22:53:32.141822,CLO,2003817.jpg,2003817,2,0,NA
2003318_2,2023-01-04 22:53:31.610591,CLO,2003318.jpg,2003318,2,0,NA
2004244_2,2023-01-04 22:53:31.063701,CLO,2004244.jpg,2004244,2,0,NA
2003975_2,2023-01-04 22:53:30.516837,CLO,2003975.jpg,2003975,2,0,NA
2004285_2,2023-01-04 22:53:29.985588,CLO,2004285.jpg,2004285,2,0,NA
2004286_2,2023-01-04 22:53:29.469972,CLO,2004286.jpg,2004286,2,0,NA
2004313_2,2023-01-04 22:53:28.860590,CLO,2004313.jpg,2004313,2,0,NA
2004485_2,2023-01-04 22:53:28.266838,CLO,2004485.jpg,2004485,2,0,NA
2004419_2,2023-01-04 22:53:27.719971,CLO,2004419.jpg,2004419,2,0,NA
2004344_2,2023-01-04 22:53:27.173134,CLO,2004344.jpg,2004344,2,0,NA
2004490_2,2023-01-04 22:53:26.657459,CLO,2004490.jpg,2004490,2,0,NA
2004493_2,2023-01-04 22:53:26.063735,CLO,2004493.jpg,2004493,2,0,NA
2004697_2,2023-01-04 22:53:25.485593,CLO,2004697.jpg,2004697,2,0,NA
2004818_2,2023-01-04 22:53:24.923101,CLO,2004818.jpg,2004818,2,0,NA
2005017_2,2023-01-04 22:53:24.391856,CLO,2005017.jpg,2005017,2,0,NA
2004827_2,2023-01-04 22:53:23.829340,CLO,2004827.jpg,2004827,2,0,NA
2005041_2,2023-01-04 22:53:23.282496,CLO,2005041.jpg,2005041,2,0,NA
2005171_2,2023-01-04 22:53:22.719994,CLO,2005171.jpg,2005171,2,0,NA
2005205_2,2023-01-04 22:53:22.142023,CLO,2005205.jpg,2005205,2,0,NA
2002234_2,2023-01-04 22:53:21.610616,CLO,2002234.jpg,2002234,2,0,NA
2002237_2,2023-01-04 22:53:20.954370,CLO,2002237.jpg,2002237,2,0,NA
2003311_2,2023-01-04 22:53:20.439738,CLO,2003311.jpg,2003311,2,0,NA
2003333_2,2023-01-04 22:53:19.876259,CLO,2003333.jpg,2003333,2,0,NA
2002779_2,2023-01-04 22:53:19.360691,CLO,2002779.jpg,2002779,2,0,NA
2003431_2,2023-01-04 22:53:18.501251,CLO,2003431.jpg,2003431,2,0,NA
2003414_2,2023-01-04 22:53:17.907506,CLO,2003414.jpg,2003414,2,0,NA
2003489_2,2023-01-04 22:53:17.391884,CLO,2003489.jpg,2003489,2,0,NA
2004115_2,2023-01-04 22:53:16.813760,CLO,2004115.jpg,2004115,2,0,NA
2004315_2,2023-01-04 22:53:16.266896,CLO,2004315.jpg,2004315,2,0,NA
2004489_2,2023-01-04 22:53:15.735641,CLO,2004489.jpg,2004489,2,0,NA
2004494_2,2023-01-04 22:53:15.157526,CLO,2004494.jpg,2004494,2,0,NA
2004495_2,2023-01-04 22:53:14.626266,CLO,2004495.jpg,2004495,2,0,NA
2004496_2,2023-01-04 22:53:14.095024,CLO,2004496.jpg,2004496,2,0,NA
2004497_2,2023-01-04 22:53:13.563774,CLO,2004497.jpg,2004497,2,0,NA
2004498_2,2023-01-04 22:53:13.016886,CLO,2004498.jpg,2004498,2,0,NA
2004679_2,2023-01-04 22:53:12.501328,CLO,2004679.jpg,2004679,2,0,NA
2004781_2,2023-01-04 22:53:11.907526,CLO,2004781.jpg,2004781,2,0,NA
2004738_2,2023-01-04 22:53:11.391893,CLO,2004738.jpg,2004738,2,0,NA
2001564_2,2023-01-04 22:53:10.829475,CLO,2001564.jpg,2001564,2,0,NA
2002230_2,2023-01-04 22:53:10.251287,CLO,2002230.jpg,2002230,2,0,NA
2003157_2,2023-01-04 22:53:09.673159,CLO,2003157.jpg,2003157,2,0,NA
2003834_2,2023-01-04 22:53:09.110790,CLO,2003834.jpg,2003834,2,0,NA
2004317_2,2023-01-04 22:53:08.501364,CLO,2004317.jpg,2004317,2,0,NA
2004322_2,2023-01-04 22:53:07.954421,CLO,2004322.jpg,2004322,2,0,NA
2004427_2,2023-01-04 22:53:07.423172,CLO,2004427.jpg,2004427,2,0,NA
2004465_2,2023-01-04 22:53:06.907561,CLO,2004465.jpg,2004465,2,0,NA
2004464_2,2023-01-04 22:53:06.391925,CLO,2004464.jpg,2004464,2,0,NA
2004662_2,2023-01-04 22:53:05.829424,CLO,2004662.jpg,2004662,2,0,NA
2004741_2,2023-01-04 22:53:05.313819,CLO,2004741.jpg,2004741,2,0,NA
2004743_2,2023-01-04 22:53:04.766952,CLO,2004743.jpg,2004743,2,0,NA
2004746_2,2023-01-04 22:53:04.157557,CLO,2004746.jpg,2004746,2,0,NA
2005241_2,2023-01-04 22:53:03.563813,CLO,2005241.jpg,2005241,2,0,NA
2005630_2,2023-01-04 22:53:03.016944,CLO,2005630.jpg,2005630,2,0,NA
1910733_1,2023-01-04 22:53:02.470060,CLO,1910733.jpg,1910733,1,0,NA
1912711_1,2023-01-04 22:53:02.079418,CLO,1912711.jpg,1912711,1,0,NA
1912757_1,2023-01-04 22:53:01.548210,CLO,1912757.jpg,1912757,1,0,NA
1912892_1,2023-01-04 22:53:00.970066,CLO,1912892.jpg,1912892,1,0,NA
1903480_1,2023-01-04 22:53:00.407591,CLO,1903480.jpg,1903480,1,0,NA
1910254_1,2023-01-04 22:52:59.782585,CLO,1910254.jpg,1910254,1,0,NA
2000106_2,2023-01-04 22:52:59.188834,CLO,2000106.jpg,2000106,2,0,NA
1912122_1,2023-01-04 22:52:58.688838,CLO,1912122.jpg,1912122,1,0,NA
2002219_2,2023-01-04 22:52:58.032563,CLO,2002219.jpg,2002219,2,0,NA
2001923_2,2023-01-04 22:52:57.501348,CLO,2001923.jpg,2001923,2,0,NA
2002904_2,2023-01-04 22:52:56.938843,CLO,2002904.jpg,2002904,2,0,NA
2002906_2,2023-01-04 22:52:56.376335,CLO,2002906.jpg,2002906,2,0,NA
2003362_2,2023-01-04 22:52:55.735724,CLO,2003362.jpg,2003362,2,0,NA
2003366_2,2023-01-04 22:52:55.110733,CLO,2003366.jpg,2003366,2,0,NA
2003762_2,2023-01-04 22:52:54.595094,CLO,2003762.jpg,2003762,2,0,NA
2003766_2,2023-01-04 22:52:54.048240,CLO,2003766.jpg,2003766,2,0,NA
2003782_2,2023-01-04 22:52:53.532601,CLO,2003782.jpg,2003782,2,0,NA
2003780_2,2023-01-04 22:52:52.985722,CLO,2003780.jpg,2003780,2,0,NA
2004047_2,2023-01-04 22:52:52.454493,CLO,2004047.jpg,2004047,2,0,NA
2004044_2,2023-01-04 22:52:51.938852,CLO,2004044.jpg,2004044,2,0,NA
2004051_2,2023-01-04 22:52:51.407604,CLO,2004051.jpg,2004051,2,0,NA
2004297_2,2023-01-04 22:52:50.829482,CLO,2004297.jpg,2004297,2,0,NA
2004693_2,2023-01-04 22:52:50.266985,CLO,2004693.jpg,2004693,2,0,NA
2004838_2,2023-01-04 22:52:49.657617,CLO,2004838.jpg,2004838,2,0,NA
2005034_2,2023-01-04 22:52:49.110737,CLO,2005034.jpg,2005034,2,0,NA
2005148_2,2023-01-04 22:52:48.548325,CLO,2005148.jpg,2005148,2,0,NA
2005170_2,2023-01-04 22:52:47.829507,CLO,2005170.jpg,2005170,2,0,NA
2005151_2,2023-01-04 22:52:47.298244,CLO,2005151.jpg,2005151,2,0,NA
2005191_2,2023-01-04 22:52:46.766999,CLO,2005191.jpg,2005191,2,0,NA
2005779_2,2023-01-04 22:52:46.188875,CLO,2005779.jpg,2005779,2,0,NA
2005817_2,2023-01-04 22:52:45.642002,CLO,2005817.jpg,2005817,2,0,NA
1912889_1,2023-01-04 22:52:45.110770,CLO,1912889.jpg,1912889,1,0,NA
1913043_1,2023-01-04 22:52:44.517011,CLO,1913043.jpg,1913043,1,0,NA
2001536_2,2023-01-04 22:52:43.970134,CLO,2001536.jpg,2001536,2,0,NA
2002423_2,2023-01-04 22:52:43.423301,CLO,2002423.jpg,2002423,2,0,NA
2001547_2,2023-01-04 22:52:42.845138,CLO,2001547.jpg,2001547,2,0,NA
2003310_2,2023-01-04 22:52:42.313958,CLO,2003310.jpg,2003310,2,0,NA
2003667_2,2023-01-04 22:52:41.798280,CLO,2003667.jpg,2003667,2,0,NA
2003652_2,2023-01-04 22:52:41.267017,CLO,2003652.jpg,2003652,2,0,NA
2003303_2,2023-01-04 22:52:40.751406,CLO,2003303.jpg,2003303,2,0,NA
2003755_2,2023-01-04 22:52:40.095148,CLO,2003755.jpg,2003755,2,0,NA
2003747_2,2023-01-04 22:52:39.579544,CLO,2003747.jpg,2003747,2,0,NA
2004277_2,2023-01-04 22:52:38.985802,CLO,2004277.jpg,2004277,2,0,NA
2004302_2,2023-01-04 22:52:38.438921,CLO,2004302.jpg,2004302,2,0,NA
2004463_2,2023-01-04 22:52:37.907744,CLO,2004463.jpg,2004463,2,0,NA
2004314_2,2023-01-04 22:52:37.313917,CLO,2004314.jpg,2004314,2,0,NA
2004467_2,2023-01-04 22:52:36.751450,CLO,2004467.jpg,2004467,2,0,NA
2004469_2,2023-01-04 22:52:36.173298,CLO,2004469.jpg,2004469,2,0,NA
2004742_2,2023-01-04 22:52:35.517049,CLO,2004742.jpg,2004742,2,0,NA
2005143_2,2023-01-04 22:52:34.907660,CLO,2005143.jpg,2005143,2,0,NA
2004815_2,2023-01-04 22:52:34.329556,CLO,2004815.jpg,2004815,2,0,NA
2005851_2,2023-01-04 22:52:33.782684,CLO,2005851.jpg,2005851,2,0,NA
2003355_2,2023-01-04 22:52:33.204556,CLO,2003355.jpg,2003355,2,0,NA
2003356_2,2023-01-04 22:52:32.626432,CLO,2003356.jpg,2003356,2,0,NA
2004248_2,2023-01-04 22:52:32.126431,CLO,2004248.jpg,2004248,2,0,NA
2004273_2,2023-01-04 22:52:31.579556,CLO,2004273.jpg,2004273,2,0,NA
2004492_2,2023-01-04 22:52:31.048333,CLO,2004492.jpg,2004492,2,0,NA
2005067_2,2023-01-04 22:52:30.485806,CLO,2005067.jpg,2005067,2,0,NA
2005063_2,2023-01-04 22:52:29.923317,CLO,2005063.jpg,2005063,2,0,NA
2005021_2,2023-01-04 22:52:29.392073,CLO,2005021.jpg,2005021,2,0,NA
2005088_2,2023-01-04 22:52:28.829570,CLO,2005088.jpg,2005088,2,0,NA
2005206_2,2023-01-04 22:52:28.251568,CLO,2005206.jpg,2005206,2,0,NA
2005505_2,2023-01-04 22:52:27.735828,CLO,2005505.jpg,2005505,2,0,NA
2005810_2,2023-01-04 22:52:27.110830,CLO,2005810.jpg,2005810,2,0,NA
2005812_2,2023-01-04 22:52:26.595209,CLO,2005812.jpg,2005812,2,0,NA
2005894_2,2023-01-04 22:52:26.079604,CLO,2005894.jpg,2005894,2,0,NA
2005897_2,2023-01-04 22:52:25.548422,CLO,2005897.jpg,2005897,2,0,NA
2005937_2,2023-01-04 22:52:25.001450,CLO,2005937.jpg,2005937,2,0,NA
2005939_2,2023-01-04 22:52:24.470209,CLO,2005939.jpg,2005939,2,0,NA
2002114_2,2023-01-04 22:52:23.923358,CLO,2002114.jpg,2002114,2,0,NA
2000483_2,2023-01-04 22:52:23.517186,CLO,2000483.jpg,2000483,2,0,NA
2002493_2,2023-01-04 22:52:22.954600,CLO,2002493.jpg,2002493,2,0,NA
2002869_2,2023-01-04 22:52:22.438955,CLO,2002869.jpg,2002869,2,0,NA
2002994_2,2023-01-04 22:52:21.876467,CLO,2002994.jpg,2002994,2,0,NA
2005895_2,2023-01-04 22:52:21.298350,CLO,2005895.jpg,2005895,2,0,NA
1910218_1,2023-01-04 22:52:20.751563,CLO,1910218.jpg,1910218,1,0,NA
2002491_2,2023-01-04 22:52:20.157732,CLO,2002491.jpg,2002491,2,0,NA
2002485_2,2023-01-04 22:52:19.595233,CLO,2002485.jpg,2002485,2,0,NA
2003346_2,2023-01-04 22:52:19.095237,CLO,2003346.jpg,2003346,2,0,NA
2002841_2,2023-01-04 22:52:18.532732,CLO,2002841.jpg,2002841,2,0,NA
2003518_2,2023-01-04 22:52:17.970234,CLO,2003518.jpg,2003518,2,0,NA
2003527_2,2023-01-04 22:52:17.454629,CLO,2003527.jpg,2003527,2,0,NA
2003348_2,2023-01-04 22:52:16.845243,CLO,2003348.jpg,2003348,2,0,NA
2005121_2,2023-01-04 22:52:16.313992,CLO,2005121.jpg,2005121,2,0,NA
2005118_2,2023-01-04 22:52:15.798492,CLO,2005118.jpg,2005118,2,0,NA
2005189_2,2023-01-04 22:52:15.188996,CLO,2005189.jpg,2005189,2,0,NA
2005169_2,2023-01-04 22:52:14.657755,CLO,2005169.jpg,2005169,2,0,NA
2002824_2,2023-01-04 22:52:14.063997,CLO,2002824.jpg,2002824,2,0,NA
2003874_2,2023-01-04 22:52:13.470263,CLO,2003874.jpg,2003874,2,0,NA
2004300_2,2023-01-04 22:52:12.923398,CLO,2004300.jpg,2004300,2,0,NA
2004638_2,2023-01-04 22:52:12.392140,CLO,2004638.jpg,2004638,2,0,NA
2004672_2,2023-01-04 22:52:11.814015,CLO,2004672.jpg,2004672,2,0,NA
2004811_2,2023-01-04 22:52:11.205727,CLO,2004811.jpg,2004811,2,0,NA
2005784_2,2023-01-04 22:52:10.657769,CLO,2005784.jpg,2005784,2,0,NA
2005797_2,2023-01-04 22:52:10.126514,CLO,2005797.jpg,2005797,2,0,NA
2005806_2,2023-01-04 22:52:09.595277,CLO,2005806.jpg,2005806,2,0,NA
2005808_2,2023-01-04 22:52:09.048397,CLO,2005808.jpg,2005808,2,0,NA
2005893_2,2023-01-04 22:52:08.501521,CLO,2005893.jpg,2005893,2,0,NA
2005900_2,2023-01-04 22:52:07.860909,CLO,2005900.jpg,2005900,2,0,NA
2005913_2,2023-01-04 22:52:07.282773,CLO,2005913.jpg,2005913,2,0,NA
2006079_2,2023-01-04 22:52:06.626539,CLO,2006079.jpg,2006079,2,0,NA
2006078_2,2023-01-04 22:52:06.048420,CLO,2006078.jpg,2006078,2,0,NA
2006084_2,2023-01-04 22:52:05.485941,CLO,2006084.jpg,2006084,2,0,NA
2006327_2,2023-01-04 22:52:04.954661,CLO,2006327.jpg,2006327,2,0,NA
2006080_2,2023-01-04 22:52:04.392167,CLO,2006080.jpg,2006080,2,0,NA
2002254_2,2023-01-04 22:52:03.860923,CLO,2002254.jpg,2002254,2,0,NA
2003013_2,2023-01-04 22:52:03.298407,CLO,2003013.jpg,2003013,2,0,NA
2004466_2,2023-01-04 22:52:02.642188,CLO,2004466.jpg,2004466,2,0,NA
2005892_2,2023-01-04 22:52:02.110963,CLO,2005892.jpg,2005892,2,0,NA
2002499_2,2023-01-04 22:52:01.595309,CLO,2002499.jpg,2002499,2,0,NA
2002898_2,2023-01-04 22:52:01.001534,CLO,2002898.jpg,2002898,2,0,NA
2003432_2,2023-01-04 22:52:00.423756,CLO,2003432.jpg,2003432,2,0,NA
2003412_2,2023-01-04 22:51:59.798432,CLO,2003412.jpg,2003412,2,0,NA
2003579_2,2023-01-04 22:51:59.235957,CLO,2003579.jpg,2003579,2,0,NA
2004121_2,2023-01-04 22:51:58.642255,CLO,2004121.jpg,2004121,2,0,NA
2004312_2,2023-01-04 22:51:58.095310,CLO,2004312.jpg,2004312,2,0,NA
2004468_2,2023-01-04 22:51:57.532810,CLO,2004468.jpg,2004468,2,0,NA
2004667_2,2023-01-04 22:51:56.954710,CLO,2004667.jpg,2004667,2,0,NA
2004499_2,2023-01-04 22:51:56.360949,CLO,2004499.jpg,2004499,2,0,NA
2004671_2,2023-01-04 22:51:55.829700,CLO,2004671.jpg,2004671,2,0,NA
2005786_2,2023-01-04 22:51:55.314146,CLO,2005786.jpg,2005786,2,0,NA
2005632_2,2023-01-04 22:51:54.782838,CLO,2005632.jpg,2005632,2,0,NA
2005796_2,2023-01-04 22:51:54.267181,CLO,2005796.jpg,2005796,2,0,NA
2005793_2,2023-01-04 22:51:53.282843,CLO,2005793.jpg,2005793,2,0,NA
2006034_2,2023-01-04 22:51:52.720332,CLO,2006034.jpg,2006034,2,0,NA
2005798_2,2023-01-04 22:51:52.157940,CLO,2005798.jpg,2005798,2,0,NA
2000746_2,2023-01-04 22:51:51.626584,CLO,2000746.jpg,2000746,2,0,NA
2002116_2,2023-01-04 22:51:51.251593,CLO,2002116.jpg,2002116,2,0,NA
2002867_2,2023-01-04 22:51:50.532847,CLO,2002867.jpg,2002867,2,0,NA
2005804_2,2023-01-04 22:51:50.001607,CLO,2005804.jpg,2005804,2,0,NA
2005790_2,2023-01-04 22:51:49.485977,CLO,2005790.jpg,2005790,2,0,NA
2005805_2,2023-01-04 22:51:48.876595,CLO,2005805.jpg,2005805,2,0,NA
2006083_2,2023-01-04 22:51:48.314109,CLO,2006083.jpg,2006083,2,0,NA
2002353_2,2023-01-04 22:51:47.767314,CLO,2002353.jpg,2002353,2,0,NA
2003345_2,2023-01-04 22:51:47.236010,CLO,2003345.jpg,2003345,2,0,NA
2003404_2,2023-01-04 22:51:46.704804,CLO,2003404.jpg,2003404,2,0,NA
2005153_2,2023-01-04 22:51:46.110989,CLO,2005153.jpg,2005153,2,0,NA
2005192_2,2023-01-04 22:51:45.611120,CLO,2005192.jpg,2005192,2,0,NA
2005899_2,2023-01-04 22:51:45.079745,CLO,2005899.jpg,2005899,2,0,NA
2003040_2,2023-01-04 22:51:44.517280,CLO,2003040.jpg,2003040,2,0,NA
2003042_2,2023-01-04 22:51:43.939123,CLO,2003042.jpg,2003042,2,0,NA
2004287_2,2023-01-04 22:51:43.360998,CLO,2004287.jpg,2004287,2,0,NA
2004326_2,2023-01-04 22:51:42.786600,CLO,2004326.jpg,2004326,2,0,NA
2004462_2,2023-01-04 22:51:42.236033,CLO,2004462.jpg,2004462,2,0,NA
2004773_2,2023-01-04 22:51:41.657858,CLO,2004773.jpg,2004773,2,0,NA
2004986_2,2023-01-04 22:51:41.095375,CLO,2004986.jpg,2004986,2,0,NA
2005068_2,2023-01-04 22:51:40.548505,CLO,2005068.jpg,2005068,2,0,NA
2005800_2,2023-01-04 22:51:40.032966,CLO,2005800.jpg,2005800,2,0,NA
1913089_1,2023-01-04 22:51:39.454999,CLO,1913089.jpg,1913089,1,0,NA
2003515_2,2023-01-04 22:51:38.845391,CLO,2003515.jpg,2003515,2,0,NA
2002383_2,2023-01-04 22:51:38.282865,CLO,2002383.jpg,2002383,2,0,NA
2004491_2,2023-01-04 22:51:37.783034,CLO,2004491.jpg,2004491,2,0,NA
2003726_2,2023-01-04 22:51:37.204760,CLO,2003726.jpg,2003726,2,0,NA
2004503_2,2023-01-04 22:51:36.626672,CLO,2004503.jpg,2004503,2,0,NA
2005794_2,2023-01-04 22:51:35.939138,CLO,2005794.jpg,2005794,2,0,NA
2005853_2,2023-01-04 22:51:35.345429,CLO,2005853.jpg,2005853,2,0,NA
2000916_2,2023-01-04 22:51:34.814169,CLO,2000916.jpg,2000916,2,0,NA
2002673_2,2023-01-04 22:51:34.111049,CLO,2002673.jpg,2002673,2,0,NA
2002899_2,2023-01-04 22:51:33.579781,CLO,2002899.jpg,2002899,2,0,NA
2002924_2,2023-01-04 22:51:33.048535,CLO,2002924.jpg,2002924,2,0,NA
2003041_2,2023-01-04 22:51:32.470390,CLO,2003041.jpg,2003041,2,0,NA
2003349_2,2023-01-04 22:51:31.923537,CLO,2003349.jpg,2003349,2,0,NA
2003351_2,2023-01-04 22:51:31.345427,CLO,2003351.jpg,2003351,2,0,NA
2004099_2,2023-01-04 22:51:30.782921,CLO,2004099.jpg,2004099,2,0,NA
2003872_2,2023-01-04 22:51:30.204799,CLO,2003872.jpg,2003872,2,0,NA
2004246_2,2023-01-04 22:51:29.626659,CLO,2004246.jpg,2004246,2,0,NA
2004275_2,2023-01-04 22:51:29.095465,CLO,2004275.jpg,2004275,2,0,NA
2004276_2,2023-01-04 22:51:28.564173,CLO,2004276.jpg,2004276,2,0,NA
2004486_2,2023-01-04 22:51:27.970435,CLO,2004486.jpg,2004486,2,0,NA
2004487_2,2023-01-04 22:51:27.423571,CLO,2004487.jpg,2004487,2,0,NA
2004634_2,2023-01-04 22:51:26.876682,CLO,2004634.jpg,2004634,2,0,NA
2004630_2,2023-01-04 22:51:26.345412,CLO,2004630.jpg,2004630,2,0,NA
2004641_2,2023-01-04 22:51:25.704801,CLO,2004641.jpg,2004641,2,0,NA
2004640_2,2023-01-04 22:51:25.157939,CLO,2004640.jpg,2004640,2,0,NA
2004654_2,2023-01-04 22:51:24.626706,CLO,2004654.jpg,2004654,2,0,NA
2004656_2,2023-01-04 22:51:24.001701,CLO,2004656.jpg,2004656,2,0,NA
2004670_2,2023-01-04 22:51:23.439197,CLO,2004670.jpg,2004670,2,0,NA
2004736_2,2023-01-04 22:51:22.892328,CLO,2004736.jpg,2004736,2,0,NA
2005073_2,2023-01-04 22:51:22.329909,CLO,2005073.jpg,2005073,2,0,NA
2005755_2,2023-01-04 22:51:21.798588,CLO,2005755.jpg,2005755,2,0,NA
2005758_2,2023-01-04 22:51:21.267356,CLO,2005758.jpg,2005758,2,0,NA
2005761_2,2023-01-04 22:51:20.626730,CLO,2005761.jpg,2005761,2,0,NA
2005791_2,2023-01-04 22:51:20.064347,CLO,2005791.jpg,2005791,2,0,NA
2005799_2,2023-01-04 22:51:19.501704,CLO,2005799.jpg,2005799,2,0,NA
2005809_2,2023-01-04 22:51:18.986096,CLO,2005809.jpg,2005809,2,0,NA
2006075_2,2023-01-04 22:51:18.470463,CLO,2006075.jpg,2006075,2,0,NA
1909626_1,2023-01-04 22:51:17.470462,CLO,1909626.jpg,1909626,1,0,NA
1910794_1,2023-01-04 22:51:16.954844,CLO,1910794.jpg,1910794,1,0,NA
1910203_1,2023-01-04 22:51:16.205093,CLO,1910203.jpg,1910203,1,0,NA
1912000_1,2023-01-04 22:51:15.111692,CLO,1912000.jpg,1912000,1,0,NA
1911765_1,2023-01-04 22:51:14.580089,CLO,1911765.jpg,1911765,1,0,NA
1913094_1,2023-01-04 22:51:13.970471,CLO,1913094.jpg,1913094,1,0,NA
1910686_1,2023-01-04 22:51:13.439237,CLO,1910686.jpg,1910686,1,0,NA
1912712_1,2023-01-04 22:51:13.032982,CLO,1912712.jpg,1912712,1,0,NA
2000477_2,2023-01-04 22:51:12.439243,CLO,2000477.jpg,2000477,2,0,NA
2000735_2,2023-01-04 22:51:11.861109,CLO,2000735.jpg,2000735,2,0,NA
2000779_2,2023-01-04 22:51:11.345484,CLO,2000779.jpg,2000779,2,0,NA
2001409_2,2023-01-04 22:51:10.814247,CLO,2001409.jpg,2001409,2,0,NA
2001628_2,2023-01-04 22:51:10.283000,CLO,2001628.jpg,2001628,2,0,NA
2001715_2,2023-01-04 22:51:09.751745,CLO,2001715.jpg,2001715,2,0,NA
2001733_2,2023-01-04 22:51:09.236457,CLO,2001733.jpg,2001733,2,0,NA
2002241_2,2023-01-04 22:51:08.517396,CLO,2002241.jpg,2002241,2,0,NA
2002468_2,2023-01-04 22:51:07.986131,CLO,2002468.jpg,2002468,2,0,NA
2003368_2,2023-01-04 22:51:07.440108,CLO,2003368.jpg,2003368,2,0,NA
2002752_2,2023-01-04 22:51:06.861132,CLO,2002752.jpg,2002752,2,0,NA
2003371_2,2023-01-04 22:51:06.283012,CLO,2003371.jpg,2003371,2,0,NA
2003516_2,2023-01-04 22:51:05.751777,CLO,2003516.jpg,2003516,2,0,NA
2003654_2,2023-01-04 22:51:05.236165,CLO,2003654.jpg,2003654,2,0,NA
2003495_2,2023-01-04 22:51:04.658018,CLO,2003495.jpg,2003495,2,0,NA
2003656_2,2023-01-04 22:51:04.095518,CLO,2003656.jpg,2003656,2,0,NA
2003682_2,2023-01-04 22:51:03.517401,CLO,2003682.jpg,2003682,2,0,NA
2003679_2,2023-01-04 22:51:02.970511,CLO,2003679.jpg,2003679,2,0,NA
2005396_2,2023-01-04 22:51:02.392401,CLO,2005396.jpg,2005396,2,0,NA
1707469_1,2023-01-04 22:51:01.876784,CLO,1707469.jpg,1707469,1,0,NA
1801657_1,2023-01-04 22:51:01.267456,CLO,1801657.jpg,1801657,1,0,NA
1801788_1,2023-01-04 22:51:00.720506,CLO,1801788.jpg,1801788,1,0,NA
1806003_1,2023-01-04 22:51:00.173655,CLO,1806003.jpg,1806003,1,0,NA
1901534_1,2023-01-04 22:50:59.579951,CLO,1901534.jpg,1901534,1,0,NA
1902244_1,2023-01-04 22:50:59.033012,CLO,1902244.jpg,1902244,1,0,NA
1901957_1,2023-01-04 22:50:58.470547,CLO,1901957.jpg,1901957,1,0,NA
1902994_1,2023-01-04 22:50:57.923789,CLO,1902994.jpg,1902994,1,0,NA
1906256_1,2023-01-04 22:50:57.361171,CLO,1906256.jpg,1906256,1,0,NA
1905372_1,2023-01-04 22:50:56.845545,CLO,1905372.jpg,1905372,1,0,NA
1909204_1,2023-01-04 22:50:56.314301,CLO,1909204.jpg,1909204,1,0,NA
1906716_1,2023-01-04 22:50:55.736185,CLO,1906716.jpg,1906716,1,0,NA
1909354_1,2023-01-04 22:50:55.189335,CLO,1909354.jpg,1909354,1,0,NA
1909282_1,2023-01-04 22:50:54.548693,CLO,1909282.jpg,1909282,1,0,NA
1909357_1,2023-01-04 22:50:54.001806,CLO,1909357.jpg,1909357,1,0,NA
1807634_1,2023-01-04 22:50:53.439331,CLO,1807634.jpg,1807634,1,0,NA
1810922_1,2023-01-04 22:50:52.908058,CLO,1810922.jpg,1810922,1,0,NA
1812091_1,2023-01-04 22:50:52.345563,CLO,1812091.jpg,1812091,1,0,NA
1900855_1,2023-01-04 22:50:51.783406,CLO,1900855.jpg,1900855,1,0,NA
1901168_1,2023-01-04 22:50:51.267467,CLO,1901168.jpg,1901168,1,0,NA
1901611_1,2023-01-04 22:50:50.720606,CLO,1901611.jpg,1901611,1,0,NA
1901968_1,2023-01-04 22:50:50.173719,CLO,1901968.jpg,1901968,1,0,NA
1902365_1,2023-01-04 22:50:49.643028,CLO,1902365.jpg,1902365,1,0,NA
1902903_1,2023-01-04 22:50:49.048699,CLO,1902903.jpg,1902903,1,0,NA
1902942_1,2023-01-04 22:50:48.533076,CLO,1902942.jpg,1902942,1,0,NA
1905820_1,2023-01-04 22:50:47.970559,CLO,1905820.jpg,1905820,1,0,NA
1912040_1,2023-01-04 22:50:47.439432,CLO,1912040.jpg,1912040,1,0,NA
2001919_2,2023-01-04 22:50:46.908078,CLO,2001919.jpg,2001919,2,0,NA
2002220_2,2023-01-04 22:50:46.376835,CLO,2002220.jpg,2002220,2,0,NA
2003651_2,2023-01-04 22:50:45.798729,CLO,2003651.jpg,2003651,2,0,NA
2003663_2,2023-01-04 22:50:45.251853,CLO,2003663.jpg,2003663,2,0,NA
2003664_2,2023-01-04 22:50:44.704969,CLO,2003664.jpg,2003664,2,0,NA
2005771_2,2023-01-04 22:50:43.861493,CLO,2005771.jpg,2005771,2,0,NA
1709026_1,2023-01-04 22:50:43.345629,CLO,1709026.jpg,1709026,1,0,NA
1804875_1,2023-01-04 22:50:42.751875,CLO,1804875.jpg,1804875,1,0,NA
1807696_1,2023-01-04 22:50:42.220621,CLO,1807696.jpg,1807696,1,0,NA
1807691_1,2023-01-04 22:50:41.658126,CLO,1807691.jpg,1807691,1,0,NA
1902601_1,2023-01-04 22:50:41.064379,CLO,1902601.jpg,1902601,1,0,NA
1807699_1,2023-01-04 22:50:40.314356,CLO,1807699.jpg,1807699,1,0,NA
1812348_1,2023-01-04 22:50:39.767494,CLO,1812348.jpg,1812348,1,0,NA
2000342_2,2023-01-04 22:50:39.204986,CLO,2000342.jpg,2000342,2,0,NA
1908502_1,2023-01-04 22:50:38.626871,CLO,1908502.jpg,1908502,1,0,NA
2003460_2,2023-01-04 22:50:38.001847,CLO,2003460.jpg,2003460,2,0,NA
2003807_2,2023-01-04 22:50:37.439377,CLO,2003807.jpg,2003807,2,0,NA
1901521_1,2023-01-04 22:50:36.908117,CLO,1901521.jpg,1901521,1,0,NA
1910030_1,2023-01-04 22:50:36.361249,CLO,1910030.jpg,1910030,1,0,NA
1910611_1,2023-01-04 22:50:35.845641,CLO,1910611.jpg,1910611,1,0,NA
2003587_2,2023-01-04 22:50:35.267502,CLO,2003587.jpg,2003587,2,0,NA
2004267_2,2023-01-04 22:50:34.720703,CLO,2004267.jpg,2004267,2,0,NA
2004658_2,2023-01-04 22:50:34.173767,CLO,2004658.jpg,2004658,2,0,NA
2003813_2,2023-01-04 22:50:33.533130,CLO,2003813.jpg,2003813,2,0,NA
2005087_2,2023-01-04 22:50:33.017488,CLO,2005087.jpg,2005087,2,0,NA
2005789_2,2023-01-04 22:50:32.470844,CLO,2005789.jpg,2005789,2,0,NA
1805849_1,2023-01-04 22:50:31.876892,CLO,1805849.jpg,1805849,1,0,NA
1812090_1,2023-01-04 22:50:31.283142,CLO,1812090.jpg,1812090,1,0,NA
1901230_1,2023-01-04 22:50:30.736281,CLO,1901230.jpg,1901230,1,0,NA
1901447_1,2023-01-04 22:50:30.189399,CLO,1901447.jpg,1901447,1,0,NA
1906073_1,2023-01-04 22:50:29.626900,ACC,1906073.jpg,1906073,1,0,NA
1908791_1,2023-01-04 22:50:29.080023,CLO,1908791.jpg,1908791,1,0,NA
2003648_2,2023-01-04 22:50:28.533171,CLO,2003648.jpg,2003648,2,0,NA
2004628_2,2023-01-04 22:50:27.970654,CLO,2004628.jpg,2004628,2,0,NA
1903501_1,2023-01-04 22:50:27.392542,CLO,1903501.jpg,1903501,1,0,NA
1906075_1,2023-01-04 22:50:26.861281,ACC,1906075.jpg,1906075,1,0,NA
1911831_1,2023-01-04 22:50:26.314418,CLO,1911831.jpg,1911831,1,0,NA
2002565_2,2023-01-04 22:50:25.376933,CLO,2002565.jpg,2002565,2,0,NA
1803659_1,2023-01-04 22:50:24.814407,CLO,1803659.jpg,1803659,1,0,NA
1801493_1,2023-01-04 22:50:24.251965,CLO,1801493.jpg,1801493,1,0,NA
1905718_1,2023-01-04 22:50:23.658268,CLO,1905718.jpg,1905718,1,0,NA
1902992_1,2023-01-04 22:50:23.095691,CLO,1902992.jpg,1902992,1,0,NA
1906060_1,2023-01-04 22:50:22.580056,ACC,1906060.jpg,1906060,1,0,NA
1910633_1,2023-01-04 22:50:22.048826,CLO,1910633.jpg,1910633,1,0,NA
1909634_1,2023-01-04 22:50:21.548803,CLO,1909634.jpg,1909634,1,0,NA
2003730_2,2023-01-04 22:50:21.033183,CLO,2003730.jpg,2003730,2,0,NA
2003676_2,2023-01-04 22:50:20.486313,CLO,2003676.jpg,2003676,2,0,NA
2005065_2,2023-01-04 22:50:19.955062,CLO,2005065.jpg,2005065,2,0,NA
1800768_1,2023-01-04 22:50:19.376943,CLO,1800768.jpg,1800768,1,0,NA
1900658_1,2023-01-04 22:50:18.876947,CLO,1900658.jpg,1900658,1,0,NA
1800771_1,2023-01-04 22:50:18.283192,CLO,1800771.jpg,1800771,1,0,NA
1908809_1,2023-01-04 22:50:17.736327,CLO,1908809.jpg,1908809,1,0,NA
1903670_1,2023-01-04 22:50:17.220691,CLO,1903670.jpg,1903670,1,0,NA
1909231_1,2023-01-04 22:50:16.720703,CLO,1909231.jpg,1909231,1,0,NA
1909232_1,2023-01-04 22:50:16.173821,CLO,1909232.jpg,1909232,1,0,NA
1910391_1,2023-01-04 22:50:15.658212,CLO,1910391.jpg,1910391,1,0,NA
1912304_1,2023-01-04 22:50:15.126963,CLO,1912304.jpg,1912304,1,0,NA
2003321_2,2023-01-04 22:50:14.611331,CLO,2003321.jpg,2003321,2,0,NA
2006033_2,2023-01-04 22:50:14.033220,CLO,2006033.jpg,2006033,2,0,NA
2005167_2,2023-01-04 22:50:13.501952,CLO,2005167.jpg,2005167,2,0,NA
1803690_1,2023-01-04 22:50:12.908213,CLO,1803690.jpg,1803690,1,0,NA
1901174_1,2023-01-04 22:50:12.392599,CLO,1901174.jpg,1901174,1,0,NA
1811975_1,2023-01-04 22:50:11.798843,CLO,1811975.jpg,1811975,1,0,NA
1905440_1,2023-01-04 22:50:11.283217,CLO,1905440.jpg,1905440,1,0,NA
1901422_1,2023-01-04 22:50:10.720720,CLO,1901422.jpg,1901422,1,0,NA
1907260_1,2023-01-04 22:50:10.189482,CLO,1907260.jpg,1907260,1,0,NA
1906734_1,2023-01-04 22:50:09.658226,CLO,1906734.jpg,1906734,1,0,NA
1910615_1,2023-01-04 22:50:09.111348,CLO,1910615.jpg,1910615,1,0,NA
1912209_1,2023-01-04 22:50:08.595727,CLO,1912209.jpg,1912209,1,0,NA
2004624_2,2023-01-04 22:50:08.064479,CLO,2004624.jpg,2004624,2,0,NA
2001723_2,2023-01-04 22:50:07.486358,CLO,2001723.jpg,2001723,2,0,NA
2005405_2,2023-01-04 22:50:06.939483,CLO,2005405.jpg,2005405,2,0,NA
2006808_2,2023-01-04 22:50:06.392628,CLO,2006808.jpg,2006808,2,0,NA
1906362_1,2023-01-04 22:50:05.845752,CLO,1906362.jpg,1906362,1,0,NA
1906371_1,2023-01-04 22:50:05.267615,CLO,1906371.jpg,1906371,1,0,NA
1908191_1,2023-01-04 22:50:04.751995,CLO,1908191.jpg,1908191,1,0,NA
1802039_1,2023-01-04 22:50:04.158338,CLO,1802039.jpg,1802039,1,0,NA
1903707_1,2023-01-04 22:50:03.611374,CLO,1903707.jpg,1903707,1,0,NA
1909521_1,2023-01-04 22:50:03.001995,CLO,1909521.jpg,1909521,1,0,NA
1906068_1,2023-01-04 22:50:02.361378,ACC,1906068.jpg,1906068,1,0,NA
2002187_2,2023-01-04 22:50:01.767632,CLO,2002187.jpg,2002187,2,0,NA
2002190_2,2023-01-04 22:50:01.205129,ACC,2002190.jpg,2002190,2,0,NA
1900332_1,2023-01-04 22:50:00.642636,CLO,1900332.jpg,1900332,1,0,NA
1811341_1,2023-01-04 22:49:59.892643,CLO,1811341.jpg,1811341,1,0,NA
1804871_1,2023-01-04 22:49:59.095825,CLO,1804871.jpg,1804871,1,0,NA
1900345_1,2023-01-04 22:49:58.392638,CLO,1900345.jpg,1900345,1,0,NA
1905267_1,2023-01-04 22:49:57.877088,CLO,1905267.jpg,1905267,1,0,NA
1906337_1,2023-01-04 22:49:57.314520,CLO,1906337.jpg,1906337,1,0,NA
1906937_1,2023-01-04 22:49:56.767648,CLO,1906937.jpg,1906937,1,0,NA
2002189_2,2023-01-04 22:49:56.267654,ACC,2002189.jpg,2002189,2,0,NA
2002683_2,2023-01-04 22:49:55.720787,CLO,2002683.jpg,2002683,2,0,NA
2002188_2,2023-01-04 22:49:55.142656,ACC,2002188.jpg,2002188,2,0,NA
2003805_2,2023-01-04 22:49:54.595788,CLO,2003805.jpg,2003805,2,0,NA
2003858_2,2023-01-04 22:49:54.048914,CLO,2003858.jpg,2003858,2,0,NA
2004516_2,2023-01-04 22:49:53.502031,CLO,2004516.jpg,2004516,2,0,NA
2004988_2,2023-01-04 22:49:52.955168,CLO,2004988.jpg,2004988,2,0,NA
2005077_2,2023-01-04 22:49:52.426637,ACC,2005077.jpg,2005077,2,0,NA
2005901_2,2023-01-04 22:49:51.814540,CLO,2005901.jpg,2005901,2,0,NA
2005084_2,2023-01-04 22:49:51.283309,ACC,2005084.jpg,2005084,2,0,NA
1906827_1,2023-01-04 22:49:50.705364,ACC,1906827.jpg,1906827,1,0,NA
1908144_1,2023-01-04 22:49:50.142691,ACC,1908144.jpg,1908144,1,0,NA
1802193_1,2023-01-04 22:49:49.580506,CLO,1802193.jpg,1802193,1,0,NA
1901581_1,2023-01-04 22:49:48.970820,CLO,1901581.jpg,1901581,1,0,NA
1809478_1,2023-01-04 22:49:48.408336,CLO,1809478.jpg,1809478,1,0,NA
1903179_1,2023-01-04 22:49:47.846431,CLO,1903179.jpg,1903179,1,0,NA
1902318_1,2023-01-04 22:49:47.267702,CLO,1902318.jpg,1902318,1,0,NA
1903329_1,2023-01-04 22:49:46.736437,CLO,1903329.jpg,1903329,1,0,NA
1904000_1,2023-01-04 22:49:46.205189,CLO,1904000.jpg,1904000,1,0,NA
1903327_1,2023-01-04 22:49:45.673959,CLO,1903327.jpg,1903327,1,0,NA
1904631_1,2023-01-04 22:49:45.080208,CLO,1904631.jpg,1904631,1,0,NA
2003753_2,2023-01-04 22:49:44.518707,CLO,2003753.jpg,2003753,2,0,NA
2006376_2,2023-01-04 22:49:43.970978,CLO,2006376.jpg,2006376,2,0,NA
1705744_1,2023-01-04 22:49:43.440143,CLO,1705744.jpg,1705744,1,0,NA
1706659_1,2023-01-04 22:49:42.923988,ACC,1706659.jpg,1706659,1,0,NA
1707456_1,2023-01-04 22:49:42.361552,CLO,1707456.jpg,1707456,1,0,NA
1802231_1,2023-01-04 22:49:41.845838,CLO,1802231.jpg,1802231,1,0,NA
1806411_1,2023-01-04 22:49:41.377113,CLO,1806411.jpg,1806411,1,0,NA
1900467_1,2023-01-04 22:49:40.689560,CLO,1900467.jpg,1900467,1,0,NA
1900965_1,2023-01-04 22:49:40.158314,CLO,1900965.jpg,1900965,1,0,NA
1901200_1,2023-01-04 22:49:39.486445,CLO,1901200.jpg,1901200,1,0,NA
1902076_1,2023-01-04 22:49:38.970883,CLO,1902076.jpg,1902076,1,0,NA
1901853_1,2023-01-04 22:49:38.377075,CLO,1901853.jpg,1901853,1,0,NA
1901219_1,2023-01-04 22:49:37.673957,CLO,1901219.jpg,1901219,1,0,NA
1902319_1,2023-01-04 22:49:37.048977,CLO,1902319.jpg,1902319,1,0,NA
1902549_1,2023-01-04 22:49:36.502089,CLO,1902549.jpg,1902549,1,0,NA
1902452_1,2023-01-04 22:49:35.939595,CLO,1902452.jpg,1902452,1,0,NA
1902929_1,2023-01-04 22:49:35.392737,CLO,1902929.jpg,1902929,1,0,NA
1902858_1,2023-01-04 22:49:34.861782,CLO,1902858.jpg,1902858,1,0,NA
1903305_1,2023-01-04 22:49:34.252115,CLO,1903305.jpg,1903305,1,0,NA
1903934_1,2023-01-04 22:49:33.689611,CLO,1903934.jpg,1903934,1,0,NA
1905441_1,2023-01-04 22:49:33.127104,CLO,1905441.jpg,1905441,1,0,NA
1904719_1,2023-01-04 22:49:32.580256,CLO,1904719.jpg,1904719,1,0,NA
1907134_1,2023-01-04 22:49:32.017724,CLO,1907134.jpg,1907134,1,0,NA
1907192_1,2023-01-04 22:49:31.455226,CLO,1907192.jpg,1907192,1,0,NA
1907219_1,2023-01-04 22:49:30.845877,CLO,1907219.jpg,1907219,1,0,NA
1908201_1,2023-01-04 22:49:30.330250,CLO,1908201.jpg,1908201,1,0,NA
1909583_1,2023-01-04 22:49:29.752151,CLO,1909583.jpg,1909583,1,0,NA
1910790_1,2023-01-04 22:49:29.142760,CLO,1910790.jpg,1910790,1,0,NA
1912160_1,2023-01-04 22:49:28.564799,CLO,1912160.jpg,1912160,1,0,NA
1912810_1,2023-01-04 22:49:28.049006,SHO,1912810.jpg,1912810,1,0,NA
1706928_1,2023-01-04 22:49:27.674036,SHO,1706928.jpg,1706928,1,0,NA
1912951_1,2023-01-04 22:49:27.080259,CLO,1912951.jpg,1912951,1,0,NA
1910241_1,2023-01-04 22:49:26.689638,CLO,1910241.jpg,1910241,1,0,NA
2005128_2,2023-01-04 22:49:26.174009,CLO,2005128.jpg,2005128,2,0,NA
2005216_2,2023-01-04 22:49:25.627148,CLO,2005216.jpg,2005216,2,0,NA
2005242_2,2023-01-04 22:49:25.033380,CLO,2005242.jpg,2005242,2,0,NA
2005222_2,2023-01-04 22:49:24.486665,CLO,2005222.jpg,2005222,2,0,NA
2000135_2,2023-01-04 22:49:23.955277,CLO,2000135.jpg,2000135,2,0,NA
2000706_2,2023-01-04 22:49:21.580288,JEW,2000706.jpg,2000706,2,0,NA
2000622_2,2023-01-04 22:49:19.736541,JEW,2000622.jpg,2000622,2,0,NA
2000796_2,2023-01-04 22:49:16.845935,JEW,2000796.jpg,2000796,2,0,NA
2001070_2,2023-01-04 22:49:14.627187,CLO,2001070.jpg,2001070,2,0,NA
2001072_2,2023-01-04 22:49:13.002188,CLO,2001072.jpg,2001072,2,0,NA
2001120_2,2023-01-04 22:49:11.377202,ACC,2001120.jpg,2001120,2,0,NA
2001939_2,2023-01-04 22:49:09.064705,CLO,2001939.jpg,2001939,2,0,NA
2002271_2,2023-01-04 22:49:06.174142,ACC,2002271.jpg,2002271,2,0,NA
2002291_2,2023-01-04 22:49:04.595990,ACC,2002291.jpg,2002291,2,0,NA
2002293_2,2023-01-04 22:49:02.439942,ACC,2002293.jpg,2002293,2,0,NA
2002294_2,2023-01-04 22:49:00.736623,ACC,2002294.jpg,2002294,2,0,NA
2002472_2,2023-01-04 22:48:58.080388,CLO,2002472.jpg,2002472,2,0,NA
2002476_2,2023-01-04 22:48:56.611629,CLO,2002476.jpg,2002476,2,0,NA
2002494_2,2023-01-04 22:48:55.189784,CLO,2002494.jpg,2002494,2,0,NA
2003428_2,2023-01-04 22:48:53.846034,CLO,2003428.jpg,2003428,2,0,NA
2003531_2,2023-01-04 22:48:51.564898,CLO,2003531.jpg,2003531,2,0,NA
2003655_2,2023-01-04 22:48:49.674186,CLO,2003655.jpg,2003655,2,0,NA
2003934_2,2023-01-04 22:48:47.189810,CLO,2003934.jpg,2003934,2,0,NA
2004258_2,2023-01-04 22:47:51.283760,CLO,2004258.jpg,2004258,2,0,NA
2005166_2,2023-01-04 22:47:50.033833,CLO,2005166.jpg,2005166,2,0,NA
2005168_2,2023-01-04 22:47:49.518139,CLO,2005168.jpg,2005168,2,0,NA
2005226_2,2023-01-04 22:47:48.940012,CLO,2005226.jpg,2005226,2,0,NA
2005243_2,2023-01-04 22:47:48.361909,CLO,2005243.jpg,2005243,2,0,NA
2006584_2,2023-01-04 22:47:47.783778,CLO,2006584.jpg,2006584,2,0,NA
2006796_2,2023-01-04 22:47:47.205657,CLO,2006796.jpg,2006796,2,0,NA
2006801_2,2023-01-04 22:47:46.643154,CLO,2006801.jpg,2006801,2,0,NA
2001594_2,2023-01-04 22:47:46.065062,CLO,2001594.jpg,2001594,2,0,NA
2001591_2,2023-01-04 22:47:45.674409,CLO,2001591.jpg,2001591,2,0,NA
1908686_1,2023-01-04 22:47:45.143155,CLO,1908686.jpg,1908686,1,0,NA
2001861_2,2023-01-04 22:47:44.611912,CLO,2001861.jpg,2001861,2,0,NA
2001176_2,2023-01-04 22:47:44.065147,ACC,2001176.jpg,2001176,2,0,NA
2002467_2,2023-01-04 22:47:43.471283,CLO,2002467.jpg,2002467,2,0,NA
2002900_2,2023-01-04 22:47:42.893145,CLO,2002900.jpg,2002900,2,0,NA
2001067_2,2023-01-04 22:47:42.283793,CLO,2001067.jpg,2001067,2,0,NA
2001065_2,2023-01-04 22:47:41.736918,CLO,2001065.jpg,2001065,2,0,NA
2003039_2,2023-01-04 22:47:41.143172,CLO,2003039.jpg,2003039,2,0,NA
2003044_2,2023-01-04 22:47:40.580686,CLO,2003044.jpg,2003044,2,0,NA
2001066_2,2023-01-04 22:47:40.018188,CLO,2001066.jpg,2001066,2,0,NA
2003337_2,2023-01-04 22:47:39.455677,CLO,2003337.jpg,2003337,2,0,NA
2003339_2,2023-01-04 22:47:38.893193,CLO,2003339.jpg,2003339,2,0,NA
2003360_2,2023-01-04 22:47:38.205706,CLO,2003360.jpg,2003360,2,0,NA
2005079_2,2023-01-04 22:47:37.658821,ACC,2005079.jpg,2005079,2,0,NA
2003600_2,2023-01-04 22:47:37.080689,CLO,2003600.jpg,2003600,2,0,NA
2002541_2,2023-01-04 22:47:36.486939,CLO,2002541.jpg,2002541,2,0,NA
2002318_2,2023-01-04 22:47:35.940077,CLO,2002318.jpg,2002318,2,0,NA
2002319_2,2023-01-04 22:47:35.408817,CLO,2002319.jpg,2002319,2,0,NA
2002542_2,2023-01-04 22:47:34.830792,CLO,2002542.jpg,2002542,2,0,NA
2003463_2,2023-01-04 22:47:34.221324,CLO,2003463.jpg,2003463,2,0,NA
2003465_2,2023-01-04 22:47:33.658837,CLO,2003465.jpg,2003465,2,0,NA
1911977_1,2023-01-04 22:47:33.018204,CLO,1911977.jpg,1911977,1,0,NA
1912490_1,2023-01-04 22:47:32.471340,CLO,1912490.jpg,1912490,1,0,NA
2000736_2,2023-01-04 22:47:31.877581,CLO,2000736.jpg,2000736,2,0,NA
2000955_2,2023-01-04 22:47:31.346334,CLO,2000955.jpg,2000955,2,0,NA
2001307_2,2023-01-04 22:47:30.752732,CLO,2001307.jpg,2001307,2,0,NA
2001322_2,2023-01-04 22:47:30.111965,CLO,2001322.jpg,2001322,2,0,NA
2001477_2,2023-01-04 22:47:29.549447,CLO,2001477.jpg,2001477,2,0,NA
2001862_2,2023-01-04 22:47:29.174465,CLO,2001862.jpg,2001862,2,0,NA
1911793_1,2023-01-04 22:47:28.596348,CLO,1911793.jpg,1911793,1,0,NA
2002492_2,2023-01-04 22:47:28.018215,CLO,2002492.jpg,2002492,2,0,NA
2002692_2,2023-01-04 22:47:27.393218,CLO,2002692.jpg,2002692,2,0,NA
2002915_2,2023-01-04 22:47:26.783845,CLO,2002915.jpg,2002915,2,0,NA
1807693_1,2023-01-04 22:47:26.158856,CLO,1807693.jpg,1807693,1,0,NA
1911735_1,2023-01-04 22:47:25.471352,CLO,1911735.jpg,1911735,1,0,NA
1807689_1,2023-01-04 22:47:25.080793,CLO,1807689.jpg,1807689,1,0,NA
1910119_1,2023-01-04 22:47:24.502595,CLO,1910119.jpg,1910119,1,0,NA
2003386_2,2023-01-04 22:47:23.908860,CLO,2003386.jpg,2003386,2,0,NA
2005086_2,2023-01-04 22:47:23.315107,CLO,2005086.jpg,2005086,2,0,NA
2002672_2,2023-01-04 22:47:22.721365,CLO,2002672.jpg,2002672,2,0,NA
2001720_2,2023-01-04 22:47:22.143239,CLO,2001720.jpg,2001720,2,0,NA
2001718_2,2023-01-04 22:47:21.565124,CLO,2001718.jpg,2001718,2,0,NA
2002833_2,2023-01-04 22:47:21.033886,CLO,2002833.jpg,2002833,2,0,NA
2002310_2,2023-01-04 22:47:20.471370,CLO,2002310.jpg,2002310,2,0,NA
2002940_2,2023-01-04 22:47:19.830749,CLO,2002940.jpg,2002940,2,0,NA
2004137_2,2023-01-04 22:47:19.283890,CLO,2004137.jpg,2004137,2,0,NA
2004181_2,2023-01-04 22:47:18.721379,CLO,2004181.jpg,2004181,2,0,NA
2004182_2,2023-01-04 22:47:18.174506,CLO,2004182.jpg,2004182,2,0,NA
2004183_2,2023-01-04 22:47:17.643265,CLO,2004183.jpg,2004183,2,0,NA
2004184_2,2023-01-04 22:47:17.112017,CLO,2004184.jpg,2004184,2,0,NA
2004820_2,2023-01-04 22:47:16.565136,CLO,2004820.jpg,2004820,2,0,NA
2004823_2,2023-01-04 22:47:16.002637,CLO,2004823.jpg,2004823,2,0,NA
2004999_2,2023-01-04 22:47:15.440148,CLO,2004999.jpg,2004999,2,0,NA
2004998_2,2023-01-04 22:47:14.846390,CLO,2004998.jpg,2004998,2,0,NA
2005012_2,2023-01-04 22:47:14.315177,CLO,2005012.jpg,2005012,2,0,NA
2005142_2,2023-01-04 22:47:13.737125,CLO,2005142.jpg,2005142,2,0,NA
2005834_2,2023-01-04 22:47:13.174594,CLO,2005834.jpg,2005834,2,0,NA
2005990_2,2023-01-04 22:47:12.549542,CLO,2005990.jpg,2005990,2,0,NA
2007331_2,2023-01-04 22:47:11.955799,CLO,2007331.jpg,2007331,2,0,NA
2007330_2,2023-01-04 22:47:11.393287,CLO,2007330.jpg,2007330,2,0,NA
2004037_2,2023-01-04 22:47:10.799532,CLO,2004037.jpg,2004037,2,0,NA
2002674_2,2023-01-04 22:47:10.205930,CLO,2002674.jpg,2002674,2,0,NA
2004282_2,2023-01-04 22:47:09.643307,CLO,2004282.jpg,2004282,2,0,NA
2004283_2,2023-01-04 22:47:09.080808,CLO,2004283.jpg,2004283,2,0,NA
2004289_2,2023-01-04 22:47:08.487067,CLO,2004289.jpg,2004289,2,0,NA
2004284_2,2023-01-04 22:47:07.815185,CLO,2004284.jpg,2004284,2,0,NA
2004692_2,2023-01-04 22:47:07.221424,CLO,2004692.jpg,2004692,2,0,NA
2007316_2,2023-01-04 22:47:06.690155,CLO,2007316.jpg,2007316,2,0,NA
2007314_2,2023-01-04 22:47:06.127689,CLO,2007314.jpg,2007314,2,0,NA
2007317_2,2023-01-04 22:47:05.533933,CLO,2007317.jpg,2007317,2,0,NA
2007362_2,2023-01-04 22:47:04.752684,CLO,2007362.jpg,2007362,2,0,NA
2007318_2,2023-01-04 22:47:04.205805,CLO,2007318.jpg,2007318,2,0,NA
1911867_1,2023-01-04 22:47:03.580811,CLO,1911867.jpg,1911867,1,0,NA
2001719_2,2023-01-04 22:47:03.002694,CLO,2001719.jpg,2001719,2,0,NA
2001716_2,2023-01-04 22:47:02.346447,CLO,2001716.jpg,2001716,2,0,NA
2002068_2,2023-01-04 22:47:01.737142,CLO,2002068.jpg,2002068,2,0,NA
2002070_2,2023-01-04 22:47:01.158942,CLO,2002070.jpg,2002070,2,0,NA
2002149_2,2023-01-04 22:47:00.565206,CLO,2002149.jpg,2002149,2,0,NA
2002071_2,2023-01-04 22:47:00.002969,CLO,2002071.jpg,2002071,2,0,NA
2002311_2,2023-01-04 22:46:59.268335,CLO,2002311.jpg,2002311,2,0,NA
2002706_2,2023-01-04 22:46:58.690380,CLO,2002706.jpg,2002706,2,0,NA
2002707_2,2023-01-04 22:46:58.143340,CLO,2002707.jpg,2002707,2,0,NA
2002708_2,2023-01-04 22:46:57.580832,CLO,2002708.jpg,2002708,2,0,NA
2002715_2,2023-01-04 22:46:57.003349,CLO,2002715.jpg,2002715,2,0,NA
2002716_2,2023-01-04 22:46:56.393671,CLO,2002716.jpg,2002716,2,0,NA
2002952_2,2023-01-04 22:46:55.830865,CLO,2002952.jpg,2002952,2,0,NA
2002950_2,2023-01-04 22:46:55.268352,CLO,2002950.jpg,2002950,2,0,NA
2002991_2,2023-01-04 22:46:54.658986,CLO,2002991.jpg,2002991,2,0,NA
2002954_2,2023-01-04 22:46:54.065459,CLO,2002954.jpg,2002954,2,0,NA
2004160_2,2023-01-04 22:46:53.518365,CLO,2004160.jpg,2004160,2,0,NA
2004695_2,2023-01-04 22:46:52.846480,CLO,2004695.jpg,2004695,2,0,NA
2004776_2,2023-01-04 22:46:52.268360,CLO,2004776.jpg,2004776,2,0,NA
2005983_2,2023-01-04 22:46:51.690224,CLO,2005983.jpg,2005983,2,0,NA
2005987_2,2023-01-04 22:46:51.033989,CLO,2005987.jpg,2005987,2,0,NA
2006085_2,2023-01-04 22:46:50.471486,CLO,2006085.jpg,2006085,2,0,NA
2006768_2,2023-01-04 22:46:49.924620,CLO,2006768.jpg,2006768,2,0,NA
2006695_2,2023-01-04 22:46:49.408992,CLO,2006695.jpg,2006695,2,0,NA
2006697_2,2023-01-04 22:46:48.830881,CLO,2006697.jpg,2006697,2,0,NA
2002066_2,2023-01-04 22:46:48.237139,CLO,2002066.jpg,2002066,2,0,NA
2001717_2,2023-01-04 22:46:47.627753,CLO,2001717.jpg,2001717,2,0,NA
2002067_2,2023-01-04 22:46:47.034018,CLO,2002067.jpg,2002067,2,0,NA
2002074_2,2023-01-04 22:46:46.440255,CLO,2002074.jpg,2002074,2,0,NA
2002154_2,2023-01-04 22:46:45.846503,CLO,2002154.jpg,2002154,2,0,NA
2003678_2,2023-01-04 22:46:45.284010,CLO,2003678.jpg,2003678,2,0,NA
2004162_2,2023-01-04 22:46:44.737142,CLO,2004162.jpg,2004162,2,0,NA
2005116_2,2023-01-04 22:46:44.190291,CLO,2005116.jpg,2005116,2,0,NA
2005823_2,2023-01-04 22:46:43.565269,CLO,2005823.jpg,2005823,2,0,NA
2007307_2,2023-01-04 22:46:42.940268,CLO,2007307.jpg,2007307,2,0,NA
2003132_2,2023-01-04 22:46:42.330885,ACC,2003132.jpg,2003132,2,0,NA
2006471_2,2023-01-04 22:46:41.877780,ACC,2006471.jpg,2006471,2,0,NA
2002286_2,2023-01-04 22:46:41.284032,CLO,2002286.jpg,2002286,2,0,NA
2009301_2,2023-01-04 22:46:40.909024,CLO,2009301.jpg,2009301,2,0,NA
2007217_2,2023-01-04 22:46:40.284028,ACC,2007217.jpg,2007217,2,0,NA
2007223_2,2023-01-04 22:46:39.674651,ACC,2007223.jpg,2007223,2,0,NA
2007222_2,2023-01-04 22:46:39.143407,ACC,2007222.jpg,2007222,2,0,NA
2002593_2,2023-01-04 22:46:38.596948,CLO,2002593.jpg,2002593,2,0,NA
2008697_2,2023-01-04 22:46:38.174645,CLO,2008697.jpg,2008697,2,0,NA
2003680_2,2023-01-04 22:46:37.565284,CLO,2003680.jpg,2003680,2,0,NA
2005215_2,2023-01-04 22:46:37.002777,CLO,2005215.jpg,2005215,2,0,NA
1906559_1,2023-01-04 22:46:36.440281,CLO,1906559.jpg,1906559,1,0,NA
2005777_2,2023-01-04 22:46:36.049662,CLO,2005777.jpg,2005777,2,0,NA
2005776_2,2023-01-04 22:46:35.518438,CLO,2005776.jpg,2005776,2,0,NA
2007303_2,2023-01-04 22:46:34.893432,CLO,2007303.jpg,2007303,2,0,NA
2007339_2,2023-01-04 22:46:34.330936,CLO,2007339.jpg,2007339,2,0,NA
2007336_2,2023-01-04 22:46:33.768424,CLO,2007336.jpg,2007336,2,0,NA
2007359_2,2023-01-04 22:46:33.221548,CLO,2007359.jpg,2007359,2,0,NA
2007452_2,2023-01-04 22:46:32.674677,CLO,2007452.jpg,2007452,2,0,NA
2007454_2,2023-01-04 22:46:32.112175,CLO,2007454.jpg,2007454,2,0,NA
2007507_2,2023-01-04 22:46:31.487183,CLO,2007507.jpg,2007507,2,0,NA
2007514_2,2023-01-04 22:46:30.846567,CLO,2007514.jpg,2007514,2,0,NA
2007580_2,2023-01-04 22:46:30.284075,CLO,2007580.jpg,2007580,2,0,NA
2007582_2,2023-01-04 22:46:29.690350,CLO,2007582.jpg,2007582,2,0,NA
2007703_2,2023-01-04 22:46:29.127796,CLO,2007703.jpg,2007703,2,0,NA
2005763_2,2023-01-04 22:46:28.565328,CLO,2005763.jpg,2005763,2,0,NA
2007332_2,2023-01-04 22:46:28.034070,CLO,2007332.jpg,2007332,2,0,NA
2007449_2,2023-01-04 22:46:27.487206,CLO,2007449.jpg,2007449,2,0,NA
2007451_2,2023-01-04 22:46:26.955965,CLO,2007451.jpg,2007451,2,0,NA
2007505_2,2023-01-04 22:46:26.377847,CLO,2007505.jpg,2007505,2,0,NA
2007621_2,2023-01-04 22:46:25.830962,CLO,2007621.jpg,2007621,2,0,NA
2007298_2,2023-01-04 22:46:25.159197,CLO,2007298.jpg,2007298,2,0,NA
2007299_2,2023-01-04 22:46:24.580963,CLO,2007299.jpg,2007299,2,0,NA
1913124_1,2023-01-04 22:46:23.971589,CLO,1913124.jpg,1913124,1,0,NA
1913126_1,2023-01-04 22:46:23.362231,CLO,1913126.jpg,1913126,1,0,NA
2003009_2,2023-01-04 22:46:22.768466,CLO,2003009.jpg,2003009,2,0,NA
2004292_2,2023-01-04 22:46:22.205970,CLO,2004292.jpg,2004292,2,0,NA
2004806_2,2023-01-04 22:46:21.659098,CLO,2004806.jpg,2004806,2,0,NA
2005076_2,2023-01-04 22:46:21.018475,CLO,2005076.jpg,2005076,2,0,NA
2005071_2,2023-01-04 22:46:19.737211,CLO,2005071.jpg,2005071,2,0,NA
2005846_2,2023-01-04 22:46:19.159112,CLO,2005846.jpg,2005846,2,0,NA
2007305_2,2023-01-04 22:46:18.127878,CLO,2007305.jpg,2007305,2,0,NA
2007308_2,2023-01-04 22:46:17.565369,CLO,2007308.jpg,2007308,2,0,NA
2007333_2,2023-01-04 22:46:16.971728,CLO,2007333.jpg,2007333,2,0,NA
2007363_2,2023-01-04 22:46:16.440580,CLO,2007363.jpg,2007363,2,0,NA
2009165_2,2023-01-04 22:46:15.877878,CLO,2009165.jpg,2009165,2,0,NA
2007375_2,2023-01-04 22:46:15.471859,CLO,2007375.jpg,2007375,2,0,NA
2007371_2,2023-01-04 22:46:14.909125,CLO,2007371.jpg,2007371,2,0,NA
2007629_2,2023-01-04 22:46:14.315377,CLO,2007629.jpg,2007629,2,0,NA
2005219_2,2023-01-04 22:46:13.737367,CLO,2005219.jpg,2005219,2,0,NA
2005165_2,2023-01-04 22:46:13.190384,CLO,2005165.jpg,2005165,2,0,NA
2006651_2,2023-01-04 22:46:12.659133,CLO,2006651.jpg,2006651,2,0,NA
2005213_2,2023-01-04 22:46:12.127893,CLO,2005213.jpg,2005213,2,0,NA
2005780_2,2023-01-04 22:46:11.502892,CLO,2005780.jpg,2005780,2,0,NA
2005239_2,2023-01-04 22:46:10.877894,CLO,2005239.jpg,2005239,2,0,NA
2005984_2,2023-01-04 22:46:10.299766,CLO,2005984.jpg,2005984,2,0,NA
2003441_2,2023-01-04 22:46:09.752922,JEW,2003441.jpg,2003441,2,0,NA
2003847_2,2023-01-04 22:46:09.096731,JEW,2003847.jpg,2003847,2,0,NA
2001018_2,2023-01-04 22:46:08.502898,ACC,2001018.jpg,2001018,2,0,NA
1912567_1,2023-01-04 22:46:07.815407,JEW,1912567.jpg,1912567,1,0,NA
2001368_2,2023-01-04 22:46:07.377902,JEW,2001368.jpg,2001368,2,0,NA
2000603_2,2023-01-04 22:46:06.815398,CLO,2000603.jpg,2000603,2,0,NA
2002117_2,2023-01-04 22:46:06.424775,CLO,2002117.jpg,2002117,2,0,NA
2003525_2,2023-01-04 22:46:05.909158,CLO,2003525.jpg,2003525,2,0,NA
2002497_2,2023-01-04 22:46:05.362287,CLO,2002497.jpg,2002497,2,0,NA
2004803_2,2023-01-04 22:46:04.846671,CLO,2004803.jpg,2004803,2,0,NA
2003530_2,2023-01-04 22:46:04.238042,CLO,2003530.jpg,2003530,2,0,NA
2005158_2,2023-01-04 22:46:03.706040,CLO,2005158.jpg,2005158,2,0,NA
2005815_2,2023-01-04 22:46:03.112290,CLO,2005815.jpg,2005815,2,0,NA
2007563_2,2023-01-04 22:46:02.565435,CLO,2007563.jpg,2007563,2,0,NA
2007573_2,2023-01-04 22:46:02.018551,CLO,2007573.jpg,2007573,2,0,NA
2007617_2,2023-01-04 22:46:01.487307,CLO,2007617.jpg,2007617,2,0,NA
2008024_2,2023-01-04 22:46:00.956060,CLO,2008024.jpg,2008024,2,0,NA
2008083_2,2023-01-04 22:46:00.315428,CLO,2008083.jpg,2008083,2,0,NA
2008097_2,2023-01-04 22:45:59.752939,CLO,2008097.jpg,2008097,2,0,NA
2008118_2,2023-01-04 22:45:59.221687,CLO,2008118.jpg,2008118,2,0,NA
2008103_2,2023-01-04 22:45:58.690442,CLO,2008103.jpg,2008103,2,0,NA
2003514_2,2023-01-04 22:45:58.143571,CLO,2003514.jpg,2003514,2,0,NA
2003520_2,2023-01-04 22:45:57.549820,CLO,2003520.jpg,2003520,2,0,NA
2007301_2,2023-01-04 22:45:57.034194,CLO,2007301.jpg,2007301,2,0,NA
2007517_2,2023-01-04 22:45:56.502948,CLO,2007517.jpg,2007517,2,0,NA
2007761_2,2023-01-04 22:45:55.940723,CLO,2007761.jpg,2007761,2,0,NA
2007246_2,2023-01-04 22:45:55.409206,BEAUTY,2007246.jpg,2007246,2,0,NA
2007278_2,2023-01-04 22:45:54.815459,BEAUTY,2007278.jpg,2007278,2,0,NA
2008328_2,2023-01-04 22:45:54.268580,BEAUTY,2008328.jpg,2008328,2,0,NA
2008334_2,2023-01-04 22:45:53.690457,BEAUTY,2008334.jpg,2008334,2,0,NA
2008335_2,2023-01-04 22:45:53.112342,BEAUTY,2008335.jpg,2008335,2,0,NA
1913154_1,2023-01-04 22:45:52.565462,CLO,1913154.jpg,1913154,1,0,NA
2000109_2,2023-01-04 22:45:51.987347,CLO,2000109.jpg,2000109,2,0,NA
2002489_2,2023-01-04 22:45:51.377964,CLO,2002489.jpg,2002489,2,0,NA
2003326_2,2023-01-04 22:45:50.846725,CLO,2003326.jpg,2003326,2,0,NA
2003398_2,2023-01-04 22:45:50.237621,CLO,2003398.jpg,2003398,2,0,NA
2003875_2,2023-01-04 22:45:49.627970,CLO,2003875.jpg,2003875,2,0,NA
2006440_2,2023-01-04 22:45:49.018605,CLO,2006440.jpg,2006440,2,0,NA
2006090_2,2023-01-04 22:45:48.440481,CLO,2006090.jpg,2006090,2,0,NA
2006598_2,2023-01-04 22:45:47.768604,CLO,2006598.jpg,2006598,2,0,NA
2006599_2,2023-01-04 22:45:47.174847,CLO,2006599.jpg,2006599,2,0,NA
2006835_2,2023-01-04 22:45:46.206117,CLO,2006835.jpg,2006835,2,0,NA
2006764_2,2023-01-04 22:45:45.659250,CLO,2006764.jpg,2006764,2,0,NA
2007315_2,2023-01-04 22:45:45.112372,CLO,2007315.jpg,2007315,2,0,NA
2007300_2,2023-01-04 22:45:44.596734,CLO,2007300.jpg,2007300,2,0,NA
2007516_2,2023-01-04 22:45:43.940499,CLO,2007516.jpg,2007516,2,0,NA
2007571_2,2023-01-04 22:45:43.331144,CLO,2007571.jpg,2007571,2,0,NA
2007855_2,2023-01-04 22:45:42.784407,CLO,2007855.jpg,2007855,2,0,NA
2008055_2,2023-01-04 22:45:42.206134,CLO,2008055.jpg,2008055,2,0,NA
2008300_2,2023-01-04 22:45:41.565501,CLO,2008300.jpg,2008300,2,0,NA
2005409_2,2023-01-04 22:45:40.987388,CLO,2005409.jpg,2005409,2,0,NA
2011185_2,2023-01-04 22:45:40.596758,CLO,2011185.jpg,2011185,2,0,NA
1912843_1,2023-01-04 22:45:02.893777,CLO,1912843.jpg,1912843,1,0,NA
2001855_2,2023-01-04 22:45:02.487528,CLO,2001855.jpg,2001855,2,0,NA
1912706_1,2023-01-04 22:45:01.878188,CLO,1912706.jpg,1912706,1,0,NA
2002115_2,2023-01-04 22:45:01.471905,CLO,2002115.jpg,2002115,2,0,NA
1910556_1,2023-01-04 22:45:00.846906,CLO,1910556.jpg,1910556,1,0,NA
2002205_2,2023-01-04 22:45:00.206419,CLO,2002205.jpg,2002205,2,0,NA
2001340_2,2023-01-04 22:44:59.831286,CLO,2001340.jpg,2001340,2,0,NA
2002827_2,2023-01-04 22:44:59.143787,CLO,2002827.jpg,2002827,2,0,NA
2002835_2,2023-01-04 22:44:58.612540,CLO,2002835.jpg,2002835,2,0,NA
2003032_2,2023-01-04 22:44:58.065674,CLO,2003032.jpg,2003032,2,0,NA
2005208_2,2023-01-04 22:44:57.237586,CLO,2005208.jpg,2005208,2,0,NA
2005389_2,2023-01-04 22:44:56.159444,CLO,2005389.jpg,2005389,2,0,NA
2005502_2,2023-01-04 22:44:55.581307,CLO,2005502.jpg,2005502,2,0,NA
2007577_2,2023-01-04 22:44:55.018815,CLO,2007577.jpg,2007577,2,0,NA
2005508_2,2023-01-04 22:44:54.425218,CLO,2005508.jpg,2005508,2,0,NA
2008099_2,2023-01-04 22:44:53.815699,CLO,2008099.jpg,2008099,2,0,NA
1909716_1,2023-01-04 22:44:53.237594,CLO,1909716.jpg,1909716,1,0,NA
2002834_2,2023-01-04 22:44:52.706301,CLO,2002834.jpg,2002834,2,0,NA
2005977_2,2023-01-04 22:44:52.128258,CLO,2005977.jpg,2005977,2,0,NA
2005043_2,2023-01-04 22:44:51.581328,CLO,2005043.jpg,2005043,2,0,NA
2006461_2,2023-01-04 22:44:51.034479,CLO,2006461.jpg,2006461,2,0,NA
2008106_2,2023-01-04 22:44:50.456335,CLO,2008106.jpg,2008106,2,0,NA
2001915_2,2023-01-04 22:44:49.893951,CLO,2001915.jpg,2001915,2,0,NA
2004690_2,2023-01-04 22:44:49.268839,CLO,2004690.jpg,2004690,2,0,NA
2004691_2,2023-01-04 22:44:48.628437,CLO,2004691.jpg,2004691,2,0,NA
2005813_2,2023-01-04 22:44:48.081344,CLO,2005813.jpg,2005813,2,0,NA
2004871_2,2023-01-04 22:44:47.456372,CLO,2004871.jpg,2004871,2,0,NA
2005870_2,2023-01-04 22:44:46.362569,CLO,2005870.jpg,2005870,2,0,NA
2005858_2,2023-01-04 22:44:45.675095,CLO,2005858.jpg,2005858,2,0,NA
2006027_2,2023-01-04 22:44:45.050295,CLO,2006027.jpg,2006027,2,0,NA
2006042_2,2023-01-04 22:44:44.379519,CLO,2006042.jpg,2006042,2,0,NA
2006448_2,2023-01-04 22:44:43.721977,CLO,2006448.jpg,2006448,2,0,NA
2006613_2,2023-01-04 22:44:43.065708,CLO,2006613.jpg,2006613,2,0,NA
2006626_2,2023-01-04 22:44:42.503460,CLO,2006626.jpg,2006626,2,0,NA
2007919_2,2023-01-04 22:44:41.862625,CLO,2007919.jpg,2007919,2,0,NA
2007924_2,2023-01-04 22:44:41.206468,CLO,2007924.jpg,2007924,2,0,NA
2007928_2,2023-01-04 22:44:40.566045,CLO,2007928.jpg,2007928,2,0,NA
2007932_2,2023-01-04 22:44:39.909496,CLO,2007932.jpg,2007932,2,0,NA
2001392_2,2023-01-04 22:44:39.286669,CLO,2001392.jpg,2001392,2,0,NA
2001395_2,2023-01-04 22:44:38.628256,CLO,2001395.jpg,2001395,2,0,NA
2002397_2,2023-01-04 22:44:37.989103,CLO,2002397.jpg,2002397,2,0,NA
2003332_2,2023-01-04 22:44:37.394069,CLO,2003332.jpg,2003332,2,0,NA
2005970_2,2023-01-04 22:44:36.847003,CLO,2005970.jpg,2005970,2,0,NA
2005802_2,2023-01-04 22:44:36.284512,CLO,2005802.jpg,2005802,2,0,NA
2006022_2,2023-01-04 22:44:35.722019,CLO,2006022.jpg,2006022,2,0,NA
2006828_2,2023-01-04 22:44:35.159518,CLO,2006828.jpg,2006828,2,0,NA
1910689_1,2023-01-04 22:44:34.550159,CLO,1910689.jpg,1910689,1,0,NA
1912703_1,2023-01-04 22:44:34.128264,CLO,1912703.jpg,1912703,1,0,NA
2001259_2,2023-01-04 22:44:33.565771,CLO,2001259.jpg,2001259,2,0,NA
2002238_2,2023-01-04 22:44:33.019252,CLO,2002238.jpg,2002238,2,0,NA
2002495_2,2023-01-04 22:44:32.393892,CLO,2002495.jpg,2002495,2,0,NA
2003000_2,2023-01-04 22:44:31.847026,CLO,2003000.jpg,2003000,2,0,NA
2003001_2,2023-01-04 22:44:31.237681,CLO,2003001.jpg,2003001,2,0,NA
2005261_2,2023-01-04 22:44:30.675130,CLO,2005261.jpg,2005261,2,0,NA
2005669_2,2023-01-04 22:44:30.081407,CLO,2005669.jpg,2005669,2,0,NA
2005856_2,2023-01-04 22:44:29.411180,CLO,2005856.jpg,2005856,2,0,NA
2005871_2,2023-01-04 22:44:28.815784,CLO,2005871.jpg,2005871,2,0,NA
2005835_2,2023-01-04 22:44:28.222053,CLO,2005835.jpg,2005835,2,0,NA
2006833_2,2023-01-04 22:44:27.534757,CLO,2006833.jpg,2006833,2,0,NA
2006035_2,2023-01-04 22:44:26.909544,CLO,2006035.jpg,2006035,2,0,NA
2005057_2,2023-01-04 22:44:26.331393,CLO,2005057.jpg,2005057,2,0,NA
2007760_2,2023-01-04 22:44:25.722027,CLO,2007760.jpg,2007760,2,0,NA
2007901_2,2023-01-04 22:44:25.143925,CLO,2007901.jpg,2007901,2,0,NA
2007897_2,2023-01-04 22:44:24.597052,CLO,2007897.jpg,2007897,2,0,NA
2008293_2,2023-01-04 22:44:24.050192,CLO,2008293.jpg,2008293,2,0,NA
2008295_2,2023-01-04 22:44:23.487683,CLO,2008295.jpg,2008295,2,0,NA
2002118_2,2023-01-04 22:44:22.940945,CLO,2002118.jpg,2002118,2,0,NA
2000756_2,2023-01-04 22:44:22.565808,CLO,2000756.jpg,2000756,2,0,NA
2003814_2,2023-01-04 22:44:22.003303,CLO,2003814.jpg,2003814,2,0,NA
2004504_2,2023-01-04 22:44:21.268930,CLO,2004504.jpg,2004504,2,0,NA
2006272_2,2023-01-04 22:44:20.597062,CLO,2006272.jpg,2006272,2,0,NA
2007283_2,2023-01-04 22:44:20.050186,CLO,2007283.jpg,2007283,2,0,NA
2007754_2,2023-01-04 22:44:19.425205,CLO,2007754.jpg,2007754,2,0,NA
2007778_2,2023-01-04 22:44:18.862696,CLO,2007778.jpg,2007778,2,0,NA
2007762_2,2023-01-04 22:44:18.300203,CLO,2007762.jpg,2007762,2,0,NA
2007779_2,2023-01-04 22:44:17.753326,CLO,2007779.jpg,2007779,2,0,NA
2007780_2,2023-01-04 22:44:17.143958,CLO,2007780.jpg,2007780,2,0,NA
2007831_2,2023-01-04 22:44:16.565900,CLO,2007831.jpg,2007831,2,0,NA
2007833_2,2023-01-04 22:44:16.003320,CLO,2007833.jpg,2007833,2,0,NA
2007885_2,2023-01-04 22:44:15.331462,CLO,2007885.jpg,2007885,2,0,NA
2007934_2,2023-01-04 22:44:14.768977,CLO,2007934.jpg,2007934,2,0,NA
2002882_2,2023-01-04 22:44:14.206909,CLO,2002882.jpg,2002882,2,0,NA
2005160_2,2023-01-04 22:44:13.581466,CLO,2005160.jpg,2005160,2,0,NA
2005772_2,2023-01-04 22:44:13.034593,CLO,2005772.jpg,2005772,2,0,NA
1906579_1,2023-01-04 22:44:12.659604,CLO,1906579.jpg,1906579,1,0,NA
2007515_2,2023-01-04 22:44:12.018981,CLO,2007515.jpg,2007515,2,0,NA
2007583_2,2023-01-04 22:44:11.456484,CLO,2007583.jpg,2007583,2,0,NA
2007759_2,2023-01-04 22:44:10.878345,CLO,2007759.jpg,2007759,2,0,NA
2007766_2,2023-01-04 22:44:10.268980,CLO,2007766.jpg,2007766,2,0,NA
2007765_2,2023-01-04 22:44:09.737740,CLO,2007765.jpg,2007765,2,0,NA
2007763_2,2023-01-04 22:44:09.190884,CLO,2007763.jpg,2007763,2,0,NA
2007906_2,2023-01-04 22:44:08.534637,CLO,2007906.jpg,2007906,2,0,NA
2007933_2,2023-01-04 22:44:07.956495,CLO,2007933.jpg,2007933,2,0,NA
2008068_2,2023-01-04 22:44:07.347102,CLO,2008068.jpg,2008068,2,0,NA
2008249_2,2023-01-04 22:44:06.722117,CLO,2008249.jpg,2008249,2,0,NA
2008087_2,2023-01-04 22:44:06.112741,CLO,2008087.jpg,2008087,2,0,NA
2008288_2,2023-01-04 22:44:05.534631,CLO,2008288.jpg,2008288,2,0,NA
2008291_2,2023-01-04 22:44:04.956497,CLO,2008291.jpg,2008291,2,0,NA
2008290_2,2023-01-04 22:44:04.331502,CLO,2008290.jpg,2008290,2,0,NA
2008296_2,2023-01-04 22:44:03.784626,CLO,2008296.jpg,2008296,2,0,NA
2008321_2,2023-01-04 22:44:03.237805,CLO,2008321.jpg,2008321,2,0,NA
2008633_2,2023-01-04 22:44:02.581504,CLO,2008633.jpg,2008633,2,0,NA
2008641_2,2023-01-04 22:44:01.987744,CLO,2008641.jpg,2008641,2,0,NA
2002829_2,2023-01-04 22:44:01.347139,CLO,2002829.jpg,2002829,2,0,NA
2003133_2,2023-01-04 22:44:00.815890,CLO,2003133.jpg,2003133,2,0,NA
2008248_2,2023-01-04 22:44:00.175267,CLO,2008248.jpg,2008248,2,0,NA
2003130_2,2023-01-04 22:43:59.565881,CLO,2003130.jpg,2003130,2,0,NA
2004266_2,2023-01-04 22:43:58.956523,CLO,2004266.jpg,2004266,2,0,NA
2004636_2,2023-01-04 22:43:58.331538,CLO,2004636.jpg,2004636,2,0,NA
2004637_2,2023-01-04 22:43:57.690882,CLO,2004637.jpg,2004637,2,0,NA
2005090_2,2023-01-04 22:43:57.019033,CLO,2005090.jpg,2005090,2,0,NA
2005387_2,2023-01-04 22:43:56.331839,CLO,2005387.jpg,2005387,2,0,NA
2005825_2,2023-01-04 22:43:55.675278,CLO,2005825.jpg,2005825,2,0,NA
2005831_2,2023-01-04 22:43:55.081557,CLO,2005831.jpg,2005831,2,0,NA
2006588_2,2023-01-04 22:43:54.456534,CLO,2006588.jpg,2006588,2,0,NA
2006595_2,2023-01-04 22:43:53.909668,CLO,2006595.jpg,2006595,2,0,NA
2006596_2,2023-01-04 22:43:53.300281,CLO,2006596.jpg,2006596,2,0,NA
2006798_2,2023-01-04 22:43:52.707155,CLO,2006798.jpg,2006798,2,0,NA
2007313_2,2023-01-04 22:43:52.081541,CLO,2007313.jpg,2007313,2,0,NA
2007628_2,2023-01-04 22:43:51.456555,CLO,2007628.jpg,2007628,2,0,NA
2007767_2,2023-01-04 22:43:50.815930,CLO,2007767.jpg,2007767,2,0,NA
2007768_2,2023-01-04 22:43:50.190932,CLO,2007768.jpg,2007768,2,0,NA
2007769_2,2023-01-04 22:43:49.519033,CLO,2007769.jpg,2007769,2,0,NA
2012014_2,2023-01-04 22:43:49.097172,CLO,2012014.jpg,2012014,2,0,NA
2007834_2,2023-01-04 22:43:48.472197,CLO,2007834.jpg,2007834,2,0,NA
2007862_2,2023-01-04 22:43:47.862902,CLO,2007862.jpg,2007862,2,0,NA
2007918_2,2023-01-04 22:43:47.269048,CLO,2007918.jpg,2007918,2,0,NA
2007927_2,2023-01-04 22:43:46.659683,CLO,2007927.jpg,2007927,2,0,NA
2007926_2,2023-01-04 22:43:46.003432,CLO,2007926.jpg,2007926,2,0,NA
2007931_2,2023-01-04 22:43:45.331582,CLO,2007931.jpg,2007931,2,0,NA
2007929_2,2023-01-04 22:43:44.675331,CLO,2007929.jpg,2007929,2,0,NA
2008037_2,2023-01-04 22:43:43.862826,CLO,2008037.jpg,2008037,2,0,NA
2008052_2,2023-01-04 22:43:43.253450,CLO,2008052.jpg,2008052,2,0,NA
2008272_2,2023-01-04 22:43:42.597236,CLO,2008272.jpg,2008272,2,0,NA
2008287_2,2023-01-04 22:43:41.987850,CLO,2008287.jpg,2008287,2,0,NA
2008273_2,2023-01-04 22:43:41.362841,CLO,2008273.jpg,2008273,2,0,NA
2008303_2,2023-01-04 22:43:40.675340,CLO,2008303.jpg,2008303,2,0,NA
2008304_2,2023-01-04 22:43:40.097210,CLO,2008304.jpg,2008304,2,0,NA
2008649_2,2023-01-04 22:43:39.409718,CLO,2008649.jpg,2008649,2,0,NA
2003344_2,2023-01-04 22:43:38.815980,CLO,2003344.jpg,2003344,2,0,NA
2005220_2,2023-01-04 22:43:38.253474,CLO,2005220.jpg,2005220,2,0,NA
2005821_2,2023-01-04 22:43:37.675347,CLO,2005821.jpg,2005821,2,0,NA
2005829_2,2023-01-04 22:43:37.050409,CLO,2005829.jpg,2005829,2,0,NA
2005838_2,2023-01-04 22:43:36.472232,CLO,2005838.jpg,2005838,2,0,NA
2005839_2,2023-01-04 22:43:35.753510,CLO,2005839.jpg,2005839,2,0,NA
2007770_2,2023-01-04 22:43:35.144230,CLO,2007770.jpg,2007770,2,0,NA
2007836_2,2023-01-04 22:43:34.362867,CLO,2007836.jpg,2007836,2,0,NA
2007826_2,2023-01-04 22:43:33.769119,CLO,2007826.jpg,2007826,2,0,NA
2007817_2,2023-01-04 22:43:33.144101,CLO,2007817.jpg,2007817,2,0,NA
2003528_2,2023-01-04 22:43:32.487871,CLO,2003528.jpg,2003528,2,0,NA
2004644_2,2023-01-04 22:43:31.925390,CLO,2004644.jpg,2004644,2,0,NA
2004645_2,2023-01-04 22:43:31.347344,CLO,2004645.jpg,2004645,2,0,NA
2006013_2,2023-01-04 22:43:30.769128,CLO,2006013.jpg,2006013,2,0,NA
2005847_2,2023-01-04 22:43:30.175505,CLO,2005847.jpg,2005847,2,0,NA
2006036_2,2023-01-04 22:43:29.411308,CLO,2006036.jpg,2006036,2,0,NA
2006335_2,2023-01-04 22:43:28.722264,CLO,2006335.jpg,2006335,2,0,NA
2006338_2,2023-01-04 22:43:28.097268,CLO,2006338.jpg,2006338,2,0,NA
2006803_2,2023-01-04 22:43:27.441022,CLO,2006803.jpg,2006803,2,0,NA
2007835_2,2023-01-04 22:43:26.769141,CLO,2007835.jpg,2007835,2,0,NA
2008195_2,2023-01-04 22:43:26.191044,CLO,2008195.jpg,2008195,2,0,NA
2008319_2,2023-01-04 22:43:25.534836,CLO,2008319.jpg,2008319,2,0,NA
2008320_2,2023-01-04 22:43:24.534775,CLO,2008320.jpg,2008320,2,0,NA
2006681_2,2023-01-04 22:43:23.956664,CLO,2006681.jpg,2006681,2,0,NA
2006682_2,2023-01-04 22:43:23.378563,CLO,2006682.jpg,2006682,2,0,NA
2006684_2,2023-01-04 22:43:22.769163,CLO,2006684.jpg,2006684,2,0,NA
2006686_2,2023-01-04 22:43:22.175423,CLO,2006686.jpg,2006686,2,0,NA
2000478_2,2023-01-04 22:43:21.566041,JEW,2000478.jpg,2000478,2,0,NA
2005134_2,2023-01-04 22:43:19.956682,ACC,2005134.jpg,2005134,2,0,NA
2006913_2,2023-01-04 22:43:18.675423,ACC,2006913.jpg,2006913,2,0,NA
1912205_1,2023-01-04 22:43:18.206676,ACC,1912205.jpg,1912205,1,0,NA
2007195_2,2023-01-04 22:43:17.378556,ACC,2007195.jpg,2007195,2,0,NA
2007196_2,2023-01-04 22:43:16.534808,ACC,2007196.jpg,2007196,2,0,NA
2007201_2,2023-01-04 22:43:15.659817,ACC,2007201.jpg,2007201,2,0,NA
2007204_2,2023-01-04 22:43:03.237988,ACC,2007204.jpg,2007204,2,0,NA
2003582_2,2023-01-04 22:43:02.316105,CLO,2003582.jpg,2003582,2,0,NA
2005198_2,2023-01-04 22:43:01.847368,CLO,2005198.jpg,2005198,2,0,NA
2005867_2,2023-01-04 22:43:00.925509,CLO,2005867.jpg,2005867,2,0,NA
2005965_2,2023-01-04 22:43:00.035026,CLO,2005965.jpg,2005965,2,0,NA
2006784_2,2023-01-04 22:42:59.159878,CLO,2006784.jpg,2006784,2,0,NA
2008659_2,2023-01-04 22:42:58.378630,CLO,2008659.jpg,2008659,2,0,NA
2008702_2,2023-01-04 22:42:57.363025,CLO,2008702.jpg,2008702,2,0,NA
2008901_2,2023-01-04 22:42:56.425524,CLO,2008901.jpg,2008901,2,0,NA
2005263_2,2023-01-04 22:42:55.488097,CLO,2005263.jpg,2005263,2,0,NA
2005095_2,2023-01-04 22:42:54.831789,CLO,2005095.jpg,2005095,2,0,NA
2007903_2,2023-01-04 22:42:54.128667,CLO,2007903.jpg,2007903,2,0,NA
2007979_2,2023-01-04 22:42:53.425539,CLO,2007979.jpg,2007979,2,0,NA
2008284_2,2023-01-04 22:42:52.769341,CLO,2008284.jpg,2008284,2,0,NA
2008286_2,2023-01-04 22:42:52.144278,CLO,2008286.jpg,2008286,2,0,NA
2008301_2,2023-01-04 22:42:51.519297,CLO,2008301.jpg,2008301,2,0,NA
2008368_2,2023-01-04 22:42:50.456784,CLO,2008368.jpg,2008368,2,0,NA
2008422_2,2023-01-04 22:42:49.816165,CLO,2008422.jpg,2008422,2,0,NA
2008433_2,2023-01-04 22:42:49.191180,CLO,2008433.jpg,2008433,2,0,NA
2008302_2,2023-01-04 22:42:48.550539,CLO,2008302.jpg,2008302,2,0,NA
2000086_2,2023-01-04 22:42:47.863038,CLO,2000086.jpg,2000086,2,0,NA
2004268_2,2023-01-04 22:42:47.113048,CLO,2004268.jpg,2004268,2,0,NA
2005824_2,2023-01-04 22:42:46.394303,CLO,2005824.jpg,2005824,2,0,NA
2006273_2,2023-01-04 22:42:45.738267,CLO,2006273.jpg,2006273,2,0,NA
2006609_2,2023-01-04 22:42:45.097433,CLO,2006609.jpg,2006609,2,0,NA
2006805_2,2023-01-04 22:42:44.378683,CLO,2006805.jpg,2006805,2,0,NA
2006847_2,2023-01-04 22:42:43.722459,CLO,2006847.jpg,2006847,2,0,NA
2007725_2,2023-01-04 22:42:43.066209,CLO,2007725.jpg,2007725,2,0,NA
2007745_2,2023-01-04 22:42:42.425575,CLO,2007745.jpg,2007745,2,0,NA
2007749_2,2023-01-04 22:42:41.831820,CLO,2007749.jpg,2007749,2,0,NA
2007825_2,2023-01-04 22:42:41.207873,CLO,2007825.jpg,2007825,2,0,NA
2007895_2,2023-01-04 22:42:40.503669,CLO,2007895.jpg,2007895,2,0,NA
2007935_2,2023-01-04 22:42:39.878756,CLO,2007935.jpg,2007935,2,0,NA
2008064_2,2023-01-04 22:42:39.159959,CLO,2008064.jpg,2008064,2,0,NA
2008070_2,2023-01-04 22:42:38.456844,CLO,2008070.jpg,2008070,2,0,NA
2008073_2,2023-01-04 22:42:37.755790,CLO,2008073.jpg,2008073,2,0,NA
2008075_2,2023-01-04 22:42:37.003689,CLO,2008075.jpg,2008075,2,0,NA
2008078_2,2023-01-04 22:42:36.378729,CLO,2008078.jpg,2008078,2,0,NA
2008395_2,2023-01-04 22:42:35.706835,CLO,2008395.jpg,2008395,2,0,NA
2008656_2,2023-01-04 22:42:35.050594,CLO,2008656.jpg,2008656,2,0,NA
2008519_2,2023-01-04 22:42:34.394376,CLO,2008519.jpg,2008519,2,0,NA
2008674_2,2023-01-04 22:42:33.738135,CLO,2008674.jpg,2008674,2,0,NA
2008662_2,2023-01-04 22:42:33.066235,CLO,2008662.jpg,2008662,2,0,NA
2008676_2,2023-01-04 22:42:32.441240,CLO,2008676.jpg,2008676,2,0,NA
2008770_2,2023-01-04 22:42:31.816256,CLO,2008770.jpg,2008770,2,0,NA
2008790_2,2023-01-04 22:42:31.175729,CLO,2008790.jpg,2008790,2,0,NA
2008776_2,2023-01-04 22:42:30.472512,CLO,2008776.jpg,2008776,2,0,NA
2008791_2,2023-01-04 22:42:29.847507,CLO,2008791.jpg,2008791,2,0,NA
2008527_2,2023-01-04 22:42:29.222640,CLO,2008527.jpg,2008527,2,0,NA
2009023_2,2023-01-04 22:42:28.003875,CLO,2009023.jpg,2009023,2,0,NA
2008854_2,2023-01-04 22:42:27.363221,CLO,2008854.jpg,2008854,2,0,NA
2008961_2,2023-01-04 22:42:26.706894,CLO,2008961.jpg,2008961,2,0,NA
2008965_2,2023-01-04 22:42:25.550808,CLO,2008965.jpg,2008965,2,0,NA
2009148_2,2023-01-04 22:42:24.972503,CLO,2009148.jpg,2009148,2,0,NA
2009146_2,2023-01-04 22:42:24.097602,CLO,2009146.jpg,2009146,2,0,NA
2003342_2,2023-01-04 22:42:23.191263,CLO,2003342.jpg,2003342,2,0,NA
2007867_2,2023-01-04 22:42:22.410018,CLO,2007867.jpg,2007867,2,0,NA
2007869_2,2023-01-04 22:42:21.363163,CLO,2007869.jpg,2007869,2,0,NA
2007870_2,2023-01-04 22:42:20.238121,CLO,2007870.jpg,2007870,2,0,NA
2008373_2,2023-01-04 22:42:19.035031,CLO,2008373.jpg,2008373,2,0,NA
2002877_2,2023-01-04 22:42:18.238128,CLO,2002877.jpg,2002877,2,0,NA
2002880_2,2023-01-04 22:42:17.331921,CLO,2002880.jpg,2002880,2,0,NA
2005459_2,2023-01-04 22:42:16.472559,CLO,2005459.jpg,2005459,2,0,NA
2005493_2,2023-01-04 22:42:15.410041,CLO,2005493.jpg,2005493,2,0,NA
2005694_2,2023-01-04 22:42:14.535060,CLO,2005694.jpg,2005694,2,0,NA
2006139_2,2023-01-04 22:42:13.331928,CLO,2006139.jpg,2006139,2,0,NA
2007863_2,2023-01-04 22:42:12.160075,CLO,2007863.jpg,2007863,2,0,NA
2007864_2,2023-01-04 22:42:10.972557,CLO,2007864.jpg,2007864,2,0,NA
2007866_2,2023-01-04 22:42:10.144448,CLO,2007866.jpg,2007866,2,0,NA
2007868_2,2023-01-04 22:42:09.207616,CLO,2007868.jpg,2007868,2,0,NA
2007880_2,2023-01-04 22:42:08.347569,CLO,2007880.jpg,2007880,2,0,NA
2008305_2,2023-01-04 22:42:07.378846,CLO,2008305.jpg,2008305,2,0,NA
1709140_1,2023-01-04 22:42:06.894483,CLO,1709140.jpg,1709140,1,0,NA
2114538_2,2023-01-04 22:42:06.394481,CLO,2114538.jpg,2114538,2,0,NA
1809352_1,2023-01-04 22:42:05.941763,CLO,1809352.jpg,1809352,1,0,NA
2008380_2,2023-01-04 22:42:04.410072,CLO,2008380.jpg,2008380,2,0,NA
2008612_2,2023-01-04 22:42:03.488246,CLO,2008612.jpg,2008612,2,0,NA
2008654_2,2023-01-04 22:42:02.191406,CLO,2008654.jpg,2008654,2,0,NA
2008789_2,2023-01-04 22:42:01.129611,CLO,2008789.jpg,2008789,2,0,NA
2008997_2,2023-01-04 22:41:59.941351,CLO,2008997.jpg,2008997,2,0,NA
1912780_1,2023-01-04 22:41:58.831988,CLO,1912780.jpg,1912780,1,0,NA
2006610_2,2023-01-04 22:41:57.972856,CLO,2006610.jpg,2006610,2,0,NA
2007480_2,2023-01-04 22:41:56.753847,CLO,2007480.jpg,2007480,2,0,NA
2008026_2,2023-01-04 22:41:55.956975,CLO,2008026.jpg,2008026,2,0,NA
2008029_2,2023-01-04 22:41:54.691452,CLO,2008029.jpg,2008029,2,0,NA
2008036_2,2023-01-04 22:41:53.957014,CLO,2008036.jpg,2008036,2,0,NA
2008255_2,2023-01-04 22:41:52.144504,CLO,2008255.jpg,2008255,2,0,NA
2008343_2,2023-01-04 22:41:51.160144,CLO,2008343.jpg,2008343,2,0,NA
2008658_2,2023-01-04 22:41:50.222685,CLO,2008658.jpg,2008658,2,0,NA
2008888_2,2023-01-04 22:41:49.082011,CLO,2008888.jpg,2008888,2,0,NA
2009090_2,2023-01-04 22:41:48.019539,CLO,2009090.jpg,2009090,2,0,NA
2005864_2,2023-01-04 22:41:46.613285,CLO,2005864.jpg,2005864,2,0,NA
2008573_2,2023-01-04 22:41:45.082063,CLO,2008573.jpg,2008573,2,0,NA
1913150_1,2023-01-04 22:41:44.332040,CLO,1913150.jpg,1913150,1,0,NA
1910852_1,2023-01-04 22:41:42.800781,CLO,1910852.jpg,1910852,1,0,NA
2008108_2,2023-01-04 22:41:41.878928,CLO,2008108.jpg,2008108,2,0,NA
2008687_2,2023-01-04 22:41:40.628914,CLO,2008687.jpg,2008687,2,0,NA
1906566_1,2023-01-04 22:41:39.457072,CLO,1906566.jpg,1906566,1,0,NA
2008299_2,2023-01-04 22:41:38.457134,CLO,2008299.jpg,2008299,2,0,NA
2007487_2,2023-01-04 22:41:37.300814,CLO,2007487.jpg,2007487,2,0,NA
1709240_1,2023-01-04 22:41:36.347767,CLO,1709240.jpg,1709240,1,0,NA
1910282_1,2023-01-04 22:41:35.504000,CLO,1910282.jpg,1910282,1,0,NA
2007476_2,2023-01-04 22:41:34.269557,CLO,2007476.jpg,2007476,2,0,NA
1913149_1,2023-01-04 22:41:33.269596,CLO,1913149.jpg,1913149,1,0,NA
2008685_2,2023-01-04 22:41:32.222727,CLO,2008685.jpg,2008685,2,0,NA
1905596_1,2023-01-04 22:41:31.175833,CLO,1905596.jpg,1905596,1,0,NA
1602673_1,2023-01-04 22:41:30.722712,CLO,1602673.jpg,1602673,1,0,NA
2008686_2,2023-01-04 22:41:29.550909,CLO,2008686.jpg,2008686,2,0,NA
1808169_1,2023-01-04 22:41:28.363343,CLO,1808169.jpg,1808169,1,0,NA
2008828_2,2023-01-04 22:41:27.300910,CLO,2008828.jpg,2008828,2,0,NA
2006904_2,2023-01-04 22:41:26.535218,CLO,2006904.jpg,2006904,2,0,NA
1909591_1,2023-01-04 22:41:25.066611,CLO,1909591.jpg,1909591,1,0,NA
1909640_1,2023-01-04 22:41:24.238396,CLO,1909640.jpg,1909640,1,0,NA
1910291_1,2023-01-04 22:41:22.738361,CLO,1910291.jpg,1910291,1,0,NA
1910367_1,2023-01-04 22:41:21.941480,CLO,1910367.jpg,1910367,1,0,NA
1910497_1,2023-01-04 22:41:21.066490,CLO,1910497.jpg,1910497,1,0,NA
1910863_1,2023-01-04 22:41:20.238572,CLO,1910863.jpg,1910863,1,0,NA
1912053_1,2023-01-04 22:41:19.301096,CLO,1912053.jpg,1912053,1,0,NA
1912553_1,2023-01-04 22:41:18.347766,CLO,1912553.jpg,1912553,1,0,NA
2003538_2,2023-01-04 22:41:17.128991,CLO,2003538.jpg,2003538,2,0,NA
2003541_2,2023-01-04 22:41:15.957141,CLO,2003541.jpg,2003541,2,0,NA
2004177_2,2023-01-04 22:41:15.113379,CLO,2004177.jpg,2004177,2,0,NA
2005495_2,2023-01-04 22:41:14.113400,CLO,2005495.jpg,2005495,2,0,NA
2005827_2,2023-01-04 22:41:12.972786,CLO,2005827.jpg,2005827,2,0,NA
2005877_2,2023-01-04 22:41:11.832147,CLO,2005877.jpg,2005877,2,0,NA
2006421_2,2023-01-04 22:41:10.597799,CLO,2006421.jpg,2006421,2,0,NA
2006585_2,2023-01-04 22:41:09.426015,CLO,2006585.jpg,2006585,2,0,NA
2007482_2,2023-01-04 22:41:08.254060,CLO,2007482.jpg,2007482,2,0,NA
2007518_2,2023-01-04 22:41:07.441546,CLO,2007518.jpg,2007518,2,0,NA
2007843_2,2023-01-04 22:41:06.254069,CLO,2007843.jpg,2007843,2,0,NA
2007875_2,2023-01-04 22:41:05.050958,CLO,2007875.jpg,2007875,2,0,NA
2007887_2,2023-01-04 22:41:03.847831,CLO,2007887.jpg,2007887,2,0,NA
2007949_2,2023-01-04 22:41:02.144702,CLO,2007949.jpg,2007949,2,0,NA
2008575_2,2023-01-04 22:41:01.144703,CLO,2008575.jpg,2008575,2,0,NA
2008717_2,2023-01-04 22:41:00.082241,CLO,2008717.jpg,2008717,2,0,NA
2008835_2,2023-01-04 22:40:58.847844,CLO,2008835.jpg,2008835,2,0,NA
2008949_2,2023-01-04 22:40:57.660337,CLO,2008949.jpg,2008949,2,0,NA
2004684_2,2023-01-04 22:40:56.441574,CLO,2004684.jpg,2004684,2,0,NA
2006301_2,2023-01-04 22:40:55.472849,CLO,2006301.jpg,2006301,2,0,NA
2007874_2,2023-01-04 22:40:54.347836,CLO,2007874.jpg,2007874,2,0,NA
2008396_2,2023-01-04 22:40:53.160341,CLO,2008396.jpg,2008396,2,0,NA
1910220_1,2023-01-04 22:40:51.988476,CLO,1910220.jpg,1910220,1,0,NA
1912959_1,2023-01-04 22:40:51.504099,CLO,1912959.jpg,1912959,1,0,NA
2006089_2,2023-01-04 22:40:50.285348,CLO,2006089.jpg,2006089,2,0,NA
2008165_2,2023-01-04 22:40:49.113522,CLO,2008165.jpg,2008165,2,0,NA
2008353_2,2023-01-04 22:40:48.238517,CLO,2008353.jpg,2008353,2,0,NA
2008589_2,2023-01-04 22:40:47.488549,CLO,2008589.jpg,2008589,2,0,NA
2008531_2,2023-01-04 22:40:46.660386,CLO,2008531.jpg,2008531,2,0,NA
1807668_1,2023-01-04 22:40:45.675993,ACC,1807668.jpg,1807668,1,0,NA
1807669_1,2023-01-04 22:40:44.926012,ACC,1807669.jpg,1807669,1,0,NA
1807672_1,2023-01-04 22:40:43.519758,ACC,1807672.jpg,1807672,1,0,NA
1908180_1,2023-01-04 22:40:42.785406,ACC,1908180.jpg,1908180,1,0,NA
2007071_2,2023-01-04 22:40:41.863518,ACC,2007071.jpg,2007071,2,0,NA
2007072_2,2023-01-04 22:40:41.129178,ACC,2007072.jpg,2007072,2,0,NA
2007073_2,2023-01-04 22:40:40.019787,ACC,2007073.jpg,2007073,2,0,NA
2007074_2,2023-01-04 22:40:39.222934,ACC,2007074.jpg,2007074,2,0,NA
2007075_2,2023-01-04 22:40:38.082270,ACC,2007075.jpg,2007075,2,0,NA
2007076_2,2023-01-04 22:40:37.301049,ACC,2007076.jpg,2007076,2,0,NA
2008721_2,2023-01-04 22:40:36.629145,BEAUTY,2008721.jpg,2008721,2,0,NA
2009028_2,2023-01-04 22:40:35.488634,CLO,2009028.jpg,2009028,2,0,NA
2009295_2,2023-01-04 22:40:34.660431,CLO,2009295.jpg,2009295,2,0,NA
2007937_2,2023-01-04 22:40:33.426064,CLO,2007937.jpg,2007937,2,0,NA
2007939_2,2023-01-04 22:40:32.207327,CLO,2007939.jpg,2007939,2,0,NA
2007942_2,2023-01-04 22:40:30.972948,CLO,2007942.jpg,2007942,2,0,NA
2008950_2,2023-01-04 22:40:29.691702,CLO,2008950.jpg,2008950,2,0,NA
2009005_2,2023-01-04 22:40:28.707391,CLO,2009005.jpg,2009005,2,0,NA
2009020_2,2023-01-04 22:40:27.238984,CLO,2009020.jpg,2009020,2,0,NA
2008289_2,2023-01-04 22:40:25.816714,CLO,2008289.jpg,2008289,2,0,NA
2008298_2,2023-01-04 22:40:24.988631,CLO,2008298.jpg,2008298,2,0,NA
2008405_2,2023-01-04 22:40:23.801104,CLO,2008405.jpg,2008405,2,0,NA
1910570_1,2023-01-04 22:40:22.613590,CLO,1910570.jpg,1910570,1,0,NA
2009175_2,2023-01-04 22:40:21.801120,CLO,2009175.jpg,2009175,2,0,NA
2009187_2,2023-01-04 22:40:20.504221,CLO,2009187.jpg,2009187,2,0,NA
2009179_2,2023-01-04 22:40:19.363593,CLO,2009179.jpg,2009179,2,0,NA
2004175_2,2023-01-04 22:40:18.472986,CLO,2004175.jpg,2004175,2,0,NA
2003590_2,2023-01-04 22:40:17.363621,CLO,2003590.jpg,2003590,2,0,NA
2008110_2,2023-01-04 22:40:16.129235,CLO,2008110.jpg,2008110,2,0,NA
2008116_2,2023-01-04 22:40:15.019866,CLO,2008116.jpg,2008116,2,0,NA
2008138_2,2023-01-04 22:40:13.848021,CLO,2008138.jpg,2008138,2,0,NA
2008141_2,2023-01-04 22:40:12.598017,CLO,2008141.jpg,2008141,2,0,NA
2008563_2,2023-01-04 22:40:11.504252,CLO,2008563.jpg,2008563,2,0,NA
2008565_2,2023-01-04 22:40:10.238623,CLO,2008565.jpg,2008565,2,0,NA
2008576_2,2023-01-04 22:40:09.082394,CLO,2008576.jpg,2008576,2,0,NA
2008580_2,2023-01-04 22:40:07.629333,CLO,2008580.jpg,2008580,2,0,NA
2008962_2,2023-01-04 22:40:06.691822,CLO,2008962.jpg,2008962,2,0,NA
2008964_2,2023-01-04 22:40:05.504280,CLO,2008964.jpg,2008964,2,0,NA
2008966_2,2023-01-04 22:40:04.473048,CLO,2008966.jpg,2008966,2,0,NA
2008999_2,2023-01-04 22:40:03.270000,CLO,2008999.jpg,2008999,2,0,NA
2009027_2,2023-01-04 22:40:02.176179,CLO,2009027.jpg,2009027,2,0,NA
2009118_2,2023-01-04 22:40:01.238849,CLO,2009118.jpg,2009118,2,0,NA
2009147_2,2023-01-04 22:39:55.144952,CLO,2009147.jpg,2009147,2,0,NA
2009255_2,2023-01-04 22:39:53.988727,CLO,2009255.jpg,2009255,2,0,NA
2009256_2,2023-01-04 22:39:53.160577,CLO,2009256.jpg,2009256,2,0,NA
2009281_2,2023-01-04 22:39:52.129404,CLO,2009281.jpg,2009281,2,0,NA
2009739_2,2023-01-04 22:39:51.191850,CLO,2009739.jpg,2009739,2,0,NA
2009097_2,2023-01-04 22:39:50.285604,CLO,2009097.jpg,2009097,2,0,NA
2009046_2,2023-01-04 22:39:49.457489,CLO,2009046.jpg,2009046,2,0,NA
2008863_2,2023-01-04 22:39:48.442833,BEAUTY,2008863.jpg,2008863,2,0,NA
2008751_2,2023-01-04 22:39:47.723117,BEAUTY,2008751.jpg,2008751,2,0,NA
2008909_2,2023-01-04 22:39:46.957493,BEAUTY,2008909.jpg,2008909,2,0,NA
2008904_2,2023-01-04 22:39:46.285612,BEAUTY,2008904.jpg,2008904,2,0,NA
2009238_2,2023-01-04 22:39:45.129362,BEAUTY,2009238.jpg,2009238,2,0,NA
2009249_2,2023-01-04 22:39:44.426244,BEAUTY,2009249.jpg,2009249,2,0,NA
2009288_2,2023-01-04 22:39:43.754608,BEAUTY,2009288.jpg,2009288,2,0,NA
1907122_1,2023-01-04 22:39:42.910616,CLO,1907122.jpg,1907122,1,0,NA
1910557_1,2023-01-04 22:39:42.301269,CLO,1910557.jpg,1910557,1,0,NA
1912705_1,2023-01-04 22:39:41.926354,CLO,1912705.jpg,1912705,1,0,NA
2002527_2,2023-01-04 22:39:41.379376,CLO,2002527.jpg,2002527,2,0,NA
2004696_2,2023-01-04 22:39:40.754375,CLO,2004696.jpg,2004696,2,0,NA
2005075_2,2023-01-04 22:39:40.051259,CLO,2005075.jpg,2005075,2,0,NA
2005814_2,2023-01-04 22:39:39.379367,CLO,2005814.jpg,2005814,2,0,NA
2006086_2,2023-01-04 22:39:38.738745,CLO,2006086.jpg,2006086,2,0,NA
1801975_1,2023-01-04 22:39:13.910732,CLO,1801975.jpg,1801975,1,0,NA
1903503_1,2023-01-04 22:39:13.520111,CLO,1903503.jpg,1903503,1,0,NA
2006581_2,2023-01-04 22:39:13.145241,CLO,2006581.jpg,2006581,2,0,NA
2006607_2,2023-01-04 22:39:12.567029,CLO,2006607.jpg,2006607,2,0,NA
2006899_2,2023-01-04 22:39:11.941994,CLO,2006899.jpg,2006899,2,0,NA
2006685_2,2023-01-04 22:39:11.332787,CLO,2006685.jpg,2006685,2,0,NA
2006901_2,2023-01-04 22:39:10.692009,CLO,2006901.jpg,2006901,2,0,NA
2007243_2,2023-01-04 22:39:10.020128,CLO,2007243.jpg,2007243,2,0,NA
2007290_2,2023-01-04 22:39:09.363888,CLO,2007290.jpg,2007290,2,0,NA
2007292_2,2023-01-04 22:39:08.660870,CLO,2007292.jpg,2007292,2,0,NA
2007310_2,2023-01-04 22:39:07.988892,CLO,2007310.jpg,2007310,2,0,NA
2007345_2,2023-01-04 22:39:07.270158,CLO,2007345.jpg,2007345,2,0,NA
2007433_2,2023-01-04 22:39:06.629526,CLO,2007433.jpg,2007433,2,0,NA
2007434_2,2023-01-04 22:39:06.051389,CLO,2007434.jpg,2007434,2,0,NA
2007440_2,2023-01-04 22:39:05.410757,CLO,2007440.jpg,2007440,2,0,NA
2007436_2,2023-01-04 22:39:04.832626,CLO,2007436.jpg,2007436,2,0,NA
2007459_2,2023-01-04 22:39:04.270127,CLO,2007459.jpg,2007459,2,0,NA
2007464_2,2023-01-04 22:39:03.692036,CLO,2007464.jpg,2007464,2,0,NA
2007861_2,2023-01-04 22:39:02.973275,CLO,2007861.jpg,2007861,2,0,NA
2008032_2,2023-01-04 22:39:02.317057,CLO,2008032.jpg,2008032,2,0,NA
2008183_2,2023-01-04 22:39:01.738902,CLO,2008183.jpg,2008183,2,0,NA
2008136_2,2023-01-04 22:39:01.113918,CLO,2008136.jpg,2008136,2,0,NA
2008184_2,2023-01-04 22:39:00.504524,CLO,2008184.jpg,2008184,2,0,NA
1912183_1,2023-01-04 22:38:59.504534,CLO,1912183.jpg,1912183,1,0,NA
2007472_2,2023-01-04 22:38:58.817030,CLO,2007472.jpg,2007472,2,0,NA
2007978_2,2023-01-04 22:38:58.238923,CLO,2007978.jpg,2007978,2,0,NA
2008233_2,2023-01-04 22:38:57.614007,CLO,2008233.jpg,2008233,2,0,NA
2008234_2,2023-01-04 22:38:56.895171,CLO,2008234.jpg,2008234,2,0,NA
2008357_2,2023-01-04 22:38:56.223301,CLO,2008357.jpg,2008357,2,0,NA
2008324_2,2023-01-04 22:38:55.629569,CLO,2008324.jpg,2008324,2,0,NA
2008360_2,2023-01-04 22:38:54.988942,CLO,2008360.jpg,2008360,2,0,NA
2008375_2,2023-01-04 22:38:54.598307,CLO,2008375.jpg,2008375,2,0,NA
2008363_2,2023-01-04 22:38:54.020175,CLO,2008363.jpg,2008363,2,0,NA
2008512_2,2023-01-04 22:38:53.348304,CLO,2008512.jpg,2008512,2,0,NA
2008374_2,2023-01-04 22:38:52.660812,CLO,2008374.jpg,2008374,2,0,NA
2008581_2,2023-01-04 22:38:52.067045,CLO,2008581.jpg,2008581,2,0,NA
2008493_2,2023-01-04 22:38:51.426427,CLO,2008493.jpg,2008493,2,0,NA
2008876_2,2023-01-04 22:38:50.739022,CLO,2008876.jpg,2008876,2,0,NA
2008843_2,2023-01-04 22:38:50.098379,CLO,2008843.jpg,2008843,2,0,NA
2008994_2,2023-01-04 22:38:49.473314,CLO,2008994.jpg,2008994,2,0,NA
2008978_2,2023-01-04 22:38:48.879574,CLO,2008978.jpg,2008978,2,0,NA
2009026_2,2023-01-04 22:38:48.254580,CLO,2009026.jpg,2009026,2,0,NA
2009112_2,2023-01-04 22:38:47.645197,CLO,2009112.jpg,2009112,2,0,NA
2004139_2,2023-01-04 22:38:47.020192,CLO,2004139.jpg,2004139,2,0,NA
2004161_2,2023-01-04 22:38:45.848548,CLO,2004161.jpg,2004161,2,0,NA
2007432_2,2023-01-04 22:38:44.926727,CLO,2007432.jpg,2007432,2,0,NA
2004232_2,2023-01-04 22:38:43.989792,CLO,2004232.jpg,2004232,2,0,NA
2007435_2,2023-01-04 22:38:43.020235,CLO,2007435.jpg,2007435,2,0,NA
2007442_2,2023-01-04 22:38:42.129616,CLO,2007442.jpg,2007442,2,0,NA
2007443_2,2023-01-04 22:38:40.801492,CLO,2007443.jpg,2007443,2,0,NA
2007806_2,2023-01-04 22:38:39.551524,CLO,2007806.jpg,2007806,2,0,NA
2007468_2,2023-01-04 22:38:38.817164,CLO,2007468.jpg,2007468,2,0,NA
2008223_2,2023-01-04 22:38:38.145421,CLO,2008223.jpg,2008223,2,0,NA
2008639_2,2023-01-04 22:38:37.442124,CLO,2008639.jpg,2008639,2,0,NA
1911116_1,2023-01-04 22:38:37.067331,CLO,1911116.jpg,1911116,1,0,NA
2008598_2,2023-01-04 22:38:36.364111,CLO,2008598.jpg,2008598,2,0,NA
2008700_2,2023-01-04 22:38:35.629641,CLO,2008700.jpg,2008700,2,0,NA
2008980_2,2023-01-04 22:38:35.004739,CLO,2008980.jpg,2008980,2,0,NA
2008979_2,2023-01-04 22:38:34.348386,CLO,2008979.jpg,2008979,2,0,NA
2002396_2,2023-01-04 22:38:33.723379,CLO,2002396.jpg,2002396,2,0,NA
2006332_2,2023-01-04 22:38:32.692132,CLO,2006332.jpg,2006332,2,0,NA
2007268_2,2023-01-04 22:38:31.739023,CLO,2007268.jpg,2007268,2,0,NA
2007269_2,2023-01-04 22:38:30.942302,CLO,2007269.jpg,2007269,2,0,NA
2007270_2,2023-01-04 22:38:30.160889,CLO,2007270.jpg,2007270,2,0,NA
2007274_2,2023-01-04 22:38:28.989027,CLO,2007274.jpg,2007274,2,0,NA
2007391_2,2023-01-04 22:38:28.098408,CLO,2007391.jpg,2007391,2,0,NA
2007471_2,2023-01-04 22:38:27.535900,CLO,2007471.jpg,2007471,2,0,NA
2007437_2,2023-01-04 22:38:26.739032,CLO,2007437.jpg,2007437,2,0,NA
2007474_2,2023-01-04 22:38:25.848421,CLO,2007474.jpg,2007474,2,0,NA
2007473_2,2023-01-04 22:38:25.192170,CLO,2007473.jpg,2007473,2,0,NA
2007567_2,2023-01-04 22:38:24.567199,CLO,2007567.jpg,2007567,2,0,NA
2008163_2,2023-01-04 22:38:23.957839,CLO,2008163.jpg,2008163,2,0,NA
2008427_2,2023-01-04 22:38:23.348428,CLO,2008427.jpg,2008427,2,0,NA
2008429_2,2023-01-04 22:38:22.770313,CLO,2008429.jpg,2008429,2,0,NA
2008522_2,2023-01-04 22:38:22.160933,CLO,2008522.jpg,2008522,2,0,NA
2008523_2,2023-01-04 22:38:21.598446,CLO,2008523.jpg,2008523,2,0,NA
2008602_2,2023-01-04 22:38:21.020309,CLO,2008602.jpg,2008602,2,0,NA
2008607_2,2023-01-04 22:38:20.410923,CLO,2008607.jpg,2008607,2,0,NA
2008609_2,2023-01-04 22:38:19.801564,CLO,2008609.jpg,2008609,2,0,NA
2008663_2,2023-01-04 22:38:19.239047,CLO,2008663.jpg,2008663,2,0,NA
2008764_2,2023-01-04 22:38:18.645319,CLO,2008764.jpg,2008764,2,0,NA
2008753_2,2023-01-04 22:38:18.020331,CLO,2008753.jpg,2008753,2,0,NA
2008970_2,2023-01-04 22:38:17.410944,CLO,2008970.jpg,2008970,2,0,NA
2008881_2,2023-01-04 22:38:16.832847,CLO,2008881.jpg,2008881,2,0,NA
2008987_2,2023-01-04 22:38:16.254694,CLO,2008987.jpg,2008987,2,0,NA
2008973_2,2023-01-04 22:38:15.723547,CLO,2008973.jpg,2008973,2,0,NA
2009044_2,2023-01-04 22:38:15.067210,CLO,2009044.jpg,2009044,2,0,NA
2009041_2,2023-01-04 22:38:14.457853,CLO,2009041.jpg,2009041,2,0,NA
2008993_2,2023-01-04 22:38:13.864083,CLO,2008993.jpg,2008993,2,0,NA
2009079_2,2023-01-04 22:38:13.270342,CLO,2009079.jpg,2009079,2,0,NA
2009105_2,2023-01-04 22:38:12.692201,CLO,2009105.jpg,2009105,2,0,NA
2007267_2,2023-01-04 22:38:12.129711,CLO,2007267.jpg,2007267,2,0,NA
2007272_2,2023-01-04 22:38:11.395344,CLO,2007272.jpg,2007272,2,0,NA
2007280_2,2023-01-04 22:38:10.645352,CLO,2007280.jpg,2007280,2,0,NA
2007286_2,2023-01-04 22:38:09.926606,CLO,2007286.jpg,2007286,2,0,NA
2007294_2,2023-01-04 22:38:09.176946,CLO,2007294.jpg,2007294,2,0,NA
2007295_2,2023-01-04 22:38:08.129723,CLO,2007295.jpg,2007295,2,0,NA
2007309_2,2023-01-04 22:38:07.207870,CLO,2007309.jpg,2007309,2,0,NA
2007312_2,2023-01-04 22:38:06.457886,CLO,2007312.jpg,2007312,2,0,NA
2007340_2,2023-01-04 22:38:05.660980,CLO,2007340.jpg,2007340,2,0,NA
2007341_2,2023-01-04 22:36:40.645694,CLO,2007341.jpg,2007341,2,0,NA
2007343_2,2023-01-04 22:34:55.255471,CLO,2007343.jpg,2007343,2,0,NA
2007390_2,2023-01-04 22:34:54.458589,CLO,2007390.jpg,2007390,2,0,NA
2007438_2,2023-01-04 22:34:53.521190,CLO,2007438.jpg,2007438,2,0,NA
2007439_2,2023-01-04 22:34:52.255714,CLO,2007439.jpg,2007439,2,0,NA
2007441_2,2023-01-04 22:34:51.474247,CLO,2007441.jpg,2007441,2,0,NA
2007469_2,2023-01-04 22:34:50.677387,CLO,2007469.jpg,2007469,2,0,NA
2008188_2,2023-01-04 22:34:49.818019,CLO,2008188.jpg,2008188,2,0,NA
2008189_2,2023-01-04 22:34:48.911820,CLO,2008189.jpg,2008189,2,0,NA
2008235_2,2023-01-04 22:34:48.130517,CLO,2008235.jpg,2008235,2,0,NA
2008437_2,2023-01-04 22:34:47.333636,CLO,2008437.jpg,2008437,2,0,NA
2008520_2,2023-01-04 22:34:46.396148,CLO,2008520.jpg,2008520,2,0,NA
2008583_2,2023-01-04 22:34:45.568040,CLO,2008583.jpg,2008583,2,0,NA
2008600_2,2023-01-04 22:34:44.755830,CLO,2008600.jpg,2008600,2,0,NA
2008604_2,2023-01-04 22:34:43.880538,CLO,2008604.jpg,2008604,2,0,NA
2008661_2,2023-01-04 22:34:43.036914,CLO,2008661.jpg,2008661,2,0,NA
2008666_2,2023-01-04 22:34:42.208647,CLO,2008666.jpg,2008666,2,0,NA
2008699_2,2023-01-04 22:34:41.380516,CLO,2008699.jpg,2008699,2,0,NA
2008703_2,2023-01-04 22:34:40.521146,CLO,2008703.jpg,2008703,2,0,NA
2008709_2,2023-01-04 22:34:39.708638,CLO,2008709.jpg,2008709,2,0,NA
2008762_2,2023-01-04 22:34:38.708647,CLO,2008762.jpg,2008762,2,0,NA
2008841_2,2023-01-04 22:34:37.880545,CLO,2008841.jpg,2008841,2,0,NA
2008845_2,2023-01-04 22:34:36.849314,CLO,2008845.jpg,2008845,2,0,NA
2008846_2,2023-01-04 22:34:35.958662,CLO,2008846.jpg,2008846,2,0,NA
2008968_2,2023-01-04 22:34:35.036835,CLO,2008968.jpg,2008968,2,0,NA
2008992_2,2023-01-04 22:34:34.177629,CLO,2008992.jpg,2008992,2,0,NA
2009000_2,2023-01-04 22:34:33.364939,CLO,2009000.jpg,2009000,2,0,NA
2009015_2,2023-01-04 22:34:32.083681,CLO,2009015.jpg,2009015,2,0,NA
2009101_2,2023-01-04 22:34:31.239923,CLO,2009101.jpg,2009101,2,0,NA
2007190_2,2023-01-04 22:34:30.396185,BEAUTY,2007190.jpg,2007190,2,0,NA
2008552_2,2023-01-04 22:34:30.005576,BEAUTY,2008552.jpg,2008552,2,0,NA
2007119_2,2023-01-04 22:34:29.599328,BEAUTY,2007119.jpg,2007119,2,0,NA
2007250_2,2023-01-04 22:34:28.911833,BEAUTY,2007250.jpg,2007250,2,0,NA
2008340_2,2023-01-04 22:34:28.130606,BEAUTY,2008340.jpg,2008340,2,0,NA
2008638_2,2023-01-04 22:34:27.474324,BEAUTY,2008638.jpg,2008638,2,0,NA
2008657_2,2023-01-04 22:34:26.818071,BEAUTY,2008657.jpg,2008657,2,0,NA
2008707_2,2023-01-04 22:34:26.177581,BEAUTY,2008707.jpg,2008707,2,0,NA
2008724_2,2023-01-04 22:34:25.568494,BEAUTY,2008724.jpg,2008724,2,0,NA
2008902_2,2023-01-04 22:34:24.974427,BEAUTY,2008902.jpg,2008902,2,0,NA
2008908_2,2023-01-04 22:34:24.255738,BEAUTY,2008908.jpg,2008908,2,0,NA
2008906_2,2023-01-04 22:34:23.614992,BEAUTY,2008906.jpg,2008906,2,0,NA
2009071_2,2023-01-04 22:34:22.911908,BEAUTY,2009071.jpg,2009071,2,0,NA
2009072_2,2023-01-04 22:34:22.286848,BEAUTY,2009072.jpg,2009072,2,0,NA
2009083_2,2023-01-04 22:34:21.693109,BEAUTY,2009083.jpg,2009083,2,0,NA
2009085_2,2023-01-04 22:34:21.021263,BEAUTY,2009085.jpg,2009085,2,0,NA
2000801_2,2023-01-04 22:34:20.333737,CLO,2000801.jpg,2000801,2,0,NA
2004655_2,2023-01-04 22:34:19.708748,CLO,2004655.jpg,2004655,2,0,NA
2007486_2,2023-01-04 22:34:18.990020,CLO,2007486.jpg,2007486,2,0,NA
2007988_2,2023-01-04 22:34:18.193112,CLO,2007988.jpg,2007988,2,0,NA
2007989_2,2023-01-04 22:34:17.333769,CLO,2007989.jpg,2007989,2,0,NA
2007992_2,2023-01-04 22:34:16.630670,CLO,2007992.jpg,2007992,2,0,NA
2007995_2,2023-01-04 22:34:15.786849,CLO,2007995.jpg,2007995,2,0,NA
2008059_2,2023-01-04 22:34:14.880650,CLO,2008059.jpg,2008059,2,0,NA
2008060_2,2023-01-04 22:34:13.786899,CLO,2008060.jpg,2008060,2,0,NA
2008076_2,2023-01-04 22:34:12.755766,CLO,2008076.jpg,2008076,2,0,NA
2008079_2,2023-01-04 22:34:11.927538,CLO,2008079.jpg,2008079,2,0,NA
2008281_2,2023-01-04 22:34:11.146276,CLO,2008281.jpg,2008281,2,0,NA
2008594_2,2023-01-04 22:34:10.286904,CLO,2008594.jpg,2008594,2,0,NA
2008698_2,2023-01-04 22:34:09.490022,CLO,2008698.jpg,2008698,2,0,NA
2008715_2,2023-01-04 22:34:08.615040,CLO,2008715.jpg,2008715,2,0,NA
2008716_2,2023-01-04 22:34:07.786904,CLO,2008716.jpg,2008716,2,0,NA
2008718_2,2023-01-04 22:34:06.927776,CLO,2008718.jpg,2008718,2,0,NA
2008720_2,2023-01-04 22:34:06.115072,CLO,2008720.jpg,2008720,2,0,NA
2008722_2,2023-01-04 22:34:05.271272,CLO,2008722.jpg,2008722,2,0,NA
2008727_2,2023-01-04 22:34:04.490026,CLO,2008727.jpg,2008727,2,0,NA
2008738_2,2023-01-04 22:34:03.661906,CLO,2008738.jpg,2008738,2,0,NA
2008739_2,2023-01-04 22:34:02.818157,CLO,2008739.jpg,2008739,2,0,NA
2008743_2,2023-01-04 22:34:01.974417,CLO,2008743.jpg,2008743,2,0,NA
2008744_2,2023-01-04 22:34:01.177614,CLO,2008744.jpg,2008744,2,0,NA
2008745_2,2023-01-04 22:34:00.302569,CLO,2008745.jpg,2008745,2,0,NA
2008954_2,2023-01-04 22:33:59.318194,CLO,2008954.jpg,2008954,2,0,NA
2008957_2,2023-01-04 22:33:58.505681,CLO,2008957.jpg,2008957,2,0,NA
2008975_2,2023-01-04 22:33:57.708835,CLO,2008975.jpg,2008975,2,0,NA
2009045_2,2023-01-04 22:33:56.583831,CLO,2009045.jpg,2009045,2,0,NA
2009119_2,2023-01-04 22:33:55.818207,CLO,2009119.jpg,2009119,2,0,NA
2008093_2,2023-01-04 22:33:54.958837,CLO,2008093.jpg,2008093,2,0,NA
2010378_2,2023-01-04 22:33:54.099519,CLO,2010378.jpg,2010378,2,0,NA
2005037_2,2023-01-04 22:33:53.036958,CLO,2005037.jpg,2005037,2,0,NA
2008155_2,2023-01-04 22:33:52.443217,CLO,2008155.jpg,2008155,2,0,NA
2008153_2,2023-01-04 22:33:51.818232,CLO,2008153.jpg,2008153,2,0,NA
2008160_2,2023-01-04 22:33:51.161969,CLO,2008160.jpg,2008160,2,0,NA
2000123_2,2023-01-04 22:33:50.349466,CLO,2000123.jpg,2000123,2,0,NA
2006576_2,2023-01-04 22:33:49.771364,CLO,2006576.jpg,2006576,2,0,NA
2006586_2,2023-01-04 22:33:49.115116,CLO,2006586.jpg,2006586,2,0,NA
2006903_2,2023-01-04 22:33:48.507309,CLO,2006903.jpg,2006903,2,0,NA
2007242_2,2023-01-04 22:33:47.880732,CLO,2007242.jpg,2007242,2,0,NA
2007483_2,2023-01-04 22:33:47.240103,CLO,2007483.jpg,2007483,2,0,NA
2007800_2,2023-01-04 22:33:46.599479,CLO,2007800.jpg,2007800,2,0,NA
2007802_2,2023-01-04 22:33:45.927620,CLO,2007802.jpg,2007802,2,0,NA
2008088_2,2023-01-04 22:33:45.115120,CLO,2008088.jpg,2008088,2,0,NA
2008236_2,2023-01-04 22:33:44.287004,CLO,2008236.jpg,2008236,2,0,NA
2008616_2,2023-01-04 22:33:43.443243,CLO,2008616.jpg,2008616,2,0,NA
2008668_2,2023-01-04 22:33:42.615115,CLO,2008668.jpg,2008668,2,0,NA
2008635_2,2023-01-04 22:33:41.802626,CLO,2008635.jpg,2008635,2,0,NA
2008681_2,2023-01-04 22:33:41.005745,CLO,2008681.jpg,2008681,2,0,NA
2008976_2,2023-01-04 22:33:40.177737,CLO,2008976.jpg,2008976,2,0,NA
2009109_2,2023-01-04 22:33:39.255890,CLO,2009109.jpg,2009109,2,0,NA
2010438_2,2023-01-04 22:33:38.381021,CLO,2010438.jpg,2010438,2,0,NA
1912180_1,2023-01-04 22:33:37.912045,CLO,1912180.jpg,1912180,1,0,NA
2006608_2,2023-01-04 22:33:37.162030,CLO,2006608.jpg,2006608,2,0,NA
2007923_2,2023-01-04 22:33:36.333932,CLO,2007923.jpg,2007923,2,0,NA
2007838_2,2023-01-04 22:33:35.521589,CLO,2007838.jpg,2007838,2,0,NA
2007991_2,2023-01-04 22:33:34.646413,CLO,2007991.jpg,2007991,2,0,NA
2008082_2,2023-01-04 22:33:33.802708,CLO,2008082.jpg,2008082,2,0,NA
2008119_2,2023-01-04 22:33:33.146422,CLO,2008119.jpg,2008119,2,0,NA
2008225_2,2023-01-04 22:33:32.427662,CLO,2008225.jpg,2008225,2,0,NA
2008227_2,2023-01-04 22:33:31.615462,CLO,2008227.jpg,2008227,2,0,NA
2008229_2,2023-01-04 22:33:30.787175,CLO,2008229.jpg,2008229,2,0,NA
2008230_2,2023-01-04 22:33:29.974530,CLO,2008230.jpg,2008230,2,0,NA
2008645_2,2023-01-04 22:33:29.021411,CLO,2008645.jpg,2008645,2,0,NA
2008352_2,2023-01-04 22:33:28.193293,CLO,2008352.jpg,2008352,2,0,NA
2008731_2,2023-01-04 22:33:27.380789,CLO,2008731.jpg,2008731,2,0,NA
2008732_2,2023-01-04 22:33:26.615166,CLO,2008732.jpg,2008732,2,0,NA
2008769_2,2023-01-04 22:33:25.521444,CLO,2008769.jpg,2008769,2,0,NA
2008773_2,2023-01-04 22:33:24.662167,CLO,2008773.jpg,2008773,2,0,NA
2008771_2,2023-01-04 22:33:23.818312,CLO,2008771.jpg,2008771,2,0,NA
2008781_2,2023-01-04 22:33:22.912202,CLO,2008781.jpg,2008781,2,0,NA
2008785_2,2023-01-04 22:33:22.193337,CLO,2008785.jpg,2008785,2,0,NA
2008783_2,2023-01-04 22:33:21.443333,CLO,2008783.jpg,2008783,2,0,NA
2008894_2,2023-01-04 22:33:20.552727,CLO,2008894.jpg,2008894,2,0,NA
2005050_2,2023-01-04 22:33:19.693343,CLO,2005050.jpg,2005050,2,0,NA
2005497_2,2023-01-04 22:33:18.802815,CLO,2005497.jpg,2005497,2,0,NA
2007477_2,2023-01-04 22:33:18.005846,CLO,2007477.jpg,2007477,2,0,NA
2007523_2,2023-01-04 22:33:17.162216,CLO,2007523.jpg,2007523,2,0,NA
2008061_2,2023-01-04 22:33:16.396640,CLO,2008061.jpg,2008061,2,0,NA
2008062_2,2023-01-04 22:33:15.458989,CLO,2008062.jpg,2008062,2,0,NA
2008096_2,2023-01-04 22:33:14.630889,CLO,2008096.jpg,2008096,2,0,NA
2008191_2,2023-01-04 22:33:13.818472,CLO,2008191.jpg,2008191,2,0,NA
2008210_2,2023-01-04 22:33:12.990262,CLO,2008210.jpg,2008210,2,0,NA
2008364_2,2023-01-04 22:33:12.162123,CLO,2008364.jpg,2008364,2,0,NA
2008369_2,2023-01-04 22:33:11.333987,CLO,2008369.jpg,2008369,2,0,NA
2008593_2,2023-01-04 22:33:10.708988,CLO,2008593.jpg,2008593,2,0,NA
2008725_2,2023-01-04 22:33:09.880877,CLO,2008725.jpg,2008725,2,0,NA
2008726_2,2023-01-04 22:33:09.052758,CLO,2008726.jpg,2008726,2,0,NA
2008737_2,2023-01-04 22:33:08.240437,CLO,2008737.jpg,2008737,2,0,NA
2008740_2,2023-01-04 22:33:07.396493,CLO,2008740.jpg,2008740,2,0,NA
2008741_2,2023-01-04 22:33:06.521626,CLO,2008741.jpg,2008741,2,0,NA
2008742_2,2023-01-04 22:33:05.740260,CLO,2008742.jpg,2008742,2,0,NA
2008784_2,2023-01-04 22:33:04.974634,CLO,2008784.jpg,2008784,2,0,NA
2008974_2,2023-01-04 22:33:04.068391,CLO,2008974.jpg,2008974,2,0,NA
2008972_2,2023-01-04 22:33:03.224712,CLO,2008972.jpg,2008972,2,0,NA
2008982_2,2023-01-04 22:33:02.334145,CLO,2008982.jpg,2008982,2,0,NA
2008996_2,2023-01-04 22:33:01.552783,CLO,2008996.jpg,2008996,2,0,NA
2008998_2,2023-01-04 22:33:00.724655,CLO,2008998.jpg,2008998,2,0,NA
2009107_2,2023-01-04 22:32:59.927811,CLO,2009107.jpg,2009107,2,0,NA
2008341_2,2023-01-04 22:32:59.084037,BEAUTY,2008341.jpg,2008341,2,0,NA
2008875_2,2023-01-04 22:32:58.427802,BEAUTY,2008875.jpg,2008875,2,0,NA
2009035_2,2023-01-04 22:32:57.771558,BEAUTY,2009035.jpg,2009035,2,0,NA
2009287_2,2023-01-04 22:32:57.115300,BEAUTY,2009287.jpg,2009287,2,0,NA
2009360_2,2023-01-04 22:32:56.443425,BEAUTY,2009360.jpg,2009360,2,0,NA
2009367_2,2023-01-04 22:32:55.865300,BEAUTY,2009367.jpg,2009367,2,0,NA
2009368_2,2023-01-04 22:32:55.255936,BEAUTY,2009368.jpg,2009368,2,0,NA
2009369_2,2023-01-04 22:32:54.646558,BEAUTY,2009369.jpg,2009369,2,0,NA
2009569_2,2023-01-04 22:32:53.896615,BEAUTY,2009569.jpg,2009569,2,0,NA
2009672_2,2023-01-04 22:32:53.271568,BEAUTY,2009672.jpg,2009672,2,0,NA
2009673_2,2023-01-04 22:32:52.615515,BEAUTY,2009673.jpg,2009673,2,0,NA
2009676_2,2023-01-04 22:32:51.974724,BEAUTY,2009676.jpg,2009676,2,0,NA
2009566_2,2023-01-04 22:32:51.302832,BEAUTY,2009566.jpg,2009566,2,0,NA
2008025_2,2023-01-04 22:32:50.662199,CLO,2008025.jpg,2008025,2,0,NA
1910504_1,2023-01-04 22:32:50.037195,CLO,1910504.jpg,1910504,1,0,NA
2003546_2,2023-01-04 22:32:49.396587,CLO,2003546.jpg,2003546,2,0,NA
2005971_2,2023-01-04 22:32:48.630972,CLO,2005971.jpg,2005971,2,0,NA
2005982_2,2023-01-04 22:32:47.771601,CLO,2005982.jpg,2005982,2,0,NA
2006434_2,2023-01-04 22:32:46.865333,CLO,2006434.jpg,2006434,2,0,NA
2006491_2,2023-01-04 22:32:46.068599,CLO,2006491.jpg,2006491,2,0,NA
2006604_2,2023-01-04 22:32:45.256221,CLO,2006604.jpg,2006604,2,0,NA
2006605_2,2023-01-04 22:32:44.427871,CLO,2006605.jpg,2006605,2,0,NA
2006606_2,2023-01-04 22:32:43.584226,CLO,2006606.jpg,2006606,2,0,NA
2007938_2,2023-01-04 22:32:42.755965,CLO,2007938.jpg,2007938,2,0,NA
2008002_2,2023-01-04 22:32:41.959097,CLO,2008002.jpg,2008002,2,0,NA
2008006_2,2023-01-04 22:32:41.349811,CLO,2008006.jpg,2008006,2,0,NA
2008007_2,2023-01-04 22:32:40.693504,CLO,2008007.jpg,2008007,2,0,NA
2008139_2,2023-01-04 22:32:39.990370,CLO,2008139.jpg,2008139,2,0,NA
2008008_2,2023-01-04 22:32:39.318484,CLO,2008008.jpg,2008008,2,0,NA
2008431_2,2023-01-04 22:32:38.662258,CLO,2008431.jpg,2008431,2,0,NA
2008786_2,2023-01-04 22:32:38.068499,CLO,2008786.jpg,2008786,2,0,NA
2008878_2,2023-01-04 22:32:37.412323,CLO,2008878.jpg,2008878,2,0,NA
2009128_2,2023-01-04 22:32:36.802890,CLO,2009128.jpg,2009128,2,0,NA
2009150_2,2023-01-04 22:32:36.193495,CLO,2009150.jpg,2009150,2,0,NA
2009270_2,2023-01-04 22:32:35.568526,CLO,2009270.jpg,2009270,2,0,NA
2009334_2,2023-01-04 22:32:34.912302,CLO,2009334.jpg,2009334,2,0,NA
2009481_2,2023-01-04 22:32:34.302891,CLO,2009481.jpg,2009481,2,0,NA
2010422_2,2023-01-04 22:32:33.756026,CLO,2010422.jpg,2010422,2,0,NA
2010424_2,2023-01-04 22:32:33.052914,CLO,2010424.jpg,2010424,2,0,NA
1911813_1,2023-01-04 22:32:32.381032,CLO,1911813.jpg,1911813,1,0,NA
2004233_2,2023-01-04 22:32:31.615398,CLO,2004233.jpg,2004233,2,0,NA
2005841_2,2023-01-04 22:32:30.787291,CLO,2005841.jpg,2005841,2,0,NA
2005844_2,2023-01-04 22:32:29.912264,CLO,2005844.jpg,2005844,2,0,NA
2006602_2,2023-01-04 22:32:29.193513,CLO,2006602.jpg,2006602,2,0,NA
2007584_2,2023-01-04 22:32:28.490513,CLO,2007584.jpg,2007584,2,0,NA
2007803_2,2023-01-04 22:32:27.599796,CLO,2007803.jpg,2007803,2,0,NA
2007940_2,2023-01-04 22:32:26.865422,CLO,2007940.jpg,2007940,2,0,NA
2008009_2,2023-01-04 22:32:26.052923,CLO,2008009.jpg,2008009,2,0,NA
2008065_2,2023-01-04 22:32:25.224813,CLO,2008065.jpg,2008065,2,0,NA
2008095_2,2023-01-04 22:32:24.334184,CLO,2008095.jpg,2008095,2,0,NA
2008177_2,2023-01-04 22:32:23.646680,CLO,2008177.jpg,2008177,2,0,NA
2008208_2,2023-01-04 22:32:22.646743,CLO,2008208.jpg,2008208,2,0,NA
2008178_2,2023-01-04 22:32:21.787312,CLO,2008178.jpg,2008178,2,0,NA
2008292_2,2023-01-04 22:32:20.865443,CLO,2008292.jpg,2008292,2,0,NA
2008399_2,2023-01-04 22:32:20.146693,CLO,2008399.jpg,2008399,2,0,NA
2008412_2,2023-01-04 22:32:19.302930,CLO,2008412.jpg,2008412,2,0,NA
2008419_2,2023-01-04 22:32:18.615435,CLO,2008419.jpg,2008419,2,0,NA
2008421_2,2023-01-04 22:32:17.709193,CLO,2008421.jpg,2008421,2,0,NA
2008423_2,2023-01-04 22:32:16.943562,CLO,2008423.jpg,2008423,2,0,NA
2008425_2,2023-01-04 22:32:16.052943,CLO,2008425.jpg,2008425,2,0,NA
2008426_2,2023-01-04 22:32:15.177969,CLO,2008426.jpg,2008426,2,0,NA
2008516_2,2023-01-04 22:32:14.318593,CLO,2008516.jpg,2008516,2,0,NA
2008614_2,2023-01-04 22:32:13.506108,CLO,2008614.jpg,2008614,2,0,NA
2008630_2,2023-01-04 22:32:12.693597,CLO,2008630.jpg,2008630,2,0,NA
2008673_2,2023-01-04 22:32:11.849856,CLO,2008673.jpg,2008673,2,0,NA
2008675_2,2023-01-04 22:32:11.006094,CLO,2008675.jpg,2008675,2,0,NA
2008760_2,2023-01-04 22:32:10.177985,CLO,2008760.jpg,2008760,2,0,NA
2008824_2,2023-01-04 22:32:09.412363,CLO,2008824.jpg,2008824,2,0,NA
2008831_2,2023-01-04 22:32:08.537402,CLO,2008831.jpg,2008831,2,0,NA
2008849_2,2023-01-04 22:32:07.428006,CLO,2008849.jpg,2008849,2,0,NA
2008883_2,2023-01-04 22:32:06.568622,CLO,2008883.jpg,2008883,2,0,NA
2008956_2,2023-01-04 22:32:05.662422,CLO,2008956.jpg,2008956,2,0,NA
2008977_2,2023-01-04 22:32:04.709262,CLO,2008977.jpg,2008977,2,0,NA
2009025_2,2023-01-04 22:32:03.724900,CLO,2009025.jpg,2009025,2,0,NA
2009089_2,2023-01-04 22:32:02.834262,CLO,2009089.jpg,2009089,2,0,NA
2009091_2,2023-01-04 22:32:01.928012,CLO,2009091.jpg,2009091,2,0,NA
2009092_2,2023-01-04 22:32:01.037562,CLO,2009092.jpg,2009092,2,0,NA
2009093_2,2023-01-04 22:32:00.193649,CLO,2009093.jpg,2009093,2,0,NA
2009095_2,2023-01-04 22:31:59.412417,CLO,2009095.jpg,2009095,2,0,NA
2009145_2,2023-01-04 22:31:58.506169,CLO,2009145.jpg,2009145,2,0,NA
2009265_2,2023-01-04 22:31:57.553043,CLO,2009265.jpg,2009265,2,0,NA
2009286_2,2023-01-04 22:31:56.271785,CLO,2009286.jpg,2009286,2,0,NA
2009290_2,2023-01-04 22:31:55.443663,CLO,2009290.jpg,2009290,2,0,NA
2009291_2,2023-01-04 22:31:54.553031,CLO,2009291.jpg,2009291,2,0,NA
2009297_2,2023-01-04 22:31:53.537421,CLO,2009297.jpg,2009297,2,0,NA
2009305_2,2023-01-04 22:31:52.693666,CLO,2009305.jpg,2009305,2,0,NA
2009307_2,2023-01-04 22:31:51.756177,CLO,2009307.jpg,2009307,2,0,NA
2009309_2,2023-01-04 22:31:50.818671,CLO,2009309.jpg,2009309,2,0,NA
2009310_2,2023-01-04 22:31:49.990555,CLO,2009310.jpg,2009310,2,0,NA
2009324_2,2023-01-04 22:31:49.131225,CLO,2009324.jpg,2009324,2,0,NA
2009326_2,2023-01-04 22:31:48.193677,CLO,2009326.jpg,2009326,2,0,NA
2009330_2,2023-01-04 22:31:47.365602,CLO,2009330.jpg,2009330,2,0,NA
2009332_2,2023-01-04 22:31:46.756217,CLO,2009332.jpg,2009332,2,0,NA
2009337_2,2023-01-04 22:31:46.100052,CLO,2009337.jpg,2009337,2,0,NA
2009338_2,2023-01-04 22:31:45.568713,CLO,2009338.jpg,2009338,2,0,NA
2009349_2,2023-01-04 22:31:44.975113,CLO,2009349.jpg,2009349,2,0,NA
2009454_2,2023-01-04 22:31:44.412553,CLO,2009454.jpg,2009454,2,0,NA
2009467_2,2023-01-04 22:31:43.787453,CLO,2009467.jpg,2009467,2,0,NA
2009468_2,2023-01-04 22:31:43.209697,CLO,2009468.jpg,2009468,2,0,NA
2009486_2,2023-01-04 22:31:42.599971,CLO,2009486.jpg,2009486,2,0,NA
2009514_2,2023-01-04 22:31:42.006217,CLO,2009514.jpg,2009514,2,0,NA
2013076_2,2023-01-04 22:31:41.349969,CLO,2013076.jpg,2013076,2,0,NA
2009662_2,2023-01-04 22:31:40.959354,CLO,2009662.jpg,2009662,2,0,NA
2009707_2,2023-01-04 22:31:40.334327,CLO,2009707.jpg,2009707,2,0,NA
2009709_2,2023-01-04 22:31:39.678088,CLO,2009709.jpg,2009709,2,0,NA
2009710_2,2023-01-04 22:31:39.053088,CLO,2009710.jpg,2009710,2,0,NA
2009734_2,2023-01-04 22:31:38.443730,CLO,2009734.jpg,2009734,2,0,NA
2009733_2,2023-01-04 22:31:37.818712,CLO,2009733.jpg,2009733,2,0,NA
2009738_2,2023-01-04 22:31:37.193717,CLO,2009738.jpg,2009738,2,0,NA
2009736_2,2023-01-04 22:31:36.584455,CLO,2009736.jpg,2009736,2,0,NA
2009820_2,2023-01-04 22:31:36.037472,CLO,2009820.jpg,2009820,2,0,NA
2009756_2,2023-01-04 22:31:35.396853,CLO,2009756.jpg,2009756,2,0,NA
2010071_2,2023-01-04 22:31:34.756222,CLO,2010071.jpg,2010071,2,0,NA
2010118_2,2023-01-04 22:31:34.115614,CLO,2010118.jpg,2010118,2,0,NA
2010229_2,2023-01-04 22:31:33.459434,CLO,2010229.jpg,2010229,2,0,NA
2010121_2,2023-01-04 22:31:32.850002,CLO,2010121.jpg,2010121,2,0,NA
2010221_2,2023-01-04 22:31:32.225041,CLO,2010221.jpg,2010221,2,0,NA
2010244_2,2023-01-04 22:31:31.506603,CLO,2010244.jpg,2010244,2,0,NA
2010269_2,2023-01-04 22:31:30.771882,CLO,2010269.jpg,2010269,2,0,NA
2010246_2,2023-01-04 22:31:30.131278,CLO,2010246.jpg,2010246,2,0,NA
2010272_2,2023-01-04 22:31:29.537516,CLO,2010272.jpg,2010272,2,0,NA
2010434_2,2023-01-04 22:31:28.865686,CLO,2010434.jpg,2010434,2,0,NA
2010528_2,2023-01-04 22:31:27.772429,CLO,2010528.jpg,2010528,2,0,NA
2010428_2,2023-01-04 22:31:27.162525,CLO,2010428.jpg,2010428,2,0,NA
2010771_2,2023-01-04 22:31:26.506278,CLO,2010771.jpg,2010771,2,0,NA
2010772_2,2023-01-04 22:31:25.756292,CLO,2010772.jpg,2010772,2,0,NA
2010779_2,2023-01-04 22:31:25.115643,CLO,2010779.jpg,2010779,2,0,NA
2010777_2,2023-01-04 22:31:24.506273,CLO,2010777.jpg,2010777,2,0,NA
2010775_2,2023-01-04 22:31:23.928148,CLO,2010775.jpg,2010775,2,0,NA
2011351_2,2023-01-04 22:31:23.303170,CLO,2011351.jpg,2011351,2,0,NA
2011636_2,2023-01-04 22:31:22.678172,CLO,2011636.jpg,2011636,2,0,NA
2011642_2,2023-01-04 22:31:22.100036,CLO,2011642.jpg,2011642,2,0,NA
2005401_2,2023-01-04 22:31:21.459493,CLO,2005401.jpg,2005401,2,0,NA
2006807_2,2023-01-04 22:31:19.912545,CLO,2006807.jpg,2006807,2,0,NA
2007851_2,2023-01-04 22:31:19.037554,CLO,2007851.jpg,2007851,2,0,NA
2010322_2,2023-01-04 22:31:18.084458,CLO,2010322.jpg,2010322,2,0,NA
2010430_2,2023-01-04 22:31:17.256309,CLO,2010430.jpg,2010430,2,0,NA
2010873_2,2023-01-04 22:31:16.396911,CLO,2010873.jpg,2010873,2,0,NA
2010441_2,2023-01-04 22:31:15.568812,CLO,2010441.jpg,2010441,2,0,NA
2010878_2,2023-01-04 22:31:14.740681,CLO,2010878.jpg,2010878,2,0,NA
2009375_2,2023-01-04 22:31:13.818803,CLO,2009375.jpg,2009375,2,0,NA
2008847_2,2023-01-04 22:31:12.975059,CLO,2008847.jpg,2008847,2,0,NA
2009719_2,2023-01-04 22:31:12.162562,CLO,2009719.jpg,2009719,2,0,NA
1508162_1,2023-01-04 22:31:11.209441,CLO,1508162.jpg,1508162,1,0,NA
2008596_2,2023-01-04 22:31:10.334442,CLO,2008596.jpg,2008596,2,0,NA
2009374_2,2023-01-04 22:31:09.318824,CLO,2009374.jpg,2009374,2,0,NA
2009489_2,2023-01-04 22:31:08.521971,CLO,2009489.jpg,2009489,2,0,NA
2010057_2,2023-01-04 22:31:07.693822,CLO,2010057.jpg,2010057,2,0,NA
2010292_2,2023-01-04 22:31:06.850080,CLO,2010292.jpg,2010292,2,0,NA
2010336_2,2023-01-04 22:31:05.990746,CLO,2010336.jpg,2010336,2,0,NA
2010365_2,2023-01-04 22:31:05.162583,CLO,2010365.jpg,2010365,2,0,NA
2010373_2,2023-01-04 22:31:04.303222,CLO,2010373.jpg,2010373,2,0,NA
2010379_2,2023-01-04 22:31:03.443839,CLO,2010379.jpg,2010379,2,0,NA
2010382_2,2023-01-04 22:31:02.646972,CLO,2010382.jpg,2010382,2,0,NA
2010420_2,2023-01-04 22:31:01.834479,CLO,2010420.jpg,2010420,2,0,NA
2010472_2,2023-01-04 22:31:00.928248,CLO,2010472.jpg,2010472,2,0,NA
2010498_2,2023-01-04 22:31:00.115773,CLO,2010498.jpg,2010498,2,0,NA
2010546_2,2023-01-04 22:30:59.240772,CLO,2010546.jpg,2010546,2,0,NA
2010880_2,2023-01-04 22:30:58.428239,CLO,2010880.jpg,2010880,2,0,NA
2010911_2,2023-01-04 22:30:57.553282,CLO,2010911.jpg,2010911,2,0,NA
2010931_2,2023-01-04 22:30:56.725139,CLO,2010931.jpg,2010931,2,0,NA
2010942_2,2023-01-04 22:30:55.881399,CLO,2010942.jpg,2010942,2,0,NA
2008091_2,2023-01-04 22:30:55.006373,CLO,2008091.jpg,2008091,2,0,NA
2008910_2,2023-01-04 22:30:54.053267,CLO,2008910.jpg,2008910,2,0,NA
2010284_2,2023-01-04 22:30:53.209521,CLO,2010284.jpg,2010284,2,0,NA
2010337_2,2023-01-04 22:30:52.287633,CLO,2010337.jpg,2010337,2,0,NA
2010363_2,2023-01-04 22:30:51.412714,CLO,2010363.jpg,2010363,2,0,NA
2010559_2,2023-01-04 22:30:50.537663,CLO,2010559.jpg,2010559,2,0,NA
1909355_1,2023-01-04 22:30:49.756523,CLO,1909355.jpg,1909355,1,0,NA
2005498_2,2023-01-04 22:30:49.084541,CLO,2005498.jpg,2005498,2,0,NA
2005501_2,2023-01-04 22:30:48.475201,CLO,2005501.jpg,2005501,2,0,NA
2005854_2,2023-01-04 22:30:47.897236,CLO,2005854.jpg,2005854,2,0,NA
2005873_2,2023-01-04 22:30:47.334836,CLO,2005873.jpg,2005873,2,0,NA
2006589_2,2023-01-04 22:30:46.740805,CLO,2006589.jpg,2006589,2,0,NA
2006767_2,2023-01-04 22:30:46.162683,CLO,2006767.jpg,2006767,2,0,NA
2007521_2,2023-01-04 22:30:45.319115,CLO,2007521.jpg,2007521,2,0,NA
2007846_2,2023-01-04 22:30:44.412802,CLO,2007846.jpg,2007846,2,0,NA
2007522_2,2023-01-04 22:30:43.600201,CLO,2007522.jpg,2007522,2,0,NA
2007891_2,2023-01-04 22:30:42.772289,CLO,2007891.jpg,2007891,2,0,NA
2007892_2,2023-01-04 22:30:41.850197,CLO,2007892.jpg,2007892,2,0,NA
2007943_2,2023-01-04 22:30:40.959667,CLO,2007943.jpg,2007943,2,0,NA
2008168_2,2023-01-04 22:30:40.084605,CLO,2008168.jpg,2008168,2,0,NA
2008192_2,2023-01-04 22:30:39.193990,CLO,2008192.jpg,2008192,2,0,NA
2008194_2,2023-01-04 22:30:37.959865,CLO,2008194.jpg,2008194,2,0,NA
2008193_2,2023-01-04 22:30:37.381593,CLO,2008193.jpg,2008193,2,0,NA
2008205_2,2023-01-04 22:30:36.537729,CLO,2008205.jpg,2008205,2,0,NA
2008198_2,2023-01-04 22:30:35.693969,CLO,2008198.jpg,2008198,2,0,NA
2008206_2,2023-01-04 22:30:34.772119,CLO,2008206.jpg,2008206,2,0,NA
2008262_2,2023-01-04 22:30:33.850231,CLO,2008262.jpg,2008262,2,0,NA
2008402_2,2023-01-04 22:30:33.147301,CLO,2008402.jpg,2008402,2,0,NA
2008624_2,2023-01-04 22:30:32.569944,CLO,2008624.jpg,2008624,2,0,NA
2008628_2,2023-01-04 22:30:31.709611,CLO,2008628.jpg,2008628,2,0,NA
2008669_2,2023-01-04 22:30:30.881502,CLO,2008669.jpg,2008669,2,0,NA
2008945_2,2023-01-04 22:30:29.990872,CLO,2008945.jpg,2008945,2,0,NA
2008953_2,2023-01-04 22:30:29.131531,CLO,2008953.jpg,2008953,2,0,NA
2008981_2,2023-01-04 22:30:28.240879,CLO,2008981.jpg,2008981,2,0,NA
2008995_2,2023-01-04 22:30:27.303401,CLO,2008995.jpg,2008995,2,0,NA
2009042_2,2023-01-04 22:30:26.350251,CLO,2009042.jpg,2009042,2,0,NA
2009077_2,2023-01-04 22:30:25.506499,CLO,2009077.jpg,2009077,2,0,NA
2009099_2,2023-01-04 22:30:24.678373,CLO,2009099.jpg,2009099,2,0,NA
2009115_2,2023-01-04 22:30:23.772145,CLO,2009115.jpg,2009115,2,0,NA
2009139_2,2023-01-04 22:30:22.944031,CLO,2009139.jpg,2009139,2,0,NA
2009137_2,2023-01-04 22:30:21.959628,CLO,2009137.jpg,2009137,2,0,NA
2009182_2,2023-01-04 22:30:21.131529,CLO,2009182.jpg,2009182,2,0,NA
2009231_2,2023-01-04 22:30:20.506531,CLO,2009231.jpg,2009231,2,0,NA
2009257_2,2023-01-04 22:30:19.944052,CLO,2009257.jpg,2009257,2,0,NA
2009298_2,2023-01-04 22:30:19.084642,CLO,2009298.jpg,2009298,2,0,NA
2009303_2,2023-01-04 22:30:18.475268,CLO,2009303.jpg,2009303,2,0,NA
2009304_2,2023-01-04 22:30:17.865899,CLO,2009304.jpg,2009304,2,0,NA
2009308_2,2023-01-04 22:30:16.756526,CLO,2009308.jpg,2009308,2,0,NA
2009318_2,2023-01-04 22:30:16.147169,CLO,2009318.jpg,2009318,2,0,NA
2009322_2,2023-01-04 22:30:15.569047,CLO,2009322.jpg,2009322,2,0,NA
2009378_2,2023-01-04 22:30:14.897172,CLO,2009378.jpg,2009378,2,0,NA
2009401_2,2023-01-04 22:30:14.256558,CLO,2009401.jpg,2009401,2,0,NA
2009443_2,2023-01-04 22:30:13.631571,CLO,2009443.jpg,2009443,2,0,NA
2009462_2,2023-01-04 22:30:12.990944,CLO,2009462.jpg,2009462,2,0,NA
2009485_2,2023-01-04 22:30:12.381544,CLO,2009485.jpg,2009485,2,0,NA
2009491_2,2023-01-04 22:30:11.787803,CLO,2009491.jpg,2009491,2,0,NA
2009506_2,2023-01-04 22:30:11.256544,CLO,2009506.jpg,2009506,2,0,NA
2009505_2,2023-01-04 22:30:10.647189,CLO,2009505.jpg,2009505,2,0,NA
2009508_2,2023-01-04 22:30:10.037803,CLO,2009508.jpg,2009508,2,0,NA
2009511_2,2023-01-04 22:30:09.444072,CLO,2009511.jpg,2009511,2,0,NA
2009612_2,2023-01-04 22:30:08.803421,CLO,2009612.jpg,2009612,2,0,NA
2009682_2,2023-01-04 22:30:08.162819,CLO,2009682.jpg,2009682,2,0,NA
2009659_2,2023-01-04 22:30:07.475332,CLO,2009659.jpg,2009659,2,0,NA
2009684_2,2023-01-04 22:30:06.897188,CLO,2009684.jpg,2009684,2,0,NA
2009692_2,2023-01-04 22:30:05.569065,CLO,2009692.jpg,2009692,2,0,NA
2009685_2,2023-01-04 22:30:04.990941,CLO,2009685.jpg,2009685,2,0,NA
2009693_2,2023-01-04 22:30:04.365989,CLO,2009693.jpg,2009693,2,0,NA
2009694_2,2023-01-04 22:30:03.709701,CLO,2009694.jpg,2009694,2,0,NA
2009704_2,2023-01-04 22:30:03.053487,CLO,2009704.jpg,2009704,2,0,NA
2009717_2,2023-01-04 22:30:02.350328,CLO,2009717.jpg,2009717,2,0,NA
2009732_2,2023-01-04 22:30:01.662859,CLO,2009732.jpg,2009732,2,0,NA
2010249_2,2023-01-04 22:30:01.006637,CLO,2010249.jpg,2010249,2,0,NA
2010250_2,2023-01-04 22:30:00.272424,CLO,2010250.jpg,2010250,2,0,NA
2010262_2,2023-01-04 22:29:59.662863,CLO,2010262.jpg,2010262,2,0,NA
2010266_2,2023-01-04 22:29:59.053510,CLO,2010266.jpg,2010266,2,0,NA
2010277_2,2023-01-04 22:29:58.287886,CLO,2010277.jpg,2010277,2,0,NA
2010361_2,2023-01-04 22:29:57.584747,CLO,2010361.jpg,2010361,2,0,NA
2010362_2,2023-01-04 22:29:56.897227,CLO,2010362.jpg,2010362,2,0,NA
2010389_2,2023-01-04 22:29:56.287869,CLO,2010389.jpg,2010389,2,0,NA
2010394_2,2023-01-04 22:29:55.647254,CLO,2010394.jpg,2010394,2,0,NA
2010399_2,2023-01-04 22:29:54.959740,CLO,2010399.jpg,2010399,2,0,NA
2010484_2,2023-01-04 22:29:54.350366,CLO,2010484.jpg,2010484,2,0,NA
2010493_2,2023-01-04 22:29:53.709738,CLO,2010493.jpg,2010493,2,0,NA
2010550_2,2023-01-04 22:29:53.084739,CLO,2010550.jpg,2010550,2,0,NA
2010554_2,2023-01-04 22:29:52.459752,CLO,2010554.jpg,2010554,2,0,NA
2010557_2,2023-01-04 22:29:51.662874,CLO,2010557.jpg,2010557,2,0,NA
2010579_2,2023-01-04 22:29:50.647252,CLO,2010579.jpg,2010579,2,0,NA
2010581_2,2023-01-04 22:29:49.553517,CLO,2010581.jpg,2010581,2,0,NA
2010589_2,2023-01-04 22:29:48.601211,CLO,2010589.jpg,2010589,2,0,NA
2010642_2,2023-01-04 22:29:47.772408,CLO,2010642.jpg,2010642,2,0,NA
2010651_2,2023-01-04 22:29:47.162908,CLO,2010651.jpg,2010651,2,0,NA
2010778_2,2023-01-04 22:29:46.522324,CLO,2010778.jpg,2010778,2,0,NA
2010784_2,2023-01-04 22:29:45.944162,CLO,2010784.jpg,2010784,2,0,NA
2010944_2,2023-01-04 22:29:45.350411,CLO,2010944.jpg,2010944,2,0,NA
2011323_2,2023-01-04 22:29:44.756685,CLO,2011323.jpg,2011323,2,0,NA
2011349_2,2023-01-04 22:29:44.178561,CLO,2011349.jpg,2011349,2,0,NA
2011345_2,2023-01-04 22:29:43.569181,CLO,2011345.jpg,2011345,2,0,NA
2011656_2,2023-01-04 22:29:42.991089,CLO,2011656.jpg,2011656,2,0,NA
2011660_2,2023-01-04 22:29:42.350421,CLO,2011660.jpg,2011660,2,0,NA
1908192_1,2023-01-04 22:29:41.787938,CLO,1908192.jpg,1908192,1,0,NA
2006577_2,2023-01-04 22:29:41.022311,CLO,2006577.jpg,2006577,2,0,NA
2008173_2,2023-01-04 22:29:40.459805,CLO,2008173.jpg,2008173,2,0,NA
2008297_2,2023-01-04 22:29:39.850416,CLO,2008297.jpg,2008297,2,0,NA
2008349_2,2023-01-04 22:29:39.194183,CLO,2008349.jpg,2008349,2,0,NA
2008603_2,2023-01-04 22:29:38.537921,CLO,2008603.jpg,2008603,2,0,NA
2008615_2,2023-01-04 22:29:37.834800,CLO,2008615.jpg,2008615,2,0,NA
2009136_2,2023-01-04 22:29:37.116051,CLO,2009136.jpg,2009136,2,0,NA
2009111_2,2023-01-04 22:29:36.459823,CLO,2009111.jpg,2009111,2,0,NA
2009102_2,2023-01-04 22:29:35.850430,CLO,2009102.jpg,2009102,2,0,NA
2009163_2,2023-01-04 22:29:35.256689,CLO,2009163.jpg,2009163,2,0,NA
2009171_2,2023-01-04 22:29:34.600439,CLO,2009171.jpg,2009171,2,0,NA
2009172_2,2023-01-04 22:29:33.991079,CLO,2009172.jpg,2009172,2,0,NA
2009283_2,2023-01-04 22:29:33.350446,CLO,2009283.jpg,2009283,2,0,NA
2009293_2,2023-01-04 22:29:32.725443,CLO,2009293.jpg,2009293,2,0,NA
2009319_2,2023-01-04 22:29:32.053570,CLO,2009319.jpg,2009319,2,0,NA
2009458_2,2023-01-04 22:29:31.444207,CLO,2009458.jpg,2009458,2,0,NA
2009448_2,2023-01-04 22:29:30.850500,CLO,2009448.jpg,2009448,2,0,NA
2009524_2,2023-01-04 22:29:30.178586,CLO,2009524.jpg,2009524,2,0,NA
2009603_2,2023-01-04 22:29:29.600466,CLO,2009603.jpg,2009603,2,0,NA
2009606_2,2023-01-04 22:29:28.944207,CLO,2009606.jpg,2009606,2,0,NA
2009608_2,2023-01-04 22:29:28.287968,CLO,2009608.jpg,2009608,2,0,NA
2009703_2,2023-01-04 22:29:27.662969,CLO,2009703.jpg,2009703,2,0,NA
2009706_2,2023-01-04 22:29:27.022342,CLO,2009706.jpg,2009706,2,0,NA
2009718_2,2023-01-04 22:29:26.381735,CLO,2009718.jpg,2009718,2,0,NA
2009824_2,2023-01-04 22:29:25.787986,CLO,2009824.jpg,2009824,2,0,NA
2009823_2,2023-01-04 22:29:25.037975,CLO,2009823.jpg,2009823,2,0,NA
2010111_2,2023-01-04 22:29:24.334913,CLO,2010111.jpg,2010111,2,0,NA
2010103_2,2023-01-04 22:29:23.678616,CLO,2010103.jpg,2010103,2,0,NA
2010115_2,2023-01-04 22:29:23.037984,CLO,2010115.jpg,2010115,2,0,NA
2010289_2,2023-01-04 22:29:22.366122,CLO,2010289.jpg,2010289,2,0,NA
2010263_2,2023-01-04 22:29:21.647354,CLO,2010263.jpg,2010263,2,0,NA
2010451_2,2023-01-04 22:29:20.991202,CLO,2010451.jpg,2010451,2,0,NA
2010290_2,2023-01-04 22:29:20.413019,CLO,2010290.jpg,2010290,2,0,NA
2010454_2,2023-01-04 22:29:19.772385,CLO,2010454.jpg,2010454,2,0,NA
2010457_2,2023-01-04 22:29:19.225612,CLO,2010457.jpg,2010457,2,0,NA
2010478_2,2023-01-04 22:29:18.647389,CLO,2010478.jpg,2010478,2,0,NA
2010542_2,2023-01-04 22:29:18.069323,CLO,2010542.jpg,2010542,2,0,NA
2010525_2,2023-01-04 22:29:17.366207,CLO,2010525.jpg,2010525,2,0,NA
2010773_2,2023-01-04 22:29:16.772450,CLO,2010773.jpg,2010773,2,0,NA
2010776_2,2023-01-04 22:29:16.116234,CLO,2010776.jpg,2010776,2,0,NA
2010774_2,2023-01-04 22:29:15.444272,CLO,2010774.jpg,2010774,2,0,NA
2010796_2,2023-01-04 22:29:14.788009,CLO,2010796.jpg,2010796,2,0,NA
2010913_2,2023-01-04 22:29:14.131763,CLO,2010913.jpg,2010913,2,0,NA
2010938_2,2023-01-04 22:29:13.522388,CLO,2010938.jpg,2010938,2,0,NA
2011343_2,2023-01-04 22:29:12.913017,CLO,2011343.jpg,2011343,2,0,NA
2011344_2,2023-01-04 22:29:12.194582,CLO,2011344.jpg,2011344,2,0,NA
2011357_2,2023-01-04 22:29:11.538039,CLO,2011357.jpg,2011357,2,0,NA
1804612_1,2023-01-04 22:29:10.913044,JEW,1804612.jpg,1804612,1,0,NA
1806586_1,2023-01-04 22:29:10.459933,JEW,1806586.jpg,1806586,1,0,NA
1900042_1,2023-01-04 22:29:09.616169,JEW,1900042.jpg,1900042,1,0,NA
2000238_2,2023-01-04 22:29:08.663035,JEW,2000238.jpg,2000238,2,0,NA
1913061_1,2023-01-04 22:29:07.819289,JEW,1913061.jpg,1913061,1,0,NA
2002283_2,2023-01-04 22:29:07.366186,JEW,2002283.jpg,2002283,2,0,NA
1913056_1,2023-01-04 22:29:06.522449,JEW,1913056.jpg,1913056,1,0,NA
2002285_2,2023-01-04 22:29:06.069316,JEW,2002285.jpg,2002285,2,0,NA
2005397_2,2023-01-04 22:29:05.178795,JEW,2005397.jpg,2005397,2,0,NA
2002817_2,2023-01-04 22:29:04.725582,JEW,2002817.jpg,2002817,2,0,NA
2004951_2,2023-01-04 22:29:03.772525,JEW,2004951.jpg,2004951,2,0,NA
2008151_2,2023-01-04 22:29:03.288302,JEW,2008151.jpg,2008151,2,0,NA
1908728_1,2023-01-04 22:29:02.350585,CLO,1908728.jpg,1908728,1,0,NA
2008408_2,2023-01-04 22:29:01.538062,CLO,2008408.jpg,2008408,2,0,NA
2008729_2,2023-01-04 22:29:00.663072,CLO,2008729.jpg,2008729,2,0,NA
2008948_2,2023-01-04 22:28:59.788070,CLO,2008948.jpg,2008948,2,0,NA
2009168_2,2023-01-04 22:28:58.944329,CLO,2009168.jpg,2009168,2,0,NA
2009194_2,2023-01-04 22:28:57.975583,CLO,2009194.jpg,2009194,2,0,NA
2009341_2,2023-01-04 22:28:57.116221,CLO,2009341.jpg,2009341,2,0,NA
2009343_2,2023-01-04 22:28:56.288099,CLO,2009343.jpg,2009343,2,0,NA
2009446_2,2023-01-04 22:28:55.538091,CLO,2009446.jpg,2009446,2,0,NA
2009447_2,2023-01-04 22:28:54.631841,CLO,2009447.jpg,2009447,2,0,NA
2009466_2,2023-01-04 22:28:53.694345,CLO,2009466.jpg,2009466,2,0,NA
2009470_2,2023-01-04 22:28:52.803726,CLO,2009470.jpg,2009470,2,0,NA
2009474_2,2023-01-04 22:28:51.959980,CLO,2009474.jpg,2009474,2,0,NA
2009487_2,2023-01-04 22:28:51.116241,CLO,2009487.jpg,2009487,2,0,NA
2009507_2,2023-01-04 22:28:50.303730,CLO,2009507.jpg,2009507,2,0,NA
2009510_2,2023-01-04 22:28:49.303737,CLO,2009510.jpg,2009510,2,0,NA
2009521_2,2023-01-04 22:28:48.475609,CLO,2009521.jpg,2009521,2,0,NA
2009522_2,2023-01-04 22:28:47.538142,CLO,2009522.jpg,2009522,2,0,NA
2009551_2,2023-01-04 22:28:46.241242,CLO,2009551.jpg,2009551,2,0,NA
2009695_2,2023-01-04 22:28:45.585001,CLO,2009695.jpg,2009695,2,0,NA
2009712_2,2023-01-04 22:28:44.960016,CLO,2009712.jpg,2009712,2,0,NA
2009713_2,2023-01-04 22:28:44.381874,CLO,2009713.jpg,2009713,2,0,NA
2009825_2,2023-01-04 22:28:43.772507,CLO,2009825.jpg,2009825,2,0,NA
2010257_2,2023-01-04 22:28:43.053753,CLO,2010257.jpg,2010257,2,0,NA
2010102_2,2023-01-04 22:28:42.319401,CLO,2010102.jpg,2010102,2,0,NA
2010323_2,2023-01-04 22:28:41.663136,CLO,2010323.jpg,2010323,2,0,NA
2010325_2,2023-01-04 22:28:41.053765,CLO,2010325.jpg,2010325,2,0,NA
2010354_2,2023-01-04 22:28:40.397510,CLO,2010354.jpg,2010354,2,0,NA
2010357_2,2023-01-04 22:28:39.710026,CLO,2010357.jpg,2010357,2,0,NA
2010356_2,2023-01-04 22:28:39.100676,CLO,2010356.jpg,2010356,2,0,NA
2010358_2,2023-01-04 22:28:38.381932,CLO,2010358.jpg,2010358,2,0,NA
2010387_2,2023-01-04 22:28:37.741317,CLO,2010387.jpg,2010387,2,0,NA
2010396_2,2023-01-04 22:28:37.178780,CLO,2010396.jpg,2010396,2,0,NA
2010487_2,2023-01-04 22:28:36.506911,CLO,2010487.jpg,2010487,2,0,NA
2010494_2,2023-01-04 22:28:35.881906,CLO,2010494.jpg,2010494,2,0,NA
2010491_2,2023-01-04 22:28:35.272717,CLO,2010491.jpg,2010491,2,0,NA
2010586_2,2023-01-04 22:28:34.647540,CLO,2010586.jpg,2010586,2,0,NA
2010612_2,2023-01-04 22:28:34.022539,CLO,2010612.jpg,2010612,2,0,NA
2010643_2,2023-01-04 22:28:33.288163,CLO,2010643.jpg,2010643,2,0,NA
2010798_2,2023-01-04 22:28:32.647547,CLO,2010798.jpg,2010798,2,0,NA
2010914_2,2023-01-04 22:28:32.053794,CLO,2010914.jpg,2010914,2,0,NA
2010884_2,2023-01-04 22:28:31.366301,CLO,2010884.jpg,2010884,2,0,NA
2010934_2,2023-01-04 22:28:30.694430,CLO,2010934.jpg,2010934,2,0,NA
2011338_2,2023-01-04 22:28:30.100677,CLO,2011338.jpg,2011338,2,0,NA
2011619_2,2023-01-04 22:28:29.491309,CLO,2011619.jpg,2011619,2,0,NA
2007512_2,2023-01-04 22:28:28.881939,CLO,2007512.jpg,2007512,2,0,NA
2007755_2,2023-01-04 22:28:28.241311,CLO,2007755.jpg,2007755,2,0,NA
2007854_2,2023-01-04 22:28:27.616313,CLO,2007854.jpg,2007854,2,0,NA
2008018_2,2023-01-04 22:28:27.022569,CLO,2008018.jpg,2008018,2,0,NA
2008329_2,2023-01-04 22:28:26.428819,CLO,2008329.jpg,2008329,2,0,NA
2008332_2,2023-01-04 22:28:25.819449,CLO,2008332.jpg,2008332,2,0,NA
2008331_2,2023-01-04 22:28:25.194451,CLO,2008331.jpg,2008331,2,0,NA
2008354_2,2023-01-04 22:28:24.553826,CLO,2008354.jpg,2008354,2,0,NA
2008667_2,2023-01-04 22:28:23.897577,CLO,2008667.jpg,2008667,2,0,NA
2008696_2,2023-01-04 22:28:23.256958,CLO,2008696.jpg,2008696,2,0,NA
2010368_2,2023-01-04 22:28:22.647586,CLO,2010368.jpg,2010368,2,0,NA
2010376_2,2023-01-04 22:28:22.085093,CLO,2010376.jpg,2010376,2,0,NA
2010507_2,2023-01-04 22:28:21.444467,CLO,2010507.jpg,2010507,2,0,NA
2010458_2,2023-01-04 22:28:20.819462,CLO,2010458.jpg,2010458,2,0,NA
2010770_2,2023-01-04 22:28:20.163216,CLO,2010770.jpg,2010770,2,0,NA
2010797_2,2023-01-04 22:28:19.569483,CLO,2010797.jpg,2010797,2,0,NA
2010800_2,2023-01-04 22:28:18.944479,CLO,2010800.jpg,2010800,2,0,NA
2010801_2,2023-01-04 22:28:18.335236,CLO,2010801.jpg,2010801,2,0,NA
2010916_2,2023-01-04 22:28:17.756975,CLO,2010916.jpg,2010916,2,0,NA
2010940_2,2023-01-04 22:28:17.100728,CLO,2010940.jpg,2010940,2,0,NA
2010947_2,2023-01-04 22:28:16.210106,CLO,2010947.jpg,2010947,2,0,NA
2011346_2,2023-01-04 22:28:15.319486,CLO,2011346.jpg,2011346,2,0,NA
2011352_2,2023-01-04 22:28:14.507010,CLO,2011352.jpg,2011352,2,0,NA
2011419_2,2023-01-04 22:28:13.663244,CLO,2011419.jpg,2011419,2,0,NA
2011421_2,2023-01-04 22:28:12.757012,CLO,2011421.jpg,2011421,2,0,NA
2011422_2,2023-01-04 22:28:11.819499,CLO,2011422.jpg,2011422,2,0,NA
2011423_2,2023-01-04 22:28:10.991379,CLO,2011423.jpg,2011423,2,0,NA
2011429_2,2023-01-04 22:28:10.116446,CLO,2011429.jpg,2011429,2,0,NA
2011458_2,2023-01-04 22:28:09.225825,CLO,2011458.jpg,2011458,2,0,NA
2007877_2,2023-01-04 22:28:08.382009,CLO,2007877.jpg,2007877,2,0,NA
2011459_2,2023-01-04 22:28:07.897640,CLO,2011459.jpg,2011459,2,0,NA
2011460_2,2023-01-04 22:28:07.022640,CLO,2011460.jpg,2011460,2,0,NA
2011657_2,2023-01-04 22:28:06.085170,CLO,2011657.jpg,2011657,2,0,NA
2011659_2,2023-01-04 22:28:05.241399,CLO,2011659.jpg,2011659,2,0,NA
2011672_2,2023-01-04 22:28:04.366417,CLO,2011672.jpg,2011672,2,0,NA
2011826_2,2023-01-04 22:28:03.382033,CLO,2011826.jpg,2011826,2,0,NA
2011871_2,2023-01-04 22:28:02.491416,CLO,2011871.jpg,2011871,2,0,NA
2004646_2,2023-01-04 22:28:01.710163,CLO,2004646.jpg,2004646,2,0,NA
2005581_2,2023-01-04 22:28:00.694551,CLO,2005581.jpg,2005581,2,0,NA
2007005_2,2023-01-04 22:27:59.772691,ACC,2007005.jpg,2007005,2,0,NA
2007021_2,2023-01-04 22:27:58.897692,ACC,2007021.jpg,2007021,2,0,NA
2007024_2,2023-01-04 22:27:57.960179,ACC,2007024.jpg,2007024,2,0,NA
2007244_2,2023-01-04 22:27:57.100808,CLO,2007244.jpg,2007244,2,0,NA
2007484_2,2023-01-04 22:27:56.116441,CLO,2007484.jpg,2007484,2,0,NA
2007490_2,2023-01-04 22:27:55.241441,CLO,2007490.jpg,2007490,2,0,NA
2007839_2,2023-01-04 22:27:54.632068,CLO,2007839.jpg,2007839,2,0,NA
2007605_2,2023-01-04 22:27:54.038317,ACC,2007605.jpg,2007605,2,0,NA
2008020_2,2023-01-04 22:27:53.147698,CLO,2008020.jpg,2008020,2,0,NA
2008021_2,2023-01-04 22:27:52.460201,CLO,2008021.jpg,2008021,2,0,NA
2008102_2,2023-01-04 22:27:51.835203,CLO,2008102.jpg,2008102,2,0,NA
2008130_2,2023-01-04 22:27:51.022705,CLO,2008130.jpg,2008130,2,0,NA
2008133_2,2023-01-04 22:27:50.382097,CLO,2008133.jpg,2008133,2,0,NA
2008135_2,2023-01-04 22:27:49.741460,CLO,2008135.jpg,2008135,2,0,NA
2008132_2,2023-01-04 22:27:49.053963,CLO,2008132.jpg,2008132,2,0,NA
2008137_2,2023-01-04 22:27:48.460219,CLO,2008137.jpg,2008137,2,0,NA
2008221_2,2023-01-04 22:27:47.803967,CLO,2008221.jpg,2008221,2,0,NA
2008310_2,2023-01-04 22:27:46.960223,CLO,2008310.jpg,2008310,2,0,NA
2008311_2,2023-01-04 22:27:46.116482,CLO,2008311.jpg,2008311,2,0,NA
2008330_2,2023-01-04 22:27:45.475878,CLO,2008330.jpg,2008330,2,0,NA
2008704_2,2023-01-04 22:27:44.757104,CLO,2008704.jpg,2008704,2,0,NA
2008959_2,2023-01-04 22:27:43.882104,CLO,2008959.jpg,2008959,2,0,NA
2009216_2,2023-01-04 22:27:43.257120,CLO,2009216.jpg,2009216,2,0,NA
2009098_2,2023-01-04 22:27:42.616502,CLO,2009098.jpg,2009098,2,0,NA
2009317_2,2023-01-04 22:27:41.944613,CLO,2009317.jpg,2009317,2,0,NA
2009471_2,2023-01-04 22:27:41.303989,CLO,2009471.jpg,2009471,2,0,NA
2009480_2,2023-01-04 22:27:40.710238,CLO,2009480.jpg,2009480,2,0,NA
2009499_2,2023-01-04 22:27:39.819626,CLO,2009499.jpg,2009499,2,0,NA
2009513_2,2023-01-04 22:27:39.194629,CLO,2009513.jpg,2009513,2,0,NA
2009531_2,2023-01-04 22:27:38.522753,CLO,2009531.jpg,2009531,2,0,NA
2009556_2,2023-01-04 22:27:37.647761,CLO,2009556.jpg,2009556,2,0,NA
2009639_2,2023-01-04 22:27:37.022783,ACC,2009639.jpg,2009639,2,0,NA
2009573_2,2023-01-04 22:27:36.397762,CLO,2009573.jpg,2009573,2,0,NA
2009702_2,2023-01-04 22:27:35.725889,CLO,2009702.jpg,2009702,2,0,NA
2009715_2,2023-01-04 22:27:34.835268,CLO,2009715.jpg,2009715,2,0,NA
2009833_2,2023-01-04 22:27:34.007150,CLO,2009833.jpg,2009833,2,0,NA
2009837_2,2023-01-04 22:27:33.132143,CLO,2009837.jpg,2009837,2,0,NA
2009838_2,2023-01-04 22:27:32.241530,CLO,2009838.jpg,2009838,2,0,NA
2010201_2,2023-01-04 22:27:31.179161,CLO,2010201.jpg,2010201,2,0,NA
2009839_2,2023-01-04 22:27:30.554028,CLO,2009839.jpg,2009839,2,0,NA
2010265_2,2023-01-04 22:27:29.944670,CLO,2010265.jpg,2010265,2,0,NA
2010374_2,2023-01-04 22:27:29.100912,CLO,2010374.jpg,2010374,2,0,NA
2010367_2,2023-01-04 22:27:28.538420,CLO,2010367.jpg,2010367,2,0,NA
2010419_2,2023-01-04 22:27:27.929046,CLO,2010419.jpg,2010419,2,0,NA
2010421_2,2023-01-04 22:27:27.022812,CLO,2010421.jpg,2010421,2,0,NA
2010425_2,2023-01-04 22:27:26.194688,CLO,2010425.jpg,2010425,2,0,NA
2010473_2,2023-01-04 22:27:25.569694,CLO,2010473.jpg,2010473,2,0,NA
2010523_2,2023-01-04 22:27:24.585321,CLO,2010523.jpg,2010523,2,0,NA
2010524_2,2023-01-04 22:27:23.960325,CLO,2010524.jpg,2010524,2,0,NA
2010578_2,2023-01-04 22:27:23.163441,CLO,2010578.jpg,2010578,2,0,NA
2010781_2,2023-01-04 22:27:22.319697,CLO,2010781.jpg,2010781,2,0,NA
2010920_2,2023-01-04 22:27:21.382211,CLO,2010920.jpg,2010920,2,0,NA
2010943_2,2023-01-04 22:27:20.335346,CLO,2010943.jpg,2010943,2,0,NA
2010948_2,2023-01-04 22:27:19.382237,CLO,2010948.jpg,2010948,2,0,NA
2010955_2,2023-01-04 22:27:18.538454,CLO,2010955.jpg,2010955,2,0,NA
2010956_2,2023-01-04 22:27:17.960327,CLO,2010956.jpg,2010956,2,0,NA
2010957_2,2023-01-04 22:27:17.069718,CLO,2010957.jpg,2010957,2,0,NA
2010962_2,2023-01-04 22:27:16.366593,CLO,2010962.jpg,2010962,2,0,NA
2010978_2,2023-01-04 22:27:15.772833,CLO,2010978.jpg,2010978,2,0,NA
2011257_2,2023-01-04 22:27:15.132215,CLO,2011257.jpg,2011257,2,0,NA
2011317_2,2023-01-04 22:27:14.288469,CLO,2011317.jpg,2011317,2,0,NA
2011339_2,2023-01-04 22:27:13.710349,CLO,2011339.jpg,2011339,2,0,NA
2011320_2,2023-01-04 22:27:13.132226,CLO,2011320.jpg,2011320,2,0,NA
2011355_2,2023-01-04 22:27:12.085366,CLO,2011355.jpg,2011355,2,0,NA
2011800_2,2023-01-04 22:27:11.163513,CLO,2011800.jpg,2011800,2,0,NA
2011668_2,2023-01-04 22:27:10.554107,CLO,2011668.jpg,2011668,2,0,NA
2011915_2,2023-01-04 22:27:09.897862,CLO,2011915.jpg,2011915,2,0,NA
2011918_2,2023-01-04 22:27:09.194741,CLO,2011918.jpg,2011918,2,0,NA
2011922_2,2023-01-04 22:27:08.538494,CLO,2011922.jpg,2011922,2,0,NA
2011920_2,2023-01-04 22:27:07.866628,CLO,2011920.jpg,2011920,2,0,NA
2011925_2,2023-01-04 22:27:07.272873,CLO,2011925.jpg,2011925,2,0,NA
2011931_2,2023-01-04 22:27:06.679125,CLO,2011931.jpg,2011931,2,0,NA
2011928_2,2023-01-04 22:27:06.038561,CLO,2011928.jpg,2011928,2,0,NA
2003389_2,2023-01-04 22:27:05.476004,CLO,2003389.jpg,2003389,2,0,NA
2014306_2,2023-01-04 22:27:04.835384,CLO,2014306.jpg,2014306,2,0,NA
2011403_2,2023-01-04 22:27:04.460394,CLO,2011403.jpg,2011403,2,0,NA
2011557_2,2023-01-04 22:27:03.866645,CLO,2011557.jpg,2011557,2,0,NA
2011558_2,2023-01-04 22:27:03.272890,CLO,2011558.jpg,2011558,2,0,NA
2011834_2,2023-01-04 22:27:02.632271,CLO,2011834.jpg,2011834,2,0,NA
2100205_2,2023-01-04 22:27:02.054141,CLO,2100205.jpg,2100205,2,0,NA
2011791_2,2023-01-04 22:27:01.647911,CLO,2011791.jpg,2011791,2,0,NA
2007592_2,2023-01-04 22:27:01.054164,ACC,2007592.jpg,2007592,2,0,NA
2007594_2,2023-01-04 22:27:00.397895,ACC,2007594.jpg,2007594,2,0,NA
2007604_2,2023-01-04 22:26:59.632277,ACC,2007604.jpg,2007604,2,0,NA
1910271_1,2023-01-04 22:26:58.991665,CLO,1910271.jpg,1910271,1,0,NA
1911779_1,2023-01-04 22:26:58.147911,CLO,1911779.jpg,1911779,1,0,NA
2007453_2,2023-01-04 22:26:57.335470,CLO,2007453.jpg,2007453,2,0,NA
2007493_2,2023-01-04 22:26:56.679179,CLO,2007493.jpg,2007493,2,0,NA
2007494_2,2023-01-04 22:26:56.054168,CLO,2007494.jpg,2007494,2,0,NA
2007775_2,2023-01-04 22:26:55.444792,CLO,2007775.jpg,2007775,2,0,NA
2007893_2,2023-01-04 22:26:54.726041,CLO,2007893.jpg,2007893,2,0,NA
2008294_2,2023-01-04 22:26:53.913545,CLO,2008294.jpg,2008294,2,0,NA
2008636_2,2023-01-04 22:26:53.241682,CLO,2008636.jpg,2008636,2,0,NA
2008836_2,2023-01-04 22:26:52.554174,CLO,2008836.jpg,2008836,2,0,NA
2008877_2,2023-01-04 22:26:51.866685,CLO,2008877.jpg,2008877,2,0,NA
2009032_2,2023-01-04 22:26:51.241680,CLO,2009032.jpg,2009032,2,0,NA
2009263_2,2023-01-04 22:26:50.601058,CLO,2009263.jpg,2009263,2,0,NA
2009285_2,2023-01-04 22:26:49.882319,CLO,2009285.jpg,2009285,2,0,NA
2009315_2,2023-01-04 22:26:49.163578,CLO,2009315.jpg,2009315,2,0,NA
2009701_2,2023-01-04 22:26:48.491720,CLO,2009701.jpg,2009701,2,0,NA
2009376_2,2023-01-04 22:26:47.788580,CLO,2009376.jpg,2009376,2,0,NA
2009515_2,2023-01-04 22:26:47.147963,CLO,2009515.jpg,2009515,2,0,NA
2009806_2,2023-01-04 22:26:46.522991,CLO,2009806.jpg,2009806,2,0,NA
2010247_2,2023-01-04 22:26:45.835474,CLO,2010247.jpg,2010247,2,0,NA
2010349_2,2023-01-04 22:26:45.257335,CLO,2010349.jpg,2010349,2,0,NA
2010248_2,2023-01-04 22:26:44.132354,CLO,2010248.jpg,2010248,2,0,NA
2010392_2,2023-01-04 22:26:43.522981,CLO,2010392.jpg,2010392,2,0,NA
2010350_2,2023-01-04 22:26:42.835488,CLO,2010350.jpg,2010350,2,0,NA
2010489_2,2023-01-04 22:26:42.147981,CLO,2010489.jpg,2010489,2,0,NA
2010518_2,2023-01-04 22:26:41.429221,CLO,2010518.jpg,2010518,2,0,NA
2010520_2,2023-01-04 22:26:40.804230,CLO,2010520.jpg,2010520,2,0,NA
2010626_2,2023-01-04 22:26:40.179265,CLO,2010626.jpg,2010626,2,0,NA
2010728_2,2023-01-04 22:26:39.522978,CLO,2010728.jpg,2010728,2,0,NA
2010792_2,2023-01-04 22:26:38.819855,CLO,2010792.jpg,2010792,2,0,NA
2010793_2,2023-01-04 22:26:38.163609,CLO,2010793.jpg,2010793,2,0,NA
2010849_2,2023-01-04 22:26:37.522983,CLO,2010849.jpg,2010849,2,0,NA
2010949_2,2023-01-04 22:26:36.929236,CLO,2010949.jpg,2010949,2,0,NA
2010954_2,2023-01-04 22:26:36.304263,CLO,2010954.jpg,2010954,2,0,NA
2010951_2,2023-01-04 22:26:35.694891,CLO,2010951.jpg,2010951,2,0,NA
2010953_2,2023-01-04 22:26:35.054245,CLO,2010953.jpg,2010953,2,0,NA
2010964_2,2023-01-04 22:26:34.413622,CLO,2010964.jpg,2010964,2,0,NA
2010969_2,2023-01-04 22:26:33.819877,CLO,2010969.jpg,2010969,2,0,NA
2011318_2,2023-01-04 22:26:33.116773,CLO,2011318.jpg,2011318,2,0,NA
2010971_2,2023-01-04 22:26:32.460508,CLO,2010971.jpg,2010971,2,0,NA
2010970_2,2023-01-04 22:26:31.819882,CLO,2010970.jpg,2010970,2,0,NA
2011337_2,2023-01-04 22:26:31.116767,CLO,2011337.jpg,2011337,2,0,NA
2011347_2,2023-01-04 22:26:30.413728,CLO,2011347.jpg,2011347,2,0,NA
2011431_2,2023-01-04 22:26:29.773017,CLO,2011431.jpg,2011431,2,0,NA
2011453_2,2023-01-04 22:26:29.007390,CLO,2011453.jpg,2011453,2,0,NA
2011616_2,2023-01-04 22:26:27.726152,CLO,2011616.jpg,2011616,2,0,NA
2011621_2,2023-01-04 22:26:26.851173,CLO,2011621.jpg,2011621,2,0,NA
2011629_2,2023-01-04 22:26:26.226163,CLO,2011629.jpg,2011629,2,0,NA
2011637_2,2023-01-04 22:26:25.616775,CLO,2011637.jpg,2011637,2,0,NA
2011658_2,2023-01-04 22:26:24.976158,CLO,2011658.jpg,2011658,2,0,NA
2011673_2,2023-01-04 22:26:24.366797,CLO,2011673.jpg,2011673,2,0,NA
2011836_2,2023-01-04 22:26:23.757594,CLO,2011836.jpg,2011836,2,0,NA
2011854_2,2023-01-04 22:26:22.913673,CLO,2011854.jpg,2011854,2,0,NA
2011877_2,2023-01-04 22:26:22.116812,CLO,2011877.jpg,2011877,2,0,NA
2011878_2,2023-01-04 22:26:21.304312,CLO,2011878.jpg,2011878,2,0,NA
2011882_2,2023-01-04 22:26:20.366809,CLO,2011882.jpg,2011882,2,0,NA
2011899_2,2023-01-04 22:26:19.523057,CLO,2011899.jpg,2011899,2,0,NA
2011905_2,2023-01-04 22:26:18.679308,CLO,2011905.jpg,2011905,2,0,NA
2011936_2,2023-01-04 22:26:17.804311,CLO,2011936.jpg,2011936,2,0,NA
2011984_2,2023-01-04 22:26:16.960565,CLO,2011984.jpg,2011984,2,0,NA
2012015_2,2023-01-04 22:26:16.132444,CLO,2012015.jpg,2012015,2,0,NA
2012064_2,2023-01-04 22:26:15.226220,CLO,2012064.jpg,2012064,2,0,NA
2012068_2,2023-01-04 22:26:14.366825,CLO,2012068.jpg,2012068,2,0,NA
2012069_2,2023-01-04 22:26:13.491828,CLO,2012069.jpg,2012069,2,0,NA
2012128_2,2023-01-04 22:26:12.601205,CLO,2012128.jpg,2012128,2,0,NA
2007980_2,2023-01-04 22:26:11.679336,CLO,2007980.jpg,2007980,2,0,NA
2009259_2,2023-01-04 22:26:10.960587,CLO,2009259.jpg,2009259,2,0,NA
2009260_2,2023-01-04 22:26:10.335602,CLO,2009260.jpg,2009260,2,0,NA
2009755_2,2023-01-04 22:26:09.663738,CLO,2009755.jpg,2009755,2,0,NA
2009266_2,2023-01-04 22:26:08.960594,CLO,2009266.jpg,2009266,2,0,NA
2009821_2,2023-01-04 22:26:08.210606,CLO,2009821.jpg,2009821,2,0,NA
1909612_1,2023-01-04 22:26:07.804359,CLO,1909612.jpg,1909612,1,0,NA
2010427_2,2023-01-04 22:26:07.116982,CLO,2010427.jpg,2010427,2,0,NA
2010429_2,2023-01-04 22:26:06.476255,CLO,2010429.jpg,2010429,2,0,NA
2010597_2,2023-01-04 22:26:05.757477,CLO,2010597.jpg,2010597,2,0,NA
2010585_2,2023-01-04 22:26:05.007487,CLO,2010585.jpg,2010585,2,0,NA
2010605_2,2023-01-04 22:26:04.351259,CLO,2010605.jpg,2010605,2,0,NA
2010610_2,2023-01-04 22:26:03.632506,CLO,2010610.jpg,2010610,2,0,NA
2010613_2,2023-01-04 22:26:02.991885,CLO,2010613.jpg,2010613,2,0,NA
2010614_2,2023-01-04 22:26:02.351259,CLO,2010614.jpg,2010614,2,0,NA
2010617_2,2023-01-04 22:26:01.616899,CLO,2010617.jpg,2010617,2,0,NA
2011072_2,2023-01-04 22:26:01.023124,CLO,2011072.jpg,2011072,2,0,NA
2011065_2,2023-01-04 22:26:00.382512,CLO,2011065.jpg,2011065,2,0,NA
2011075_2,2023-01-04 22:25:59.773129,CLO,2011075.jpg,2011075,2,0,NA
2011353_2,2023-01-04 22:25:59.132514,CLO,2011353.jpg,2011353,2,0,NA
2011358_2,2023-01-04 22:25:58.554381,CLO,2011358.jpg,2011358,2,0,NA
2011449_2,2023-01-04 22:25:57.882519,CLO,2011449.jpg,2011449,2,0,NA
2011510_2,2023-01-04 22:25:57.241887,CLO,2011510.jpg,2011510,2,0,NA
2011540_2,2023-01-04 22:25:56.554393,CLO,2011540.jpg,2011540,2,0,NA
2011559_2,2023-01-04 22:25:55.866899,CLO,2011559.jpg,2011559,2,0,NA
2011612_2,2023-01-04 22:25:55.241904,CLO,2011612.jpg,2011612,2,0,NA
2011633_2,2023-01-04 22:25:54.632527,CLO,2011633.jpg,2011633,2,0,NA
2011640_2,2023-01-04 22:25:54.054403,CLO,2011640.jpg,2011640,2,0,NA
2011747_2,2023-01-04 22:25:53.460652,CLO,2011747.jpg,2011747,2,0,NA
2011677_2,2023-01-04 22:25:52.788781,CLO,2011677.jpg,2011677,2,0,NA
2011829_2,2023-01-04 22:25:52.179409,CLO,2011829.jpg,2011829,2,0,NA
2011830_2,2023-01-04 22:25:51.570033,CLO,2011830.jpg,2011830,2,0,NA
2011840_2,2023-01-04 22:25:50.945071,CLO,2011840.jpg,2011840,2,0,NA
2011848_2,2023-01-04 22:25:50.335668,CLO,2011848.jpg,2011848,2,0,NA
2011850_2,2023-01-04 22:25:49.788790,CLO,2011850.jpg,2011850,2,0,NA
2011875_2,2023-01-04 22:25:49.116918,CLO,2011875.jpg,2011875,2,0,NA
2011887_2,2023-01-04 22:25:48.538800,CLO,2011887.jpg,2011887,2,0,NA
2011902_2,2023-01-04 22:25:47.991926,CLO,2011902.jpg,2011902,2,0,NA
2011900_2,2023-01-04 22:25:47.413803,CLO,2011900.jpg,2011900,2,0,NA
2011909_2,2023-01-04 22:25:46.820052,CLO,2011909.jpg,2011909,2,0,NA
2011906_2,2023-01-04 22:25:46.132558,CLO,2011906.jpg,2011906,2,0,NA
2011911_2,2023-01-04 22:25:45.476313,CLO,2011911.jpg,2011911,2,0,NA
2011937_2,2023-01-04 22:25:44.866943,CLO,2011937.jpg,2011937,2,0,NA
2011956_2,2023-01-04 22:25:44.241940,CLO,2011956.jpg,2011956,2,0,NA
2011970_2,2023-01-04 22:25:43.585693,CLO,2011970.jpg,2011970,2,0,NA
2011991_2,2023-01-04 22:25:43.023192,CLO,2011991.jpg,2011991,2,0,NA
2011999_2,2023-01-04 22:25:42.335693,CLO,2011999.jpg,2011999,2,0,NA
2012002_2,2023-01-04 22:25:41.741949,CLO,2012002.jpg,2012002,2,0,NA
2012004_2,2023-01-04 22:25:41.085713,CLO,2012004.jpg,2012004,2,0,NA
2012003_2,2023-01-04 22:25:40.366960,CLO,2012003.jpg,2012003,2,0,NA
2012006_2,2023-01-04 22:25:39.757582,CLO,2012006.jpg,2012006,2,0,NA
2012011_2,2023-01-04 22:25:39.148211,CLO,2012011.jpg,2012011,2,0,NA
2012137_2,2023-01-04 22:25:38.538834,CLO,2012137.jpg,2012137,2,0,NA
2012162_2,2023-01-04 22:25:37.882590,CLO,2012162.jpg,2012162,2,0,NA
2012195_2,2023-01-04 22:25:37.241965,CLO,2012195.jpg,2012195,2,0,NA
2012209_2,2023-01-04 22:25:36.648247,CLO,2012209.jpg,2012209,2,0,NA
2012210_2,2023-01-04 22:25:35.991976,CLO,2012210.jpg,2012210,2,0,NA
2012215_2,2023-01-04 22:25:35.366975,CLO,2012215.jpg,2012215,2,0,NA
2012273_2,2023-01-04 22:25:34.741993,CLO,2012273.jpg,2012273,2,0,NA
2012271_2,2023-01-04 22:25:34.116994,CLO,2012271.jpg,2012271,2,0,NA
2000104_2,2023-01-04 22:25:33.476359,CLO,2000104.jpg,2000104,2,0,NA
2001309_2,2023-01-04 22:25:32.616991,CLO,2001309.jpg,2001309,2,0,NA
2008154_2,2023-01-04 22:25:31.695122,CLO,2008154.jpg,2008154,2,0,NA
2008267_2,2023-01-04 22:25:30.757633,CLO,2008267.jpg,2008267,2,0,NA
2008268_2,2023-01-04 22:25:29.898250,CLO,2008268.jpg,2008268,2,0,NA
2008832_2,2023-01-04 22:25:28.976419,CLO,2008832.jpg,2008832,2,0,NA
2009388_2,2023-01-04 22:25:28.023275,CLO,2009388.jpg,2009388,2,0,NA
2009389_2,2023-01-04 22:25:27.085857,CLO,2009389.jpg,2009389,2,0,NA
2009391_2,2023-01-04 22:25:26.179550,CLO,2009391.jpg,2009391,2,0,NA
2009512_2,2023-01-04 22:25:25.195144,CLO,2009512.jpg,2009512,2,0,NA
2009552_2,2023-01-04 22:25:24.367039,CLO,2009552.jpg,2009552,2,0,NA
2009708_2,2023-01-04 22:25:23.382663,CLO,2009708.jpg,2009708,2,0,NA
2009731_2,2023-01-04 22:25:22.445184,CLO,2009731.jpg,2009731,2,0,NA
2009810_2,2023-01-04 22:25:21.507651,CLO,2009810.jpg,2009810,2,0,NA
2010359_2,2023-01-04 22:25:20.585778,CLO,2010359.jpg,2010359,2,0,NA
2010786_2,2023-01-04 22:25:19.726417,CLO,2010786.jpg,2010786,2,0,NA
2010827_2,2023-01-04 22:25:18.601410,CLO,2010827.jpg,2010827,2,0,NA
2010852_2,2023-01-04 22:25:17.726419,CLO,2010852.jpg,2010852,2,0,NA
2010870_2,2023-01-04 22:25:17.070169,CLO,2010870.jpg,2010870,2,0,NA
2010864_2,2023-01-04 22:25:16.460795,CLO,2010864.jpg,2010864,2,0,NA
2010874_2,2023-01-04 22:25:15.820174,CLO,2010874.jpg,2010874,2,0,NA
2010966_2,2023-01-04 22:25:15.195177,CLO,2010966.jpg,2010966,2,0,NA
2010967_2,2023-01-04 22:25:14.445194,CLO,2010967.jpg,2010967,2,0,NA
2011002_2,2023-01-04 22:25:13.742056,CLO,2011002.jpg,2011002,2,0,NA
2011011_2,2023-01-04 22:25:13.132693,CLO,2011011.jpg,2011011,2,0,NA
2011012_2,2023-01-04 22:25:12.398312,CLO,2011012.jpg,2011012,2,0,NA
2011279_2,2023-01-04 22:25:11.773342,CLO,2011279.jpg,2011279,2,0,NA
2011297_2,2023-01-04 22:25:11.085834,CLO,2011297.jpg,2011297,2,0,NA
2011277_2,2023-01-04 22:25:10.398317,CLO,2011277.jpg,2011277,2,0,NA
2011481_2,2023-01-04 22:25:09.773365,CLO,2011481.jpg,2011481,2,0,NA
2011356_2,2023-01-04 22:25:09.163952,CLO,2011356.jpg,2011356,2,0,NA
2011332_2,2023-01-04 22:25:08.538956,CLO,2011332.jpg,2011332,2,0,NA
2011541_2,2023-01-04 22:25:07.929581,CLO,2011541.jpg,2011541,2,0,NA
2011509_2,2023-01-04 22:25:07.273350,CLO,2011509.jpg,2011509,2,0,NA
2011654_2,2023-01-04 22:25:06.617085,CLO,2011654.jpg,2011654,2,0,NA
2011667_2,2023-01-04 22:25:06.007724,CLO,2011667.jpg,2011667,2,0,NA
2011665_2,2023-01-04 22:25:05.382730,CLO,2011665.jpg,2011665,2,0,NA
2011676_2,2023-01-04 22:25:04.538974,CLO,2011676.jpg,2011676,2,0,NA
2011851_2,2023-01-04 22:25:03.835859,CLO,2011851.jpg,2011851,2,0,NA
2011852_2,2023-01-04 22:25:03.242148,CLO,2011852.jpg,2011852,2,0,NA
2011910_2,2023-01-04 22:25:02.664011,CLO,2011910.jpg,2011910,2,0,NA
2011923_2,2023-01-04 22:25:02.023377,CLO,2011923.jpg,2011923,2,0,NA
2012013_2,2023-01-04 22:25:01.398355,CLO,2012013.jpg,2012013,2,0,NA
2012103_2,2023-01-04 22:25:00.773391,CLO,2012103.jpg,2012103,2,0,NA
2012071_2,2023-01-04 22:25:00.070259,CLO,2012071.jpg,2012071,2,0,NA
2012135_2,2023-01-04 22:24:59.429618,CLO,2012135.jpg,2012135,2,0,NA
2012138_2,2023-01-04 22:24:58.820250,CLO,2012138.jpg,2012138,2,0,NA
2012142_2,2023-01-04 22:24:58.179623,CLO,2012142.jpg,2012142,2,0,NA
2012211_2,2023-01-04 22:24:57.336054,CLO,2012211.jpg,2012211,2,0,NA
2012258_2,2023-01-04 22:24:56.726496,CLO,2012258.jpg,2012258,2,0,NA
2012264_2,2023-01-04 22:24:56.148376,CLO,2012264.jpg,2012264,2,0,NA
2012331_2,2023-01-04 22:24:55.492132,CLO,2012331.jpg,2012331,2,0,NA
2012265_2,2023-01-04 22:24:54.789014,CLO,2012265.jpg,2012265,2,0,NA
2012534_2,2023-01-04 22:24:54.039010,CLO,2012534.jpg,2012534,2,0,NA
2012536_2,2023-01-04 22:24:53.101509,CLO,2012536.jpg,2012536,2,0,NA
2012912_2,2023-01-04 22:24:50.179677,CLO,2012912.jpg,2012912,2,0,NA
2012945_2,2023-01-04 22:24:49.101547,CLO,2012945.jpg,2012945,2,0,NA
2012947_2,2023-01-04 22:24:45.445470,CLO,2012947.jpg,2012947,2,0,NA
2012957_2,2023-01-04 22:24:43.164070,CLO,2012957.jpg,2012957,2,0,NA
2012977_2,2023-01-04 22:24:39.289072,CLO,2012977.jpg,2012977,2,0,NA
2012980_2,2023-01-04 22:24:33.742249,CLO,2012980.jpg,2012980,2,0,NA
2006778_2,2023-01-04 22:24:30.195371,CLO,2006778.jpg,2006778,2,0,NA
2007245_2,2023-01-04 22:24:28.882864,BEAUTY,2007245.jpg,2007245,2,0,NA
2007511_2,2023-01-04 22:24:27.570356,CLO,2007511.jpg,2007511,2,0,NA
2008269_2,2023-01-04 22:24:23.289124,CLO,2008269.jpg,2008269,2,0,NA
2009010_2,2023-01-04 22:24:21.570385,CLO,2009010.jpg,2009010,2,0,NA
2009051_2,2023-01-04 22:24:20.898515,BEAUTY,2009051.jpg,2009051,2,0,NA
2009312_2,2023-01-04 22:24:17.789185,CLO,2009312.jpg,2009312,2,0,NA
2009170_2,2023-01-04 22:24:14.601655,CLO,2009170.jpg,2009170,2,0,NA
2009509_2,2023-01-04 22:24:11.273566,CLO,2009509.jpg,2009509,2,0,NA
2009674_2,2023-01-04 22:24:10.258012,BEAUTY,2009674.jpg,2009674,2,0,NA
2010519_2,2023-01-04 22:24:09.148567,CLO,2010519.jpg,2010519,2,0,NA
2010534_2,2023-01-04 22:24:08.289208,CLO,2010534.jpg,2010534,2,0,NA
2010813_2,2023-01-04 22:24:04.445444,CLO,2010813.jpg,2010813,2,0,NA
2010814_2,2023-01-04 22:24:03.726735,CLO,2010814.jpg,2010814,2,0,NA
2011361_2,2023-01-04 22:24:02.664202,JEW,2011361.jpg,2011361,2,0,NA
2006671_2,2023-01-04 22:24:02.257957,JEW,2006671.jpg,2006671,2,0,NA
2011784_2,2023-01-04 22:23:57.929848,CLO,2011784.jpg,2011784,2,0,NA
2011926_2,2023-01-04 22:23:54.601730,CLO,2011926.jpg,2011926,2,0,NA
2011977_2,2023-01-04 22:23:50.633020,CLO,2011977.jpg,2011977,2,0,NA
2011978_2,2023-01-04 22:23:46.648640,CLO,2011978.jpg,2011978,2,0,NA
2012072_2,2023-01-04 22:23:42.804905,CLO,2012072.jpg,2012072,2,0,NA
2012136_2,2023-01-04 22:23:40.258044,CLO,2012136.jpg,2012136,2,0,NA
2012261_2,2023-01-04 22:23:36.961179,CLO,2012261.jpg,2012261,2,0,NA
2012262_2,2023-01-04 22:23:33.414324,CLO,2012262.jpg,2012262,2,0,NA
2012263_2,2023-01-04 22:23:31.570590,CLO,2012263.jpg,2012263,2,0,NA
2012266_2,2023-01-04 22:23:30.820595,CLO,2012266.jpg,2012266,2,0,NA
2012281_2,2023-01-04 22:23:27.836232,CLO,2012281.jpg,2012281,2,0,NA
2012285_2,2023-01-04 22:23:24.773719,CLO,2012285.jpg,2012285,2,0,NA
2012505_2,2023-01-04 22:23:23.304982,ACC,2012505.jpg,2012505,2,0,NA
2012519_2,2023-01-04 22:23:20.304993,CLO,2012519.jpg,2012519,2,0,NA
2012520_2,2023-01-04 22:23:17.851879,CLO,2012520.jpg,2012520,2,0,NA
2012583_2,2023-01-04 22:23:15.320642,CLO,2012583.jpg,2012583,2,0,NA
2013026_2,2023-01-04 22:23:11.742520,CLO,2013026.jpg,2013026,2,0,NA
1909523_1,2023-01-04 22:23:08.117558,CLO,1909523.jpg,1909523,1,0,NA
1909519_1,2023-01-04 22:23:03.961305,CLO,1909519.jpg,1909519,1,0,NA
1909533_1,2023-01-04 22:23:02.055059,CLO,1909533.jpg,1909533,1,0,NA
1910317_1,2023-01-04 22:23:00.195711,CLO,1910317.jpg,1910317,1,0,NA
1910576_1,2023-01-04 22:22:56.211329,CLO,1910576.jpg,1910576,1,0,NA
1910321_1,2023-01-04 22:22:55.164480,CLO,1910321.jpg,1910321,1,0,NA
1905901_1,2023-01-04 22:22:51.570736,CLO,1905901.jpg,1905901,1,0,NA
1909608_1,2023-01-04 22:22:49.586376,CLO,1909608.jpg,1909608,1,0,NA
1909613_1,2023-01-04 22:22:46.930144,CLO,1909613.jpg,1909613,1,0,NA
1910275_1,2023-01-04 22:22:45.070751,CLO,1910275.jpg,1910275,1,0,NA
1911345_1,2023-01-04 22:22:41.461390,CLO,1911345.jpg,1911345,1,0,NA
2000004_2,2023-01-04 22:22:36.477034,CLO,2000004.jpg,2000004,2,0,NA
2000009_2,2023-01-04 22:22:33.570817,CLO,2000009.jpg,2000009,2,0,NA
2000092_2,2023-01-04 22:22:30.117705,CLO,2000092.jpg,2000092,2,0,NA
2000107_2,2023-01-04 22:22:27.367693,CLO,2000107.jpg,2000107,2,0,NA
2000117_2,2023-01-04 22:22:26.039586,CLO,2000117.jpg,2000117,2,0,NA
2000119_2,2023-01-04 22:22:23.820831,CLO,2000119.jpg,2000119,2,0,NA
2000130_2,2023-01-04 22:22:19.336475,CLO,2000130.jpg,2000130,2,0,NA
2000141_2,2023-01-04 22:22:15.164612,CLO,2000141.jpg,2000141,2,0,NA
2000148_2,2023-01-04 22:22:13.211493,CLO,2000148.jpg,2000148,2,0,NA
2000950_2,2023-01-04 22:22:10.367761,CLO,2000950.jpg,2000950,2,0,NA
2001118_2,2023-01-04 22:22:07.258395,CLO,2001118.jpg,2001118,2,0,NA
2001257_2,2023-01-04 22:22:04.195907,CLO,2001257.jpg,2001257,2,0,NA
2001246_2,2023-01-04 22:22:01.930289,CLO,2001246.jpg,2001246,2,0,NA
2001310_2,2023-01-04 22:21:58.352182,CLO,2001310.jpg,2001310,2,0,NA
2001318_2,2023-01-04 22:21:55.352199,CLO,2001318.jpg,2001318,2,0,NA
2001774_2,2023-01-04 22:21:52.649077,CLO,2001774.jpg,2001774,2,0,NA
2001387_2,2023-01-04 22:21:49.492843,CLO,2001387.jpg,2001387,2,0,NA
2001931_2,2023-01-04 22:21:46.899099,CLO,2001931.jpg,2001931,2,0,NA
2001937_2,2023-01-04 22:21:43.945987,CLO,2001937.jpg,2001937,2,0,NA
2001851_2,2023-01-04 22:21:41.180378,CLO,2001851.jpg,2001851,2,0,NA
2002056_2,2023-01-04 22:21:38.102258,CLO,2002056.jpg,2002056,2,0,NA
2002131_2,2023-01-04 22:21:36.961672,CLO,2002131.jpg,2002131,2,0,NA
2002059_2,2023-01-04 22:21:36.289790,CLO,2002059.jpg,2002059,2,0,NA
2002229_2,2023-01-04 22:21:33.399159,CLO,2002229.jpg,2002229,2,0,NA
2002431_2,2023-01-04 22:21:31.211667,CLO,2002431.jpg,2002431,2,0,NA
2002449_2,2023-01-04 22:21:28.930437,CLO,2002449.jpg,2002449,2,0,NA
2002378_2,2023-01-04 22:21:26.274180,CLO,2002378.jpg,2002378,2,0,NA
2005986_2,2023-01-04 22:21:25.258580,CLO,2005986.jpg,2005986,2,0,NA
2003382_2,2023-01-04 22:21:20.383670,CLO,2003382.jpg,2003382,2,0,NA
2008952_2,2023-01-04 22:21:19.727332,CLO,2008952.jpg,2008952,2,0,NA
2010155_2,2023-01-04 22:21:19.086714,CLO,2010155.jpg,2010155,2,0,NA
2010158_2,2023-01-04 22:21:15.196104,CLO,2010158.jpg,2010158,2,0,NA
2010867_2,2023-01-04 22:21:13.336740,CLO,2010867.jpg,2010867,2,0,NA
2012029_2,2023-01-04 22:21:09.774238,CLO,2012029.jpg,2012029,2,0,NA
2012031_2,2023-01-04 22:21:07.774252,CLO,2012031.jpg,2012031,2,0,NA
2008159_2,2023-01-04 22:21:05.664882,CLO,2008159.jpg,2008159,2,0,NA
2008217_2,2023-01-04 22:21:03.493016,CLO,2008217.jpg,2008217,2,0,NA
2008218_2,2023-01-04 22:21:00.305614,CLO,2008218.jpg,2008218,2,0,NA
2008220_2,2023-01-04 22:20:56.868066,CLO,2008220.jpg,2008220,2,0,NA
2008270_2,2023-01-04 22:20:55.321179,CLO,2008270.jpg,2008270,2,0,NA
2008401_2,2023-01-04 22:20:54.696194,CLO,2008401.jpg,2008401,2,0,NA
2008597_2,2023-01-04 22:20:51.039968,CLO,2008597.jpg,2008597,2,0,NA
2008887_2,2023-01-04 22:20:48.118088,CLO,2008887.jpg,2008887,2,0,NA
2008960_2,2023-01-04 22:20:44.821519,CLO,2008960.jpg,2008960,2,0,NA
2008988_2,2023-01-04 22:20:41.914980,CLO,2008988.jpg,2008988,2,0,NA
2009082_2,2023-01-04 22:20:39.555607,CLO,2009082.jpg,2009082,2,0,NA
2009114_2,2023-01-04 22:20:36.524367,CLO,2009114.jpg,2009114,2,0,NA
2009300_2,2023-01-04 22:20:31.524388,CLO,2009300.jpg,2009300,2,0,NA
2009313_2,2023-01-04 22:20:28.461903,CLO,2009313.jpg,2009313,2,0,NA
2009311_2,2023-01-04 22:20:25.774415,CLO,2009311.jpg,2009311,2,0,NA
2009327_2,2023-01-04 22:20:22.774426,CLO,2009327.jpg,2009327,2,0,NA
2009329_2,2023-01-04 22:20:19.930697,CLO,2009329.jpg,2009329,2,0,NA
2009335_2,2023-01-04 22:20:16.493205,CLO,2009335.jpg,2009335,2,0,NA
2009396_2,2023-01-04 22:20:12.509170,CLO,2009396.jpg,2009396,2,0,NA
2009479_2,2023-01-04 22:20:10.180734,CLO,2009479.jpg,2009479,2,0,NA
2009495_2,2023-01-04 22:20:05.258878,CLO,2009495.jpg,2009495,2,0,NA
2009516_2,2023-01-04 22:20:04.587000,CLO,2009516.jpg,2009516,2,0,NA
2009667_2,2023-01-04 22:20:02.368252,CLO,2009667.jpg,2009667,2,0,NA
2009716_2,2023-01-04 22:20:00.149524,CLO,2009716.jpg,2009716,2,0,NA
2009832_2,2023-01-04 22:19:57.868280,CLO,2009832.jpg,2009832,2,0,NA
2009834_2,2023-01-04 22:19:53.180888,CLO,2009834.jpg,2009834,2,0,NA
2010369_2,2023-01-04 22:19:51.758921,CLO,2010369.jpg,2010369,2,0,NA
2010380_2,2023-01-04 22:19:50.883919,CLO,2010380.jpg,2010380,2,0,NA
2010384_2,2023-01-04 22:19:46.946443,CLO,2010384.jpg,2010384,2,0,NA
2010466_2,2023-01-04 22:19:41.571440,CLO,2010466.jpg,2010466,2,0,NA
2010574_2,2023-01-04 22:19:40.827882,CLO,2010574.jpg,2010574,2,0,NA
2010592_2,2023-01-04 22:19:38.993571,CLO,2010592.jpg,2010592,2,0,NA
2010622_2,2023-01-04 22:19:36.446412,CLO,2010622.jpg,2010622,2,0,NA
2010729_2,2023-01-04 22:19:33.977654,CLO,2010729.jpg,2010729,2,0,NA
2010785_2,2023-01-04 22:19:30.118284,CLO,2010785.jpg,2010785,2,0,NA
2010848_2,2023-01-04 22:19:28.243290,CLO,2010848.jpg,2010848,2,0,NA
2010858_2,2023-01-04 22:19:26.290142,CLO,2010858.jpg,2010858,2,0,NA
2010860_2,2023-01-04 22:19:24.993256,CLO,2010860.jpg,2010860,2,0,NA
2010881_2,2023-01-04 22:19:23.118268,CLO,2010881.jpg,2010881,2,0,NA
2010924_2,2023-01-04 22:19:19.305755,CLO,2010924.jpg,2010924,2,0,NA
2010925_2,2023-01-04 22:19:15.118261,CLO,2010925.jpg,2010925,2,0,NA
2010930_2,2023-01-04 22:19:14.430732,ACC,2010930.jpg,2010930,2,0,NA
2010976_2,2023-01-04 22:19:11.977605,CLO,2010976.jpg,2010976,2,0,NA
2011078_2,2023-01-04 22:19:07.586971,CLO,2011078.jpg,2011078,2,0,NA
2011196_2,2023-01-04 22:19:06.821345,ACC,2011196.jpg,2011196,2,0,NA
2011298_2,2023-01-04 22:19:04.274462,CLO,2011298.jpg,2011298,2,0,NA
2011319_2,2023-01-04 22:19:01.336981,CLO,2011319.jpg,2011319,2,0,NA
2011322_2,2023-01-04 22:18:58.258825,CLO,2011322.jpg,2011322,2,0,NA
2011340_2,2023-01-04 22:18:55.696339,CLO,2011340.jpg,2011340,2,0,NA
2011341_2,2023-01-04 22:18:53.040084,CLO,2011341.jpg,2011341,2,0,NA
2011348_2,2023-01-04 22:18:50.415058,CLO,2011348.jpg,2011348,2,0,NA
2007579_2,2023-01-04 22:18:46.477549,CLO,2007579.jpg,2007579,2,0,NA
2007982_2,2023-01-04 22:18:43.915041,CLO,2007982.jpg,2007982,2,0,NA
2008011_2,2023-01-04 22:18:41.352539,CLO,2008011.jpg,2008011,2,0,NA
2008012_2,2023-01-04 22:18:38.852533,CLO,2008012.jpg,2008012,2,0,NA
2008015_2,2023-01-04 22:18:36.211899,CLO,2008015.jpg,2008015,2,0,NA
2009306_2,2023-01-04 22:18:34.790026,CLO,2009306.jpg,2009306,2,0,NA
2011010_2,2023-01-04 22:18:33.633771,CLO,2011010.jpg,2011010,2,0,NA
2011560_2,2023-01-04 22:18:32.680644,CLO,2011560.jpg,2011560,2,0,NA
2011603_2,2023-01-04 22:18:31.836906,CLO,2011603.jpg,2011603,2,0,NA
1911396_1,2023-01-04 22:18:31.383768,CLO,1911396.jpg,1911396,1,0,NA
2011729_2,2023-01-04 22:18:29.165016,CLO,2011729.jpg,2011729,2,0,NA
2011734_2,2023-01-04 22:18:26.680630,CLO,2011734.jpg,2011734,2,0,NA
2012079_2,2023-01-04 22:18:23.993125,CLO,2012079.jpg,2012079,2,0,NA
2012282_2,2023-01-04 22:18:21.290009,CLO,2012282.jpg,2012282,2,0,NA
2012532_2,2023-01-04 22:18:18.055624,CLO,2012532.jpg,2012532,2,0,NA
2012535_2,2023-01-04 22:18:16.414995,CLO,2012535.jpg,2012535,2,0,NA
2012560_2,2023-01-04 22:18:15.243146,CLO,2012560.jpg,2012560,2,0,NA
2012573_2,2023-01-04 22:18:14.399357,CLO,2012573.jpg,2012573,2,0,NA
2012625_2,2023-01-04 22:18:13.665071,CLO,2012625.jpg,2012625,2,0,NA
2012813_2,2023-01-04 22:18:12.914974,CLO,2012813.jpg,2012813,2,0,NA
2012815_2,2023-01-04 22:18:10.399344,CLO,2012815.jpg,2012815,2,0,NA
2012819_2,2023-01-04 22:18:07.899340,CLO,2012819.jpg,2012819,2,0,NA
2012821_2,2023-01-04 22:18:05.352472,CLO,2012821.jpg,2012821,2,0,NA
2013001_2,2023-01-04 22:18:02.836827,CLO,2013001.jpg,2013001,2,0,NA
2013080_2,2023-01-04 22:18:00.414945,CLO,2013080.jpg,2013080,2,0,NA
2013398_2,2023-01-04 22:17:59.118068,CLO,2013398.jpg,2013398,2,0,NA
2011359_2,2023-01-04 22:17:58.399343,CLO,2011359.jpg,2011359,2,0,NA
2011364_2,2023-01-04 22:17:57.649313,CLO,2011364.jpg,2011364,2,0,NA
2011420_2,2023-01-04 22:17:56.493082,CLO,2011420.jpg,2011420,2,0,NA
2011511_2,2023-01-04 22:17:55.477449,CLO,2011511.jpg,2011511,2,0,NA
2011512_2,2023-01-04 22:17:52.961825,CLO,2011512.jpg,2011512,2,0,NA
2011525_2,2023-01-04 22:17:51.321189,ACC,2011525.jpg,2011525,2,0,NA
2011627_2,2023-01-04 22:17:49.758714,CLO,2011627.jpg,2011627,2,0,NA
2011630_2,2023-01-04 22:17:47.227449,CLO,2011630.jpg,2011630,2,0,NA
2011631_2,2023-01-04 22:17:44.696182,CLO,2011631.jpg,2011631,2,0,NA
2011632_2,2023-01-04 22:17:42.383664,CLO,2011632.jpg,2011632,2,0,NA
2011651_2,2023-01-04 22:17:41.211784,CLO,2011651.jpg,2011651,2,0,NA
2011661_2,2023-01-04 22:17:40.289922,CLO,2011661.jpg,2011661,2,0,NA
2011662_2,2023-01-04 22:17:38.071169,CLO,2011662.jpg,2011662,2,0,NA
2011670_2,2023-01-04 22:17:34.883646,CLO,2011670.jpg,2011670,2,0,NA
2004780_2,2023-01-04 22:17:32.336776,CLO,2004780.jpg,2004780,2,0,NA
2005127_2,2023-01-04 22:17:29.711757,CLO,2005127.jpg,2005127,2,0,NA
2005676_2,2023-01-04 22:17:26.633634,CLO,2005676.jpg,2005676,2,0,NA
2007837_2,2023-01-04 22:17:25.805714,CLO,2007837.jpg,2007837,2,0,NA
2007936_2,2023-01-04 22:17:25.102534,CLO,2007936.jpg,2007936,2,0,NA
2008005_2,2023-01-04 22:17:24.383633,CLO,2008005.jpg,2008005,2,0,NA
2008265_2,2023-01-04 22:17:23.664878,CLO,2008265.jpg,2008265,2,0,NA
2008350_2,2023-01-04 22:17:22.727364,CLO,2008350.jpg,2008350,2,0,NA
2008830_2,2023-01-04 22:17:21.414857,CLO,2008830.jpg,2008830,2,0,NA
2008918_2,2023-01-04 22:17:20.086736,CLO,2008918.jpg,2008918,2,0,NA
2009006_2,2023-01-04 22:17:17.086786,CLO,2009006.jpg,2009006,2,0,NA
2009106_2,2023-01-04 22:17:14.571095,CLO,2009106.jpg,2009106,2,0,NA
2009116_2,2023-01-04 22:17:11.789843,CLO,2009116.jpg,2009116,2,0,NA
2009275_2,2023-01-04 22:17:09.383581,CLO,2009275.jpg,2009275,2,0,NA
2009390_2,2023-01-04 22:17:06.555490,CLO,2009390.jpg,2009390,2,0,NA
2009392_2,2023-01-04 22:17:05.914842,CLO,2009392.jpg,2009392,2,0,NA
2009394_2,2023-01-04 22:17:05.149212,CLO,2009394.jpg,2009394,2,0,NA
2009571_2,2023-01-04 22:17:03.742966,CLO,2009571.jpg,2009571,2,0,NA
2011003_2,2023-01-04 22:17:02.742963,CLO,2011003.jpg,2011003,2,0,NA
2011005_2,2023-01-04 22:17:00.196086,CLO,2011005.jpg,2011005,2,0,NA
2011271_2,2023-01-04 22:16:57.742951,CLO,2011271.jpg,2011271,2,0,NA
2011312_2,2023-01-04 22:16:55.321058,CLO,2011312.jpg,2011312,2,0,NA
2011313_2,2023-01-04 22:16:52.821049,CLO,2011313.jpg,2011313,2,0,NA
2011373_2,2023-01-04 22:16:50.336669,CLO,2011373.jpg,2011373,2,0,NA
2011402_2,2023-01-04 22:16:48.899195,CLO,2011402.jpg,2011402,2,0,NA
2011414_2,2023-01-04 22:16:47.899316,CLO,2011414.jpg,2011414,2,0,NA
2011478_2,2023-01-04 22:16:46.336783,CLO,2011478.jpg,2011478,2,0,NA
2011508_2,2023-01-04 22:16:45.602294,CLO,2011508.jpg,2011508,2,0,NA
2011652_2,2023-01-04 22:16:43.196025,CLO,2011652.jpg,2011652,2,0,NA
2011663_2,2023-01-04 22:16:40.836661,CLO,2011663.jpg,2011663,2,0,NA
2011682_2,2023-01-04 22:16:38.164774,CLO,2011682.jpg,2011682,2,0,NA
2011716_2,2023-01-04 22:16:35.461633,CLO,2011716.jpg,2011716,2,0,NA
2011730_2,2023-01-04 22:16:32.524540,CLO,2011730.jpg,2011730,2,0,NA
2011731_2,2023-01-04 22:16:31.446001,CLO,2011731.jpg,2011731,2,0,NA
2011752_2,2023-01-04 22:16:30.242889,CLO,2011752.jpg,2011752,2,0,NA
2011755_2,2023-01-04 22:16:29.102240,CLO,2011755.jpg,2011755,2,0,NA
2100204_2,2023-01-04 22:16:27.602271,CLO,2100204.jpg,2100204,2,0,NA
2011781_2,2023-01-04 22:16:25.180370,CLO,2011781.jpg,2011781,2,0,NA
2011924_2,2023-01-04 22:16:22.461624,CLO,2011924.jpg,2011924,2,0,NA
2011927_2,2023-01-04 22:16:19.711601,CLO,2011927.jpg,2011927,2,0,NA
2011988_2,2023-01-04 22:16:17.039721,CLO,2011988.jpg,2011988,2,0,NA
2011990_2,2023-01-04 22:16:14.774090,CLO,2011990.jpg,2011990,2,0,NA
2011993_2,2023-01-04 22:16:13.539773,CLO,2011993.jpg,2011993,2,0,NA
2011995_2,2023-01-04 22:16:12.774092,CLO,2011995.jpg,2011995,2,0,NA
2012005_2,2023-01-04 22:16:10.570974,CLO,2012005.jpg,2012005,2,0,NA
2012007_2,2023-01-04 22:16:08.586594,CLO,2012007.jpg,2012007,2,0,NA
2012080_2,2023-01-04 22:16:06.570943,CLO,2012080.jpg,2012080,2,0,NA
2012161_2,2023-01-04 22:16:04.586583,CLO,2012161.jpg,2012161,2,0,NA
2012164_2,2023-01-04 22:16:00.133439,CLO,2012164.jpg,2012164,2,0,NA
2012165_2,2023-01-04 22:15:57.445930,CLO,2012165.jpg,2012165,2,0,NA
2012174_2,2023-01-04 22:15:54.461538,CLO,2012174.jpg,2012174,2,0,NA
2012207_2,2023-01-04 22:15:51.899033,CLO,2012207.jpg,2012207,2,0,NA
2012212_2,2023-01-04 22:15:49.461528,CLO,2012212.jpg,2012212,2,0,NA
2012216_2,2023-01-04 22:15:44.867780,CLO,2012216.jpg,2012216,2,0,NA
2012218_2,2023-01-04 22:15:41.742759,CLO,2012218.jpg,2012218,2,0,NA
2012219_2,2023-01-04 22:15:38.977162,CLO,2012219.jpg,2012219,2,0,NA
2012257_2,2023-01-04 22:15:36.539623,CLO,2012257.jpg,2012257,2,0,NA
2012267_2,2023-01-04 22:15:34.242748,CLO,2012267.jpg,2012267,2,0,NA
2012268_2,2023-01-04 22:15:30.898987,CLO,2012268.jpg,2012268,2,0,NA
2012269_2,2023-01-04 22:15:29.336480,CLO,2012269.jpg,2012269,2,0,NA
2012557_2,2023-01-04 22:15:28.195873,CLO,2012557.jpg,2012557,2,0,NA
2012559_2,2023-01-04 22:15:24.602095,CLO,2012559.jpg,2012559,2,0,NA
2012561_2,2023-01-04 22:15:22.008344,CLO,2012561.jpg,2012561,2,0,NA
2012592_2,2023-01-04 22:15:16.711450,CLO,2012592.jpg,2012592,2,0,NA
2012598_2,2023-01-04 22:15:13.289574,CLO,2012598.jpg,2012598,2,0,NA
2012601_2,2023-01-04 22:15:08.867691,CLO,2012601.jpg,2012601,2,0,NA
2012857_2,2023-01-04 22:15:06.867686,CLO,2012857.jpg,2012857,2,0,NA
2013068_2,2023-01-04 22:15:05.555211,CLO,2013068.jpg,2013068,2,0,NA
2013097_2,2023-01-04 22:15:02.789587,CLO,2013097.jpg,2013097,2,0,NA
2004119_2,2023-01-04 22:14:58.555168,CLO,2004119.jpg,2004119,2,0,NA
2004698_2,2023-01-04 22:14:55.711404,CLO,2004698.jpg,2004698,2,0,NA
2007637_2,2023-01-04 22:14:52.148911,CLO,2007637.jpg,2007637,2,0,NA
2008010_2,2023-01-04 22:14:49.633284,CLO,2008010.jpg,2008010,2,0,NA
2008176_2,2023-01-04 22:14:47.273888,CLO,2008176.jpg,2008176,2,0,NA
2008787_2,2023-01-04 22:14:43.977009,CLO,2008787.jpg,2008787,2,0,NA
2010543_2,2023-01-04 22:14:39.773787,CLO,2010543.jpg,2010543,2,0,NA
2010618_2,2023-01-04 22:14:36.445617,CLO,2010618.jpg,2010618,2,0,NA
2010621_2,2023-01-04 22:14:35.289344,CLO,2010621.jpg,2010621,2,0,NA
2010630_2,2023-01-04 22:14:33.336191,CLO,2010630.jpg,2010630,2,0,NA
2010634_2,2023-01-04 22:14:32.101793,CLO,2010634.jpg,2010634,2,0,NA
2010871_2,2023-01-04 22:14:30.148641,CLO,2010871.jpg,2010871,2,0,NA
2011476_2,2023-01-04 22:14:27.632993,CLO,2011476.jpg,2011476,2,0,NA
2011635_2,2023-01-04 22:14:25.117338,CLO,2011635.jpg,2011635,2,0,NA
2011907_2,2023-01-04 22:14:19.914107,CLO,2011907.jpg,2011907,2,0,NA
2011989_2,2023-01-04 22:14:15.617173,CLO,2011989.jpg,2011989,2,0,NA
2005785_2,2023-01-04 22:14:13.773391,CLO,2005785.jpg,2005785,2,0,NA
2012083_2,2023-01-04 22:14:11.507732,CLO,2012083.jpg,2012083,2,0,NA
2012254_2,2023-01-04 22:14:09.507727,CLO,2012254.jpg,2012254,2,0,NA
2012256_2,2023-01-04 22:14:07.382674,CLO,2012256.jpg,2012256,2,0,NA
2012278_2,2023-01-04 22:14:03.070103,CLO,2012278.jpg,2012278,2,0,NA
2012259_2,2023-01-04 22:14:02.117176,CLO,2012259.jpg,2012259,2,0,NA
2012284_2,2023-01-04 22:14:01.445104,CLO,2012284.jpg,2012284,2,0,NA
2012286_2,2023-01-04 22:13:59.320072,CLO,2012286.jpg,2012286,2,0,NA
2012375_2,2023-01-04 22:13:56.335635,CLO,2012375.jpg,2012375,2,0,NA
2012566_2,2023-01-04 22:13:53.413731,CLO,2012566.jpg,2012566,2,0,NA
2012572_2,2023-01-04 22:13:49.616796,CLO,2012572.jpg,2012572,2,0,NA
2012574_2,2023-01-04 22:13:46.898002,CLO,2012574.jpg,2012574,2,0,NA
2012575_2,2023-01-04 22:13:44.710456,CLO,2012575.jpg,2012575,2,0,NA
2012582_2,2023-01-04 22:13:42.116684,CLO,2012582.jpg,2012582,2,0,NA
2012584_2,2023-01-04 22:13:39.835378,CLO,2012584.jpg,2012584,2,0,NA
2012603_2,2023-01-04 22:13:37.413467,CLO,2012603.jpg,2012603,2,0,NA
2012754_2,2023-01-04 22:13:36.679104,CLO,2012754.jpg,2012754,2,0,NA
2012788_2,2023-01-04 22:13:32.444646,CLO,2012788.jpg,2012788,2,0,NA
2013085_2,2023-01-04 22:13:29.116488,CLO,2013085.jpg,2013085,2,0,NA
2013156_2,2023-01-04 22:13:25.413294,CLO,2013156.jpg,2013156,2,0,NA
2013157_2,2023-01-04 22:13:24.694517,CLO,2013157.jpg,2013157,2,0,NA
2013158_2,2023-01-04 22:13:22.053876,CLO,2013158.jpg,2013158,2,0,NA
2013159_2,2023-01-04 22:13:20.350708,CLO,2013159.jpg,2013159,2,0,NA
2013160_2,2023-01-04 22:13:18.991321,CLO,2013160.jpg,2013160,2,0,NA
2007578_2,2023-01-04 22:13:15.850656,CLO,2007578.jpg,2007578,2,0,NA
2007641_2,2023-01-04 22:13:13.522501,CLO,2007641.jpg,2007641,2,0,NA
2007882_2,2023-01-04 22:13:08.272406,CLO,2007882.jpg,2007882,2,0,NA
2009076_2,2023-01-04 22:13:06.756771,CLO,2009076.jpg,2009076,2,0,NA
2010620_2,2023-01-04 22:13:05.834870,CLO,2010620.jpg,2010620,2,0,NA
2010635_2,2023-01-04 22:13:00.553553,CLO,2010635.jpg,2010635,2,0,NA
2010846_2,2023-01-04 22:12:59.256650,CLO,2010846.jpg,2010846,2,0,NA
2010963_2,2023-01-04 22:12:55.975353,CLO,2010963.jpg,2010963,2,0,NA
2011009_2,2023-01-04 22:12:51.959677,CLO,2011009.jpg,2011009,2,0,NA
2011118_2,2023-01-04 22:12:50.647141,ACC,2011118.jpg,2011118,2,0,NA
2011278_2,2023-01-04 22:12:49.037761,CLO,2011278.jpg,2011278,2,0,NA
2011310_2,2023-01-04 22:12:48.006498,CLO,2011310.jpg,2011310,2,0,NA
2011413_2,2023-01-04 22:12:45.053317,CLO,2011413.jpg,2011413,2,0,NA
2011452_2,2023-01-04 22:12:41.662790,CLO,2011452.jpg,2011452,2,0,NA
2011785_2,2023-01-04 22:12:39.365722,CLO,2011785.jpg,2011785,2,0,NA
2011833_2,2023-01-04 22:12:36.896934,CLO,2011833.jpg,2011833,2,0,NA
2011884_2,2023-01-04 22:12:32.803123,CLO,2011884.jpg,2011884,2,0,NA
2011912_2,2023-01-04 22:12:31.225032,CLO,2011912.jpg,2011912,2,0,NA
2011932_2,2023-01-04 22:12:30.381230,CLO,2011932.jpg,2011932,2,0,NA
2011986_2,2023-01-04 22:12:26.474903,CLO,2011986.jpg,2011986,2,0,NA
2012009_2,2023-01-04 22:12:24.381150,CLO,2012009.jpg,2012009,2,0,NA
2012074_2,2023-01-04 22:12:22.146703,CLO,2012074.jpg,2012074,2,0,NA
2012198_2,2023-01-04 22:12:20.037290,CLO,2012198.jpg,2012198,2,0,NA
2012200_2,2023-01-04 22:12:17.646640,CLO,2012200.jpg,2012200,2,0,NA
2012217_2,2023-01-04 22:12:15.396614,CLO,2012217.jpg,2012217,2,0,NA
2012220_2,2023-01-04 22:12:13.005951,CLO,2012220.jpg,2012220,2,0,NA
2012246_2,2023-01-04 22:12:09.396540,CLO,2012246.jpg,2012246,2,0,NA
2012247_2,2023-01-04 22:12:08.537150,CLO,2012247.jpg,2012247,2,0,NA
2012249_2,2023-01-04 22:12:07.646508,CLO,2012249.jpg,2012249,2,0,NA
2012272_2,2023-01-04 22:12:04.849610,CLO,2012272.jpg,2012272,2,0,NA
2012274_2,2023-01-04 22:12:02.177680,CLO,2012274.jpg,2012274,2,0,NA
2012275_2,2023-01-04 22:11:59.286985,CLO,2012275.jpg,2012275,2,0,NA
2012279_2,2023-01-04 22:11:56.458838,CLO,2012279.jpg,2012279,2,0,NA
2012291_2,2023-01-04 22:11:53.740151,CLO,2012291.jpg,2012291,2,0,NA
2012307_2,2023-01-04 22:11:51.568141,CLO,2012307.jpg,2012307,2,0,NA
2012308_2,2023-01-04 22:11:49.927503,CLO,2012308.jpg,2012308,2,0,NA
2012313_2,2023-01-04 22:11:43.380672,CLO,2012313.jpg,2012313,2,0,NA
2012314_2,2023-01-04 22:11:39.442946,CLO,2012314.jpg,2012314,2,0,NA
2012388_2,2023-01-04 22:11:38.099165,CLO,2012388.jpg,2012388,2,0,NA
2012529_2,2023-01-04 22:11:33.520986,CLO,2012529.jpg,2012529,2,0,NA
2012533_2,2023-01-04 22:11:30.833429,CLO,2012533.jpg,2012533,2,0,NA
2012558_2,2023-01-04 22:11:28.380305,CLO,2012558.jpg,2012558,2,0,NA
2012563_2,2023-01-04 22:11:25.880237,CLO,2012563.jpg,2012563,2,0,NA
2012564_2,2023-01-04 22:11:22.130210,CLO,2012564.jpg,2012564,2,0,NA
2012576_2,2023-01-04 22:11:18.645763,CLO,2012576.jpg,2012576,2,0,NA
2012585_2,2023-01-04 22:11:15.286334,CLO,2012585.jpg,2012585,2,0,NA
2012606_2,2023-01-04 22:11:13.051937,CLO,2012606.jpg,2012606,2,0,NA
2012683_2,2023-01-04 22:11:10.942532,CLO,2012683.jpg,2012683,2,0,NA
2012684_2,2023-01-04 22:11:08.880125,CLO,2012684.jpg,2012684,2,0,NA
2012787_2,2023-01-04 22:11:06.739396,CLO,2012787.jpg,2012787,2,0,NA
2012791_2,2023-01-04 22:11:04.520549,CLO,2012791.jpg,2012791,2,0,NA
2012798_2,2023-01-04 22:11:02.208023,CLO,2012798.jpg,2012798,2,0,NA
2012816_2,2023-01-04 22:10:59.832970,CLO,2012816.jpg,2012816,2,0,NA
2012817_2,2023-01-04 22:10:54.848505,CLO,2012817.jpg,2012817,2,0,NA
2012818_2,2023-01-04 22:10:54.176615,CLO,2012818.jpg,2012818,2,0,NA
2013004_2,2023-01-04 22:10:53.536002,CLO,2013004.jpg,2013004,2,0,NA
2012915_2,2023-01-04 22:10:49.551550,CLO,2012915.jpg,2012915,2,0,NA
2013005_2,2023-01-04 22:10:46.270364,CLO,2013005.jpg,2013005,2,0,NA
2013011_2,2023-01-04 22:10:43.254602,CLO,2013011.jpg,2013011,2,0,NA
2013013_2,2023-01-04 22:10:40.957689,CLO,2013013.jpg,2013013,2,0,NA
2013014_2,2023-01-04 22:10:37.832626,CLO,2013014.jpg,2013014,2,0,NA
2013015_2,2023-01-04 22:10:34.098213,CLO,2013015.jpg,2013015,2,0,NA
2013016_2,2023-01-04 22:10:29.582508,CLO,2013016.jpg,2013016,2,0,NA
2013020_2,2023-01-04 22:10:26.019949,CLO,2013020.jpg,2013020,2,0,NA
2013044_2,2023-01-04 22:10:23.223046,CLO,2013044.jpg,2013044,2,0,NA
2013045_2,2023-01-04 22:10:20.394863,CLO,2013045.jpg,2013045,2,0,NA
2013048_2,2023-01-04 22:10:17.457321,CLO,2013048.jpg,2013048,2,0,NA
2013049_2,2023-01-04 22:10:15.426035,CLO,2013049.jpg,2013049,2,0,NA
2013111_2,2023-01-04 22:10:12.410377,CLO,2013111.jpg,2013111,2,0,NA
2013197_2,2023-01-04 22:10:09.832233,CLO,2013197.jpg,2013197,2,0,NA
2006816_2,2023-01-04 22:10:05.863417,CLO,2006816.jpg,2006816,2,0,NA
2009120_2,2023-01-04 22:10:03.503994,CLO,2009120.jpg,2009120,2,0,NA
2010416_2,2023-01-04 22:10:00.566451,CLO,2010416.jpg,2010416,2,0,NA
2010462_2,2023-01-04 22:09:56.597623,CLO,2010462.jpg,2010462,2,0,NA
2010468_2,2023-01-04 22:09:55.425743,CLO,2010468.jpg,2010468,2,0,NA
2011158_2,2023-01-04 22:09:54.675729,CLO,2011158.jpg,2011158,2,0,NA
2010611_2,2023-01-04 22:09:54.019466,ACC,2010611.jpg,2010611,2,0,NA
2011159_2,2023-01-04 22:09:51.831997,CLO,2011159.jpg,2011159,2,0,NA
2011160_2,2023-01-04 22:09:49.394387,CLO,2011160.jpg,2011160,2,0,NA
2011643_2,2023-01-04 22:09:46.831851,CLO,2011643.jpg,2011643,2,0,NA
2011746_2,2023-01-04 22:09:41.316035,CLO,2011746.jpg,2011746,2,0,NA
2011896_2,2023-01-04 22:09:40.483271,CLO,2011896.jpg,2011896,2,0,NA
2011973_2,2023-01-04 22:09:37.878371,CLO,2011973.jpg,2011973,2,0,NA
2012041_2,2023-01-04 22:09:34.425163,CLO,2012041.jpg,2012041,2,0,NA
2012059_2,2023-01-04 22:09:30.268693,CLO,2012059.jpg,2012059,2,0,NA
2012154_2,2023-01-04 22:09:27.502960,CLO,2012154.jpg,2012154,2,0,NA
2012178_2,2023-01-04 22:09:24.799718,CLO,2012178.jpg,2012178,2,0,NA
2012181_2,2023-01-04 22:09:21.580828,CLO,2012181.jpg,2012181,2,0,NA
2012185_2,2023-01-04 22:09:19.361996,CLO,2012185.jpg,2012185,2,0,NA
2012187_2,2023-01-04 22:09:16.143123,CLO,2012187.jpg,2012187,2,0,NA
2012252_2,2023-01-04 22:09:13.768018,CLO,2012252.jpg,2012252,2,0,NA
2012253_2,2023-01-04 22:09:11.205410,CLO,2012253.jpg,2012253,2,0,NA
2012277_2,2023-01-04 22:09:08.486555,CLO,2012277.jpg,2012277,2,0,NA
2012280_2,2023-01-04 22:09:05.408292,CLO,2012280.jpg,2012280,2,0,NA
2012288_2,2023-01-04 22:09:02.611294,CLO,2012288.jpg,2012288,2,0,NA
2012290_2,2023-01-04 22:09:01.173738,CLO,2012290.jpg,2012290,2,0,NA
2012303_2,2023-01-04 22:09:00.392456,CLO,2012303.jpg,2012303,2,0,NA
2012586_2,2023-01-04 22:08:57.282958,CLO,2012586.jpg,2012586,2,0,NA
2012588_2,2023-01-04 22:08:50.938951,CLO,2012588.jpg,2012588,2,0,NA
2012794_2,2023-01-04 22:08:46.110643,CLO,2012794.jpg,2012794,2,0,NA
2012838_2,2023-01-04 22:08:45.548100,ACC,2012838.jpg,2012838,2,0,NA
2012839_2,2023-01-04 22:08:44.844942,ACC,2012839.jpg,2012839,2,0,NA
2012841_2,2023-01-04 22:08:43.360508,ACC,2012841.jpg,2012841,2,0,NA
2012843_2,2023-01-04 22:08:41.469806,ACC,2012843.jpg,2012843,2,0,NA
2012844_2,2023-01-04 22:08:40.813531,ACC,2012844.jpg,2012844,2,0,NA
2012845_2,2023-01-04 22:08:40.110389,ACC,2012845.jpg,2012845,2,0,NA
2012847_2,2023-01-04 22:08:39.344718,ACC,2012847.jpg,2012847,2,0,NA
2012875_2,2023-01-04 22:08:32.563213,CLO,2012875.jpg,2012875,2,0,NA
2012891_2,2023-01-04 22:08:30.234992,CLO,2012891.jpg,2012891,2,0,NA
2013033_2,2023-01-04 22:08:27.906752,CLO,2013033.jpg,2013033,2,0,NA
2013074_2,2023-01-04 22:08:22.453406,CLO,2013074.jpg,2013074,2,0,NA
2013100_2,2023-01-04 22:08:21.734627,CLO,2013100.jpg,2013100,2,0,NA
2013105_2,2023-01-04 22:08:17.812610,CLO,2013105.jpg,2013105,2,0,NA
2013143_2,2023-01-04 22:08:13.937481,CLO,2013143.jpg,2013143,2,0,NA
2013144_2,2023-01-04 22:08:11.906164,CLO,2013144.jpg,2013144,2,0,NA
2013668_2,2023-01-04 22:08:10.531057,CLO,2013668.jpg,2013668,2,0,NA
2004809_2,2023-01-04 22:08:07.843452,CLO,2004809.jpg,2004809,2,0,NA
2005211_2,2023-01-04 22:08:05.171511,CLO,2005211.jpg,2005211,2,0,NA
2006458_2,2023-01-04 22:08:04.468318,JEW,2006458.jpg,2006458,2,0,NA
2007983_2,2023-01-04 22:08:01.108839,CLO,2007983.jpg,2007983,2,0,NA
2009377_2,2023-01-04 22:08:00.374405,CLO,2009377.jpg,2009377,2,0,NA
2100209_2,2023-01-04 22:07:56.717986,CLO,2100209.jpg,2100209,2,0,NA
2010400_2,2023-01-04 22:07:53.764741,CLO,2010400.jpg,2010400,2,0,NA
2011000_2,2023-01-04 22:07:49.998971,CLO,2011000.jpg,2011000,2,0,NA
2002723_2,2023-01-04 22:07:47.998898,CLO,2002723.jpg,2002723,2,0,NA
2011007_2,2023-01-04 22:07:45.545655,CLO,2011007.jpg,2011007,2,0,NA
2011004_2,2023-01-04 22:07:42.983049,CLO,2011004.jpg,2011004,2,0,NA
2011484_2,2023-01-04 22:07:40.232954,CLO,2011484.jpg,2011484,2,0,NA
2011728_2,2023-01-04 22:07:37.201555,CLO,2011728.jpg,2011728,2,0,NA
2003034_2,2023-01-04 22:07:34.138928,CLO,2003034.jpg,2003034,2,0,NA
2000620_2,2023-01-04 22:07:32.357637,CLO,2000620.jpg,2000620,2,0,NA
2003529_2,2023-01-04 22:07:25.435457,CLO,2003529.jpg,2003529,2,0,NA
2004082_2,2023-01-04 22:07:23.247877,CLO,2004082.jpg,2004082,2,0,NA
2005792_2,2023-01-04 22:07:22.435327,CLO,2005792.jpg,2005792,2,0,NA
2005840_2,2023-01-04 22:07:19.450844,CLO,2005840.jpg,2005840,2,0,NA
2006015_2,2023-01-04 22:07:17.107008,CLO,2006015.jpg,2006015,2,0,NA
2006594_2,2023-01-04 22:07:14.747517,CLO,2006594.jpg,2006594,2,0,NA
2006689_2,2023-01-04 22:07:11.513013,CLO,2006689.jpg,2006689,2,0,NA
2007581_2,2023-01-04 22:07:09.981691,CLO,2007581.jpg,2007581,2,0,NA
2007651_2,2023-01-04 22:07:09.091029,CLO,2007651.jpg,2007651,2,0,NA
2011561_2,2023-01-04 22:07:07.231594,CLO,2011561.jpg,2011561,2,0,NA
2007781_2,2023-01-04 22:07:06.262892,CLO,2007781.jpg,2007781,2,0,NA
2007842_2,2023-01-04 22:07:01.153228,CLO,2007842.jpg,2007842,2,0,NA
2008014_2,2023-01-04 22:06:56.715552,CLO,2008014.jpg,2008014,2,0,NA
2008027_2,2023-01-04 22:06:50.887167,CLO,2008027.jpg,2008027,2,0,NA
2008144_2,2023-01-04 22:06:42.058681,CLO,2008144.jpg,2008144,2,0,NA
2008145_2,2023-01-04 22:06:38.121033,CLO,2008145.jpg,2008145,2,0,NA
2008650_2,2023-01-04 22:06:35.542802,CLO,2008650.jpg,2008650,2,0,NA
2008711_2,2023-01-04 22:06:32.714561,CLO,2008711.jpg,2008711,2,0,NA
2008734_2,2023-01-04 22:06:29.167563,CLO,2008734.jpg,2008734,2,0,NA
2008759_2,2023-01-04 22:06:26.761187,CLO,2008759.jpg,2008759,2,0,NA
2008899_2,2023-01-04 22:06:23.995500,CLO,2008899.jpg,2008899,2,0,NA
2008969_2,2023-01-04 22:06:19.432776,CLO,2008969.jpg,2008969,2,0,NA
2009043_2,2023-01-04 22:06:15.010701,CLO,2009043.jpg,2009043,2,0,NA
2009088_2,2023-01-04 22:06:12.135595,CLO,2009088.jpg,2009088,2,0,NA
2009294_2,2023-01-04 22:06:11.229312,CLO,2009294.jpg,2009294,2,0,NA
2009316_2,2023-01-04 22:06:08.447941,CLO,2009316.jpg,2009316,2,0,NA
2009425_2,2023-01-04 22:06:03.557108,CLO,2009425.jpg,2009425,2,0,NA
2009469_2,2023-01-04 22:06:01.057019,CLO,2009469.jpg,2009469,2,0,NA
2013969_2,2023-01-04 22:05:59.072564,CLO,2013969.jpg,2013969,2,0,NA
2009497_2,2023-01-04 22:05:54.416120,CLO,2009497.jpg,2009497,2,0,NA
2009669_2,2023-01-04 22:05:48.353380,CLO,2009669.jpg,2009669,2,0,NA
2009762_2,2023-01-04 22:05:44.900100,CLO,2009762.jpg,2009762,2,0,NA
2010320_2,2023-01-04 22:05:41.274948,CLO,2010320.jpg,2010320,2,0,NA
2010816_2,2023-01-04 22:05:38.931106,CLO,2010816.jpg,2010816,2,0,NA
2010423_2,2023-01-04 22:05:32.149607,CLO,2010423.jpg,2010423,2,0,NA
2010866_2,2023-01-04 22:05:30.227631,CLO,2010866.jpg,2010866,2,0,NA
2010912_2,2023-01-04 22:05:27.493156,CLO,2010912.jpg,2010912,2,0,NA
2011211_2,2023-01-04 22:05:24.383642,CLO,2011211.jpg,2011211,2,0,NA
2011333_2,2023-01-04 22:05:22.305429,CLO,2011333.jpg,2011333,2,0,NA
2011493_2,2023-01-04 22:05:18.039644,CLO,2011493.jpg,2011493,2,0,NA
2011545_2,2023-01-04 22:05:14.117605,CLO,2011545.jpg,2011545,2,0,NA
2011548_2,2023-01-04 22:05:10.523694,CLO,2011548.jpg,2011548,2,0,NA
2011893_2,2023-01-04 22:05:05.929774,CLO,2011893.jpg,2011893,2,0,NA
2012050_2,2023-01-04 22:05:03.148400,CLO,2012050.jpg,2012050,2,0,NA
2012052_2,2023-01-04 22:05:00.320177,CLO,2012052.jpg,2012052,2,0,NA
2012213_2,2023-01-04 22:04:57.132516,CLO,2012213.jpg,2012213,2,0,NA
2012214_2,2023-01-04 22:04:55.819954,CLO,2012214.jpg,2012214,2,0,NA
2012260_2,2023-01-04 22:04:54.710553,CLO,2012260.jpg,2012260,2,0,NA
2012283_2,2023-01-04 22:04:51.366670,CLO,2012283.jpg,2012283,2,0,NA
2012292_2,2023-01-04 22:04:48.210311,CLO,2012292.jpg,2012292,2,0,NA
2012301_2,2023-01-04 22:04:43.960106,CLO,2012301.jpg,2012301,2,0,NA
2012570_2,2023-01-04 22:04:40.928685,CLO,2012570.jpg,2012570,2,0,NA
2012571_2,2023-01-04 22:04:39.512001,CLO,2012571.jpg,2012571,2,0,NA
2012591_2,2023-01-04 22:04:38.167584,CLO,2012591.jpg,2012591,2,0,NA
2012744_2,2023-01-04 22:04:35.944075,ACC,2012744.jpg,2012744,2,0,NA
2103002_2,2023-01-04 22:04:33.350195,CLO,2103002.jpg,2103002,2,0,NA
2012760_2,2023-01-04 22:04:30.600085,CLO,2012760.jpg,2012760,2,0,NA
2012776_2,2023-01-04 22:04:27.803051,CLO,2012776.jpg,2012776,2,0,NA
2012782_2,2023-01-04 22:04:24.943560,CLO,2012782.jpg,2012782,2,0,NA
2012784_2,2023-01-04 22:04:22.318659,CLO,2012784.jpg,2012784,2,0,NA
2012836_2,2023-01-04 22:04:21.021491,ACC,2012836.jpg,2012836,2,0,NA
2012866_2,2023-01-04 22:04:20.177696,ACC,2012866.jpg,2012866,2,0,NA
2012867_2,2023-01-04 22:04:19.193310,ACC,2012867.jpg,2012867,2,0,NA
2012877_2,2023-01-04 22:04:17.240069,CLO,2012877.jpg,2012877,2,0,NA
2012999_2,2023-01-04 22:04:14.568079,CLO,2012999.jpg,2012999,2,0,NA
2013000_2,2023-01-04 22:04:11.833723,CLO,2013000.jpg,2013000,2,0,NA
2013009_2,2023-01-04 22:04:09.177175,CLO,2013009.jpg,2013009,2,0,NA
2013043_2,2023-01-04 22:04:06.302067,CLO,2013043.jpg,2013043,2,0,NA
2013070_2,2023-01-04 22:04:05.317645,CLO,2013070.jpg,2013070,2,0,NA
2013091_2,2023-01-04 22:04:03.801942,CLO,2013091.jpg,2013091,2,0,NA
2013096_2,2023-01-04 22:04:01.754982,CLO,2013096.jpg,2013096,2,0,NA
2013116_2,2023-01-04 22:03:58.895460,CLO,2013116.jpg,2013116,2,0,NA
2013117_2,2023-01-04 22:03:56.082828,CLO,2013117.jpg,2013117,2,0,NA
2013128_2,2023-01-04 22:03:53.379427,CLO,2013128.jpg,2013128,2,0,NA
2013132_2,2023-01-04 22:03:50.535261,CLO,2013132.jpg,2013132,2,0,NA
2013137_2,2023-01-04 22:03:48.894401,CLO,2013137.jpg,2013137,2,0,NA
2013139_2,2023-01-04 22:03:47.628594,CLO,2013139.jpg,2013139,2,0,NA
2013140_2,2023-01-04 22:03:45.815872,CLO,2013140.jpg,2013140,2,0,NA
2013141_2,2023-01-04 22:03:43.315476,CLO,2013141.jpg,2013141,2,0,NA
2013379_2,2023-01-04 22:03:40.361920,CLO,2013379.jpg,2013379,2,0,NA
2013656_2,2023-01-04 22:03:36.627027,CLO,2013656.jpg,2013656,2,0,NA
2013742_2,2023-01-04 22:03:33.673461,CLO,2013742.jpg,2013742,2,0,NA
2013985_2,2023-01-04 22:03:32.110746,CLO,2013985.jpg,2013985,2,0,NA
2014276_2,2023-01-04 22:03:31.188752,CLO,2014276.jpg,2014276,2,0,NA
2008936_2,2023-01-04 22:03:29.891672,ACC,2008936.jpg,2008936,2,0,NA
2011224_2,2023-01-04 22:03:29.219724,ACC,2011224.jpg,2011224,2,0,NA
1908233_1,2023-01-04 22:03:28.282072,ACC,1908233.jpg,1908233,1,0,NA
1910263_1,2023-01-04 22:03:26.703709,CLO,1910263.jpg,1910263,1,0,NA
1910419_1,2023-01-04 22:03:24.156476,CLO,1910419.jpg,1910419,1,0,NA
2001942_2,2023-01-04 22:03:21.593615,CLO,2001942.jpg,2001942,2,0,NA
2002992_2,2023-01-04 22:03:19.249527,CLO,2002992.jpg,2002992,2,0,NA
2003675_2,2023-01-04 22:03:16.858560,CLO,2003675.jpg,2003675,2,0,NA
2005816_2,2023-01-04 22:03:16.124064,CLO,2005816.jpg,2005816,2,0,NA
2005896_2,2023-01-04 22:03:15.420858,CLO,2005896.jpg,2005896,2,0,NA
2006611_2,2023-01-04 22:03:14.670733,CLO,2006611.jpg,2006611,2,0,NA
2006690_2,2023-01-04 22:03:13.889385,CLO,2006690.jpg,2006690,2,0,NA
2007306_2,2023-01-04 22:03:12.623567,CLO,2007306.jpg,2007306,2,0,NA
2007342_2,2023-01-04 22:03:09.998200,CLO,2007342.jpg,2007342,2,0,NA
2007485_2,2023-01-04 22:03:07.575957,CLO,2007485.jpg,2007485,2,0,NA
2007638_2,2023-01-04 22:03:04.903698,CLO,2007638.jpg,2007638,2,0,NA
2007840_2,2023-01-04 22:03:02.465861,CLO,2007840.jpg,2007840,2,0,NA
2007894_2,2023-01-04 22:02:59.981148,CLO,2007894.jpg,2007894,2,0,NA
2008001_2,2023-01-04 22:02:59.293716,CLO,2008001.jpg,2008001,2,0,NA
2008003_2,2023-01-04 22:02:58.387151,CLO,2008003.jpg,2008003,2,0,NA
2008004_2,2023-01-04 22:02:56.011818,CLO,2008004.jpg,2008004,2,0,NA
2008016_2,2023-01-04 22:02:53.464592,CLO,2008016.jpg,2008016,2,0,NA
2008085_2,2023-01-04 22:02:50.823572,CLO,2008085.jpg,2008085,2,0,NA
2008157_2,2023-01-04 22:02:47.338687,CLO,2008157.jpg,2008157,2,0,NA
2008897_2,2023-01-04 22:02:44.900872,CLO,2008897.jpg,2008897,2,0,NA
2009108_2,2023-01-04 22:02:44.228880,CLO,2009108.jpg,2009108,2,0,NA
2009167_2,2023-01-04 22:02:43.275607,CLO,2009167.jpg,2009167,2,0,NA
2009397_2,2023-01-04 22:02:42.478637,CLO,2009397.jpg,2009397,2,0,NA
2009403_2,2023-01-04 22:02:41.056558,CLO,2009403.jpg,2009403,2,0,NA
2009671_2,2023-01-04 22:02:40.025167,CLO,2009671.jpg,2009671,2,0,NA
2009679_2,2023-01-04 22:02:39.275040,BEAUTY,2009679.jpg,2009679,2,0,NA
2009696_2,2023-01-04 22:02:38.634332,CLO,2009696.jpg,2009696,2,0,NA
2009771_2,2023-01-04 22:02:36.337126,CLO,2009771.jpg,2009771,2,0,NA
2010060_2,2023-01-04 22:02:33.805507,CLO,2010060.jpg,2010060,2,0,NA
2010331_2,2023-01-04 22:02:31.101986,CLO,2010331.jpg,2010331,2,0,NA
2010415_2,2023-01-04 22:02:28.601628,CLO,2010415.jpg,2010415,2,0,NA
2010843_2,2023-01-04 22:02:25.273035,CLO,2010843.jpg,2010843,2,0,NA
2010885_2,2023-01-04 22:02:24.538547,CLO,2010885.jpg,2010885,2,0,NA
2010890_2,2023-01-04 22:02:23.835330,CLO,2010890.jpg,2010890,2,0,NA
2011214_2,2023-01-04 22:02:23.132107,ACC,2011214.jpg,2011214,2,0,NA
2011405_2,2023-01-04 22:02:22.397615,CLO,2011405.jpg,2011405,2,0,NA
2011410_2,2023-01-04 22:02:21.100558,CLO,2011410.jpg,2011410,2,0,NA
2011639_2,2023-01-04 22:02:18.193909,CLO,2011639.jpg,2011639,2,0,NA
2008767_2,2023-01-04 22:02:15.974829,CLO,2008767.jpg,2008767,2,0,NA
2100594_2,2023-01-04 22:02:14.255821,CLO,2100594.jpg,2100594,2,0,NA
2011795_2,2023-01-04 22:02:11.192911,CLO,2011795.jpg,2011795,2,0,NA
2011824_2,2023-01-04 22:02:05.895263,CLO,2011824.jpg,2011824,2,0,NA
2011825_2,2023-01-04 22:02:03.160485,CLO,2011825.jpg,2011825,2,0,NA
2012046_2,2023-01-04 22:02:01.754035,CLO,2012046.jpg,2012046,2,0,NA
2012049_2,2023-01-04 22:01:59.628759,CLO,2012049.jpg,2012049,2,0,NA
2012081_2,2023-01-04 22:01:57.159641,CLO,2012081.jpg,2012081,2,0,NA
2012197_2,2023-01-04 22:01:54.831179,CLO,2012197.jpg,2012197,2,0,NA
2012082_2,2023-01-04 22:01:53.362203,CLO,2012082.jpg,2012082,2,0,NA
2012202_2,2023-01-04 22:01:49.127219,CLO,2012202.jpg,2012202,2,0,NA
2012371_2,2023-01-04 22:01:48.439614,ACC,2012371.jpg,2012371,2,0,NA
2012368_2,2023-01-04 22:01:47.564500,ACC,2012368.jpg,2012368,2,0,NA
2012374_2,2023-01-04 22:01:45.548580,ACC,2012374.jpg,2012374,2,0,NA
2012525_2,2023-01-04 22:01:40.485354,CLO,2012525.jpg,2012525,2,0,NA
2012383_2,2023-01-04 22:01:39.813383,ACC,2012383.jpg,2012383,2,0,NA
2012526_2,2023-01-04 22:01:36.953723,CLO,2012526.jpg,2012526,2,0,NA
2012568_2,2023-01-04 22:01:34.203217,CLO,2012568.jpg,2012568,2,0,NA
2012569_2,2023-01-04 22:01:29.936990,CLO,2012569.jpg,2012569,2,0,NA
2012581_2,2023-01-04 22:01:29.077519,CLO,2012581.jpg,2012581,2,0,NA
2012605_2,2023-01-04 22:01:28.311726,CLO,2012605.jpg,2012605,2,0,NA
2012775_2,2023-01-04 22:01:22.451537,CLO,2012775.jpg,2012775,2,0,NA
2012781_2,2023-01-04 22:01:17.763345,CLO,2012781.jpg,2012781,2,0,NA
2012785_2,2023-01-04 22:01:16.622556,CLO,2012785.jpg,2012785,2,0,NA
2012796_2,2023-01-04 22:01:15.981874,ACC,2012796.jpg,2012796,2,0,NA
2012789_2,2023-01-04 22:01:15.341125,ACC,2012789.jpg,2012789,2,0,NA
2012803_2,2023-01-04 22:01:14.387862,ACC,2012803.jpg,2012803,2,0,NA
2012814_2,2023-01-04 22:01:12.262563,CLO,2012814.jpg,2012814,2,0,NA
2012829_2,2023-01-04 22:01:11.262425,ACC,2012829.jpg,2012829,2,0,NA
2012825_2,2023-01-04 22:01:10.590443,ACC,2012825.jpg,2012825,2,0,NA
2012830_2,2023-01-04 22:01:09.871590,ACC,2012830.jpg,2012830,2,0,NA
2012898_2,2023-01-04 22:01:07.746300,CLO,2012898.jpg,2012898,2,0,NA
2012921_2,2023-01-04 22:01:04.949029,CLO,2012921.jpg,2012921,2,0,NA
2012958_2,2023-01-04 22:01:02.558046,CLO,2012958.jpg,2012958,2,0,NA
2012960_2,2023-01-04 22:01:00.370261,CLO,2012960.jpg,2012960,2,0,NA
2012976_2,2023-01-04 22:00:56.244634,CLO,2012976.jpg,2012976,2,0,NA
2012996_2,2023-01-04 22:00:53.775560,CLO,2012996.jpg,2012996,2,0,NA
2013042_2,2023-01-04 22:00:50.525094,CLO,2013042.jpg,2013042,2,0,NA
2013053_2,2023-01-04 22:00:47.071483,CLO,2013053.jpg,2013053,2,0,NA
2013055_2,2023-01-04 22:00:43.399079,CLO,2013055.jpg,2013055,2,0,NA
2013057_2,2023-01-04 22:00:39.523530,CLO,2013057.jpg,2013057,2,0,NA
2013058_2,2023-01-04 22:00:37.335683,CLO,2013058.jpg,2013058,2,0,NA
2013072_2,2023-01-04 22:00:34.694687,CLO,2013072.jpg,2013072,2,0,NA
2013092_2,2023-01-04 22:00:30.365941,CLO,2013092.jpg,2013092,2,0,NA
2013108_2,2023-01-04 22:00:27.662416,CLO,2013108.jpg,2013108,2,0,NA
2100446_2,2023-01-04 22:00:26.865426,CLO,2100446.jpg,2100446,2,0,NA
2013113_2,2023-01-04 22:00:26.334101,CLO,2013113.jpg,2013113,2,0,NA
2013114_2,2023-01-04 22:00:24.599491,CLO,2013114.jpg,2013114,2,0,NA
2013115_2,2023-01-04 22:00:20.677049,CLO,2013115.jpg,2013115,2,0,NA
2013119_2,2023-01-04 22:00:16.207648,CLO,2013119.jpg,2013119,2,0,NA
2013385_2,2023-01-04 22:00:13.410367,CLO,2013385.jpg,2013385,2,0,NA
2013450_2,2023-01-04 22:00:11.081919,CLO,2013450.jpg,2013450,2,0,NA
2013451_2,2023-01-04 22:00:09.909887,CLO,2013451.jpg,2013451,2,0,NA
2013653_2,2023-01-04 22:00:06.612542,CLO,2013653.jpg,2013653,2,0,NA
2013663_2,2023-01-04 22:00:02.830756,CLO,2013663.jpg,2013663,2,0,NA
2013672_2,2023-01-04 22:00:01.908742,CLO,2013672.jpg,2013672,2,0,NA
2013673_2,2023-01-04 21:59:58.877043,CLO,2013673.jpg,2013673,2,0,NA
2013872_2,2023-01-04 21:59:52.688656,CLO,2013872.jpg,2013872,2,0,NA
2014040_2,2023-01-04 21:59:51.172835,CLO,2014040.jpg,2014040,2,0,NA
2014041_2,2023-01-04 21:59:48.141140,CLO,2014041.jpg,2014041,2,0,NA
2014044_2,2023-01-04 21:59:45.781436,CLO,2014044.jpg,2014044,2,0,NA
2014052_2,2023-01-04 21:59:42.765392,CLO,2014052.jpg,2014052,2,0,NA
2014277_2,2023-01-04 21:59:37.545856,CLO,2014277.jpg,2014277,2,0,NA
2014280_2,2023-01-04 21:59:35.076754,CLO,2014280.jpg,2014280,2,0,NA
2014470_2,2023-01-04 21:59:28.482070,CLO,2014470.jpg,2014470,2,0,NA
2006007_2,2023-01-04 21:59:26.012961,JEW,2006007.jpg,2006007,2,0,NA
2002978_2,2023-01-04 21:59:25.544163,JEW,2002978.jpg,2002978,2,0,NA
1908187_1,2023-01-04 21:59:23.028185,CLO,1908187.jpg,1908187,1,0,NA
1908205_1,2023-01-04 21:59:20.668459,CLO,1908205.jpg,1908205,1,0,NA
1908220_1,2023-01-04 21:59:18.808793,CLO,1908220.jpg,1908220,1,0,NA
1908221_1,2023-01-04 21:59:12.807941,CLO,1908221.jpg,1908221,1,0,NA
1908224_1,2023-01-04 21:59:10.354458,ACC,1908224.jpg,1908224,1,0,NA
2005972_2,2023-01-04 21:59:07.557189,CLO,2005972.jpg,2005972,2,0,NA
2005985_2,2023-01-04 21:59:02.650228,CLO,2005985.jpg,2005985,2,0,NA
2006037_2,2023-01-04 21:58:58.899702,CLO,2006037.jpg,2006037,2,0,NA
2006843_2,2023-01-04 21:58:54.961646,CLO,2006843.jpg,2006843,2,0,NA
2007263_2,2023-01-04 21:58:50.601600,CLO,2007263.jpg,2007263,2,0,NA
2007344_2,2023-01-04 21:58:45.725877,CLO,2007344.jpg,2007344,2,0,NA
2007496_2,2023-01-04 21:58:43.006711,CLO,2007496.jpg,2007496,2,0,NA
2007536_2,2023-01-04 21:58:42.053493,ACC,2007536.jpg,2007536,2,0,NA
2007538_2,2023-01-04 21:58:41.006430,ACC,2007538.jpg,2007538,2,0,NA
2007539_2,2023-01-04 21:58:39.865616,ACC,2007539.jpg,2007539,2,0,NA
2007540_2,2023-01-04 21:58:38.912355,ACC,2007540.jpg,2007540,2,0,NA
2007543_2,2023-01-04 21:58:37.115493,ACC,2007543.jpg,2007543,2,0,NA
2007549_2,2023-01-04 21:58:35.896744,ACC,2007549.jpg,2007549,2,0,NA
2007562_2,2023-01-04 21:58:34.787373,ACC,2007562.jpg,2007562,2,0,NA
2007574_2,2023-01-04 21:58:32.428001,CLO,2007574.jpg,2007574,2,0,NA
2007591_2,2023-01-04 21:58:31.209259,ACC,2007591.jpg,2007591,2,0,NA
2007593_2,2023-01-04 21:58:30.334262,ACC,2007593.jpg,2007593,2,0,NA
2007595_2,2023-01-04 21:58:28.912389,ACC,2007595.jpg,2007595,2,0,NA
2007607_2,2023-01-04 21:58:27.240533,ACC,2007607.jpg,2007607,2,0,NA
2007608_2,2023-01-04 21:58:26.006168,ACC,2007608.jpg,2007608,2,0,NA
2007612_2,2023-01-04 21:58:23.881172,ACC,2007612.jpg,2007612,2,0,NA
2007845_2,2023-01-04 21:58:22.396811,CLO,2007845.jpg,2007845,2,0,NA
2007905_2,2023-01-04 21:58:18.693682,CLO,2007905.jpg,2007905,2,0,NA
2007908_2,2023-01-04 21:58:12.256201,CLO,2007908.jpg,2007908,2,0,NA
2008092_2,2023-01-04 21:58:08.693729,CLO,2008092.jpg,2008092,2,0,NA
1912688_1,2023-01-04 21:58:06.303112,JEW,1912688.jpg,1912688,1,0,NA
2008147_2,2023-01-04 21:58:05.678115,JEW,2008147.jpg,2008147,2,0,NA
2008309_2,2023-01-04 21:58:01.193806,CLO,2008309.jpg,2008309,2,0,NA
2008642_2,2023-01-04 21:57:56.990649,CLO,2008642.jpg,2008642,2,0,NA
2008647_2,2023-01-04 21:57:55.334391,CLO,2008647.jpg,2008647,2,0,NA
2008714_2,2023-01-04 21:57:53.834399,ACC,2008714.jpg,2008714,2,0,NA
2008879_2,2023-01-04 21:57:51.428159,CLO,2008879.jpg,2008879,2,0,NA
2008880_2,2023-01-04 21:57:47.693799,CLO,2008880.jpg,2008880,2,0,NA
2008905_2,2023-01-04 21:57:44.959435,CLO,2008905.jpg,2008905,2,0,NA
2008967_2,2023-01-04 21:57:42.068823,CLO,2008967.jpg,2008967,2,0,NA
2009135_2,2023-01-04 21:57:38.209563,CLO,2009135.jpg,2009135,2,0,NA
2009299_2,2023-01-04 21:57:34.303230,CLO,2009299.jpg,2009299,2,0,NA
2009323_2,2023-01-04 21:57:31.209504,CLO,2009323.jpg,2009323,2,0,NA
2009328_2,2023-01-04 21:57:28.147020,CLO,2009328.jpg,2009328,2,0,NA
2009498_2,2023-01-04 21:57:25.053286,CLO,2009498.jpg,2009498,2,0,NA
2009362_2,2023-01-04 21:57:24.287656,BEAUTY,2009362.jpg,2009362,2,0,NA
2009568_2,2023-01-04 21:57:23.647036,BEAUTY,2009568.jpg,2009568,2,0,NA
2009643_2,2023-01-04 21:57:23.006407,BEAUTY,2009643.jpg,2009643,2,0,NA
2009818_2,2023-01-04 21:57:19.881408,CLO,2009818.jpg,2009818,2,0,NA
2009819_2,2023-01-04 21:57:18.365779,CLO,2009819.jpg,2009819,2,0,NA
2010236_2,2023-01-04 21:57:17.522039,CLO,2010236.jpg,2010236,2,0,NA
2010245_2,2023-01-04 21:57:16.818923,CLO,2010245.jpg,2010245,2,0,NA
2010321_2,2023-01-04 21:57:14.787695,CLO,2010321.jpg,2010321,2,0,NA
2010329_2,2023-01-04 21:57:11.522063,CLO,2010329.jpg,2010329,2,0,NA
2010371_2,2023-01-04 21:57:09.084570,CLO,2010371.jpg,2010371,2,0,NA
2010390_2,2023-01-04 21:57:06.772095,CLO,2010390.jpg,2010390,2,0,NA
2010464_2,2023-01-04 21:57:02.693971,CLO,2010464.jpg,2010464,2,0,NA
2010469_2,2023-01-04 21:57:01.600239,CLO,2010469.jpg,2010469,2,0,NA
2010470_2,2023-01-04 21:56:59.209606,CLO,2010470.jpg,2010470,2,0,NA
2010485_2,2023-01-04 21:56:54.631519,CLO,2010485.jpg,2010485,2,0,NA
2010501_2,2023-01-04 21:56:49.740911,CLO,2010501.jpg,2010501,2,0,NA
2010514_2,2023-01-04 21:56:44.787897,CLO,2010514.jpg,2010514,2,0,NA
2010802_2,2023-01-04 21:56:44.037798,JEW,2010802.jpg,2010802,2,0,NA
2006675_2,2023-01-04 21:56:43.662787,JEW,2006675.jpg,2006675,2,0,NA
2010968_2,2023-01-04 21:56:38.975315,CLO,2010968.jpg,2010968,2,0,NA
2011266_2,2023-01-04 21:56:37.147201,CLO,2011266.jpg,2011266,2,0,NA
2011304_2,2023-01-04 21:56:33.631577,CLO,2011304.jpg,2011304,2,0,NA
2011305_2,2023-01-04 21:56:32.022215,CLO,2011305.jpg,2011305,2,0,NA
2011307_2,2023-01-04 21:56:29.772218,CLO,2011307.jpg,2011307,2,0,NA
2011328_2,2023-01-04 21:56:27.631606,CLO,2011328.jpg,2011328,2,0,NA
2011375_2,2023-01-04 21:56:21.740999,CLO,2011375.jpg,2011375,2,0,NA
2011430_2,2023-01-04 21:56:17.647301,CLO,2011430.jpg,2011430,2,0,NA
2011451_2,2023-01-04 21:56:15.678527,CLO,2011451.jpg,2011451,2,0,NA
2011457_2,2023-01-04 21:56:12.600444,CLO,2011457.jpg,2011457,2,0,NA
2011897_2,2023-01-04 21:56:06.131697,CLO,2011897.jpg,2011897,2,0,NA
2011903_2,2023-01-04 21:56:03.850454,CLO,2011903.jpg,2011903,2,0,NA
2011904_2,2023-01-04 21:56:01.678578,CLO,2011904.jpg,2011904,2,0,NA
2012127_2,2023-01-04 21:55:59.054072,CLO,2012127.jpg,2012127,2,0,NA
2012143_2,2023-01-04 21:55:57.350476,CLO,2012143.jpg,2012143,2,0,NA
2012175_2,2023-01-04 21:55:53.022355,CLO,2012175.jpg,2012175,2,0,NA
2012177_2,2023-01-04 21:55:52.366111,CLO,2012177.jpg,2012177,2,0,NA
2012522_2,2023-01-04 21:55:51.709871,BEAUTY,2012522.jpg,2012522,2,0,NA
2012523_2,2023-01-04 21:55:51.053625,BEAUTY,2012523.jpg,2012523,2,0,NA
2002671_2,2023-01-04 21:55:50.444257,ACC,2002671.jpg,2002671,2,0,NA
1900557_1,2023-01-04 21:55:49.803621,ACC,1900557.jpg,1900557,1,0,NA
2011212_2,2023-01-04 21:55:49.147377,ACC,2011212.jpg,2011212,2,0,NA
2011213_2,2023-01-04 21:55:48.444294,ACC,2011213.jpg,2011213,2,0,NA
2011217_2,2023-01-04 21:55:47.725519,ACC,2011217.jpg,2011217,2,0,NA
2011218_2,2023-01-04 21:55:46.975511,ACC,2011218.jpg,2011218,2,0,NA
2011219_2,2023-01-04 21:55:46.334883,ACC,2011219.jpg,2011219,2,0,NA
2011221_2,2023-01-04 21:55:45.725828,ACC,2011221.jpg,2011221,2,0,NA
2011222_2,2023-01-04 21:55:44.819266,ACC,2011222.jpg,2011222,2,0,NA
2011223_2,2023-01-04 21:55:43.194277,ACC,2011223.jpg,2011223,2,0,NA
2011225_2,2023-01-04 21:55:42.194304,ACC,2011225.jpg,2011225,2,0,NA
2011230_2,2023-01-04 21:55:40.647406,ACC,2011230.jpg,2011230,2,0,NA
2011749_2,2023-01-04 21:55:39.303669,CLO,2011749.jpg,2011749,2,0,NA
2011790_2,2023-01-04 21:55:37.178691,CLO,2011790.jpg,2011790,2,0,NA
2011845_2,2023-01-04 21:55:35.069304,CLO,2011845.jpg,2011845,2,0,NA
2011881_2,2023-01-04 21:55:32.631824,CLO,2011881.jpg,2011881,2,0,NA
2011935_2,2023-01-04 21:55:30.084960,CLO,2011935.jpg,2011935,2,0,NA
2011958_2,2023-01-04 21:55:27.428719,CLO,2011958.jpg,2011958,2,0,NA
2012055_2,2023-01-04 21:55:26.147463,CLO,2012055.jpg,2012055,2,0,NA
2012058_2,2023-01-04 21:55:23.584972,CLO,2012058.jpg,2012058,2,0,NA
2012060_2,2023-01-04 21:55:13.678762,CLO,2012060.jpg,2012060,2,0,NA
2012061_2,2023-01-04 21:55:11.194400,CLO,2012061.jpg,2012061,2,0,NA
2012066_2,2023-01-04 21:55:08.694405,CLO,2012066.jpg,2012066,2,0,NA
2012084_2,2023-01-04 21:55:06.866294,CLO,2012084.jpg,2012084,2,0,NA
2012287_2,2023-01-04 21:55:06.006918,CLO,2012287.jpg,2012287,2,0,NA
2012335_2,2023-01-04 21:55:00.553818,CLO,2012335.jpg,2012335,2,0,NA
2012337_2,2023-01-04 21:54:59.741311,CLO,2012337.jpg,2012337,2,0,NA
2012530_2,2023-01-04 21:54:55.710086,CLO,2012530.jpg,2012530,2,0,NA
2012587_2,2023-01-04 21:54:54.350714,CLO,2012587.jpg,2012587,2,0,NA
2012594_2,2023-01-04 21:54:51.085105,CLO,2012594.jpg,2012594,2,0,NA
2012597_2,2023-01-04 21:54:48.913344,CLO,2012597.jpg,2012597,2,0,NA
2012761_2,2023-01-04 21:54:44.168360,CLO,2012761.jpg,2012761,2,0,NA
2012812_2,2023-01-04 21:54:42.616491,CLO,2012812.jpg,2012812,2,0,NA
2012820_2,2023-01-04 21:54:41.194537,CLO,2012820.jpg,2012820,2,0,NA
2012876_2,2023-01-04 21:54:36.147699,CLO,2012876.jpg,2012876,2,0,NA
2012961_2,2023-01-04 21:54:33.803921,CLO,2012961.jpg,2012961,2,0,NA
2012963_2,2023-01-04 21:54:32.475832,CLO,2012963.jpg,2012963,2,0,NA
2013077_2,2023-01-04 21:54:31.507075,CLO,2013077.jpg,2013077,2,0,NA
2013098_2,2023-01-04 21:54:27.725825,CLO,2013098.jpg,2013098,2,0,NA
2013161_2,2023-01-04 21:54:26.913347,CLO,2013161.jpg,2013161,2,0,NA
2013162_2,2023-01-04 21:54:26.116461,CLO,2013162.jpg,2013162,2,0,NA
2013453_2,2023-01-04 21:54:22.897728,CLO,2013453.jpg,2013453,2,0,NA
2011126_2,2023-01-04 21:54:22.288336,JEW,2011126.jpg,2011126,2,0,NA
2013559_2,2023-01-04 21:54:21.007104,JEW,2013559.jpg,2013559,2,0,NA
2013667_2,2023-01-04 21:54:17.772732,CLO,2013667.jpg,2013667,2,0,NA
2013669_2,2023-01-04 21:54:11.475926,CLO,2013669.jpg,2013669,2,0,NA
2013928_2,2023-01-04 21:54:08.929043,CLO,2013928.jpg,2013928,2,0,NA
2014297_2,2023-01-04 21:54:06.710293,CLO,2014297.jpg,2014297,2,0,NA
2014307_2,2023-01-04 21:54:03.632196,CLO,2014307.jpg,2014307,2,0,NA
2014327_2,2023-01-04 21:53:58.991586,CLO,2014327.jpg,2014327,2,0,NA
2014339_2,2023-01-04 21:53:56.194700,CLO,2014339.jpg,2014339,2,0,NA
2014342_2,2023-01-04 21:53:52.835335,CLO,2014342.jpg,2014342,2,0,NA
2014642_2,2023-01-04 21:53:48.679091,CLO,2014642.jpg,2014642,2,0,NA
2014658_2,2023-01-04 21:53:43.101126,CLO,2014658.jpg,2014658,2,0,NA
2014663_2,2023-01-04 21:53:41.694772,CLO,2014663.jpg,2014663,2,0,NA
2014666_2,2023-01-04 21:53:40.929129,CLO,2014666.jpg,2014666,2,0,NA
2014667_2,2023-01-04 21:53:34.960403,CLO,2014667.jpg,2014667,2,0,NA
2014668_2,2023-01-04 21:53:32.163972,CLO,2014668.jpg,2014668,2,0,NA
2014669_2,2023-01-04 21:53:28.538570,CLO,2014669.jpg,2014669,2,0,NA
1913142_1,2023-01-04 21:53:26.351044,CLO,1913142.jpg,1913142,1,0,NA
2000069_2,2023-01-04 21:53:24.960429,CLO,2000069.jpg,2000069,2,0,NA
2000230_2,2023-01-04 21:53:19.444829,CLO,2000230.jpg,2000230,2,0,NA
2000234_2,2023-01-04 21:53:17.069977,CLO,2000234.jpg,2000234,2,0,NA
2000239_2,2023-01-04 21:53:12.804247,CLO,2000239.jpg,2000239,2,0,NA
2000907_2,2023-01-04 21:53:09.538630,CLO,2000907.jpg,2000907,2,0,NA
2001232_2,2023-01-04 21:53:04.210526,CLO,2001232.jpg,2001232,2,0,NA
2001233_2,2023-01-04 21:53:01.585538,CLO,2001233.jpg,2001233,2,0,NA
2001296_2,2023-01-04 21:52:59.601188,CLO,2001296.jpg,2001296,2,0,NA
2001581_2,2023-01-04 21:52:56.444935,CLO,2001581.jpg,2001581,2,0,NA
2001615_2,2023-01-04 21:52:50.585582,CLO,2001615.jpg,2001615,2,0,NA
2001619_2,2023-01-04 21:52:42.523099,CLO,2001619.jpg,2001619,2,0,NA
2001626_2,2023-01-04 21:52:41.866917,CLO,2001626.jpg,2001626,2,0,NA
2001627_2,2023-01-04 21:52:38.148117,CLO,2001627.jpg,2001627,2,0,NA
2001629_2,2023-01-04 21:52:35.413782,CLO,2001629.jpg,2001629,2,0,NA
2001687_2,2023-01-04 21:52:32.241898,CLO,2001687.jpg,2001687,2,0,NA
2001688_2,2023-01-04 21:52:29.179656,CLO,2001688.jpg,2001688,2,0,NA
2001700_2,2023-01-04 21:52:28.273176,CLO,2001700.jpg,2001700,2,0,NA
2001701_2,2023-01-04 21:52:23.679467,CLO,2001701.jpg,2001701,2,0,NA
2001713_2,2023-01-04 21:52:20.585694,CLO,2001713.jpg,2001713,2,0,NA
2001884_2,2023-01-04 21:52:17.335696,CLO,2001884.jpg,2001884,2,0,NA
2002257_2,2023-01-04 21:52:16.413831,CLO,2002257.jpg,2002257,2,0,NA
2002911_2,2023-01-04 21:52:09.898223,CLO,2002911.jpg,2002911,2,0,NA
1909279_1,2023-01-04 21:52:07.335733,CLO,1909279.jpg,1909279,1,0,NA
1910402_1,2023-01-04 21:52:03.492004,CLO,1910402.jpg,1910402,1,0,NA
1910409_1,2023-01-04 21:51:58.320151,CLO,1910409.jpg,1910409,1,0,NA
1910697_1,2023-01-04 21:51:57.398267,CLO,1910697.jpg,1910697,1,0,NA
1911552_1,2023-01-04 21:51:53.882678,CLO,1911552.jpg,1911552,1,0,NA
1911979_1,2023-01-04 21:51:50.038957,CLO,1911979.jpg,1911979,1,0,NA
1911982_1,2023-01-04 21:51:45.663964,CLO,1911982.jpg,1911982,1,0,NA
1911996_1,2023-01-04 21:51:43.179955,CLO,1911996.jpg,1911996,1,0,NA
1912200_1,2023-01-04 21:51:41.617130,CLO,1912200.jpg,1912200,1,0,NA
1912940_1,2023-01-04 21:51:38.429618,CLO,1912940.jpg,1912940,1,0,NA
1912941_1,2023-01-04 21:51:34.164023,CLO,1912941.jpg,1912941,1,0,NA
1912942_1,2023-01-04 21:51:31.226509,CLO,1912942.jpg,1912942,1,0,NA
1912943_1,2023-01-04 21:51:29.148403,CLO,1912943.jpg,1912943,1,0,NA
1913015_1,2023-01-04 21:51:26.023399,CLO,1913015.jpg,1913015,1,0,NA
1913046_1,2023-01-04 21:51:22.132778,CLO,1913046.jpg,1913046,1,0,NA
1913047_1,2023-01-04 21:51:15.257821,CLO,1913047.jpg,1913047,1,0,NA
1913086_1,2023-01-04 21:51:10.710982,CLO,1913086.jpg,1913086,1,0,NA
1913087_1,2023-01-04 21:51:08.601595,CLO,1913087.jpg,1913087,1,0,NA
2002995_2,2023-01-04 21:51:03.007846,CLO,2002995.jpg,2002995,2,0,NA
2002997_2,2023-01-04 21:50:56.867263,CLO,2002997.jpg,2002997,2,0,NA
2003024_2,2023-01-04 21:50:52.257920,CLO,2003024.jpg,2003024,2,0,NA
2003036_2,2023-01-04 21:50:48.882920,CLO,2003036.jpg,2003036,2,0,NA
2003038_2,2023-01-04 21:50:45.539183,CLO,2003038.jpg,2003038,2,0,NA
1910129_1,2023-01-04 21:50:44.554811,CLO,1910129.jpg,1910129,1,0,NA
2003222_2,2023-01-04 21:50:44.086297,CLO,2003222.jpg,2003222,2,0,NA
2003223_2,2023-01-04 21:50:42.727012,CLO,2003223.jpg,2003223,2,0,NA
1911936_1,2023-01-04 21:50:42.289194,CLO,1911936.jpg,1911936,1,0,NA
2003434_2,2023-01-04 21:50:41.633104,CLO,2003434.jpg,2003434,2,0,NA
2003461_2,2023-01-04 21:50:40.977376,CLO,2003461.jpg,2003461,2,0,NA
2003470_2,2023-01-04 21:50:38.351715,CLO,2003470.jpg,2003470,2,0,NA
2003474_2,2023-01-04 21:50:35.853176,CLO,2003474.jpg,2003474,2,0,NA
2003475_2,2023-01-04 21:50:33.383001,CLO,2003475.jpg,2003475,2,0,NA
2003476_2,2023-01-04 21:50:30.898629,CLO,2003476.jpg,2003476,2,0,NA
2003479_2,2023-01-04 21:50:27.929874,CLO,2003479.jpg,2003479,2,0,NA
2003482_2,2023-01-04 21:50:27.242386,CLO,2003482.jpg,2003482,2,0,NA
2003522_2,2023-01-04 21:50:26.586133,CLO,2003522.jpg,2003522,2,0,NA
2003526_2,2023-01-04 21:50:25.930043,CLO,2003526.jpg,2003526,2,0,NA
2003790_2,2023-01-04 21:50:25.304876,CLO,2003790.jpg,2003790,2,0,NA
2003823_2,2023-01-04 21:50:22.695521,CLO,2003823.jpg,2003823,2,0,NA
2003829_2,2023-01-04 21:50:18.836176,CLO,2003829.jpg,2003829,2,0,NA
2003830_2,2023-01-04 21:50:16.304904,CLO,2003830.jpg,2003830,2,0,NA
2003831_2,2023-01-04 21:50:13.836179,CLO,2003831.jpg,2003831,2,0,NA
2003832_2,2023-01-04 21:50:11.476821,CLO,2003832.jpg,2003832,2,0,NA
2003845_2,2023-01-04 21:50:10.304942,CLO,2003845.jpg,2003845,2,0,NA
2004038_2,2023-01-04 21:50:09.523781,CLO,2004038.jpg,2004038,2,0,NA
2004041_2,2023-01-04 21:50:08.633067,CLO,2004041.jpg,2004041,2,0,NA
2004083_2,2023-01-04 21:50:07.101832,CLO,2004083.jpg,2004083,2,0,NA
2004098_2,2023-01-04 21:50:04.242450,CLO,2004098.jpg,2004098,2,0,NA
2004396_2,2023-01-04 21:50:00.398717,CLO,2004396.jpg,2004396,2,0,NA
2004401_2,2023-01-04 21:49:57.976853,CLO,2004401.jpg,2004401,2,0,NA
2004418_2,2023-01-04 21:49:53.976894,CLO,2004418.jpg,2004418,2,0,NA
2004846_2,2023-01-04 21:49:53.211308,CLO,2004846.jpg,2004846,2,0,NA
1609143_1,2023-01-04 21:49:51.539370,CLO,1609143.jpg,1609143,1,0,NA
2000047_2,2023-01-04 21:49:50.883126,CLO,2000047.jpg,2000047,2,0,NA
2001150_2,2023-01-04 21:49:50.226885,CLO,2001150.jpg,2001150,2,0,NA
2001297_2,2023-01-04 21:49:48.883309,CLO,2001297.jpg,2001297,2,0,NA
2002176_2,2023-01-04 21:49:45.461282,CLO,2002176.jpg,2002176,2,0,NA
2002955_2,2023-01-04 21:49:41.961658,CLO,2002955.jpg,2002955,2,0,NA
2002987_2,2023-01-04 21:49:38.586338,CLO,2002987.jpg,2002987,2,0,NA
2002989_2,2023-01-04 21:49:35.414437,CLO,2002989.jpg,2002989,2,0,NA
1805336_1,2023-01-04 21:49:34.523810,CLO,1805336.jpg,1805336,1,0,NA
1909281_1,2023-01-04 21:49:33.898818,CLO,1909281.jpg,1909281,1,0,NA
1909343_1,2023-01-04 21:49:33.101948,CLO,1909343.jpg,1909343,1,0,NA
1910400_1,2023-01-04 21:49:32.367597,CLO,1910400.jpg,1910400,1,0,NA
2000881_2,2023-01-04 21:49:31.648846,CLO,2000881.jpg,2000881,2,0,NA
2001208_2,2023-01-04 21:49:30.976989,CLO,2001208.jpg,2001208,2,0,NA
2001295_2,2023-01-04 21:49:28.351990,CLO,2001295.jpg,2001295,2,0,NA
2001300_2,2023-01-04 21:49:25.430109,CLO,2001300.jpg,2001300,2,0,NA
2001302_2,2023-01-04 21:49:23.023888,CLO,2001302.jpg,2001302,2,0,NA
2001303_2,2023-01-04 21:49:20.570753,CLO,2001303.jpg,2001303,2,0,NA
2001900_2,2023-01-04 21:49:18.258250,CLO,2001900.jpg,2001900,2,0,NA
2001901_2,2023-01-04 21:49:17.086426,CLO,2001901.jpg,2001901,2,0,NA
2002179_2,2023-01-04 21:49:16.336443,CLO,2002179.jpg,2002179,2,0,NA
2002990_2,2023-01-04 21:49:15.618653,CLO,2002990.jpg,2002990,2,0,NA
2003448_2,2023-01-04 21:49:12.398942,CLO,2003448.jpg,2003448,2,0,NA
2004040_2,2023-01-04 21:49:09.805171,CLO,2004040.jpg,2004040,2,0,NA
2004101_2,2023-01-04 21:49:06.977066,CLO,2004101.jpg,2004101,2,0,NA
2004103_2,2023-01-04 21:49:02.883312,CLO,2004103.jpg,2004103,2,0,NA
2004399_2,2023-01-04 21:49:02.258335,CLO,2004399.jpg,2004399,2,0,NA
2004460_2,2023-01-04 21:49:01.555211,CLO,2004460.jpg,2004460,2,0,NA
2004461_2,2023-01-04 21:49:00.836468,CLO,2004461.jpg,2004461,2,0,NA
2004777_2,2023-01-04 21:49:00.133337,CLO,2004777.jpg,2004777,2,0,NA
2005445_2,2023-01-04 21:48:59.117727,CLO,2005445.jpg,2005445,2,0,NA
2004835_2,2023-01-04 21:48:58.492722,CLO,2004835.jpg,2004835,2,0,NA
2004825_2,2023-01-04 21:48:57.805258,CLO,2004825.jpg,2004825,2,0,NA
2005830_2,2023-01-04 21:48:57.242734,CLO,2005830.jpg,2005830,2,0,NA
2005832_2,2023-01-04 21:48:55.023996,CLO,2005832.jpg,2005832,2,0,NA
2006708_2,2023-01-04 21:48:52.352115,CLO,2006708.jpg,2006708,2,0,NA
2006770_2,2023-01-04 21:48:49.711609,CLO,2006770.jpg,2006770,2,0,NA
2007622_2,2023-01-04 21:48:46.586529,CLO,2007622.jpg,2007622,2,0,NA
2007623_2,2023-01-04 21:48:44.305297,CLO,2007623.jpg,2007623,2,0,NA
2007624_2,2023-01-04 21:48:43.586528,CLO,2007624.jpg,2007624,2,0,NA
2007625_2,2023-01-04 21:48:42.289699,CLO,2007625.jpg,2007625,2,0,NA
2007626_2,2023-01-04 21:48:41.633415,CLO,2007626.jpg,2007626,2,0,NA
2007627_2,2023-01-04 21:48:40.524022,CLO,2007627.jpg,2007627,2,0,NA
2007657_2,2023-01-04 21:48:38.602177,CLO,2007657.jpg,2007657,2,0,NA
2007658_2,2023-01-04 21:48:35.774061,CLO,2007658.jpg,2007658,2,0,NA
2007659_2,2023-01-04 21:48:32.633445,CLO,2007659.jpg,2007659,2,0,NA
2007788_2,2023-01-04 21:48:30.227187,CLO,2007788.jpg,2007788,2,0,NA
2007789_2,2023-01-04 21:48:27.789695,CLO,2007789.jpg,2007789,2,0,NA
2007791_2,2023-01-04 21:48:26.805335,CLO,2007791.jpg,2007791,2,0,NA
2007793_2,2023-01-04 21:48:26.055393,CLO,2007793.jpg,2007793,2,0,NA
2007794_2,2023-01-04 21:48:24.664715,CLO,2007794.jpg,2007794,2,0,NA
2007795_2,2023-01-04 21:48:23.664738,CLO,2007795.jpg,2007795,2,0,NA
2007796_2,2023-01-04 21:48:22.867846,CLO,2007796.jpg,2007796,2,0,NA
2007856_2,2023-01-04 21:48:21.539724,BEAUTY,2007856.jpg,2007856,2,0,NA
2009361_2,2023-01-04 21:48:21.149108,BEAUTY,2009361.jpg,2009361,2,0,NA
2007858_2,2023-01-04 21:48:20.570991,BEAUTY,2007858.jpg,2007858,2,0,NA
2007873_2,2023-01-04 21:48:17.321018,CLO,2007873.jpg,2007873,2,0,NA
2002941_2,2023-01-04 21:48:14.742871,CLO,2002941.jpg,2002941,2,0,NA
2004293_2,2023-01-04 21:48:12.289761,CLO,2004293.jpg,2004293,2,0,NA
2004304_2,2023-01-04 21:48:09.742901,CLO,2004304.jpg,2004304,2,0,NA
2005383_2,2023-01-04 21:48:07.321041,CLO,2005383.jpg,2005383,2,0,NA
2005384_2,2023-01-04 21:48:06.727314,CLO,2005384.jpg,2005384,2,0,NA
2005385_2,2023-01-04 21:48:05.321044,CLO,2005385.jpg,2005385,2,0,NA
2005386_2,2023-01-04 21:48:04.039780,CLO,2005386.jpg,2005386,2,0,NA
2005444_2,2023-01-04 21:48:02.586664,CLO,2005444.jpg,2005444,2,0,NA
2005911_2,2023-01-04 21:48:01.852286,CLO,2005911.jpg,2005911,2,0,NA
2006017_2,2023-01-04 21:47:59.774172,CLO,2006017.jpg,2006017,2,0,NA
2006031_2,2023-01-04 21:47:56.680447,CLO,2006031.jpg,2006031,2,0,NA
2006427_2,2023-01-04 21:47:51.867954,CLO,2006427.jpg,2006427,2,0,NA
2006540_2,2023-01-04 21:47:50.899201,CLO,2006540.jpg,2006540,2,0,NA
2006562_2,2023-01-04 21:47:50.211707,CLO,2006562.jpg,2006562,2,0,NA
2006563_2,2023-01-04 21:47:49.539839,CLO,2006563.jpg,2006563,2,0,NA
2006769_2,2023-01-04 21:47:47.399244,CLO,2006769.jpg,2006769,2,0,NA
2007810_2,2023-01-04 21:47:44.946107,CLO,2007810.jpg,2007810,2,0,NA
2007886_2,2023-01-04 21:47:42.368002,CLO,2007886.jpg,2007886,2,0,NA
2007888_2,2023-01-04 21:47:39.368017,CLO,2007888.jpg,2007888,2,0,NA
2007890_2,2023-01-04 21:47:37.086776,CLO,2007890.jpg,2007890,2,0,NA
2008066_2,2023-01-04 21:47:34.758637,CLO,2008066.jpg,2008066,2,0,NA
2008067_2,2023-01-04 21:47:33.789897,CLO,2008067.jpg,2008067,2,0,NA
2008069_2,2023-01-04 21:47:33.086782,CLO,2008069.jpg,2008069,2,0,NA
2008071_2,2023-01-04 21:47:30.836789,CLO,2008071.jpg,2008071,2,0,NA
2008072_2,2023-01-04 21:47:28.539927,CLO,2008072.jpg,2008072,2,0,NA
2008074_2,2023-01-04 21:47:27.743053,CLO,2008074.jpg,2008074,2,0,NA
2008084_2,2023-01-04 21:47:26.024305,CLO,2008084.jpg,2008084,2,0,NA
2008263_2,2023-01-04 21:47:23.321609,CLO,2008263.jpg,2008263,2,0,NA
2008275_2,2023-01-04 21:47:21.165259,CLO,2008275.jpg,2008275,2,0,NA
2008278_2,2023-01-04 21:47:18.852493,CLO,2008278.jpg,2008278,2,0,NA
2008279_2,2023-01-04 21:47:16.430618,CLO,2008279.jpg,2008279,2,0,NA
2008280_2,2023-01-04 21:47:12.743151,CLO,2008280.jpg,2008280,2,0,NA
2008356_2,2023-01-04 21:47:10.180651,CLO,2008356.jpg,2008356,2,0,NA
2008359_2,2023-01-04 21:47:06.883771,CLO,2008359.jpg,2008359,2,0,NA
2008361_2,2023-01-04 21:47:02.618162,CLO,2008361.jpg,2008361,2,0,NA
2008366_2,2023-01-04 21:46:56.696334,CLO,2008366.jpg,2008366,2,0,NA
2008381_2,2023-01-04 21:46:53.946315,CLO,2008381.jpg,2008381,2,0,NA
2008383_2,2023-01-04 21:46:50.086972,CLO,2008383.jpg,2008383,2,0,NA
2008384_2,2023-01-04 21:46:46.149464,CLO,2008384.jpg,2008384,2,0,NA
2008618_2,2023-01-04 21:46:42.290094,CLO,2008618.jpg,2008618,2,0,NA
2008620_2,2023-01-04 21:46:39.383879,CLO,2008620.jpg,2008620,2,0,NA
2008621_2,2023-01-04 21:46:38.743253,CLO,2008621.jpg,2008621,2,0,NA
2008622_2,2023-01-04 21:46:38.009030,CLO,2008622.jpg,2008622,2,0,NA
2008626_2,2023-01-04 21:46:37.336990,CLO,2008626.jpg,2008626,2,0,NA
2008634_2,2023-01-04 21:46:36.665124,CLO,2008634.jpg,2008634,2,0,NA
2008637_2,2023-01-04 21:46:35.946375,CLO,2008637.jpg,2008637,2,0,NA
2008640_2,2023-01-04 21:46:33.883901,CLO,2008640.jpg,2008640,2,0,NA
2008652_2,2023-01-04 21:46:31.415241,CLO,2008652.jpg,2008652,2,0,NA
2008851_2,2023-01-04 21:46:28.852676,CLO,2008851.jpg,2008851,2,0,NA
2008852_2,2023-01-04 21:46:26.430806,CLO,2008852.jpg,2008852,2,0,NA
2008853_2,2023-01-04 21:46:23.868303,CLO,2008853.jpg,2008853,2,0,NA
2008861_2,2023-01-04 21:46:22.524583,CLO,2008861.jpg,2008861,2,0,NA
2009048_2,2023-01-04 21:46:21.805839,CLO,2009048.jpg,2009048,2,0,NA
2009197_2,2023-01-04 21:46:20.337121,CLO,2009197.jpg,2009197,2,0,NA
2009198_2,2023-01-04 21:46:19.571461,CLO,2009198.jpg,2009198,2,0,NA
2009199_2,2023-01-04 21:46:17.071464,CLO,2009199.jpg,2009199,2,0,NA
2009209_2,2023-01-04 21:46:13.993327,CLO,2009209.jpg,2009209,2,0,NA
2009219_2,2023-01-04 21:46:11.618340,CLO,2009219.jpg,2009219,2,0,NA
2009220_2,2023-01-04 21:46:09.243695,CLO,2009220.jpg,2009220,2,0,NA
2009221_2,2023-01-04 21:46:05.587138,CLO,2009221.jpg,2009221,2,0,NA
2009353_2,2023-01-04 21:46:04.899625,CLO,2009353.jpg,2009353,2,0,NA
2009354_2,2023-01-04 21:46:04.024629,CLO,2009354.jpg,2009354,2,0,NA
2009356_2,2023-01-04 21:46:03.337127,CLO,2009356.jpg,2009356,2,0,NA
2009357_2,2023-01-04 21:46:02.571499,CLO,2009357.jpg,2009357,2,0,NA
2009358_2,2023-01-04 21:46:01.930876,CLO,2009358.jpg,2009358,2,0,NA
2009421_2,2023-01-04 21:45:59.118417,CLO,2009421.jpg,2009421,2,0,NA
2009422_2,2023-01-04 21:45:56.665274,CLO,2009422.jpg,2009422,2,0,NA
2009432_2,2023-01-04 21:45:53.790290,CLO,2009432.jpg,2009432,2,0,NA
1910404_1,2023-01-04 21:45:51.212186,CLO,1910404.jpg,1910404,1,0,NA
2009550_2,2023-01-04 21:45:49.040317,CLO,2009550.jpg,2009550,2,0,NA
2013907_2,2023-01-04 21:45:47.915360,CLO,2013907.jpg,2013907,2,0,NA
2010313_2,2023-01-04 21:45:47.477831,CLO,2010313.jpg,2010313,2,0,NA
2011703_2,2023-01-04 21:45:46.821579,CLO,2011703.jpg,2011703,2,0,NA
2001301_2,2023-01-04 21:45:45.977829,CLO,2001301.jpg,2001301,2,0,NA
2002182_2,2023-01-04 21:45:45.212210,CLO,2002182.jpg,2002182,2,0,NA
2012554_2,2023-01-04 21:45:44.118448,CLO,2012554.jpg,2012554,2,0,NA
2005032_2,2023-01-04 21:45:41.712229,CLO,2005032.jpg,2005032,2,0,NA
2005420_2,2023-01-04 21:45:39.259105,CLO,2005420.jpg,2005420,2,0,NA
2005909_2,2023-01-04 21:45:36.837266,CLO,2005909.jpg,2005909,2,0,NA
2006321_2,2023-01-04 21:45:34.430990,CLO,2006321.jpg,2006321,2,0,NA
2006385_2,2023-01-04 21:45:32.181017,CLO,2006385.jpg,2006385,2,0,NA
2007872_2,2023-01-04 21:45:31.509130,CLO,2007872.jpg,2007872,2,0,NA
2007909_2,2023-01-04 21:45:30.852870,CLO,2007909.jpg,2007909,2,0,NA
2007910_2,2023-01-04 21:45:29.837410,CLO,2007910.jpg,2007910,2,0,NA
2008080_2,2023-01-04 21:45:29.149781,CLO,2008080.jpg,2008080,2,0,NA
2008081_2,2023-01-04 21:45:26.493521,CLO,2008081.jpg,2008081,2,0,NA
2008086_2,2023-01-04 21:45:23.962273,CLO,2008086.jpg,2008086,2,0,NA
2008271_2,2023-01-04 21:45:21.493547,CLO,2008271.jpg,2008271,2,0,NA
2008274_2,2023-01-04 21:45:18.962292,CLO,2008274.jpg,2008274,2,0,NA
2008362_2,2023-01-04 21:45:16.571673,CLO,2008362.jpg,2008362,2,0,NA
2008398_2,2023-01-04 21:45:16.009214,CLO,2008398.jpg,2008398,2,0,NA
2008400_2,2023-01-04 21:45:15.337310,CLO,2008400.jpg,2008400,2,0,NA
2008891_2,2023-01-04 21:45:12.274848,CLO,2008891.jpg,2008891,2,0,NA
2009191_2,2023-01-04 21:45:09.352963,CLO,2009191.jpg,2009191,2,0,NA
2009210_2,2023-01-04 21:45:06.962402,CLO,2009210.jpg,2009210,2,0,NA
2009350_2,2023-01-04 21:45:04.587359,CLO,2009350.jpg,2009350,2,0,NA
2009352_2,2023-01-04 21:45:02.212355,CLO,2009352.jpg,2009352,2,0,NA
2009366_2,2023-01-04 21:45:00.993611,CLO,2009366.jpg,2009366,2,0,NA
2009416_2,2023-01-04 21:44:59.946738,CLO,2009416.jpg,2009416,2,0,NA
2009430_2,2023-01-04 21:44:58.149887,CLO,2009430.jpg,2009430,2,0,NA
2009431_2,2023-01-04 21:44:57.009334,CLO,2009431.jpg,2009431,2,0,NA
2009540_2,2023-01-04 21:44:54.806129,CLO,2009540.jpg,2009540,2,0,NA
2009543_2,2023-01-04 21:44:52.384286,CLO,2009543.jpg,2009543,2,0,NA
2009654_2,2023-01-04 21:44:49.524903,CLO,2009654.jpg,2009654,2,0,NA
2009655_2,2023-01-04 21:44:46.634287,CLO,2009655.jpg,2009655,2,0,NA
2009656_2,2023-01-04 21:44:43.853047,CLO,2009656.jpg,2009656,2,0,NA
2009658_2,2023-01-04 21:44:39.056190,CLO,2009658.jpg,2009658,2,0,NA
2009663_2,2023-01-04 21:44:35.368728,CLO,2009663.jpg,2009663,2,0,NA
2009666_2,2023-01-04 21:44:32.587473,CLO,2009666.jpg,2009666,2,0,NA
2009670_2,2023-01-04 21:44:30.431250,CLO,2009670.jpg,2009670,2,0,NA
2009932_2,2023-01-04 21:44:28.415622,CLO,2009932.jpg,2009932,2,0,NA
2010160_2,2023-01-04 21:44:26.525020,CLO,2010160.jpg,2010160,2,0,NA
2010178_2,2023-01-04 21:44:24.321882,CLO,2010178.jpg,2010178,2,0,NA
2010188_2,2023-01-04 21:44:21.415642,CLO,2010188.jpg,2010188,2,0,NA
2010189_2,2023-01-04 21:44:18.321896,CLO,2010189.jpg,2010189,2,0,NA
2010191_2,2023-01-04 21:44:15.556277,CLO,2010191.jpg,2010191,2,0,NA
2010293_2,2023-01-04 21:44:09.384437,CLO,2010293.jpg,2010293,2,0,NA
2010335_2,2023-01-04 21:44:07.337584,CLO,2010335.jpg,2010335,2,0,NA
2010339_2,2023-01-04 21:44:06.071938,CLO,2010339.jpg,2010339,2,0,NA
2010340_2,2023-01-04 21:44:05.134459,CLO,2010340.jpg,2010340,2,0,NA
2010345_2,2023-01-04 21:44:03.790706,CLO,2010345.jpg,2010345,2,0,NA
2010946_2,2023-01-04 21:44:02.384481,CLO,2010946.jpg,2010946,2,0,NA
2010965_2,2023-01-04 21:44:00.525090,CLO,2010965.jpg,2010965,2,0,NA
2010999_2,2023-01-04 21:43:56.493863,CLO,2010999.jpg,2010999,2,0,NA
2011180_2,2023-01-04 21:43:50.400133,CLO,2011180.jpg,2011180,2,0,NA
2011182_2,2023-01-04 21:43:49.337659,CLO,2011182.jpg,2011182,2,0,NA
2011467_2,2023-01-04 21:43:44.400152,CLO,2011467.jpg,2011467,2,0,NA
2011700_2,2023-01-04 21:43:35.931439,CLO,2011700.jpg,2011700,2,0,NA
2011711_2,2023-01-04 21:43:30.697071,CLO,2011711.jpg,2011711,2,0,NA
2011712_2,2023-01-04 21:43:28.212713,CLO,2011712.jpg,2011712,2,0,NA
2012025_2,2023-01-04 21:43:27.040843,CLO,2012025.jpg,2012025,2,0,NA
2012026_2,2023-01-04 21:43:20.650247,CLO,2012026.jpg,2012026,2,0,NA
2012027_2,2023-01-04 21:43:17.978377,CLO,2012027.jpg,2012027,2,0,NA
1907740_1,2023-01-04 21:43:15.775276,JEW,1907740.jpg,1907740,1,0,NA
2005828_2,2023-01-04 21:43:13.025267,CLO,2005828.jpg,2005828,2,0,NA
1706768_1,2023-01-04 21:43:12.179274,ACC,1706768.jpg,1706768,1,0,NA
1706781_1,2023-01-04 21:43:11.540917,ACC,1706781.jpg,1706781,1,0,NA
1709031_1,2023-01-04 21:43:10.900291,ACC,1709031.jpg,1709031,1,0,NA
1709032_1,2023-01-04 21:43:10.244057,ACC,1709032.jpg,1709032,1,0,NA
1807643_1,2023-01-04 21:43:08.759710,CLO,1807643.jpg,1807643,1,0,NA
2002714_2,2023-01-04 21:43:06.166104,CLO,2002714.jpg,2002714,2,0,NA
2008599_2,2023-01-04 21:43:00.009792,CLO,2008599.jpg,2008599,2,0,NA
2008986_2,2023-01-04 21:42:56.650389,CLO,2008986.jpg,2008986,2,0,NA
2009272_2,2023-01-04 21:42:53.416114,CLO,2009272.jpg,2009272,2,0,NA
2009336_2,2023-01-04 21:42:49.931765,CLO,2009336.jpg,2009336,2,0,NA
2009532_2,2023-01-04 21:42:46.119155,CLO,2009532.jpg,2009532,2,0,NA
2010324_2,2023-01-04 21:42:42.322280,CLO,2010324.jpg,2010324,2,0,NA
2010353_2,2023-01-04 21:42:39.135001,CLO,2010353.jpg,2010353,2,0,NA
2010370_2,2023-01-04 21:42:36.228567,CLO,2010370.jpg,2010370,2,0,NA
2010558_2,2023-01-04 21:42:34.228653,CLO,2010558.jpg,2010558,2,0,NA
2010615_2,2023-01-04 21:42:30.994568,CLO,2010615.jpg,2010615,2,0,NA
2010958_2,2023-01-04 21:42:27.322753,CLO,2010958.jpg,2010958,2,0,NA
2010977_2,2023-01-04 21:42:24.791192,CLO,2010977.jpg,2010977,2,0,NA
2011309_2,2023-01-04 21:42:22.337980,CLO,2011309.jpg,2011309,2,0,NA
2011380_2,2023-01-04 21:42:19.556842,CLO,2011380.jpg,2011380,2,0,NA
2011503_2,2023-01-04 21:42:17.384887,CLO,2011503.jpg,2011503,2,0,NA
2011539_2,2023-01-04 21:42:16.791212,CLO,2011539.jpg,2011539,2,0,NA
2011715_2,2023-01-04 21:42:16.103657,CLO,2011715.jpg,2011715,2,0,NA
2011638_2,2023-01-04 21:42:15.275534,CLO,2011638.jpg,2011638,2,0,NA
2011649_2,2023-01-04 21:42:14.369270,CLO,2011649.jpg,2011649,2,0,NA
2011823_2,2023-01-04 21:42:12.353665,CLO,2011823.jpg,2011823,2,0,NA
2011828_2,2023-01-04 21:42:09.947625,CLO,2011828.jpg,2011828,2,0,NA
2011832_2,2023-01-04 21:42:07.400548,CLO,2011832.jpg,2011832,2,0,NA
2011842_2,2023-01-04 21:42:04.963053,CLO,2011842.jpg,2011842,2,0,NA
2011843_2,2023-01-04 21:42:02.431812,CLO,2011843.jpg,2011843,2,0,NA
2011844_2,2023-01-04 21:42:00.994473,CLO,2011844.jpg,2011844,2,0,NA
2011880_2,2023-01-04 21:41:59.478719,CLO,2011880.jpg,2011880,2,0,NA
2011885_2,2023-01-04 21:41:58.759964,CLO,2011885.jpg,2011885,2,0,NA
2011886_2,2023-01-04 21:41:57.853708,CLO,2011886.jpg,2011886,2,0,NA
2011888_2,2023-01-04 21:41:54.884995,CLO,2011888.jpg,2011888,2,0,NA
2011889_2,2023-01-04 21:41:51.791234,CLO,2011889.jpg,2011889,2,0,NA
2011913_2,2023-01-04 21:41:49.244345,CLO,2011913.jpg,2011913,2,0,NA
2011917_2,2023-01-04 21:41:46.447482,CLO,2011917.jpg,2011917,2,0,NA
2011919_2,2023-01-04 21:41:44.134999,CLO,2011919.jpg,2011919,2,0,NA
2011921_2,2023-01-04 21:41:42.681899,CLO,2011921.jpg,2011921,2,0,NA
2011929_2,2023-01-04 21:41:41.431877,CLO,2011929.jpg,2011929,2,0,NA
2011966_2,2023-01-04 21:41:40.619376,CLO,2011966.jpg,2011966,2,0,NA
2011979_2,2023-01-04 21:41:39.853804,CLO,2011979.jpg,2011979,2,0,NA
2012012_2,2023-01-04 21:41:37.478769,CLO,2012012.jpg,2012012,2,0,NA
2011980_2,2023-01-04 21:41:35.088156,CLO,2011980.jpg,2011980,2,0,NA
2012053_2,2023-01-04 21:41:32.635183,CLO,2012053.jpg,2012053,2,0,NA
2012070_2,2023-01-04 21:41:30.166421,CLO,2012070.jpg,2012070,2,0,NA
2012129_2,2023-01-04 21:41:26.853824,CLO,2012129.jpg,2012129,2,0,NA
2012130_2,2023-01-04 21:41:26.260064,CLO,2012130.jpg,2012130,2,0,NA
2012131_2,2023-01-04 21:41:25.525707,CLO,2012131.jpg,2012131,2,0,NA
2012132_2,2023-01-04 21:41:24.838615,CLO,2012132.jpg,2012132,2,0,NA
2012133_2,2023-01-04 21:41:24.150774,CLO,2012133.jpg,2012133,2,0,NA
2012140_2,2023-01-04 21:41:23.338618,CLO,2012140.jpg,2012140,2,0,NA
2012155_2,2023-01-04 21:41:21.525706,CLO,2012155.jpg,2012155,2,0,NA
2012160_2,2023-01-04 21:41:19.025722,CLO,2012160.jpg,2012160,2,0,NA
2012163_2,2023-01-04 21:41:16.478873,CLO,2012163.jpg,2012163,2,0,NA
2012172_2,2023-01-04 21:41:13.853909,CLO,2012172.jpg,2012172,2,0,NA
2012204_2,2023-01-04 21:41:11.213236,CLO,2012204.jpg,2012204,2,0,NA
2012205_2,2023-01-04 21:41:09.885146,CLO,2012205.jpg,2012205,2,0,NA
2012206_2,2023-01-04 21:41:09.041500,CLO,2012206.jpg,2012206,2,0,NA
2012324_2,2023-01-04 21:41:08.400771,CLO,2012324.jpg,2012324,2,0,NA
2012325_2,2023-01-04 21:41:07.166430,CLO,2012325.jpg,2012325,2,0,NA
2012330_2,2023-01-04 21:41:05.088285,CLO,2012330.jpg,2012330,2,0,NA
2012849_2,2023-01-04 21:41:02.635157,CLO,2012849.jpg,2012849,2,0,NA
2011001_2,2023-01-04 21:40:59.994527,CLO,2011001.jpg,2011001,2,0,NA
2002129_2,2023-01-04 21:40:57.541468,CLO,2002129.jpg,2002129,2,0,NA
2005973_2,2023-01-04 21:40:55.010204,CLO,2005973.jpg,2005973,2,0,NA
2007287_2,2023-01-04 21:40:53.557052,CLO,2007287.jpg,2007287,2,0,NA
2007552_2,2023-01-04 21:40:52.447686,CLO,2007552.jpg,2007552,2,0,NA
2008107_2,2023-01-04 21:40:51.682066,CLO,2008107.jpg,2008107,2,0,NA
2008117_2,2023-01-04 21:40:50.963356,CLO,2008117.jpg,2008117,2,0,NA
2008801_2,2023-01-04 21:40:48.275835,CLO,2008801.jpg,2008801,2,0,NA
2008958_2,2023-01-04 21:40:45.791464,CLO,2008958.jpg,2008958,2,0,NA
2009030_2,2023-01-04 21:40:43.353981,CLO,2009030.jpg,2009030,2,0,NA
2009074_2,2023-01-04 21:40:40.822773,CLO,2009074.jpg,2009074,2,0,NA
2009237_2,2023-01-04 21:40:38.354132,CLO,2009237.jpg,2009237,2,0,NA
2009395_2,2023-01-04 21:40:37.166807,CLO,2009395.jpg,2009395,2,0,NA
2009567_2,2023-01-04 21:40:35.572744,CLO,2009567.jpg,2009567,2,0,NA
2010475_2,2023-01-04 21:40:34.947752,CLO,2010475.jpg,2010475,2,0,NA
2010619_2,2023-01-04 21:40:32.400910,CLO,2010619.jpg,2010619,2,0,NA
2010640_2,2023-01-04 21:40:29.744753,CLO,2010640.jpg,2010640,2,0,NA
2010787_2,2023-01-04 21:40:27.291639,CLO,2010787.jpg,2010787,2,0,NA
2010847_2,2023-01-04 21:40:22.291574,CLO,2010847.jpg,2010847,2,0,NA
2011006_2,2023-01-04 21:40:21.666672,CLO,2011006.jpg,2011006,2,0,NA
2011788_2,2023-01-04 21:40:20.900962,CLO,2011788.jpg,2011788,2,0,NA
2011847_2,2023-01-04 21:40:20.166604,CLO,2011847.jpg,2011847,2,0,NA
2011873_2,2023-01-04 21:40:19.494722,CLO,2011873.jpg,2011873,2,0,NA
2011874_2,2023-01-04 21:40:18.760413,CLO,2011874.jpg,2011874,2,0,NA
2012000_2,2023-01-04 21:40:18.057209,CLO,2012000.jpg,2012000,2,0,NA
2012020_2,2023-01-04 21:40:17.416570,CLO,2012020.jpg,2012020,2,0,NA
2012054_2,2023-01-04 21:40:15.025951,CLO,2012054.jpg,2012054,2,0,NA
2012098_2,2023-01-04 21:40:12.479093,CLO,2012098.jpg,2012098,2,0,NA
2012099_2,2023-01-04 21:40:10.010354,CLO,2012099.jpg,2012099,2,0,NA
2012309_2,2023-01-04 21:40:07.494736,CLO,2012309.jpg,2012309,2,0,NA
2012567_2,2023-01-04 21:40:05.150997,CLO,2012567.jpg,2012567,2,0,NA
2012928_2,2023-01-04 21:40:04.369741,CLO,2012928.jpg,2012928,2,0,NA
2012953_2,2023-01-04 21:40:02.713502,CLO,2012953.jpg,2012953,2,0,NA
2012955_2,2023-01-04 21:39:59.447925,CLO,2012955.jpg,2012955,2,0,NA
2013006_2,2023-01-04 21:39:56.916653,CLO,2013006.jpg,2013006,2,0,NA
2013047_2,2023-01-04 21:39:54.479179,CLO,2013047.jpg,2013047,2,0,NA
2013088_2,2023-01-04 21:39:50.541697,CLO,2013088.jpg,2013088,2,0,NA
2013093_2,2023-01-04 21:39:49.841149,CLO,2013093.jpg,2013093,2,0,NA
2013127_2,2023-01-04 21:39:49.010745,CLO,2013127.jpg,2013127,2,0,NA
2013129_2,2023-01-04 21:39:48.119839,CLO,2013129.jpg,2013129,2,0,NA
2013388_2,2023-01-04 21:39:47.447975,CLO,2013388.jpg,2013388,2,0,NA
2013670_2,2023-01-04 21:39:46.713829,CLO,2013670.jpg,2013670,2,0,NA
2013998_2,2023-01-04 21:39:45.994819,CLO,2013998.jpg,2013998,2,0,NA
2014220_2,2023-01-04 21:39:45.104192,CLO,2014220.jpg,2014220,2,0,NA
2014244_2,2023-01-04 21:39:43.447946,CLO,2014244.jpg,2014244,2,0,NA
2014340_2,2023-01-04 21:39:40.854477,CLO,2014340.jpg,2014340,2,0,NA
2014632_2,2023-01-04 21:39:37.838597,CLO,2014632.jpg,2014632,2,0,NA
2014662_2,2023-01-04 21:39:34.885483,CLO,2014662.jpg,2014662,2,0,NA
2014670_2,2023-01-04 21:39:29.151162,CLO,2014670.jpg,2014670,2,0,NA
2014674_2,2023-01-04 21:39:22.823056,CLO,2014674.jpg,2014674,2,0,NA
2014680_2,2023-01-04 21:39:20.541809,CLO,2014680.jpg,2014680,2,0,NA
2014681_2,2023-01-04 21:39:14.776188,CLO,2014681.jpg,2014681,2,0,NA
2014770_2,2023-01-04 21:39:12.432447,CLO,2014770.jpg,2014770,2,0,NA
2014769_2,2023-01-04 21:39:10.713720,CLO,2014769.jpg,2014769,2,0,NA
2005979_2,2023-01-04 21:39:07.760584,CLO,2005979.jpg,2005979,2,0,NA
2006587_2,2023-01-04 21:39:04.151259,CLO,2006587.jpg,2006587,2,0,NA
2007857_2,2023-01-04 21:38:59.432504,CLO,2007857.jpg,2007857,2,0,NA
2008105_2,2023-01-04 21:38:55.057511,CLO,2008105.jpg,2008105,2,0,NA
2008266_2,2023-01-04 21:38:50.182635,CLO,2008266.jpg,2008266,2,0,NA
2008378_2,2023-01-04 21:38:46.041923,CLO,2008378.jpg,2008378,2,0,NA
2008562_2,2023-01-04 21:38:41.338897,CLO,2008562.jpg,2008562,2,0,NA
2008705_2,2023-01-04 21:38:37.510719,CLO,2008705.jpg,2008705,2,0,NA
2008947_2,2023-01-04 21:38:33.245092,CLO,2008947.jpg,2008947,2,0,NA
2008990_2,2023-01-04 21:38:29.557604,ACC,2008990.jpg,2008990,2,0,NA
2009100_2,2023-01-04 21:38:26.135744,CLO,2009100.jpg,2009100,2,0,NA
2009103_2,2023-01-04 21:38:24.010748,CLO,2009103.jpg,2009103,2,0,NA
2009224_2,2023-01-04 21:38:22.276394,CLO,2009224.jpg,2009224,2,0,NA
2009987_2,2023-01-04 21:38:21.557634,CLO,2009987.jpg,2009987,2,0,NA
2010014_2,2023-01-04 21:38:20.932642,ACC,2010014.jpg,2010014,2,0,NA
2010649_2,2023-01-04 21:38:19.588897,CLO,2010649.jpg,2010649,2,0,NA
2010795_2,2023-01-04 21:38:15.167062,CLO,2010795.jpg,2010795,2,0,NA
2010853_2,2023-01-04 21:38:10.698400,CLO,2010853.jpg,2010853,2,0,NA
2010855_2,2023-01-04 21:38:08.120196,CLO,2010855.jpg,2010855,2,0,NA
2010856_2,2023-01-04 21:38:04.198330,CLO,2010856.jpg,2010856,2,0,NA
2011494_2,2023-01-04 21:38:03.354580,CLO,2011494.jpg,2011494,2,0,NA
2011562_2,2023-01-04 21:38:02.635834,CLO,2011562.jpg,2011562,2,0,NA
2011872_2,2023-01-04 21:38:01.885863,CLO,2011872.jpg,2011872,2,0,NA
2011793_2,2023-01-04 21:38:01.245219,CLO,2011793.jpg,2011793,2,0,NA
2011894_2,2023-01-04 21:38:00.651511,CLO,2011894.jpg,2011894,2,0,NA
2011987_2,2023-01-04 21:37:59.964001,CLO,2011987.jpg,2011987,2,0,NA
2012028_2,2023-01-04 21:37:59.307736,CLO,2012028.jpg,2012028,2,0,NA
2012100_2,2023-01-04 21:37:57.573357,CLO,2012100.jpg,2012100,2,0,NA
2012589_2,2023-01-04 21:37:53.604632,CLO,2012589.jpg,2012589,2,0,NA
2012590_2,2023-01-04 21:37:50.307797,CLO,2012590.jpg,2012590,2,0,NA
2012783_2,2023-01-04 21:37:47.932768,CLO,2012783.jpg,2012783,2,0,NA
2013041_2,2023-01-04 21:37:45.635955,CLO,2013041.jpg,2013041,2,0,NA
2013118_2,2023-01-04 21:37:44.995292,CLO,2013118.jpg,2013118,2,0,NA
2013452_2,2023-01-04 21:37:44.385917,CLO,2013452.jpg,2013452,2,0,NA
2013658_2,2023-01-04 21:37:41.573431,CLO,2013658.jpg,2013658,2,0,NA
2014045_2,2023-01-04 21:37:39.073463,CLO,2014045.jpg,2014045,2,0,NA
2014046_2,2023-01-04 21:37:36.526567,CLO,2014046.jpg,2014046,2,0,NA
2101538_2,2023-01-04 21:37:34.323439,CLO,2101538.jpg,2101538,2,0,NA
2014279_2,2023-01-04 21:37:31.479832,CLO,2014279.jpg,2014279,2,0,NA
2014288_2,2023-01-04 21:37:30.807835,CLO,2014288.jpg,2014288,2,0,NA
2014289_2,2023-01-04 21:37:30.245353,CLO,2014289.jpg,2014289,2,0,NA
2014293_2,2023-01-04 21:37:29.323558,CLO,2014293.jpg,2014293,2,0,NA
2014294_2,2023-01-04 21:37:28.526613,CLO,2014294.jpg,2014294,2,0,NA
2014298_2,2023-01-04 21:37:27.604742,CLO,2014298.jpg,2014298,2,0,NA
2014607_2,2023-01-04 21:37:26.745344,CLO,2014607.jpg,2014607,2,0,NA
2014629_2,2023-01-04 21:37:26.042252,CLO,2014629.jpg,2014629,2,0,NA
2014845_2,2023-01-04 21:37:23.839113,CLO,2014845.jpg,2014845,2,0,NA
2014646_2,2023-01-04 21:37:21.386000,CLO,2014646.jpg,2014646,2,0,NA
2014847_2,2023-01-04 21:37:18.729793,CLO,2014847.jpg,2014847,2,0,NA
2014875_2,2023-01-04 21:37:16.214132,CLO,2014875.jpg,2014875,2,0,NA
1912651_1,2023-01-04 21:37:13.151649,CLO,1912651.jpg,1912651,1,0,NA
2005874_2,2023-01-04 21:37:12.589157,CLO,2005874.jpg,2005874,2,0,NA
2007541_2,2023-01-04 21:37:12.057924,ACC,2007541.jpg,2007541,2,0,NA
2007324_2,2023-01-04 21:37:11.495425,BEAUTY,2007324.jpg,2007324,2,0,NA
2008336_2,2023-01-04 21:37:10.886051,BEAUTY,2008336.jpg,2008336,2,0,NA
2007558_2,2023-01-04 21:37:09.557918,ACC,2007558.jpg,2007558,2,0,NA
2008339_2,2023-01-04 21:37:08.980039,BEAUTY,2008339.jpg,2008339,2,0,NA
2008800_2,2023-01-04 21:37:07.370515,CLO,2008800.jpg,2008800,2,0,NA
2008911_2,2023-01-04 21:37:05.698570,BEAUTY,2008911.jpg,2008911,2,0,NA
2009084_2,2023-01-04 21:37:05.120445,BEAUTY,2009084.jpg,2009084,2,0,NA
2009081_2,2023-01-04 21:37:03.573606,CLO,2009081.jpg,2009081,2,0,NA
2009250_2,2023-01-04 21:36:59.057956,BEAUTY,2009250.jpg,2009250,2,0,NA
2009405_2,2023-01-04 21:36:58.417330,BEAUTY,2009405.jpg,2009405,2,0,NA
2009641_2,2023-01-04 21:36:57.854829,BEAUTY,2009641.jpg,2009641,2,0,NA
2009636_2,2023-01-04 21:36:57.307962,BEAUTY,2009636.jpg,2009636,2,0,NA
2009675_2,2023-01-04 21:36:56.698589,BEAUTY,2009675.jpg,2009675,2,0,NA
2009680_2,2023-01-04 21:36:56.089322,BEAUTY,2009680.jpg,2009680,2,0,NA
2009683_2,2023-01-04 21:36:55.511092,BEAUTY,2009683.jpg,2009683,2,0,NA
2009775_2,2023-01-04 21:36:54.839236,JEW,2009775.jpg,2009775,2,0,NA
2009811_2,2023-01-04 21:36:54.229862,JEW,2009811.jpg,2009811,2,0,NA
2009802_2,2023-01-04 21:36:53.667346,JEW,2009802.jpg,2009802,2,0,NA
2010794_2,2023-01-04 21:36:53.073603,CLO,2010794.jpg,2010794,2,0,NA
2010815_2,2023-01-04 21:36:50.261112,CLO,2010815.jpg,2010815,2,0,NA
2010817_2,2023-01-04 21:36:47.792384,CLO,2010817.jpg,2010817,2,0,NA
2010819_2,2023-01-04 21:36:45.386126,CLO,2010819.jpg,2010819,2,0,NA
2010824_2,2023-01-04 21:36:43.011139,CLO,2010824.jpg,2010824,2,0,NA
2010820_2,2023-01-04 21:36:41.245518,ACC,2010820.jpg,2010820,2,0,NA
2010825_2,2023-01-04 21:36:39.683023,CLO,2010825.jpg,2010825,2,0,NA
2010828_2,2023-01-04 21:36:38.526778,CLO,2010828.jpg,2010828,2,0,NA
2011140_2,2023-01-04 21:36:37.026819,CLO,2011140.jpg,2011140,2,0,NA
2011147_2,2023-01-04 21:36:34.511178,CLO,2011147.jpg,2011147,2,0,NA
2012169_2,2023-01-04 21:36:32.214335,CLO,2012169.jpg,2012169,2,0,NA
2012305_2,2023-01-04 21:36:29.417441,CLO,2012305.jpg,2012305,2,0,NA
2012410_2,2023-01-04 21:36:27.073717,CLO,2012410.jpg,2012410,2,0,NA
2012545_2,2023-01-04 21:36:25.308086,BEAUTY,2012545.jpg,2012545,2,0,NA
2013034_2,2023-01-04 21:36:24.683089,CLO,2013034.jpg,2013034,2,0,NA
1912138_1,2023-01-04 21:36:22.761266,CLO,1912138.jpg,1912138,1,0,NA
2001479_2,2023-01-04 21:36:21.417488,CLO,2001479.jpg,2001479,2,0,NA
2001482_2,2023-01-04 21:36:19.948728,CLO,2001482.jpg,2001482,2,0,NA
2006146_2,2023-01-04 21:36:15.823752,CLO,2006146.jpg,2006146,2,0,NA
2007610_2,2023-01-04 21:36:12.480012,ACC,2007610.jpg,2007610,2,0,NA
2008000_2,2023-01-04 21:36:08.948783,CLO,2008000.jpg,2008000,2,0,NA
2008185_2,2023-01-04 21:36:04.792552,CLO,2008185.jpg,2008185,2,0,NA
2008216_2,2023-01-04 21:36:00.292569,CLO,2008216.jpg,2008216,2,0,NA
2008590_2,2023-01-04 21:35:55.089444,CLO,2008590.jpg,2008590,2,0,NA
2011265_2,2023-01-04 21:35:48.167598,CLO,2011265.jpg,2011265,2,0,NA
2001775_2,2023-01-04 21:35:43.183245,JEW,2001775.jpg,2001775,2,0,NA
1912482_1,2023-01-04 21:35:42.792621,JEW,1912482.jpg,1912482,1,0,NA
2005408_2,2023-01-04 21:35:42.230147,JEW,2005408.jpg,2005408,2,0,NA
2003850_2,2023-01-04 21:35:41.839576,JEW,2003850.jpg,2003850,2,0,NA
1912568_1,2023-01-04 21:35:41.245767,JEW,1912568.jpg,1912568,1,0,NA
2005577_2,2023-01-04 21:35:40.652002,JEW,2005577.jpg,2005577,2,0,NA
2006028_2,2023-01-04 21:35:40.027018,JEW,2006028.jpg,2006028,2,0,NA
2006696_2,2023-01-04 21:35:39.355140,BEAUTY,2006696.jpg,2006696,2,0,NA
2007653_2,2023-01-04 21:35:38.714514,ACC,2007653.jpg,2007653,2,0,NA
2007655_2,2023-01-04 21:35:38.120781,ACC,2007655.jpg,2007655,2,0,NA
1909220_1,2023-01-04 21:35:37.542644,SHO,1909220.jpg,1909220,1,0,NA
2007916_2,2023-01-04 21:35:37.167642,SHO,2007916.jpg,2007916,2,0,NA
2008747_2,2023-01-04 21:35:36.511393,BEAUTY,2008747.jpg,2008747,2,0,NA
2008239_2,2023-01-04 21:35:35.917652,SHO,2008239.jpg,2008239,2,0,NA
2009619_2,2023-01-04 21:35:35.339522,BEAUTY,2009619.jpg,2009619,2,0,NA
2009681_2,2023-01-04 21:35:34.761408,BEAUTY,2009681.jpg,2009681,2,0,NA
2106701_2,2023-01-04 21:35:34.073914,SHO,2106701.jpg,2106701,2,0,NA
2012553_2,2023-01-04 21:35:33.698904,SHO,2012553.jpg,2012553,2,0,NA
1908223_1,2023-01-04 21:35:32.152039,ACC,1908223.jpg,1908223,1,0,NA
2006727_2,2023-01-04 21:35:31.448924,ACC,2006727.jpg,2006727,2,0,NA
2006629_2,2023-01-04 21:35:29.855408,CLO,2006629.jpg,2006629,2,0,NA
2004837_2,2023-01-04 21:35:29.167781,ACC,2004837.jpg,2004837,2,0,NA
2007466_2,2023-01-04 21:35:28.198928,BEAUTY,2007466.jpg,2007466,2,0,NA
1501109_1,2023-01-04 21:35:27.073934,JEW,1501109.jpg,1501109,1,0,NA
1606282_1,2023-01-04 21:35:26.683326,JEW,1606282.jpg,1606282,1,0,NA
1405463_1,2023-01-04 21:35:26.292715,JEW,1405463.jpg,1405463,1,0,NA
1604940_1,2023-01-04 21:35:25.792721,JEW,1604940.jpg,1604940,1,0,NA
1606136_1,2023-01-04 21:35:25.323954,JEW,1606136.jpg,1606136,1,0,NA
1606281_1,2023-01-04 21:35:24.933322,JEW,1606281.jpg,1606281,1,0,NA
1406493_1,2023-01-04 21:35:24.527086,JEW,1406493.jpg,1406493,1,0,NA
2009455_2,2023-01-04 21:35:24.136457,JEW,2009455.jpg,2009455,2,0,NA
2006983_2,2023-01-04 21:35:23.292695,ACC,2006983.jpg,2006983,2,0,NA
2006981_2,2023-01-04 21:35:22.558347,ACC,2006981.jpg,2006981,2,0,NA
2006989_2,2023-01-04 21:35:21.902098,ACC,2006989.jpg,2006989,2,0,NA
2006991_2,2023-01-04 21:35:21.308382,ACC,2006991.jpg,2006991,2,0,NA
2006993_2,2023-01-04 21:35:20.698964,ACC,2006993.jpg,2006993,2,0,NA
2006994_2,2023-01-04 21:35:20.089587,ACC,2006994.jpg,2006994,2,0,NA
2007001_2,2023-01-04 21:35:19.433372,ACC,2007001.jpg,2007001,2,0,NA
2006997_2,2023-01-04 21:35:18.698984,ACC,2006997.jpg,2006997,2,0,NA
2006999_2,2023-01-04 21:35:13.933395,ACC,2006999.jpg,2006999,2,0,NA
2007002_2,2023-01-04 21:35:12.839640,ACC,2007002.jpg,2007002,2,0,NA
2007061_2,2023-01-04 21:35:12.120895,ACC,2007061.jpg,2007061,2,0,NA
2007180_2,2023-01-04 21:35:11.183365,ACC,2007180.jpg,2007180,2,0,NA
2010755_2,2023-01-04 21:35:10.417744,BEAUTY,2010755.jpg,2010755,2,0,NA
2007199_2,2023-01-04 21:35:09.683392,ACC,2007199.jpg,2007199,2,0,NA
2010845_2,2023-01-04 21:35:09.042910,BEAUTY,2010845.jpg,2010845,2,0,NA
2010865_2,2023-01-04 21:35:08.292783,BEAUTY,2010865.jpg,2010865,2,0,NA
2010861_2,2023-01-04 21:35:07.605273,BEAUTY,2010861.jpg,2010861,2,0,NA
2011366_2,2023-01-04 21:35:06.886511,BEAUTY,2011366.jpg,2011366,2,0,NA
2014171_2,2023-01-04 21:35:06.308406,ACC,2014171.jpg,2014171,2,0,NA
2012893_2,2023-01-04 21:35:05.683400,JEW,2012893.jpg,2012893,2,0,NA
2003264_2,2023-01-04 21:35:05.246088,JEW,2003264.jpg,2003264,2,0,NA
2000282_2,2023-01-04 21:35:04.636549,ACC,2000282.jpg,2000282,2,0,NA
2218376_2,2023-01-04 21:35:04.058521,ACC,2218376.jpg,2218376,2,0,NA
1908232_1,2023-01-04 21:35:03.449034,ACC,1908232.jpg,1908232,1,0,NA
1911602_1,2023-01-04 21:35:02.417779,ACC,1911602.jpg,1911602,1,0,NA
2002280_2,2023-01-04 21:35:01.683406,JEW,2002280.jpg,2002280,2,0,NA
2001468_2,2023-01-04 21:35:00.902155,JEW,2001468.jpg,2001468,2,0,NA
2005195_2,2023-01-04 21:34:59.792785,CLO,2005195.jpg,2005195,2,0,NA
2005269_2,2023-01-04 21:34:59.245916,JEW,2005269.jpg,2005269,2,0,NA
1912864_1,2023-01-04 21:34:58.449040,JEW,1912864.jpg,1912864,1,0,NA
2005271_2,2023-01-04 21:34:58.011553,JEW,2005271.jpg,2005271,2,0,NA
2006006_2,2023-01-04 21:34:56.902437,JEW,2006006.jpg,2006006,2,0,NA
2002866_2,2023-01-04 21:34:56.511578,JEW,2002866.jpg,2002866,2,0,NA
2003936_2,2023-01-04 21:34:55.308434,JEW,2003936.jpg,2003936,2,0,NA
2006018_2,2023-01-04 21:34:54.902194,JEW,2006018.jpg,2006018,2,0,NA
2006188_2,2023-01-04 21:34:54.261556,JEW,2006188.jpg,2006188,2,0,NA
2006205_2,2023-01-04 21:34:53.574058,JEW,2006205.jpg,2006205,2,0,NA
2006308_2,2023-01-04 21:34:52.058542,JEW,2006308.jpg,2006308,2,0,NA
2007113_2,2023-01-04 21:34:51.324073,ACC,2007113.jpg,2007113,2,0,NA
2006621_2,2023-01-04 21:34:49.949079,JEW,2006621.jpg,2006621,2,0,NA
2004113_2,2023-01-04 21:34:49.558445,JEW,2004113.jpg,2004113,2,0,NA
2007727_2,2023-01-04 21:34:48.886778,SHO,2007727.jpg,2007727,2,0,NA
2008338_2,2023-01-04 21:34:48.199091,BEAUTY,2008338.jpg,2008338,2,0,NA
2008761_2,2023-01-04 21:34:41.683488,CLO,2008761.jpg,2008761,2,0,NA
2011388_2,2023-01-04 21:34:37.355367,CLO,2011388.jpg,2011388,2,0,NA
2009427_2,2023-01-04 21:34:36.355447,BEAUTY,2009427.jpg,2009427,2,0,NA
2011813_2,2023-01-04 21:34:35.480378,ACC,2011813.jpg,2011813,2,0,NA
2013654_2,2023-01-04 21:34:33.558509,CLO,2013654.jpg,2013654,2,0,NA
1912566_1,2023-01-04 21:34:32.949142,JEW,1912566.jpg,1912566,1,0,NA
2000681_2,2023-01-04 21:34:32.371020,JEW,2000681.jpg,2000681,2,0,NA
2006242_2,2023-01-04 21:34:30.871022,JEW,2006242.jpg,2006242,2,0,NA
2003962_2,2023-01-04 21:34:30.496021,JEW,2003962.jpg,2003962,2,0,NA
1911556_1,2023-01-04 21:34:29.996025,BEAUTY,1911556.jpg,1911556,1,0,NA
2006350_2,2023-01-04 21:34:29.292902,JEW,2006350.jpg,2006350,2,0,NA
2007533_2,2023-01-04 21:34:28.371054,JEW,2007533.jpg,2007533,2,0,NA
1907741_1,2023-01-04 21:34:27.902284,JEW,1907741.jpg,1907741,1,0,NA
2009201_2,2023-01-04 21:34:27.074163,JEW,2009201.jpg,2009201,2,0,NA
2009650_2,2023-01-04 21:34:26.480414,BEAUTY,2009650.jpg,2009650,2,0,NA
2010208_2,2023-01-04 21:34:20.183559,JEW,2010208.jpg,2010208,2,0,NA
2010596_2,2023-01-04 21:34:19.230440,ACC,2010596.jpg,2010596,2,0,NA
2011054_2,2023-01-04 21:34:18.386998,CLO,2011054.jpg,2011054,2,0,NA
2011108_2,2023-01-04 21:34:17.667955,ACC,2011108.jpg,2011108,2,0,NA
2011109_2,2023-01-04 21:34:16.839851,ACC,2011109.jpg,2011109,2,0,NA
2011110_2,2023-01-04 21:34:16.199235,ACC,2011110.jpg,2011110,2,0,NA
2011226_2,2023-01-04 21:34:15.496116,ACC,2011226.jpg,2011226,2,0,NA
2011229_2,2023-01-04 21:34:14.855476,ACC,2011229.jpg,2011229,2,0,NA
2106990_2,2023-01-04 21:34:14.168017,ACC,2106990.jpg,2106990,2,0,NA
2011584_2,2023-01-04 21:34:13.761897,ACC,2011584.jpg,2011584,2,0,NA
2011646_2,2023-01-04 21:34:13.074487,BEAUTY,2011646.jpg,2011646,2,0,NA
2012379_2,2023-01-04 21:34:12.339892,ACC,2012379.jpg,2012379,2,0,NA
2012802_2,2023-01-04 21:34:11.714877,ACC,2012802.jpg,2012802,2,0,NA
2012970_2,2023-01-04 21:34:10.980502,ACC,2012970.jpg,2012970,2,0,NA
2012971_2,2023-01-04 21:34:10.356442,ACC,2012971.jpg,2012971,2,0,NA
2012972_2,2023-01-04 21:34:09.699263,ACC,2012972.jpg,2012972,2,0,NA
2012973_2,2023-01-04 21:34:08.543020,ACC,2012973.jpg,2012973,2,0,NA
2014719_2,2023-01-04 21:34:07.339895,ACC,2014719.jpg,2014719,2,0,NA
2011019_2,2023-01-04 21:34:06.496411,ACC,2011019.jpg,2011019,2,0,NA
2012986_2,2023-01-04 21:34:05.902383,SHO,2012986.jpg,2012986,2,0,NA
2013676_2,2023-01-04 21:34:03.980525,JEW,2013676.jpg,2013676,2,0,NA
1908439_1,2023-01-04 21:34:03.590006,JEW,1908439.jpg,1908439,1,0,NA
2013797_2,2023-01-04 21:34:02.964898,SHO,2013797.jpg,2013797,2,0,NA
2013917_2,2023-01-04 21:34:02.062766,SHO,2013917.jpg,2013917,2,0,NA
2013919_2,2023-01-04 21:34:00.464894,SHO,2013919.jpg,2013919,2,0,NA
2014921_2,2023-01-04 21:33:55.855535,CLO,2014921.jpg,2014921,2,0,NA
2014922_2,2023-01-04 21:33:54.293036,CLO,2014922.jpg,2014922,2,0,NA
2014923_2,2023-01-04 21:33:53.402414,CLO,2014923.jpg,2014923,2,0,NA
2007576_2,2023-01-04 21:33:49.418052,CLO,2007576.jpg,2007576,2,0,NA
2008415_2,2023-01-04 21:33:46.918060,CLO,2008415.jpg,2008415,2,0,NA
2008671_2,2023-01-04 21:33:44.808699,CLO,2008671.jpg,2008671,2,0,NA
2008893_2,2023-01-04 21:33:40.980624,CLO,2008893.jpg,2008893,2,0,NA
2011954_2,2023-01-04 21:33:39.714988,CLO,2011954.jpg,2011954,2,0,NA
2011974_2,2023-01-04 21:33:38.386847,CLO,2011974.jpg,2011974,2,0,NA
2011998_2,2023-01-04 21:33:35.105611,CLO,2011998.jpg,2011998,2,0,NA
2012116_2,2023-01-04 21:33:32.933740,CLO,2012116.jpg,2012116,2,0,NA
2012390_2,2023-01-04 21:33:28.090035,CLO,2012390.jpg,2012390,2,0,NA
2008713_2,2023-01-04 21:33:27.449405,ACC,2008713.jpg,2008713,2,0,NA
2013914_2,2023-01-04 21:33:26.855669,SHO,2013914.jpg,2013914,2,0,NA
2014397_2,2023-01-04 21:33:26.136931,ACC,2014397.jpg,2014397,2,0,NA
2009519_2,2023-01-04 21:33:25.011931,SHO,2009519.jpg,2009519,2,0,NA
2013804_2,2023-01-04 21:33:24.355673,SHO,2013804.jpg,2013804,2,0,NA
2013809_2,2023-01-04 21:33:22.230669,SHO,2013809.jpg,2013809,2,0,NA
2100100_2,2023-01-04 21:33:20.449417,ACC,2100100.jpg,2100100,2,0,NA
2100102_2,2023-01-04 21:33:19.293174,ACC,2100102.jpg,2100102,2,0,NA
2100101_2,2023-01-04 21:33:18.183802,ACC,2100101.jpg,2100101,2,0,NA
2100103_2,2023-01-04 21:33:16.793181,ACC,2100103.jpg,2100103,2,0,NA
2100104_2,2023-01-04 21:33:15.887127,ACC,2100104.jpg,2100104,2,0,NA
2100105_2,2023-01-04 21:33:15.121335,ACC,2100105.jpg,2100105,2,0,NA
1910393_1,2023-01-04 21:33:11.152591,CLO,1910393.jpg,1910393,1,0,NA
2000911_2,2023-01-04 21:33:07.949475,CLO,2000911.jpg,2000911,2,0,NA
2005833_2,2023-01-04 21:33:04.980731,CLO,2005833.jpg,2005833,2,0,NA
2005868_2,2023-01-04 21:33:03.027604,CLO,2005868.jpg,2005868,2,0,NA
2006575_2,2023-01-04 21:32:58.730748,CLO,2006575.jpg,2006575,2,0,NA
2007281_2,2023-01-04 21:32:55.465152,CLO,2007281.jpg,2007281,2,0,NA
2008677_2,2023-01-04 21:32:52.324547,CLO,2008677.jpg,2008677,2,0,NA
2008989_2,2023-01-04 21:32:48.496754,CLO,2008989.jpg,2008989,2,0,NA
2009009_2,2023-01-04 21:32:42.480896,CLO,2009009.jpg,2009009,2,0,NA
2009690_2,2023-01-04 21:32:35.433984,CLO,2009690.jpg,2009690,2,0,NA
2009742_2,2023-01-04 21:32:33.965226,CLO,2009742.jpg,2009742,2,0,NA
2010412_2,2023-01-04 21:32:29.902740,CLO,2010412.jpg,2010412,2,0,NA
2006788_2,2023-01-04 21:32:27.715242,CLO,2006788.jpg,2006788,2,0,NA
2011796_2,2023-01-04 21:32:24.902757,CLO,2011796.jpg,2011796,2,0,NA
2011822_2,2023-01-04 21:32:22.527761,CLO,2011822.jpg,2011822,2,0,NA
2011879_2,2023-01-04 21:32:20.527768,CLO,2011879.jpg,2011879,2,0,NA
2011951_2,2023-01-04 21:32:18.340279,CLO,2011951.jpg,2011951,2,0,NA
2011953_2,2023-01-04 21:32:16.246544,CLO,2011953.jpg,2011953,2,0,NA
2012067_2,2023-01-04 21:32:12.730934,CLO,2012067.jpg,2012067,2,0,NA
2012250_2,2023-01-04 21:32:08.434071,CLO,2012250.jpg,2012250,2,0,NA
2012276_2,2023-01-04 21:32:06.949701,CLO,2012276.jpg,2012276,2,0,NA
2012300_2,2023-01-04 21:32:03.152839,CLO,2012300.jpg,2012300,2,0,NA
2012304_2,2023-01-04 21:32:00.184103,CLO,2012304.jpg,2012304,2,0,NA
2012306_2,2023-01-04 21:31:58.012242,CLO,2012306.jpg,2012306,2,0,NA
2012516_2,2023-01-04 21:31:56.199747,CLO,2012516.jpg,2012516,2,0,NA
2013112_2,2023-01-04 21:31:53.371628,CLO,2013112.jpg,2013112,2,0,NA
2013131_2,2023-01-04 21:31:48.668518,CLO,2013131.jpg,2013131,2,0,NA
2014000_2,2023-01-04 21:31:45.809162,CLO,2014000.jpg,2014000,2,0,NA
2014001_2,2023-01-04 21:31:43.481062,CLO,2014001.jpg,2014001,2,0,NA
2014003_2,2023-01-04 21:31:41.152932,CLO,2014003.jpg,2014003,2,0,NA
2014005_2,2023-01-04 21:31:38.684186,CLO,2014005.jpg,2014005,2,0,NA
2014007_2,2023-01-04 21:31:34.559194,CLO,2014007.jpg,2014007,2,0,NA
2014318_2,2023-01-04 21:31:32.840455,CLO,2014318.jpg,2014318,2,0,NA
2014326_2,2023-01-04 21:31:30.371768,CLO,2014326.jpg,2014326,2,0,NA
2014333_2,2023-01-04 21:31:27.809226,CLO,2014333.jpg,2014333,2,0,NA
2014631_2,2023-01-04 21:31:25.543613,CLO,2014631.jpg,2014631,2,0,NA
2014644_2,2023-01-04 21:31:23.309250,CLO,2014644.jpg,2014644,2,0,NA
2014659_2,2023-01-04 21:31:19.778007,CLO,2014659.jpg,2014659,2,0,NA
2014660_2,2023-01-04 21:31:18.168633,CLO,2014660.jpg,2014660,2,0,NA
2014676_2,2023-01-04 21:31:17.356135,CLO,2014676.jpg,2014676,2,0,NA
2014683_2,2023-01-04 21:31:13.699905,CLO,2014683.jpg,2014683,2,0,NA
2014687_2,2023-01-04 21:31:10.824911,CLO,2014687.jpg,2014687,2,0,NA
2014831_2,2023-01-04 21:31:07.653055,CLO,2014831.jpg,2014831,2,0,NA
2014833_2,2023-01-04 21:31:04.059312,CLO,2014833.jpg,2014833,2,0,NA
2014839_2,2023-01-04 21:31:00.996843,CLO,2014839.jpg,2014839,2,0,NA
2014841_2,2023-01-04 21:30:59.153084,CLO,2014841.jpg,2014841,2,0,NA
2014842_2,2023-01-04 21:30:56.824968,CLO,2014842.jpg,2014842,2,0,NA
2014848_2,2023-01-04 21:30:56.184350,CLO,2014848.jpg,2014848,2,0,NA
2100017_2,2023-01-04 21:30:52.106242,CLO,2100017.jpg,2100017,2,0,NA
2100018_2,2023-01-04 21:30:48.809376,CLO,2100018.jpg,2100018,2,0,NA
2100019_2,2023-01-04 21:30:46.559412,CLO,2100019.jpg,2100019,2,0,NA
2100020_2,2023-01-04 21:30:44.246894,CLO,2100020.jpg,2100020,2,0,NA
2100177_2,2023-01-04 21:30:41.856285,CLO,2100177.jpg,2100177,2,0,NA
2100265_2,2023-01-04 21:30:39.512531,CLO,2100265.jpg,2100265,2,0,NA
2100267_2,2023-01-04 21:30:35.403287,CLO,2100267.jpg,2100267,2,0,NA
2100268_2,2023-01-04 21:30:32.856311,CLO,2100268.jpg,2100268,2,0,NA
2100269_2,2023-01-04 21:30:29.700072,CLO,2100269.jpg,2100269,2,0,NA
2004291_2,2023-01-04 21:30:25.246962,CLO,2004291.jpg,2004291,2,0,NA
2009073_2,2023-01-04 21:30:20.996978,CLO,2009073.jpg,2009073,2,0,NA
2009538_2,2023-01-04 21:30:18.434489,CLO,2009538.jpg,2009538,2,0,NA
2010928_2,2023-01-04 21:30:15.793889,CLO,2010928.jpg,2010928,2,0,NA
2010933_2,2023-01-04 21:30:13.684510,CLO,2010933.jpg,2010933,2,0,NA
2011008_2,2023-01-04 21:30:09.731397,CLO,2011008.jpg,2011008,2,0,NA
2011354_2,2023-01-04 21:30:07.028280,CLO,2011354.jpg,2011354,2,0,NA
2011620_2,2023-01-04 21:30:04.606417,CLO,2011620.jpg,2011620,2,0,NA
2012087_2,2023-01-04 21:30:02.028302,CLO,2012087.jpg,2012087,2,0,NA
2012424_2,2023-01-04 21:29:59.075188,CLO,2012424.jpg,2012424,2,0,NA
2012437_2,2023-01-04 21:29:56.606445,CLO,2012437.jpg,2012437,2,0,NA
2012508_2,2023-01-04 21:29:51.965859,CLO,2012508.jpg,2012508,2,0,NA
2013987_2,2023-01-04 21:29:50.137754,CLO,2013987.jpg,2013987,2,0,NA
2014002_2,2023-01-04 21:29:47.950248,CLO,2014002.jpg,2014002,2,0,NA
2014008_2,2023-01-04 21:29:45.809628,CLO,2014008.jpg,2014008,2,0,NA
2014010_2,2023-01-04 21:29:43.497120,CLO,2014010.jpg,2014010,2,0,NA
2014011_2,2023-01-04 21:29:40.903470,CLO,2014011.jpg,2014011,2,0,NA
2014012_2,2023-01-04 21:29:36.387804,CLO,2014012.jpg,2014012,2,0,NA
2014319_2,2023-01-04 21:29:33.340931,CLO,2014319.jpg,2014319,2,0,NA
2014321_2,2023-01-04 21:29:30.825301,CLO,2014321.jpg,2014321,2,0,NA
2014335_2,2023-01-04 21:29:26.653440,CLO,2014335.jpg,2014335,2,0,NA
2014341_2,2023-01-04 21:29:24.059896,CLO,2014341.jpg,2014341,2,0,NA
2014343_2,2023-01-04 21:29:22.061229,CLO,2014343.jpg,2014343,2,0,NA
2014633_2,2023-01-04 21:29:19.919088,CLO,2014633.jpg,2014633,2,0,NA
2014634_2,2023-01-04 21:29:17.575365,CLO,2014634.jpg,2014634,2,0,NA
2014661_2,2023-01-04 21:29:12.762892,CLO,2014661.jpg,2014661,2,0,NA
2014672_2,2023-01-04 21:29:09.356646,CLO,2014672.jpg,2014672,2,0,NA
2014684_2,2023-01-04 21:29:06.825406,CLO,2014684.jpg,2014684,2,0,NA
2014688_2,2023-01-04 21:29:04.356689,CLO,2014688.jpg,2014688,2,0,NA
2014800_2,2023-01-04 21:29:01.575418,CLO,2014800.jpg,2014800,2,0,NA
2014838_2,2023-01-04 21:28:58.356690,CLO,2014838.jpg,2014838,2,0,NA
2014846_2,2023-01-04 21:28:56.966133,CLO,2014846.jpg,2014846,2,0,NA
2014852_2,2023-01-04 21:28:55.731682,CLO,2014852.jpg,2014852,2,0,NA
2014854_2,2023-01-04 21:28:55.044188,CLO,2014854.jpg,2014854,2,0,NA
2100022_2,2023-01-04 21:28:52.997313,CLO,2100022.jpg,2100022,2,0,NA
2100024_2,2023-01-04 21:28:50.731719,CLO,2100024.jpg,2100024,2,0,NA
2100025_2,2023-01-04 21:28:48.591102,CLO,2100025.jpg,2100025,2,0,NA
2100026_2,2023-01-04 21:28:46.372376,CLO,2100026.jpg,2100026,2,0,NA
2100027_2,2023-01-04 21:28:41.887997,CLO,2100027.jpg,2100027,2,0,NA
2100028_2,2023-01-04 21:28:40.966112,CLO,2100028.jpg,2100028,2,0,NA
2100029_2,2023-01-04 21:28:36.638006,CLO,2100029.jpg,2100029,2,0,NA
2100031_2,2023-01-04 21:28:33.153691,CLO,2100031.jpg,2100031,2,0,NA
2100032_2,2023-01-04 21:28:28.497413,CLO,2100032.jpg,2100032,2,0,NA
2100036_2,2023-01-04 21:28:25.325544,CLO,2100036.jpg,2100036,2,0,NA
2100044_2,2023-01-04 21:28:24.044355,CLO,2100044.jpg,2100044,2,0,NA
2100167_2,2023-01-04 21:28:20.434951,CLO,2100167.jpg,2100167,2,0,NA
2100173_2,2023-01-04 21:28:18.169323,CLO,2100173.jpg,2100173,2,0,NA
2100258_2,2023-01-04 21:28:16.481834,CLO,2100258.jpg,2100258,2,0,NA
2100263_2,2023-01-04 21:28:10.309993,CLO,2100263.jpg,2100263,2,0,NA
2100270_2,2023-01-04 21:28:05.560028,CLO,2100270.jpg,2100270,2,0,NA
2100337_2,2023-01-04 21:28:04.356878,CLO,2100337.jpg,2100337,2,0,NA
2013830_2,2023-01-04 21:28:03.825626,SHO,2013830.jpg,2013830,2,0,NA
2013837_2,2023-01-04 21:28:03.122509,SHO,2013837.jpg,2013837,2,0,NA
2013842_2,2023-01-04 21:28:02.044555,SHO,2013842.jpg,2013842,2,0,NA
2013849_2,2023-01-04 21:28:01.325638,SHO,2013849.jpg,2013849,2,0,NA
2013860_2,2023-01-04 21:28:00.638202,SHO,2013860.jpg,2013860,2,0,NA
2013915_2,2023-01-04 21:27:59.950644,SHO,2013915.jpg,2013915,2,0,NA
1911716_1,2023-01-04 21:27:59.294501,ACC,1911716.jpg,1911716,1,0,NA
2218364_2,2023-01-04 21:27:58.685024,ACC,2218364.jpg,2218364,2,0,NA
2006016_2,2023-01-04 21:27:57.435055,JEW,2006016.jpg,2006016,2,0,NA
2003944_2,2023-01-04 21:27:57.060153,JEW,2003944.jpg,2003944,2,0,NA
2007143_2,2023-01-04 21:27:54.903788,JEW,2007143.jpg,2007143,2,0,NA
2008047_2,2023-01-04 21:27:53.513176,CLO,2008047.jpg,2008047,2,0,NA
2009166_2,2023-01-04 21:27:52.950675,BEAUTY,2009166.jpg,2009166,2,0,NA
2009814_2,2023-01-04 21:27:52.231936,JEW,2009814.jpg,2009814,2,0,NA
2009815_2,2023-01-04 21:27:51.575677,JEW,2009815.jpg,2009815,2,0,NA
2010529_2,2023-01-04 21:27:50.310061,ACC,2010529.jpg,2010529,2,0,NA
2010532_2,2023-01-04 21:27:49.169444,ACC,2010532.jpg,2010532,2,0,NA
2010533_2,2023-01-04 21:27:48.341331,ACC,2010533.jpg,2010533,2,0,NA
2010535_2,2023-01-04 21:27:47.341321,ACC,2010535.jpg,2010535,2,0,NA
2010537_2,2023-01-04 21:27:45.763195,ACC,2010537.jpg,2010537,2,0,NA
2010548_2,2023-01-04 21:27:44.481955,ACC,2010548.jpg,2010548,2,0,NA
2010549_2,2023-01-04 21:27:43.153835,ACC,2010549.jpg,2010549,2,0,NA
2010553_2,2023-01-04 21:27:41.778844,ACC,2010553.jpg,2010553,2,0,NA
2010556_2,2023-01-04 21:27:40.528845,ACC,2010556.jpg,2010556,2,0,NA
2010560_2,2023-01-04 21:27:38.903879,ACC,2010560.jpg,2010560,2,0,NA
2010561_2,2023-01-04 21:27:38.231982,ACC,2010561.jpg,2010561,2,0,NA
2010562_2,2023-01-04 21:27:37.482000,ACC,2010562.jpg,2010562,2,0,NA
2010563_2,2023-01-04 21:27:36.341362,ACC,2010563.jpg,2010563,2,0,NA
2010564_2,2023-01-04 21:27:35.606991,ACC,2010564.jpg,2010564,2,0,NA
2010582_2,2023-01-04 21:27:34.310126,ACC,2010582.jpg,2010582,2,0,NA
2010599_2,2023-01-04 21:27:33.700744,ACC,2010599.jpg,2010599,2,0,NA
2010603_2,2023-01-04 21:27:32.966370,ACC,2010603.jpg,2010603,2,0,NA
2010628_2,2023-01-04 21:27:31.544507,SHO,2010628.jpg,2010628,2,0,NA
2010629_2,2023-01-04 21:27:30.841388,SHO,2010629.jpg,2010629,2,0,NA
2010831_2,2023-01-04 21:27:29.950793,BEAUTY,2010831.jpg,2010831,2,0,NA
2013793_2,2023-01-04 21:27:28.153896,SHO,2013793.jpg,2013793,2,0,NA
2013803_2,2023-01-04 21:27:27.450772,SHO,2013803.jpg,2013803,2,0,NA
2013811_2,2023-01-04 21:27:26.294528,SHO,2013811.jpg,2013811,2,0,NA
2013815_2,2023-01-04 21:27:25.200944,SHO,2013815.jpg,2013815,2,0,NA
2011674_2,2023-01-04 21:27:23.638303,CLO,2011674.jpg,2011674,2,0,NA
2012117_2,2023-01-04 21:27:19.372680,CLO,2012117.jpg,2012117,2,0,NA
2013073_2,2023-01-04 21:27:18.341444,CLO,2013073.jpg,2013073,2,0,NA
2013133_2,2023-01-04 21:27:13.982074,CLO,2013133.jpg,2013133,2,0,NA
2013135_2,2023-01-04 21:27:13.185194,CLO,2013135.jpg,2013135,2,0,NA
2013136_2,2023-01-04 21:27:11.091456,CLO,2013136.jpg,2013136,2,0,NA
2013138_2,2023-01-04 21:27:05.513407,CLO,2013138.jpg,2013138,2,0,NA
2013986_2,2023-01-04 21:27:01.732146,CLO,2013986.jpg,2013986,2,0,NA
2014655_2,2023-01-04 21:26:59.419657,CLO,2014655.jpg,2014655,2,0,NA
2014809_2,2023-01-04 21:26:57.357279,CLO,2014809.jpg,2014809,2,0,NA
1911347_1,2023-01-04 21:26:55.060345,CLO,1911347.jpg,1911347,1,0,NA
2009282_2,2023-01-04 21:26:48.263414,CLO,2009282.jpg,2009282,2,0,NA
2010862_2,2023-01-04 21:26:45.029057,CLO,2010862.jpg,2010862,2,0,NA
2010877_2,2023-01-04 21:26:40.716627,CLO,2010877.jpg,2010877,2,0,NA
2011482_2,2023-01-04 21:26:38.325969,CLO,2011482.jpg,2011482,2,0,NA
2011818_2,2023-01-04 21:26:33.544743,CLO,2011818.jpg,2011818,2,0,NA
2011942_2,2023-01-04 21:26:31.575984,CLO,2011942.jpg,2011942,2,0,NA
2012114_2,2023-01-04 21:26:28.544769,CLO,2012114.jpg,2012114,2,0,NA
2012115_2,2023-01-04 21:26:27.404290,CLO,2012115.jpg,2012115,2,0,NA
2013071_2,2023-01-04 21:26:25.607250,CLO,2013071.jpg,2013071,2,0,NA
2013134_2,2023-01-04 21:26:23.310414,CLO,2013134.jpg,2013134,2,0,NA
2014627_2,2023-01-04 21:26:20.794773,CLO,2014627.jpg,2014627,2,0,NA
2014874_2,2023-01-04 21:26:17.185412,CLO,2014874.jpg,2014874,2,0,NA
2100393_2,2023-01-04 21:26:14.794844,CLO,2100393.jpg,2100393,2,0,NA
2012329_2,2023-01-04 21:26:09.560502,CLO,2012329.jpg,2012329,2,0,NA
2014733_2,2023-01-04 21:26:08.310449,CLO,2014733.jpg,2014733,2,0,NA
2014744_2,2023-01-04 21:26:05.201312,CLO,2014744.jpg,2014744,2,0,NA
2014764_2,2023-01-04 21:26:03.154280,CLO,2014764.jpg,2014764,2,0,NA
2014890_2,2023-01-04 21:25:57.372993,CLO,2014890.jpg,2014890,2,0,NA
2100011_2,2023-01-04 21:25:55.685509,CLO,2100011.jpg,2100011,2,0,NA
2100012_2,2023-01-04 21:25:50.826150,CLO,2100012.jpg,2100012,2,0,NA
2100078_2,2023-01-04 21:25:48.498022,CLO,2100078.jpg,2100078,2,0,NA
2100090_2,2023-01-04 21:25:46.013683,CLO,2100090.jpg,2100090,2,0,NA
2100091_2,2023-01-04 21:25:41.310550,CLO,2100091.jpg,2100091,2,0,NA
2100096_2,2023-01-04 21:25:37.560559,CLO,2100096.jpg,2100096,2,0,NA
2100195_2,2023-01-04 21:25:36.138693,CLO,2100195.jpg,2100195,2,0,NA
2100197_2,2023-01-04 21:25:35.419947,CLO,2100197.jpg,2100197,2,0,NA
2100220_2,2023-01-04 21:25:32.482458,CLO,2100220.jpg,2100220,2,0,NA
2100573_2,2023-01-04 21:25:30.857475,CLO,2100573.jpg,2100573,2,0,NA
2100574_2,2023-01-04 21:25:27.857478,CLO,2100574.jpg,2100574,2,0,NA
2100575_2,2023-01-04 21:25:24.123117,CLO,2100575.jpg,2100575,2,0,NA
2100576_2,2023-01-04 21:25:21.373125,CLO,2100576.jpg,2100576,2,0,NA
2100577_2,2023-01-04 21:25:17.951267,CLO,2100577.jpg,2100577,2,0,NA
2100578_2,2023-01-04 21:25:14.373245,CLO,2100578.jpg,2100578,2,0,NA
1908701_1,2023-01-04 21:25:11.873173,CLO,1908701.jpg,1908701,1,0,NA
2004290_2,2023-01-04 21:25:09.513813,CLO,2004290.jpg,2004290,2,0,NA
2008306_2,2023-01-04 21:25:06.951314,CLO,2008306.jpg,2008306,2,0,NA
2005976_2,2023-01-04 21:25:04.623192,CLO,2005976.jpg,2005976,2,0,NA
2008792_2,2023-01-04 21:25:04.045067,CLO,2008792.jpg,2008792,2,0,NA
2009029_2,2023-01-04 21:25:03.170071,CLO,2009029.jpg,2009029,2,0,NA
2103331_2,2023-01-04 21:25:02.138990,CLO,2103331.jpg,2103331,2,0,NA
2009037_2,2023-01-04 21:25:01.654464,CLO,2009037.jpg,2009037,2,0,NA
2010480_2,2023-01-04 21:25:00.904576,CLO,2010480.jpg,2010480,2,0,NA
2010632_2,2023-01-04 21:24:59.248221,CLO,2010632.jpg,2010632,2,0,NA
2010636_2,2023-01-04 21:24:56.138891,CLO,2010636.jpg,2010636,2,0,NA
2010637_2,2023-01-04 21:24:53.732627,CLO,2010637.jpg,2010637,2,0,NA
2010869_2,2023-01-04 21:24:50.638898,CLO,2010869.jpg,2010869,2,0,NA
2011350_2,2023-01-04 21:24:48.029696,CLO,2011350.jpg,2011350,2,0,NA
2011501_2,2023-01-04 21:24:47.310798,CLO,2011501.jpg,2011501,2,0,NA
2011819_2,2023-01-04 21:24:46.467165,CLO,2011819.jpg,2011819,2,0,NA
2011892_2,2023-01-04 21:24:45.654867,CLO,2011892.jpg,2011892,2,0,NA
2011996_2,2023-01-04 21:24:44.873358,CLO,2011996.jpg,2011996,2,0,NA
2012040_2,2023-01-04 21:24:43.482871,CLO,2012040.jpg,2012040,2,0,NA
2012048_2,2023-01-04 21:24:40.983077,CLO,2012048.jpg,2012048,2,0,NA
2012101_2,2023-01-04 21:24:38.529536,CLO,2012101.jpg,2012101,2,0,NA
2012108_2,2023-01-04 21:24:35.810810,CLO,2012108.jpg,2012108,2,0,NA
2012158_2,2023-01-04 21:24:33.185955,CLO,2012158.jpg,2012158,2,0,NA
2012201_2,2023-01-04 21:24:30.576472,CLO,2012201.jpg,2012201,2,0,NA
2012326_2,2023-01-04 21:24:29.795224,CLO,2012326.jpg,2012326,2,0,NA
2012328_2,2023-01-04 21:24:28.420232,CLO,2012328.jpg,2012328,2,0,NA
2012340_2,2023-01-04 21:24:27.748356,CLO,2012340.jpg,2012340,2,0,NA
2012341_2,2023-01-04 21:24:26.576478,CLO,2012341.jpg,2012341,2,0,NA
2012382_2,2023-01-04 21:24:24.279690,CLO,2012382.jpg,2012382,2,0,NA
2012485_2,2023-01-04 21:24:21.842108,CLO,2012485.jpg,2012485,2,0,NA
2012578_2,2023-01-04 21:24:19.435866,CLO,2012578.jpg,2012578,2,0,NA
2012377_2,2023-01-04 21:24:17.014010,CLO,2012377.jpg,2012377,2,0,NA
2013003_2,2023-01-04 21:24:14.107790,CLO,2013003.jpg,2013003,2,0,NA
2013064_2,2023-01-04 21:24:12.498387,CLO,2013064.jpg,2013064,2,0,NA
2013084_2,2023-01-04 21:24:11.779641,CLO,2013084.jpg,2013084,2,0,NA
2013087_2,2023-01-04 21:24:10.451540,CLO,2013087.jpg,2013087,2,0,NA
2013099_2,2023-01-04 21:24:09.717163,CLO,2013099.jpg,2013099,2,0,NA
2013106_2,2023-01-04 21:24:07.623412,CLO,2013106.jpg,2013106,2,0,NA
2013107_2,2023-01-04 21:24:05.201548,CLO,2013107.jpg,2013107,2,0,NA
2013126_2,2023-01-04 21:24:02.576691,CLO,2013126.jpg,2013126,2,0,NA
2013679_2,2023-01-04 21:24:00.014060,CLO,2013679.jpg,2013679,2,0,NA
1609895_1,2023-01-04 21:23:57.701568,CLO,1609895.jpg,1609895,1,0,NA
1301316_1,2023-01-04 21:23:56.514078,CLO,1301316.jpg,1301316,1,0,NA
1609756_1,2023-01-04 21:23:55.795329,CLO,1609756.jpg,1609756,1,0,NA
1304232_1,2023-01-04 21:23:55.264180,CLO,1304232.jpg,1304232,1,0,NA
2013687_2,2023-01-04 21:23:54.764081,CLO,2013687.jpg,2013687,2,0,NA
2014274_2,2023-01-04 21:23:53.529723,CLO,2014274.jpg,2014274,2,0,NA
2014278_2,2023-01-04 21:23:51.232890,CLO,2014278.jpg,2014278,2,0,NA
2014296_2,2023-01-04 21:23:48.748498,CLO,2014296.jpg,2014296,2,0,NA
2014310_2,2023-01-04 21:23:46.170364,CLO,2014310.jpg,2014310,2,0,NA
2014311_2,2023-01-04 21:23:43.795372,CLO,2014311.jpg,2014311,2,0,NA
2014313_2,2023-01-04 21:23:41.326632,CLO,2014313.jpg,2014313,2,0,NA
2014315_2,2023-01-04 21:23:40.123512,CLO,2014315.jpg,2014315,2,0,NA
2014323_2,2023-01-04 21:23:38.920393,CLO,2014323.jpg,2014323,2,0,NA
2014325_2,2023-01-04 21:23:37.764279,CLO,2014325.jpg,2014325,2,0,NA
2014330_2,2023-01-04 21:23:37.045425,CLO,2014330.jpg,2014330,2,0,NA
2014366_2,2023-01-04 21:23:34.576658,CLO,2014366.jpg,2014366,2,0,NA
2014517_2,2023-01-04 21:23:32.076703,CLO,2014517.jpg,2014517,2,0,NA
2014368_2,2023-01-04 21:23:29.576693,CLO,2014368.jpg,2014368,2,0,NA
2014525_2,2023-01-04 21:23:25.779827,CLO,2014525.jpg,2014525,2,0,NA
2014528_2,2023-01-04 21:23:22.904835,CLO,2014528.jpg,2014528,2,0,NA
2014524_2,2023-01-04 21:23:22.311094,CLO,2014524.jpg,2014524,2,0,NA
2014530_2,2023-01-04 21:23:21.607966,CLO,2014530.jpg,2014530,2,0,NA
2014532_2,2023-01-04 21:23:20.717376,CLO,2014532.jpg,2014532,2,0,NA
2014533_2,2023-01-04 21:23:19.857985,CLO,2014533.jpg,2014533,2,0,NA
2014535_2,2023-01-04 21:23:19.029882,CLO,2014535.jpg,2014535,2,0,NA
2014609_2,2023-01-04 21:23:16.608031,CLO,2014609.jpg,2014609,2,0,NA
2014611_2,2023-01-04 21:23:14.108007,CLO,2014611.jpg,2014611,2,0,NA
2014630_2,2023-01-04 21:23:11.170523,CLO,2014630.jpg,2014630,2,0,NA
2014616_2,2023-01-04 21:23:08.779921,CLO,2014616.jpg,2014616,2,0,NA
2014635_2,2023-01-04 21:23:06.436141,CLO,2014635.jpg,2014635,2,0,NA
2014648_2,2023-01-04 21:23:05.779956,CLO,2014648.jpg,2014648,2,0,NA
2014673_2,2023-01-04 21:23:04.436149,CLO,2014673.jpg,2014673,2,0,NA
2014678_2,2023-01-04 21:23:03.623659,CLO,2014678.jpg,2014678,2,0,NA
2014679_2,2023-01-04 21:23:02.998656,CLO,2014679.jpg,2014679,2,0,NA
2014695_2,2023-01-04 21:23:01.373666,CLO,2014695.jpg,2014695,2,0,NA
2014696_2,2023-01-04 21:22:58.920549,CLO,2014696.jpg,2014696,2,0,NA
2014698_2,2023-01-04 21:22:56.561183,CLO,2014698.jpg,2014698,2,0,NA
2014699_2,2023-01-04 21:22:53.904974,CLO,2014699.jpg,2014699,2,0,NA
2014705_2,2023-01-04 21:22:50.342462,CLO,2014705.jpg,2014705,2,0,NA
2014795_2,2023-01-04 21:22:49.108081,CLO,2014795.jpg,2014795,2,0,NA
2014818_2,2023-01-04 21:22:48.389397,CLO,2014818.jpg,2014818,2,0,NA
2014815_2,2023-01-04 21:22:47.764333,CLO,2014815.jpg,2014815,2,0,NA
2014821_2,2023-01-04 21:22:47.123721,CLO,2014821.jpg,2014821,2,0,NA
2014822_2,2023-01-04 21:22:45.201847,CLO,2014822.jpg,2014822,2,0,NA
2014830_2,2023-01-04 21:22:42.842489,CLO,2014830.jpg,2014830,2,0,NA
2014832_2,2023-01-04 21:22:40.295627,CLO,2014832.jpg,2014832,2,0,NA
2014840_2,2023-01-04 21:22:37.717505,CLO,2014840.jpg,2014840,2,0,NA
2100033_2,2023-01-04 21:22:35.217510,CLO,2100033.jpg,2100033,2,0,NA
2100034_2,2023-01-04 21:22:33.998768,CLO,2100034.jpg,2100034,2,0,NA
2100039_2,2023-01-04 21:22:33.217519,CLO,2100039.jpg,2100039,2,0,NA
2100040_2,2023-01-04 21:22:32.514398,CLO,2100040.jpg,2100040,2,0,NA
2100041_2,2023-01-04 21:22:31.795650,CLO,2100041.jpg,2100041,2,0,NA
2100042_2,2023-01-04 21:22:30.608164,CLO,2100042.jpg,2100042,2,0,NA
2100045_2,2023-01-04 21:22:27.467622,CLO,2100045.jpg,2100045,2,0,NA
2100050_2,2023-01-04 21:22:25.436427,CLO,2100050.jpg,2100050,2,0,NA
2100051_2,2023-01-04 21:22:22.717563,CLO,2100051.jpg,2100051,2,0,NA
2101264_2,2023-01-04 21:22:18.451958,CLO,2101264.jpg,2101264,2,0,NA
2100052_2,2023-01-04 21:22:15.076966,CLO,2100052.jpg,2100052,2,0,NA
2100056_2,2023-01-04 21:22:11.795730,CLO,2100056.jpg,2100056,2,0,NA
2100057_2,2023-01-04 21:22:07.592711,CLO,2100057.jpg,2100057,2,0,NA
2100059_2,2023-01-04 21:22:04.045764,CLO,2100059.jpg,2100059,2,0,NA
2100060_2,2023-01-04 21:22:01.733260,CLO,2100060.jpg,2100060,2,0,NA
2100066_2,2023-01-04 21:21:58.264527,CLO,2100066.jpg,2100066,2,0,NA
2100067_2,2023-01-04 21:21:57.248905,CLO,2100067.jpg,2100067,2,0,NA
2100070_2,2023-01-04 21:21:56.498910,CLO,2100070.jpg,2100070,2,0,NA
2100092_2,2023-01-04 21:21:52.936429,CLO,2100092.jpg,2100092,2,0,NA
2105751_2,2023-01-04 21:21:50.983308,CLO,2105751.jpg,2105751,2,0,NA
2100098_2,2023-01-04 21:21:48.608332,CLO,2100098.jpg,2100098,2,0,NA
2100122_2,2023-01-04 21:21:46.092692,CLO,2100122.jpg,2100122,2,0,NA
2100158_2,2023-01-04 21:21:41.967716,CLO,2100158.jpg,2100158,2,0,NA
2100236_2,2023-01-04 21:21:40.202099,CLO,2100236.jpg,2100236,2,0,NA
2100187_2,2023-01-04 21:21:39.592749,CLO,2100187.jpg,2100187,2,0,NA
2100262_2,2023-01-04 21:21:38.858467,CLO,2100262.jpg,2100262,2,0,NA
2100273_2,2023-01-04 21:21:34.905291,CLO,2100273.jpg,2100273,2,0,NA
2100274_2,2023-01-04 21:21:32.155257,CLO,2100274.jpg,2100274,2,0,NA
2100276_2,2023-01-04 21:21:30.405262,CLO,2100276.jpg,2100276,2,0,NA
2100390_2,2023-01-04 21:21:27.139647,CLO,2100390.jpg,2100390,2,0,NA
2100467_2,2023-01-04 21:21:24.592783,CLO,2100467.jpg,2100467,2,0,NA
2100499_2,2023-01-04 21:21:23.249041,CLO,2100499.jpg,2100499,2,0,NA
1812033_1,2023-01-04 21:21:22.702367,SHO,1812033.jpg,1812033,1,0,NA
2007812_2,2023-01-04 21:21:20.842800,SHO,2007812.jpg,2007812,2,0,NA
2011691_2,2023-01-04 21:21:20.108427,JEW,2011691.jpg,2011691,2,0,NA
2011753_2,2023-01-04 21:21:17.655309,CLO,2011753.jpg,2011753,2,0,NA
2010136_2,2023-01-04 21:21:16.545937,JEW,2010136.jpg,2010136,2,0,NA
2012881_2,2023-01-04 21:21:16.155325,JEW,2012881.jpg,2012881,2,0,NA
2013791_2,2023-01-04 21:21:15.530317,SHO,2013791.jpg,2013791,2,0,NA
2013798_2,2023-01-04 21:21:14.436660,SHO,2013798.jpg,2013798,2,0,NA
2013802_2,2023-01-04 21:21:13.030325,SHO,2013802.jpg,2013802,2,0,NA
2013992_2,2023-01-04 21:21:11.795958,SHO,2013992.jpg,2013992,2,0,NA
2013994_2,2023-01-04 21:21:10.561580,SHO,2013994.jpg,2013994,2,0,NA
2014895_2,2023-01-04 21:21:09.077218,CLO,2014895.jpg,2014895,2,0,NA
2013995_2,2023-01-04 21:21:07.858472,SHO,2013995.jpg,2013995,2,0,NA
2014896_2,2023-01-04 21:21:05.952227,CLO,2014896.jpg,2014896,2,0,NA
2014897_2,2023-01-04 21:21:03.749115,CLO,2014897.jpg,2014897,2,0,NA
2014898_2,2023-01-04 21:20:59.139756,CLO,2014898.jpg,2014898,2,0,NA
2014903_2,2023-01-04 21:20:56.139769,CLO,2014903.jpg,2014903,2,0,NA
2014904_2,2023-01-04 21:20:53.811649,CLO,2014904.jpg,2014904,2,0,NA
2014905_2,2023-01-04 21:20:50.061659,CLO,2014905.jpg,2014905,2,0,NA
2014906_2,2023-01-04 21:20:48.139816,CLO,2014906.jpg,2014906,2,0,NA
2014907_2,2023-01-04 21:20:47.514800,CLO,2014907.jpg,2014907,2,0,NA
2014915_2,2023-01-04 21:20:41.139827,CLO,2014915.jpg,2014915,2,0,NA
2014916_2,2023-01-04 21:20:33.358721,CLO,2014916.jpg,2014916,2,0,NA
2014917_2,2023-01-04 21:20:31.108634,CLO,2014917.jpg,2014917,2,0,NA
2014918_2,2023-01-04 21:20:24.061769,CLO,2014918.jpg,2014918,2,0,NA
2014920_2,2023-01-04 21:20:21.468029,CLO,2014920.jpg,2014920,2,0,NA
2100007_2,2023-01-04 21:20:20.889911,SHO,2100007.jpg,2100007,2,0,NA
2100008_2,2023-01-04 21:20:20.218035,SHO,2100008.jpg,2100008,2,0,NA
2100009_2,2023-01-04 21:20:19.546156,SHO,2100009.jpg,2100009,2,0,NA
2100010_2,2023-01-04 21:20:18.968040,SHO,2100010.jpg,2100010,2,0,NA
2000354_2,2023-01-04 21:20:18.218055,JEW,2000354.jpg,2000354,2,0,NA
2006204_2,2023-01-04 21:20:17.436954,JEW,2006204.jpg,2006204,2,0,NA
2006821_2,2023-01-04 21:20:16.827460,ACC,2006821.jpg,2006821,2,0,NA
2006826_2,2023-01-04 21:20:16.171215,ACC,2006826.jpg,2006826,2,0,NA
2006979_2,2023-01-04 21:20:15.499426,ACC,2006979.jpg,2006979,2,0,NA
2006958_2,2023-01-04 21:20:14.874398,ACC,2006958.jpg,2006958,2,0,NA
2007064_2,2023-01-04 21:20:14.218065,ACC,2007064.jpg,2007064,2,0,NA
2007168_2,2023-01-04 21:20:13.546186,JEW,2007168.jpg,2007168,2,0,NA
2007600_2,2023-01-04 21:20:12.921189,ACC,2007600.jpg,2007600,2,0,NA
2007990_2,2023-01-04 21:20:12.311822,ACC,2007990.jpg,2007990,2,0,NA
2008499_2,2023-01-04 21:20:11.671196,JEW,2008499.jpg,2008499,2,0,NA
2009203_2,2023-01-04 21:20:11.030578,JEW,2009203.jpg,2009203,2,0,NA
2010551_2,2023-01-04 21:20:10.374315,ACC,2010551.jpg,2010551,2,0,NA
2010552_2,2023-01-04 21:20:09.764939,ACC,2010552.jpg,2010552,2,0,NA
2010886_2,2023-01-04 21:20:09.061821,BEAUTY,2010886.jpg,2010886,2,0,NA
2012620_2,2023-01-04 21:20:08.436865,SHO,2012620.jpg,2012620,2,0,NA
2012621_2,2023-01-04 21:20:07.671199,SHO,2012621.jpg,2012621,2,0,NA
2012622_2,2023-01-04 21:19:53.968153,SHO,2012622.jpg,2012622,2,0,NA
2013383_2,2023-01-04 21:19:53.202519,CLO,2013383.jpg,2013383,2,0,NA
2013756_2,2023-01-04 21:19:52.436917,ACC,2013756.jpg,2013756,2,0,NA
1608760_1,2023-01-04 21:19:51.624574,ACC,1608760.jpg,1608760,1,0,NA
1708543_1,2023-01-04 21:19:51.077513,ACC,1708543.jpg,1708543,1,0,NA
1906515_1,2023-01-04 21:19:50.452628,BEAUTY,1906515.jpg,1906515,1,0,NA
1907070_1,2023-01-04 21:19:49.858800,SHO,1907070.jpg,1907070,1,0,NA
2000615_2,2023-01-04 21:19:49.062467,JEW,2000615.jpg,2000615,2,0,NA
2005882_2,2023-01-04 21:19:48.468184,ACC,2005882.jpg,2005882,2,0,NA
2006740_2,2023-01-04 21:19:47.827527,ACC,2006740.jpg,2006740,2,0,NA
2006748_2,2023-01-04 21:19:47.186910,ACC,2006748.jpg,2006748,2,0,NA
2006750_2,2023-01-04 21:19:46.483795,ACC,2006750.jpg,2006750,2,0,NA
2006834_2,2023-01-04 21:19:45.796364,ACC,2006834.jpg,2006834,2,0,NA
2004766_2,2023-01-04 21:19:45.077538,JEW,2004766.jpg,2004766,2,0,NA
2007668_2,2023-01-04 21:19:44.702552,JEW,2007668.jpg,2007668,2,0,NA
2008475_2,2023-01-04 21:19:44.108795,ACC,2008475.jpg,2008475,2,0,NA
2005187_2,2023-01-04 21:19:43.733796,ACC,2005187.jpg,2005187,2,0,NA
2009204_2,2023-01-04 21:19:43.108856,JEW,2009204.jpg,2009204,2,0,NA
2009222_2,2023-01-04 21:19:42.249442,ACC,2009222.jpg,2009222,2,0,NA
2009234_2,2023-01-04 21:19:41.608819,SHO,2009234.jpg,2009234,2,0,NA
2009517_2,2023-01-04 21:19:40.983821,SHO,2009517.jpg,2009517,2,0,NA
2010530_2,2023-01-04 21:19:40.296306,ACC,2010530.jpg,2010530,2,0,NA
2010538_2,2023-01-04 21:19:39.577556,ACC,2010538.jpg,2010538,2,0,NA
2010576_2,2023-01-04 21:19:38.847305,ACC,2010576.jpg,2010576,2,0,NA
2010591_2,2023-01-04 21:19:38.157400,ACC,2010591.jpg,2010591,2,0,NA
2010598_2,2023-01-04 21:19:37.515072,ACC,2010598.jpg,2010598,2,0,NA
2010601_2,2023-01-04 21:19:36.843489,ACC,2010601.jpg,2010601,2,0,NA
2010609_2,2023-01-04 21:19:36.218390,ACC,2010609.jpg,2010609,2,0,NA
2010697_2,2023-01-04 21:19:35.530706,ACC,2010697.jpg,2010697,2,0,NA
2011013_2,2023-01-04 21:19:34.655709,ACC,2011013.jpg,2011013,2,0,NA
2011058_2,2023-01-04 21:19:34.093310,ACC,2011058.jpg,2011058,2,0,NA
2011059_2,2023-01-04 21:19:33.343223,ACC,2011059.jpg,2011059,2,0,NA
2011071_2,2023-01-04 21:19:32.577596,ACC,2011071.jpg,2011071,2,0,NA
2011073_2,2023-01-04 21:19:31.905704,ACC,2011073.jpg,2011073,2,0,NA
2011076_2,2023-01-04 21:19:31.343218,ACC,2011076.jpg,2011076,2,0,NA
2011101_2,2023-01-04 21:19:30.671361,ACC,2011101.jpg,2011101,2,0,NA
2011104_2,2023-01-04 21:19:29.718223,ACC,2011104.jpg,2011104,2,0,NA
2011623_2,2023-01-04 21:19:28.999473,BEAUTY,2011623.jpg,2011623,2,0,NA
2011624_2,2023-01-04 21:19:28.280769,BEAUTY,2011624.jpg,2011624,2,0,NA
2011626_2,2023-01-04 21:19:27.671354,BEAUTY,2011626.jpg,2011626,2,0,NA
2011628_2,2023-01-04 21:19:27.015108,BEAUTY,2011628.jpg,2011628,2,0,NA
2011960_2,2023-01-04 21:19:26.390119,ACC,2011960.jpg,2011960,2,0,NA
2013749_2,2023-01-04 21:19:25.671382,ACC,2013749.jpg,2013749,2,0,NA
2013751_2,2023-01-04 21:19:24.999521,ACC,2013751.jpg,2013751,2,0,NA
2013753_2,2023-01-04 21:19:24.265130,ACC,2013753.jpg,2013753,2,0,NA
2013796_2,2023-01-04 21:19:23.593241,SHO,2013796.jpg,2013796,2,0,NA
2014384_2,2023-01-04 21:19:22.983870,ACC,2014384.jpg,2014384,2,0,NA
2014386_2,2023-01-04 21:19:22.390178,ACC,2014386.jpg,2014386,2,0,NA
2014930_2,2023-01-04 21:19:21.702643,ACC,2014930.jpg,2014930,2,0,NA
2014931_2,2023-01-04 21:19:21.077631,ACC,2014931.jpg,2014931,2,0,NA
2014932_2,2023-01-04 21:19:20.437003,ACC,2014932.jpg,2014932,2,0,NA
2100144_2,2023-01-04 21:19:19.562017,ACC,2100144.jpg,2100144,2,0,NA
2100145_2,2023-01-04 21:19:17.858973,ACC,2100145.jpg,2100145,2,0,NA
2100221_2,2023-01-04 21:19:12.890181,CLO,2100221.jpg,2100221,2,0,NA
2100222_2,2023-01-04 21:19:11.718311,BEAUTY,2100222.jpg,2100222,2,0,NA
2100223_2,2023-01-04 21:19:09.827666,BEAUTY,2100223.jpg,2100223,2,0,NA
2100374_2,2023-01-04 21:19:08.483938,ACC,2100374.jpg,2100374,2,0,NA
2006364_2,2023-01-04 21:19:07.499553,CLO,2006364.jpg,2006364,2,0,NA
2006372_2,2023-01-04 21:19:04.733938,CLO,2006372.jpg,2006372,2,0,NA
2007878_2,2023-01-04 21:18:59.968482,CLO,2007878.jpg,2007878,2,0,NA
2010342_2,2023-01-04 21:18:56.218370,CLO,2010342.jpg,2010342,2,0,NA
2011968_2,2023-01-04 21:18:51.640238,CLO,2011968.jpg,2011968,2,0,NA
2012354_2,2023-01-04 21:18:49.077772,CLO,2012354.jpg,2012354,2,0,NA
2012359_2,2023-01-04 21:18:47.577757,CLO,2012359.jpg,2012359,2,0,NA
2012362_2,2023-01-04 21:18:44.999652,CLO,2012362.jpg,2012362,2,0,NA
2012364_2,2023-01-04 21:18:42.405919,CLO,2012364.jpg,2012364,2,0,NA
2012759_2,2023-01-04 21:18:39.499680,CLO,2012759.jpg,2012759,2,0,NA
2012764_2,2023-01-04 21:18:35.562166,CLO,2012764.jpg,2012764,2,0,NA
2012765_2,2023-01-04 21:18:32.218406,CLO,2012765.jpg,2012765,2,0,NA
2012909_2,2023-01-04 21:18:31.030904,SHO,2012909.jpg,2012909,2,0,NA
2012987_2,2023-01-04 21:18:26.140283,CLO,2012987.jpg,2012987,2,0,NA
2012988_2,2023-01-04 21:18:22.640284,CLO,2012988.jpg,2012988,2,0,NA
2012989_2,2023-01-04 21:18:20.327947,CLO,2012989.jpg,2012989,2,0,NA
2012990_2,2023-01-04 21:18:16.155857,CLO,2012990.jpg,2012990,2,0,NA
2012991_2,2023-01-04 21:18:13.702733,CLO,2012991.jpg,2012991,2,0,NA
2012995_2,2023-01-04 21:18:11.421491,CLO,2012995.jpg,2012995,2,0,NA
2013904_2,2023-01-04 21:18:10.187124,SHO,2013904.jpg,2013904,2,0,NA
2013906_2,2023-01-04 21:18:09.468356,SHO,2013906.jpg,2013906,2,0,NA
2014708_2,2023-01-04 21:18:04.687088,CLO,2014708.jpg,2014708,2,0,NA
2014745_2,2023-01-04 21:18:01.968336,CLO,2014745.jpg,2014745,2,0,NA
2014823_2,2023-01-04 21:17:56.624570,CLO,2014823.jpg,2014823,2,0,NA
2014827_2,2023-01-04 21:17:54.640207,CLO,2014827.jpg,2014827,2,0,NA
2100085_2,2023-01-04 21:17:49.343322,CLO,2100085.jpg,2100085,2,0,NA
2100087_2,2023-01-04 21:17:48.140181,CLO,2100087.jpg,2100087,2,0,NA
2013758_2,2023-01-04 21:17:47.655815,ACC,2013758.jpg,2013758,2,0,NA
2013792_2,2023-01-04 21:17:46.921449,SHO,2013792.jpg,2013792,2,0,NA
2013801_2,2023-01-04 21:17:46.233924,SHO,2013801.jpg,2013801,2,0,NA
2013805_2,2023-01-04 21:17:45.624557,SHO,2013805.jpg,2013805,2,0,NA
2013808_2,2023-01-04 21:17:44.952674,SHO,2013808.jpg,2013808,2,0,NA
2013810_2,2023-01-04 21:17:44.312063,SHO,2013810.jpg,2013810,2,0,NA
2013812_2,2023-01-04 21:17:43.624536,SHO,2013812.jpg,2013812,2,0,NA
2013813_2,2023-01-04 21:17:42.952685,SHO,2013813.jpg,2013813,2,0,NA
2013814_2,2023-01-04 21:17:42.234016,SHO,2013814.jpg,2013814,2,0,NA
2013921_2,2023-01-04 21:17:41.530800,BEAUTY,2013921.jpg,2013921,2,0,NA
2013976_2,2023-01-04 21:17:40.796427,BEAUTY,2013976.jpg,2013976,2,0,NA
2013997_2,2023-01-04 21:17:39.890181,SHO,2013997.jpg,2013997,2,0,NA
2014893_2,2023-01-04 21:17:37.812040,CLO,2014893.jpg,2014893,2,0,NA
2014894_2,2023-01-04 21:17:35.515164,CLO,2014894.jpg,2014894,2,0,NA
2014900_2,2023-01-04 21:17:33.077670,CLO,2014900.jpg,2014900,2,0,NA
2014949_2,2023-01-04 21:17:30.655794,CLO,2014949.jpg,2014949,2,0,NA
2014950_2,2023-01-04 21:17:26.218279,CLO,2014950.jpg,2014950,2,0,NA
2014951_2,2023-01-04 21:17:24.890131,CLO,2014951.jpg,2014951,2,0,NA
2014952_2,2023-01-04 21:17:24.265142,CLO,2014952.jpg,2014952,2,0,NA
2014953_2,2023-01-04 21:17:23.468251,CLO,2014953.jpg,2014953,2,0,NA
2014954_2,2023-01-04 21:17:20.171369,CLO,2014954.jpg,2014954,2,0,NA
1707948_1,2023-01-04 21:17:17.921374,CLO,1707948.jpg,1707948,1,0,NA
2008019_2,2023-01-04 21:17:15.796354,CLO,2008019.jpg,2008019,2,0,NA
2013056_2,2023-01-04 21:17:13.468229,CLO,2013056.jpg,2013056,2,0,NA
2014263_2,2023-01-04 21:17:11.186976,CLO,2014263.jpg,2014263,2,0,NA
2014281_2,2023-01-04 21:17:09.749480,CLO,2014281.jpg,2014281,2,0,NA
2014529_2,2023-01-04 21:17:05.296335,CLO,2014529.jpg,2014529,2,0,NA
2014605_2,2023-01-04 21:17:02.218211,CLO,2014605.jpg,2014605,2,0,NA
2014608_2,2023-01-04 21:16:59.452586,CLO,2014608.jpg,2014608,2,0,NA
2014617_2,2023-01-04 21:16:56.515083,CLO,2014617.jpg,2014617,2,0,NA
2014619_2,2023-01-04 21:16:54.077595,CLO,2014619.jpg,2014619,2,0,NA
2014851_2,2023-01-04 21:16:51.999447,CLO,2014851.jpg,2014851,2,0,NA
2100021_2,2023-01-04 21:16:48.843173,CLO,2100021.jpg,2100021,2,0,NA
2100073_2,2023-01-04 21:16:47.343185,CLO,2100073.jpg,2100073,2,0,NA
2100157_2,2023-01-04 21:16:43.343157,CLO,2100157.jpg,2100157,2,0,NA
2100160_2,2023-01-04 21:16:40.077538,CLO,2100160.jpg,2100160,2,0,NA
2100169_2,2023-01-04 21:16:36.280664,CLO,2100169.jpg,2100169,2,0,NA
2100193_2,2023-01-04 21:16:31.593136,CLO,2100193.jpg,2100193,2,0,NA
2100196_2,2023-01-04 21:16:29.843166,CLO,2100196.jpg,2100196,2,0,NA
2100202_2,2023-01-04 21:16:29.046270,CLO,2100202.jpg,2100202,2,0,NA
2100306_2,2023-01-04 21:16:25.577517,CLO,2100306.jpg,2100306,2,0,NA
2100329_2,2023-01-04 21:16:22.046263,CLO,2100329.jpg,2100329,2,0,NA
2100331_2,2023-01-04 21:16:18.343122,CLO,2100331.jpg,2100331,2,0,NA
2100333_2,2023-01-04 21:16:14.218086,CLO,2100333.jpg,2100333,2,0,NA
2100364_2,2023-01-04 21:16:12.155654,CLO,2100364.jpg,2100364,2,0,NA
2100404_2,2023-01-04 21:16:10.593108,CLO,2100404.jpg,2100404,2,0,NA
2100413_2,2023-01-04 21:16:09.452453,CLO,2100413.jpg,2100413,2,0,NA
2100415_2,2023-01-04 21:16:06.655573,CLO,2100415.jpg,2100415,2,0,NA
2100416_2,2023-01-04 21:16:03.639954,CLO,2100416.jpg,2100416,2,0,NA
2100417_2,2023-01-04 21:16:02.389966,CLO,2100417.jpg,2100417,2,0,NA
2100420_2,2023-01-04 21:15:58.686807,CLO,2100420.jpg,2100420,2,0,NA
2100460_2,2023-01-04 21:15:57.921182,CLO,2100460.jpg,2100460,2,0,NA
2100468_2,2023-01-04 21:15:52.530554,CLO,2100468.jpg,2100468,2,0,NA
2100469_2,2023-01-04 21:15:48.999297,CLO,2100469.jpg,2100469,2,0,NA
2100500_2,2023-01-04 21:15:43.296165,CLO,2100500.jpg,2100500,2,0,NA
2100508_2,2023-01-04 21:15:38.390016,CLO,2100508.jpg,2100508,2,0,NA
2100511_2,2023-01-04 21:15:34.421138,CLO,2100511.jpg,2100511,2,0,NA
2100531_2,2023-01-04 21:15:30.561745,CLO,2100531.jpg,2100531,2,0,NA
2100532_2,2023-01-04 21:15:29.874244,CLO,2100532.jpg,2100532,2,0,NA
2100537_2,2023-01-04 21:15:23.592991,CLO,2100537.jpg,2100537,2,0,NA
2100540_2,2023-01-04 21:15:20.764848,CLO,2100540.jpg,2100540,2,0,NA
2100545_2,2023-01-04 21:15:18.874211,CLO,2100545.jpg,2100545,2,0,NA
2100546_2,2023-01-04 21:15:18.108590,CLO,2100546.jpg,2100546,2,0,NA
2100580_2,2023-01-04 21:15:11.639836,CLO,2100580.jpg,2100580,2,0,NA
2100588_2,2023-01-04 21:15:11.014837,CLO,2100588.jpg,2100588,2,0,NA
2100595_2,2023-01-04 21:15:08.139827,CLO,2100595.jpg,2100595,2,0,NA
2100675_2,2023-01-04 21:15:06.546077,CLO,2100675.jpg,2100675,2,0,NA
1603999_1,2023-01-04 21:15:05.921149,JEW,1603999.jpg,1603999,1,0,NA
1504106_1,2023-01-04 21:15:05.514840,JEW,1504106.jpg,1504106,1,0,NA
1606279_1,2023-01-04 21:15:05.124233,JEW,1606279.jpg,1606279,1,0,NA
1505423_1,2023-01-04 21:15:04.733560,JEW,1505423.jpg,1505423,1,0,NA
1507263_1,2023-01-04 21:15:04.358603,JEW,1507263.jpg,1507263,1,0,NA
1609519_1,2023-01-04 21:15:03.983560,JEW,1609519.jpg,1609519,1,0,NA
1905193_1,2023-01-04 21:15:03.389827,ACC,1905193.jpg,1905193,1,0,NA
2006223_2,2023-01-04 21:15:02.764812,JEW,2006223.jpg,2006223,2,0,NA
2006462_2,2023-01-04 21:14:54.967920,ACC,2006462.jpg,2006462,2,0,NA
2003131_2,2023-01-04 21:14:54.577293,ACC,2003131.jpg,2003131,2,0,NA
2006995_2,2023-01-04 21:14:54.046052,ACC,2006995.jpg,2006995,2,0,NA
2007189_2,2023-01-04 21:14:53.249254,BEAUTY,2007189.jpg,2007189,2,0,NA
2007226_2,2023-01-04 21:14:52.702298,BEAUTY,2007226.jpg,2007226,2,0,NA
2008470_2,2023-01-04 21:14:51.999181,JEW,2008470.jpg,2008470,2,0,NA
2113471_2,2023-01-04 21:14:51.608541,JEW,2113471.jpg,2113471,2,0,NA
2009635_2,2023-01-04 21:14:50.983552,BEAUTY,2009635.jpg,2009635,2,0,NA
2010042_2,2023-01-04 21:14:50.108546,JEW,2010042.jpg,2010042,2,0,NA
2010047_2,2023-01-04 21:14:49.499163,JEW,2010047.jpg,2010047,2,0,NA
2010301_2,2023-01-04 21:14:48.858528,JEW,2010301.jpg,2010301,2,0,NA
2010627_2,2023-01-04 21:14:48.155413,BEAUTY,2010627.jpg,2010627,2,0,NA
2010631_2,2023-01-04 21:14:47.530415,BEAUTY,2010631.jpg,2010631,2,0,NA
2010639_2,2023-01-04 21:14:46.452273,ACC,2010639.jpg,2010639,2,0,NA
2010818_2,2023-01-04 21:14:45.811719,ACC,2010818.jpg,2010818,2,0,NA
2011027_2,2023-01-04 21:14:45.249165,ACC,2011027.jpg,2011027,2,0,NA
2011028_2,2023-01-04 21:14:44.421019,ACC,2011028.jpg,2011028,2,0,NA
2011031_2,2023-01-04 21:14:43.796022,ACC,2011031.jpg,2011031,2,0,NA
2011032_2,2023-01-04 21:14:43.108574,ACC,2011032.jpg,2011032,2,0,NA
2011034_2,2023-01-04 21:14:42.499160,ACC,2011034.jpg,2011034,2,0,NA
2011036_2,2023-01-04 21:14:41.827262,ACC,2011036.jpg,2011036,2,0,NA
2011040_2,2023-01-04 21:14:41.187333,ACC,2011040.jpg,2011040,2,0,NA
2011069_2,2023-01-04 21:14:40.499356,ACC,2011069.jpg,2011069,2,0,NA
2011077_2,2023-01-04 21:14:39.858513,ACC,2011077.jpg,2011077,2,0,NA
2011081_2,2023-01-04 21:14:39.108528,ACC,2011081.jpg,2011081,2,0,NA
2011084_2,2023-01-04 21:14:38.436625,ACC,2011084.jpg,2011084,2,0,NA
2011259_2,2023-01-04 21:14:37.514746,JEW,2011259.jpg,2011259,2,0,NA
2011521_2,2023-01-04 21:14:36.858508,JEW,2011521.jpg,2011521,2,0,NA
2011579_2,2023-01-04 21:14:36.171004,JEW,2011579.jpg,2011579,2,0,NA
2011962_2,2023-01-04 21:14:35.624156,ACC,2011962.jpg,2011962,2,0,NA
2012743_2,2023-01-04 21:14:34.999282,ACC,2012743.jpg,2012743,2,0,NA
2012887_2,2023-01-04 21:14:34.046011,JEW,2012887.jpg,2012887,2,0,NA
2010717_2,2023-01-04 21:14:33.671367,JEW,2010717.jpg,2010717,2,0,NA
2009620_2,2023-01-04 21:14:32.889752,JEW,2009620.jpg,2009620,2,0,NA
2012889_2,2023-01-04 21:14:32.499135,JEW,2012889.jpg,2012889,2,0,NA
2012892_2,2023-01-04 21:14:30.671045,JEW,2012892.jpg,2012892,2,0,NA
2008471_2,2023-01-04 21:14:30.280391,JEW,2008471.jpg,2008471,2,0,NA
2013343_2,2023-01-04 21:14:29.561608,JEW,2013343.jpg,2013343,2,0,NA
2013344_2,2023-01-04 21:14:28.749145,JEW,2013344.jpg,2013344,2,0,NA
2013535_2,2023-01-04 21:14:27.499246,SHO,2013535.jpg,2013535,2,0,NA
2013538_2,2023-01-04 21:14:26.108547,SHO,2013538.jpg,2013538,2,0,NA
2013540_2,2023-01-04 21:14:24.858471,SHO,2013540.jpg,2013540,2,0,NA
2011029_2,2023-01-04 21:14:23.749125,JEW,2011029.jpg,2011029,2,0,NA
2013675_2,2023-01-04 21:14:23.358490,JEW,2013675.jpg,2013675,2,0,NA
2013688_2,2023-01-04 21:14:21.967845,ACC,2013688.jpg,2013688,2,0,NA
2013689_2,2023-01-04 21:14:21.327224,ACC,2013689.jpg,2013689,2,0,NA
2013690_2,2023-01-04 21:14:19.686588,ACC,2013690.jpg,2013690,2,0,NA
2013691_2,2023-01-04 21:14:19.077235,ACC,2013691.jpg,2013691,2,0,NA
2013692_2,2023-01-04 21:14:18.327218,ACC,2013692.jpg,2013692,2,0,NA
2013693_2,2023-01-04 21:14:17.186607,ACC,2013693.jpg,2013693,2,0,NA
2013750_2,2023-01-04 21:14:16.389707,ACC,2013750.jpg,2013750,2,0,NA
2013752_2,2023-01-04 21:14:15.749102,ACC,2013752.jpg,2013752,2,0,NA
2013794_2,2023-01-04 21:14:14.280353,SHO,2013794.jpg,2013794,2,0,NA
2013795_2,2023-01-04 21:14:13.655338,SHO,2013795.jpg,2013795,2,0,NA
2013850_2,2023-01-04 21:14:12.686585,SHO,2013850.jpg,2013850,2,0,NA
2013975_2,2023-01-04 21:14:11.436565,BEAUTY,2013975.jpg,2013975,2,0,NA
2013977_2,2023-01-04 21:14:09.983444,BEAUTY,2013977.jpg,2013977,2,0,NA
2013993_2,2023-01-04 21:14:08.983456,ACC,2013993.jpg,2013993,2,0,NA
2014051_2,2023-01-04 21:14:07.436558,BEAUTY,2014051.jpg,2014051,2,0,NA
2014058_2,2023-01-04 21:14:06.764688,BEAUTY,2014058.jpg,2014058,2,0,NA
2014065_2,2023-01-04 21:14:05.374073,BEAUTY,2014065.jpg,2014065,2,0,NA
2014066_2,2023-01-04 21:14:04.764687,BEAUTY,2014066.jpg,2014066,2,0,NA
2014069_2,2023-01-04 21:14:03.608441,BEAUTY,2014069.jpg,2014069,2,0,NA
2014373_2,2023-01-04 21:14:02.858437,ACC,2014373.jpg,2014373,2,0,NA
2014392_2,2023-01-04 21:14:02.092868,ACC,2014392.jpg,2014392,2,0,NA
2014395_2,2023-01-04 21:14:01.436549,ACC,2014395.jpg,2014395,2,0,NA
2014434_2,2023-01-04 21:13:59.639674,ACC,2014434.jpg,2014434,2,0,NA
2014482_2,2023-01-04 21:13:59.015940,ACC,2014482.jpg,2014482,2,0,NA
2014483_2,2023-01-04 21:13:58.295939,ACC,2014483.jpg,2014483,2,0,NA
2014569_2,2023-01-04 21:13:53.249031,ACC,2014569.jpg,2014569,2,0,NA
2104072_2,2023-01-04 21:13:52.874031,ACC,2104072.jpg,2104072,2,0,NA
2106991_2,2023-01-04 21:13:52.483413,ACC,2106991.jpg,2106991,2,0,NA
2100207_2,2023-01-04 21:13:51.858393,ACC,2100207.jpg,2100207,2,0,NA
2100208_2,2023-01-04 21:13:51.170905,ACC,2100208.jpg,2100208,2,0,NA
2014439_2,2023-01-04 21:13:50.467767,ACC,2014439.jpg,2014439,2,0,NA
2014067_2,2023-01-04 21:13:49.842778,BEAUTY,2014067.jpg,2014067,2,0,NA
2014440_2,2023-01-04 21:13:48.905274,ACC,2014440.jpg,2014440,2,0,NA
2014442_2,2023-01-04 21:13:48.342769,ACC,2014442.jpg,2014442,2,0,NA
2014443_2,2023-01-04 21:13:47.608402,ACC,2014443.jpg,2014443,2,0,NA
2014444_2,2023-01-04 21:13:46.999140,ACC,2014444.jpg,2014444,2,0,NA
2014445_2,2023-01-04 21:13:46.342776,ACC,2014445.jpg,2014445,2,0,NA
2014446_2,2023-01-04 21:13:45.733811,ACC,2014446.jpg,2014446,2,0,NA
2014448_2,2023-01-04 21:13:44.874021,ACC,2014448.jpg,2014448,2,0,NA
2014449_2,2023-01-04 21:13:44.280356,ACC,2014449.jpg,2014449,2,0,NA
2014451_2,2023-01-04 21:13:43.624030,ACC,2014451.jpg,2014451,2,0,NA
2100084_2,2023-01-04 21:13:42.967788,CLO,2100084.jpg,2100084,2,0,NA
2100355_2,2023-01-04 21:13:41.749016,CLO,2100355.jpg,2100355,2,0,NA
2000013_2,2023-01-04 21:13:39.733371,CLO,2000013.jpg,2000013,2,0,NA
2009465_2,2023-01-04 21:13:37.295842,CLO,2009465.jpg,2009465,2,0,NA
2010202_2,2023-01-04 21:13:34.733321,CLO,2010202.jpg,2010202,2,0,NA
2010326_2,2023-01-04 21:13:31.952008,CLO,2010326.jpg,2010326,2,0,NA
2011070_2,2023-01-04 21:13:29.530227,CLO,2011070.jpg,2011070,2,0,NA
2014729_2,2023-01-04 21:13:28.186354,CLO,2014729.jpg,2014729,2,0,NA
2012504_2,2023-01-04 21:13:27.436425,CLO,2012504.jpg,2012504,2,0,NA
2012927_2,2023-01-04 21:13:26.233179,CLO,2012927.jpg,2012927,2,0,NA
2012932_2,2023-01-04 21:13:25.451964,CLO,2012932.jpg,2012932,2,0,NA
2012944_2,2023-01-04 21:13:21.936256,CLO,2012944.jpg,2012944,2,0,NA
2012949_2,2023-01-04 21:13:16.311152,CLO,2012949.jpg,2012949,2,0,NA
2012950_2,2023-01-04 21:13:13.061125,CLO,2012950.jpg,2012950,2,0,NA
2013063_2,2023-01-04 21:13:09.186042,CLO,2013063.jpg,2013063,2,0,NA
2012952_2,2023-01-04 21:13:08.592284,CLO,2012952.jpg,2012952,2,0,NA
2013065_2,2023-01-04 21:13:07.842279,CLO,2013065.jpg,2013065,2,0,NA
2013066_2,2023-01-04 21:13:07.154773,CLO,2013066.jpg,2013066,2,0,NA
2013103_2,2023-01-04 21:13:06.436069,CLO,2013103.jpg,2013103,2,0,NA
2013582_2,2023-01-04 21:13:05.686011,CLO,2013582.jpg,2013582,2,0,NA
2013684_2,2023-01-04 21:13:05.076656,CLO,2013684.jpg,2013684,2,0,NA
1304231_1,2023-01-04 21:13:04.482845,CLO,1304231.jpg,1304231,1,0,NA
1609754_1,2023-01-04 21:13:04.014087,CLO,1609754.jpg,1609754,1,0,NA
2014264_2,2023-01-04 21:13:03.264096,CLO,2014264.jpg,2014264,2,0,NA
2100065_2,2023-01-04 21:13:01.014062,CLO,2100065.jpg,2100065,2,0,NA
2014047_2,2023-01-04 21:12:58.451520,CLO,2014047.jpg,2014047,2,0,NA
2100068_2,2023-01-04 21:12:55.951474,CLO,2100068.jpg,2100068,2,0,NA
2100121_2,2023-01-04 21:12:53.513937,CLO,2100121.jpg,2100121,2,0,NA
2100129_2,2023-01-04 21:12:50.998273,CLO,2100129.jpg,2100129,2,0,NA
2100139_2,2023-01-04 21:12:50.123270,CLO,2100139.jpg,2100139,2,0,NA
2100130_2,2023-01-04 21:12:48.748253,CLO,2100130.jpg,2100130,2,0,NA
2100172_2,2023-01-04 21:12:48.013852,CLO,2100172.jpg,2100172,2,0,NA
2100203_2,2023-01-04 21:12:47.279476,CLO,2100203.jpg,2100203,2,0,NA
2100330_2,2023-01-04 21:12:46.170097,CLO,2100330.jpg,2100330,2,0,NA
2100366_2,2023-01-04 21:12:45.013813,CLO,2100366.jpg,2100366,2,0,NA
2100408_2,2023-01-04 21:12:44.279436,CLO,2100408.jpg,2100408,2,0,NA
2100400_2,2023-01-04 21:12:42.216903,CLO,2100400.jpg,2100400,2,0,NA
2100443_2,2023-01-04 21:12:39.529362,CLO,2100443.jpg,2100443,2,0,NA
2100442_2,2023-01-04 21:12:36.919971,CLO,2100442.jpg,2100442,2,0,NA
2100485_2,2023-01-04 21:12:34.482401,CLO,2100485.jpg,2100485,2,0,NA
2100548_2,2023-01-04 21:12:31.685480,CLO,2100548.jpg,2100548,2,0,NA
2100541_2,2023-01-04 21:12:30.357364,CLO,2100541.jpg,2100541,2,0,NA
2100550_2,2023-01-04 21:12:29.607336,CLO,2100550.jpg,2100550,2,0,NA
2100565_2,2023-01-04 21:12:28.872944,CLO,2100565.jpg,2100565,2,0,NA
2100579_2,2023-01-04 21:12:28.247928,CLO,2100579.jpg,2100579,2,0,NA
2100647_2,2023-01-04 21:12:27.591668,CLO,2100647.jpg,2100647,2,0,NA
2100627_2,2023-01-04 21:12:26.794813,CLO,2100627.jpg,2100627,2,0,NA
2100653_2,2023-01-04 21:12:24.529139,CLO,2100653.jpg,2100653,2,0,NA
2100654_2,2023-01-04 21:12:21.747869,CLO,2100654.jpg,2100654,2,0,NA
2100659_2,2023-01-04 21:12:19.435308,CLO,2100659.jpg,2100659,2,0,NA
2100655_2,2023-01-04 21:12:16.825913,CLO,2100655.jpg,2100655,2,0,NA
2100691_2,2023-01-04 21:12:14.419595,CLO,2100691.jpg,2100691,2,0,NA
2100660_2,2023-01-04 21:12:13.685230,CLO,2100660.jpg,2100660,2,0,NA
2100722_2,2023-01-04 21:12:12.857093,CLO,2100722.jpg,2100722,2,0,NA
2100726_2,2023-01-04 21:12:11.357064,CLO,2100726.jpg,2100726,2,0,NA
2004235_2,2023-01-04 21:12:10.685210,CLO,2004235.jpg,2004235,2,0,NA
2100730_2,2023-01-04 21:12:09.435159,CLO,2100730.jpg,2100730,2,0,NA
2100807_2,2023-01-04 21:12:06.403994,CLO,2100807.jpg,2100807,2,0,NA
2012577_2,2023-01-04 21:12:05.247599,CLO,2012577.jpg,2012577,2,0,NA
2012943_2,2023-01-04 21:12:02.435050,CLO,2012943.jpg,2012943,2,0,NA
2012593_2,2023-01-04 21:11:59.325641,CLO,2012593.jpg,2012593,2,0,NA
2013584_2,2023-01-04 21:11:58.544359,CLO,2013584.jpg,2013584,2,0,NA
2013046_2,2023-01-04 21:11:55.591224,CLO,2013046.jpg,2013046,2,0,NA
2013101_2,2023-01-04 21:11:51.513027,CLO,2013101.jpg,2013101,2,0,NA
2013965_2,2023-01-04 21:11:49.356733,CLO,2013965.jpg,2013965,2,0,NA
2013966_2,2023-01-04 21:11:46.341036,CLO,2013966.jpg,2013966,2,0,NA
2014269_2,2023-01-04 21:11:43.950432,CLO,2014269.jpg,2014269,2,0,NA
2014337_2,2023-01-04 21:11:42.606747,CLO,2014337.jpg,2014337,2,0,NA
2014623_2,2023-01-04 21:11:38.872198,CLO,2014623.jpg,2014623,2,0,NA
2014849_2,2023-01-04 21:11:36.169037,CLO,2014849.jpg,2014849,2,0,NA
2014944_2,2023-01-04 21:11:35.153377,CLO,2014944.jpg,2014944,2,0,NA
2014943_2,2023-01-04 21:11:32.497101,CLO,2014943.jpg,2014943,2,0,NA
2014946_2,2023-01-04 21:11:30.809579,CLO,2014946.jpg,2014946,2,0,NA
2100118_2,2023-01-04 21:11:28.590792,CLO,2100118.jpg,2100118,2,0,NA
2100069_2,2023-01-04 21:11:26.325128,CLO,2100069.jpg,2100069,2,0,NA
2100120_2,2023-01-04 21:11:23.887598,CLO,2100120.jpg,2100120,2,0,NA
2100188_2,2023-01-04 21:11:21.403186,CLO,2100188.jpg,2100188,2,0,NA
2100214_2,2023-01-04 21:11:18.481250,CLO,2100214.jpg,2100214,2,0,NA
2100219_2,2023-01-04 21:11:15.262448,CLO,2100219.jpg,2100219,2,0,NA
2100241_2,2023-01-04 21:11:13.199934,CLO,2100241.jpg,2100241,2,0,NA
2100289_2,2023-01-04 21:11:11.512425,CLO,2100289.jpg,2100289,2,0,NA
2100284_2,2023-01-04 21:11:09.684388,CLO,2100284.jpg,2100284,2,0,NA
2100294_2,2023-01-04 21:11:05.340523,CLO,2100294.jpg,2100294,2,0,NA
2100349_2,2023-01-04 21:11:02.371805,CLO,2100349.jpg,2100349,2,0,NA
2100399_2,2023-01-04 21:10:58.824713,CLO,2100399.jpg,2100399,2,0,NA
2100405_2,2023-01-04 21:10:55.684053,CLO,2100405.jpg,2100405,2,0,NA
2100406_2,2023-01-04 21:10:52.449634,CLO,2100406.jpg,2100406,2,0,NA
2100409_2,2023-01-04 21:10:49.371451,CLO,2100409.jpg,2100409,2,0,NA
2100412_2,2023-01-04 21:10:45.105755,CLO,2100412.jpg,2100412,2,0,NA
2100494_2,2023-01-04 21:10:44.386995,CLO,2100494.jpg,2100494,2,0,NA
2100424_2,2023-01-04 21:10:41.933856,CLO,2100424.jpg,2100424,2,0,NA
2100562_2,2023-01-04 21:10:39.511930,CLO,2100562.jpg,2100562,2,0,NA
2100566_2,2023-01-04 21:10:36.964999,CLO,2100566.jpg,2100566,2,0,NA
2100567_2,2023-01-04 21:10:34.214969,CLO,2100567.jpg,2100567,2,0,NA
2100568_2,2023-01-04 21:10:31.449288,CLO,2100568.jpg,2100568,2,0,NA
2100571_2,2023-01-04 21:10:29.464901,CLO,2100571.jpg,2100571,2,0,NA
2100626_2,2023-01-04 21:10:28.543006,CLO,2100626.jpg,2100626,2,0,NA
2100637_2,2023-01-04 21:10:26.964850,CLO,2100637.jpg,2100637,2,0,NA
2100648_2,2023-01-04 21:10:25.808589,CLO,2100648.jpg,2100648,2,0,NA
2100662_2,2023-01-04 21:10:22.996051,CLO,2100662.jpg,2100662,2,0,NA
2100941_2,2023-01-04 21:10:21.699234,CLO,2100941.jpg,2100941,2,0,NA
2100782_2,2023-01-04 21:09:55.667490,CLO,2100782.jpg,2100782,2,0,NA
2011150_2,2023-01-04 21:09:55.120611,SHO,2011150.jpg,2011150,2,0,NA
1912324_1,2023-01-04 21:09:54.698727,SHO,1912324.jpg,1912324,1,0,NA
2003853_2,2023-01-04 21:09:54.151852,BEAUTY,2003853.jpg,2003853,2,0,NA
1912801_1,2023-01-04 21:09:53.558158,JEW,1912801.jpg,1912801,1,0,NA
2009604_2,2023-01-04 21:09:52.964340,JEW,2009604.jpg,2009604,2,0,NA
2005044_2,2023-01-04 21:09:52.386184,BEAUTY,2005044.jpg,2005044,2,0,NA
2011272_2,2023-01-04 21:09:51.292434,ACC,2011272.jpg,2011272,2,0,NA
2014746_2,2023-01-04 21:09:50.620556,JEW,2014746.jpg,2014746,2,0,NA
2012511_2,2023-01-04 21:09:50.245557,JEW,2012511.jpg,2012511,2,0,NA
2010733_2,2023-01-04 21:09:49.636174,JEW,2010733.jpg,2010733,2,0,NA
2012882_2,2023-01-04 21:09:49.245534,JEW,2012882.jpg,2012882,2,0,NA
2013282_2,2023-01-04 21:09:48.636147,JEW,2013282.jpg,2013282,2,0,NA
2013283_2,2023-01-04 21:09:48.026762,JEW,2013283.jpg,2013283,2,0,NA
2013284_2,2023-01-04 21:09:47.417466,JEW,2013284.jpg,2013284,2,0,NA
2013289_2,2023-01-04 21:09:46.292374,JEW,2013289.jpg,2013289,2,0,NA
2013291_2,2023-01-04 21:09:45.667346,JEW,2013291.jpg,2013291,2,0,NA
2013295_2,2023-01-04 21:09:44.854825,JEW,2013295.jpg,2013295,2,0,NA
2013296_2,2023-01-04 21:09:44.261060,JEW,2013296.jpg,2013296,2,0,NA
2013298_2,2023-01-04 21:09:43.573561,JEW,2013298.jpg,2013298,2,0,NA
2013304_2,2023-01-04 21:09:42.886046,JEW,2013304.jpg,2013304,2,0,NA
2013313_2,2023-01-04 21:09:42.308048,JEW,2013313.jpg,2013313,2,0,NA
2013315_2,2023-01-04 21:09:41.714159,JEW,2013315.jpg,2013315,2,0,NA
2013318_2,2023-01-04 21:09:41.104769,JEW,2013318.jpg,2013318,2,0,NA
2013317_2,2023-01-04 21:09:40.354763,JEW,2013317.jpg,2013317,2,0,NA
2013322_2,2023-01-04 21:09:39.682867,JEW,2013322.jpg,2013322,2,0,NA
2013816_2,2023-01-04 21:09:39.042238,JEW,2013816.jpg,2013816,2,0,NA
2013818_2,2023-01-04 21:09:38.479726,JEW,2013818.jpg,2013818,2,0,NA
2013826_2,2023-01-04 21:09:37.760963,JEW,2013826.jpg,2013826,2,0,NA
2013835_2,2023-01-04 21:09:37.089632,JEW,2013835.jpg,2013835,2,0,NA
2013856_2,2023-01-04 21:09:36.417207,JEW,2013856.jpg,2013856,2,0,NA
2013847_2,2023-01-04 21:09:35.760933,JEW,2013847.jpg,2013847,2,0,NA
2013867_2,2023-01-04 21:09:35.104730,JEW,2013867.jpg,2013867,2,0,NA
2013858_2,2023-01-04 21:09:34.526543,JEW,2013858.jpg,2013858,2,0,NA
2013868_2,2023-01-04 21:09:33.901618,JEW,2013868.jpg,2013868,2,0,NA
2013888_2,2023-01-04 21:09:33.339038,JEW,2013888.jpg,2013888,2,0,NA
2013879_2,2023-01-04 21:09:32.760896,JEW,2013879.jpg,2013879,2,0,NA
2013869_2,2023-01-04 21:09:31.760870,JEW,2013869.jpg,2013869,2,0,NA
2013890_2,2023-01-04 21:09:31.104617,JEW,2013890.jpg,2013890,2,0,NA
2013893_2,2023-01-04 21:09:30.510878,JEW,2013893.jpg,2013893,2,0,NA
2013894_2,2023-01-04 21:09:29.776467,JEW,2013894.jpg,2013894,2,0,NA
2013896_2,2023-01-04 21:09:29.057741,JEW,2013896.jpg,2013896,2,0,NA
2013895_2,2023-01-04 21:09:28.417073,JEW,2013895.jpg,2013895,2,0,NA
2013901_2,2023-01-04 21:09:27.854573,JEW,2013901.jpg,2013901,2,0,NA
2013900_2,2023-01-04 21:09:27.167063,JEW,2013900.jpg,2013900,2,0,NA
2013905_2,2023-01-04 21:09:26.495501,JEW,2013905.jpg,2013905,2,0,NA
2013902_2,2023-01-04 21:09:25.792261,JEW,2013902.jpg,2013902,2,0,NA
2013927_2,2023-01-04 21:09:25.198345,JEW,2013927.jpg,2013927,2,0,NA
2013926_2,2023-01-04 21:09:24.510787,JEW,2013926.jpg,2013926,2,0,NA
2013930_2,2023-01-04 21:09:23.870346,JEW,2013930.jpg,2013930,2,0,NA
2013934_2,2023-01-04 21:09:23.229517,JEW,2013934.jpg,2013934,2,0,NA
2013932_2,2023-01-04 21:09:22.604491,JEW,2013932.jpg,2013932,2,0,NA
2013948_2,2023-01-04 21:09:21.776382,JEW,2013948.jpg,2013948,2,0,NA
2014945_2,2023-01-04 21:09:21.229482,BEAUTY,2014945.jpg,2014945,2,0,NA
2014955_2,2023-01-04 21:09:20.573208,ACC,2014955.jpg,2014955,2,0,NA
2100108_2,2023-01-04 21:09:20.026345,SHO,2100108.jpg,2100108,2,0,NA
2014956_2,2023-01-04 21:09:19.354459,ACC,2014956.jpg,2014956,2,0,NA
2100300_2,2023-01-04 21:09:18.823210,SHO,2100300.jpg,2100300,2,0,NA
2100319_2,2023-01-04 21:09:18.120073,ACC,2100319.jpg,2100319,2,0,NA
2100301_2,2023-01-04 21:09:17.432550,SHO,2100301.jpg,2100301,2,0,NA
2100320_2,2023-01-04 21:09:16.745055,ACC,2100320.jpg,2100320,2,0,NA
2100321_2,2023-01-04 21:09:16.041906,ACC,2100321.jpg,2100321,2,0,NA
2100322_2,2023-01-04 21:09:15.245024,ACC,2100322.jpg,2100322,2,0,NA
2100323_2,2023-01-04 21:09:14.651294,ACC,2100323.jpg,2100323,2,0,NA
2100324_2,2023-01-04 21:09:13.932742,ACC,2100324.jpg,2100324,2,0,NA
2100325_2,2023-01-04 21:09:13.338953,ACC,2100325.jpg,2100325,2,0,NA
2100326_2,2023-01-04 21:09:12.151236,ACC,2100326.jpg,2100326,2,0,NA
2100327_2,2023-01-04 21:09:11.557465,ACC,2100327.jpg,2100327,2,0,NA
2100328_2,2023-01-04 21:09:10.885602,ACC,2100328.jpg,2100328,2,0,NA
2100445_2,2023-01-04 21:09:10.260556,SHO,2100445.jpg,2100445,2,0,NA
2100452_2,2023-01-04 21:09:09.526172,SHO,2100452.jpg,2100452,2,0,NA
2100455_2,2023-01-04 21:09:08.901169,SHO,2100455.jpg,2100455,2,0,NA
2100456_2,2023-01-04 21:09:08.182414,SHO,2100456.jpg,2100456,2,0,NA
2100457_2,2023-01-04 21:09:07.557416,SHO,2100457.jpg,2100457,2,0,NA
2100458_2,2023-01-04 21:09:06.666745,SHO,2100458.jpg,2100458,2,0,NA
2100473_2,2023-01-04 21:09:05.541760,ACC,2100473.jpg,2100473,2,0,NA
2100474_2,2023-01-04 21:09:04.807371,ACC,2100474.jpg,2100474,2,0,NA
2100475_2,2023-01-04 21:09:04.166720,ACC,2100475.jpg,2100475,2,0,NA
2100476_2,2023-01-04 21:09:03.510465,ACC,2100476.jpg,2100476,2,0,NA
2100477_2,2023-01-04 21:09:02.932354,ACC,2100477.jpg,2100477,2,0,NA
1707401_1,2023-01-04 21:09:02.291700,BEAUTY,1707401.jpg,1707401,1,0,NA
2100714_2,2023-01-04 21:09:01.901064,BEAUTY,2100714.jpg,2100714,2,0,NA
2003170_2,2023-01-04 21:09:01.338548,BEAUTY,2003170.jpg,2003170,2,0,NA
2100478_2,2023-01-04 21:09:00.947917,ACC,2100478.jpg,2100478,2,0,NA
2100716_2,2023-01-04 21:09:00.354173,BEAUTY,2100716.jpg,2100716,2,0,NA
1705663_1,2023-01-04 21:08:59.963529,BEAUTY,1705663.jpg,1705663,1,0,NA
2100715_2,2023-01-04 21:08:59.369769,BEAUTY,2100715.jpg,2100715,2,0,NA
2100717_2,2023-01-04 21:08:58.744770,BEAUTY,2100717.jpg,2100717,2,0,NA
2100718_2,2023-01-04 21:08:58.151009,BEAUTY,2100718.jpg,2100718,2,0,NA
1911081_1,2023-01-04 21:08:57.432450,JEW,1911081.jpg,1911081,1,0,NA
2005499_2,2023-01-04 21:08:56.838609,BEAUTY,2005499.jpg,2005499,2,0,NA
2010273_2,2023-01-04 21:08:56.088487,JEW,2010273.jpg,2010273,2,0,NA
2011135_2,2023-01-04 21:08:55.385350,JEW,2011135.jpg,2011135,2,0,NA
2012548_2,2023-01-04 21:08:54.713465,ACC,2012548.jpg,2012548,2,0,NA
2013958_2,2023-01-04 21:08:54.041576,BEAUTY,2013958.jpg,2013958,2,0,NA
2013957_2,2023-01-04 21:08:53.182195,BEAUTY,2013957.jpg,2013957,2,0,NA
2014032_2,2023-01-04 21:08:52.244678,BEAUTY,2014032.jpg,2014032,2,0,NA
2014033_2,2023-01-04 21:08:51.572771,BEAUTY,2014033.jpg,2014033,2,0,NA
2014038_2,2023-01-04 21:08:50.932146,BEAUTY,2014038.jpg,2014038,2,0,NA
2014487_2,2023-01-04 21:08:50.275876,ACC,2014487.jpg,2014487,2,0,NA
2014488_2,2023-01-04 21:08:49.666519,ACC,2014488.jpg,2014488,2,0,NA
2014490_2,2023-01-04 21:08:48.932142,ACC,2014490.jpg,2014490,2,0,NA
2014492_2,2023-01-04 21:08:48.182118,ACC,2014492.jpg,2014492,2,0,NA
2014493_2,2023-01-04 21:08:47.463345,ACC,2014493.jpg,2014493,2,0,NA
2014500_2,2023-01-04 21:08:46.885238,ACC,2014500.jpg,2014500,2,0,NA
2014499_2,2023-01-04 21:08:46.166447,ACC,2014499.jpg,2014499,2,0,NA
2014502_2,2023-01-04 21:08:45.572690,ACC,2014502.jpg,2014502,2,0,NA
2014504_2,2023-01-04 21:08:44.791419,ACC,2014504.jpg,2014504,2,0,NA
2014505_2,2023-01-04 21:08:44.072693,ACC,2014505.jpg,2014505,2,0,NA
2014514_2,2023-01-04 21:08:42.557030,ACC,2014514.jpg,2014514,2,0,NA
2009665_2,2023-01-04 21:08:38.103798,CLO,2009665.jpg,2009665,2,0,NA
2012033_2,2023-01-04 21:08:37.166252,CLO,2012033.jpg,2012033,2,0,NA
2012034_2,2023-01-04 21:08:34.712986,CLO,2012034.jpg,2012034,2,0,NA
2012036_2,2023-01-04 21:08:32.009708,CLO,2012036.jpg,2012036,2,0,NA
2012037_2,2023-01-04 21:08:28.431403,CLO,2012037.jpg,2012037,2,0,NA
2012038_2,2023-01-04 21:08:26.478170,CLO,2012038.jpg,2012038,2,0,NA
2012039_2,2023-01-04 21:08:24.446825,CLO,2012039.jpg,2012039,2,0,NA
2012400_2,2023-01-04 21:08:23.368624,CLO,2012400.jpg,2012400,2,0,NA
2012401_2,2023-01-04 21:08:22.681087,CLO,2012401.jpg,2012401,2,0,NA
2012888_2,2023-01-04 21:08:19.665308,CLO,2012888.jpg,2012888,2,0,NA
2012894_2,2023-01-04 21:08:16.352647,CLO,2012894.jpg,2012894,2,0,NA
2012906_2,2023-01-04 21:08:15.024449,CLO,2012906.jpg,2012906,2,0,NA
2012934_2,2023-01-04 21:08:13.430589,CLO,2012934.jpg,2012934,2,0,NA
2012940_2,2023-01-04 21:08:11.836949,CLO,2012940.jpg,2012940,2,0,NA
2013082_2,2023-01-04 21:08:08.430343,CLO,2013082.jpg,2013082,2,0,NA
2013560_2,2023-01-04 21:08:05.523938,CLO,2013560.jpg,2013560,2,0,NA
2013573_2,2023-01-04 21:08:03.133184,CLO,2013573.jpg,2013573,2,0,NA
2014362_2,2023-01-04 21:07:59.992383,CLO,2014362.jpg,2014362,2,0,NA
2014426_2,2023-01-04 21:07:58.945463,ACC,2014426.jpg,2014426,2,0,NA
2014615_2,2023-01-04 21:07:55.039020,CLO,2014615.jpg,2014615,2,0,NA
2014620_2,2023-01-04 21:07:52.226345,CLO,2014620.jpg,2014620,2,0,NA
2014650_2,2023-01-04 21:07:50.148143,CLO,2014650.jpg,2014650,2,0,NA
2014651_2,2023-01-04 21:07:47.976142,CLO,2014651.jpg,2014651,2,0,NA
2014652_2,2023-01-04 21:07:45.866647,CLO,2014652.jpg,2014652,2,0,NA
2014837_2,2023-01-04 21:07:43.632170,CLO,2014837.jpg,2014837,2,0,NA
2100064_2,2023-01-04 21:07:40.194766,CLO,2100064.jpg,2100064,2,0,NA
2100164_2,2023-01-04 21:07:38.694364,CLO,2100164.jpg,2100164,2,0,NA
2100192_2,2023-01-04 21:07:38.053703,CLO,2100192.jpg,2100192,2,0,NA
2100407_2,2023-01-04 21:07:37.459935,CLO,2100407.jpg,2100407,2,0,NA
2100496_2,2023-01-04 21:07:33.850373,CLO,2100496.jpg,2100496,2,0,NA
2100544_2,2023-01-04 21:07:32.350290,CLO,2100544.jpg,2100544,2,0,NA
2100563_2,2023-01-04 21:07:29.522015,CLO,2100563.jpg,2100563,2,0,NA
2100661_2,2023-01-04 21:07:26.162460,CLO,2100661.jpg,2100661,2,0,NA
2100710_2,2023-01-04 21:07:22.459143,CLO,2100710.jpg,2100710,2,0,NA
2100728_2,2023-01-04 21:07:17.443310,CLO,2100728.jpg,2100728,2,0,NA
2100775_2,2023-01-04 21:07:16.427557,CLO,2100775.jpg,2100775,2,0,NA
2100949_2,2023-01-04 21:07:15.114994,CLO,2100949.jpg,2100949,2,0,NA
2005113_2,2023-01-04 21:07:12.333663,CLO,2005113.jpg,2005113,2,0,NA
2012403_2,2023-01-04 21:07:09.255303,CLO,2012403.jpg,2012403,2,0,NA
2012890_2,2023-01-04 21:07:06.270760,CLO,2012890.jpg,2012890,2,0,NA
2012895_2,2023-01-04 21:07:03.395614,CLO,2012895.jpg,2012895,2,0,NA
2012925_2,2023-01-04 21:07:00.926745,CLO,2012925.jpg,2012925,2,0,NA
2012956_2,2023-01-04 21:06:58.332854,CLO,2012956.jpg,2012956,2,0,NA
2012959_2,2023-01-04 21:06:55.520198,CLO,2012959.jpg,2012959,2,0,NA
2013062_2,2023-01-04 21:06:52.473148,CLO,2013062.jpg,2013062,2,0,NA
2013079_2,2023-01-04 21:06:47.160371,CLO,2013079.jpg,2013079,2,0,NA
2013090_2,2023-01-04 21:06:43.675817,CLO,2013090.jpg,2013090,2,0,NA
2013094_2,2023-01-04 21:06:40.003736,CLO,2013094.jpg,2013094,2,0,NA
2013102_2,2023-01-04 21:06:37.362976,CLO,2013102.jpg,2013102,2,0,NA
2013685_2,2023-01-04 21:06:33.269011,CLO,2013685.jpg,2013685,2,0,NA
2013686_2,2023-01-04 21:06:32.534618,CLO,2013686.jpg,2013686,2,0,NA
2014272_2,2023-01-04 21:06:31.815797,CLO,2014272.jpg,2014272,2,0,NA
2014383_2,2023-01-04 21:06:31.097068,ACC,2014383.jpg,2014383,2,0,NA
2014424_2,2023-01-04 21:06:30.471957,ACC,2014424.jpg,2014424,2,0,NA
2014472_2,2023-01-04 21:06:29.706326,CLO,2014472.jpg,2014472,2,0,NA
2014791_2,2023-01-04 21:06:27.503082,CLO,2014791.jpg,2014791,2,0,NA
2014866_2,2023-01-04 21:06:24.987337,CLO,2014866.jpg,2014866,2,0,NA
2014933_2,2023-01-04 21:06:22.518429,CLO,2014933.jpg,2014933,2,0,NA
2100075_2,2023-01-04 21:06:19.924544,CLO,2100075.jpg,2100075,2,0,NA
2100097_2,2023-01-04 21:06:17.533829,CLO,2100097.jpg,2100097,2,0,NA
2100290_2,2023-01-04 21:06:16.189960,CLO,2100290.jpg,2100290,2,0,NA
2100296_2,2023-01-04 21:06:15.502484,CLO,2100296.jpg,2100296,2,0,NA
2100307_2,2023-01-04 21:06:14.736872,CLO,2100307.jpg,2100307,2,0,NA
2100309_2,2023-01-04 21:06:13.924224,CLO,2100309.jpg,2100309,2,0,NA
2100311_2,2023-01-04 21:06:11.674089,CLO,2100311.jpg,2100311,2,0,NA
2100312_2,2023-01-04 21:06:09.236451,CLO,2100312.jpg,2100312,2,0,NA
2100313_2,2023-01-04 21:06:06.736423,CLO,2100313.jpg,2100313,2,0,NA
2100315_2,2023-01-04 21:06:04.111393,CLO,2100315.jpg,2100315,2,0,NA
2100316_2,2023-01-04 21:06:01.611065,CLO,2100316.jpg,2100316,2,0,NA
2100318_2,2023-01-04 21:06:00.954777,CLO,2100318.jpg,2100318,2,0,NA
2100317_2,2023-01-04 21:05:59.907865,CLO,2100317.jpg,2100317,2,0,NA
2100401_2,2023-01-04 21:05:58.720461,CLO,2100401.jpg,2100401,2,0,NA
2100421_2,2023-01-04 21:05:57.860866,CLO,2100421.jpg,2100421,2,0,NA
2100422_2,2023-01-04 21:05:55.563962,CLO,2100422.jpg,2100422,2,0,NA
2100498_2,2023-01-04 21:05:53.110614,CLO,2100498.jpg,2100498,2,0,NA
2100507_2,2023-01-04 21:05:50.735462,CLO,2100507.jpg,2100507,2,0,NA
2100589_2,2023-01-04 21:05:48.047854,CLO,2100589.jpg,2100589,2,0,NA
2100670_2,2023-01-04 21:05:45.750843,CLO,2100670.jpg,2100670,2,0,NA
2100671_2,2023-01-04 21:05:44.969878,CLO,2100671.jpg,2100671,2,0,NA
2100702_2,2023-01-04 21:05:44.203869,CLO,2100702.jpg,2100702,2,0,NA
2100778_2,2023-01-04 21:05:43.328824,CLO,2100778.jpg,2100778,2,0,NA
2100780_2,2023-01-04 21:05:42.266537,CLO,2100780.jpg,2100780,2,0,NA
2100799_2,2023-01-04 21:05:40.953688,CLO,2100799.jpg,2100799,2,0,NA
2100822_2,2023-01-04 21:05:37.953548,CLO,2100822.jpg,2100822,2,0,NA
2100825_2,2023-01-04 21:05:35.469160,CLO,2100825.jpg,2100825,2,0,NA
2100847_2,2023-01-04 21:05:32.125097,CLO,2100847.jpg,2100847,2,0,NA
2100849_2,2023-01-04 21:05:29.609341,CLO,2100849.jpg,2100849,2,0,NA
2100852_2,2023-01-04 21:05:28.296765,CLO,2100852.jpg,2100852,2,0,NA
2100943_2,2023-01-04 21:05:27.124826,CLO,2100943.jpg,2100943,2,0,NA
2100957_2,2023-01-04 21:05:26.359163,CLO,2100957.jpg,2100957,2,0,NA
2100958_2,2023-01-04 21:05:24.999926,CLO,2100958.jpg,2100958,2,0,NA
2101026_2,2023-01-04 21:05:22.562117,CLO,2101026.jpg,2101026,2,0,NA
2005411_2,2023-01-04 21:05:19.999452,CLO,2005411.jpg,2005411,2,0,NA
2012042_2,2023-01-04 21:05:17.609011,CLO,2012042.jpg,2012042,2,0,NA
2101525_2,2023-01-04 21:05:15.421077,CLO,2101525.jpg,2101525,2,0,NA
2012538_2,2023-01-04 21:05:12.999067,CLO,2012538.jpg,2012538,2,0,NA
2012541_2,2023-01-04 21:05:12.295909,CLO,2012541.jpg,2012541,2,0,NA
2012901_2,2023-01-04 21:05:11.530239,CLO,2012901.jpg,2012901,2,0,NA
2012902_2,2023-01-04 21:05:10.920830,CLO,2012902.jpg,2012902,2,0,NA
2012903_2,2023-01-04 21:05:10.077045,CLO,2012903.jpg,2012903,2,0,NA
2012904_2,2023-01-04 21:05:07.811332,CLO,2012904.jpg,2012904,2,0,NA
2012910_2,2023-01-04 21:05:05.326801,CLO,2012910.jpg,2012910,2,0,NA
2012913_2,2023-01-04 21:05:02.873562,CLO,2012913.jpg,2012913,2,0,NA
2012916_2,2023-01-04 21:05:00.107758,CLO,2012916.jpg,2012916,2,0,NA
2012926_2,2023-01-04 21:04:58.092067,CLO,2012926.jpg,2012926,2,0,NA
2012929_2,2023-01-04 21:04:56.904482,CLO,2012929.jpg,2012929,2,0,NA
2012931_2,2023-01-04 21:04:54.966857,CLO,2012931.jpg,2012931,2,0,NA
2012935_2,2023-01-04 21:04:51.622926,CLO,2012935.jpg,2012935,2,0,NA
2012936_2,2023-01-04 21:04:49.044665,CLO,2012936.jpg,2012936,2,0,NA
2012938_2,2023-01-04 21:04:46.528908,CLO,2012938.jpg,2012938,2,0,NA
2012942_2,2023-01-04 21:04:44.388272,CLO,2012942.jpg,2012942,2,0,NA
2013104_2,2023-01-04 21:04:43.606894,CLO,2013104.jpg,2013104,2,0,NA
2013110_2,2023-01-04 21:04:42.450559,CLO,2013110.jpg,2013110,2,0,NA
2013120_2,2023-01-04 21:04:41.231751,CLO,2013120.jpg,2013120,2,0,NA
2013123_2,2023-01-04 21:04:40.153650,CLO,2013123.jpg,2013123,2,0,NA
2013124_2,2023-01-04 21:04:38.872244,CLO,2013124.jpg,2013124,2,0,NA
2013125_2,2023-01-04 21:04:36.512768,CLO,2013125.jpg,2013125,2,0,NA
2013666_2,2023-01-04 21:04:33.512588,CLO,2013666.jpg,2013666,2,0,NA
2013682_2,2023-01-04 21:04:31.012448,CLO,2013682.jpg,2013682,2,0,NA
2013962_2,2023-01-04 21:04:28.543574,CLO,2013962.jpg,2013962,2,0,NA
2014080_2,2023-01-04 21:04:25.121511,CLO,2014080.jpg,2014080,2,0,NA
2014081_2,2023-01-04 21:04:24.543357,CLO,2014081.jpg,2014081,2,0,NA
2014082_2,2023-01-04 21:04:23.355788,CLO,2014082.jpg,2014082,2,0,NA
2014425_2,2023-01-04 21:04:22.527620,ACC,2014425.jpg,2014425,2,0,NA
2014427_2,2023-01-04 21:04:21.855711,ACC,2014427.jpg,2014427,2,0,NA
2014428_2,2023-01-04 21:04:21.136925,ACC,2014428.jpg,2014428,2,0,NA
2014429_2,2023-01-04 21:04:20.433763,ACC,2014429.jpg,2014429,2,0,NA
2014855_2,2023-01-04 21:04:18.824304,CLO,2014855.jpg,2014855,2,0,NA
2014947_2,2023-01-04 21:04:16.183534,CLO,2014947.jpg,2014947,2,0,NA
2100194_2,2023-01-04 21:04:12.480217,CLO,2100194.jpg,2100194,2,0,NA
2100291_2,2023-01-04 21:04:08.683167,CLO,2100291.jpg,2100291,2,0,NA
2103240_2,2023-01-04 21:04:03.979783,CLO,2103240.jpg,2103240,2,0,NA
2100385_2,2023-01-04 21:04:02.901593,CLO,2100385.jpg,2100385,2,0,NA
2100386_2,2023-01-04 21:04:00.713976,CLO,2100386.jpg,2100386,2,0,NA
2100410_2,2023-01-04 21:03:59.870185,CLO,2100410.jpg,2100410,2,0,NA
2100411_2,2023-01-04 21:03:58.917007,CLO,2100411.jpg,2100411,2,0,NA
2100504_2,2023-01-04 21:03:58.276351,CLO,2100504.jpg,2100504,2,0,NA
2100583_2,2023-01-04 21:03:57.432545,CLO,2100583.jpg,2100583,2,0,NA
2100584_2,2023-01-04 21:03:55.698094,CLO,2100584.jpg,2100584,2,0,NA
2100625_2,2023-01-04 21:03:54.291761,CLO,2100625.jpg,2100625,2,0,NA
2100638_2,2023-01-04 21:03:50.775945,CLO,2100638.jpg,2100638,2,0,NA
2100663_2,2023-01-04 21:03:46.541324,CLO,2100663.jpg,2100663,2,0,NA
2100679_2,2023-01-04 21:03:42.588009,CLO,2100679.jpg,2100679,2,0,NA
2100682_2,2023-01-04 21:03:32.618287,CLO,2100682.jpg,2100682,2,0,NA
2100701_2,2023-01-04 21:03:28.945681,CLO,2100701.jpg,2100701,2,0,NA
2100707_2,2023-01-04 21:03:23.366724,CLO,2100707.jpg,2100707,2,0,NA
2100711_2,2023-01-04 21:03:22.366585,CLO,2100711.jpg,2100711,2,0,NA
2100713_2,2023-01-04 21:03:17.193946,CLO,2100713.jpg,2100713,2,0,NA
2100727_2,2023-01-04 21:03:13.584021,CLO,2100727.jpg,2100727,2,0,NA
2100731_2,2023-01-04 21:03:05.379667,CLO,2100731.jpg,2100731,2,0,NA
2100789_2,2023-01-04 21:03:04.160730,CLO,2100789.jpg,2100789,2,0,NA
2100889_2,2023-01-04 21:03:01.254088,CLO,2100889.jpg,2100889,2,0,NA
2100903_2,2023-01-04 21:02:58.722441,CLO,2100903.jpg,2100903,2,0,NA
2100944_2,2023-01-04 21:02:56.018893,CLO,2100944.jpg,2100944,2,0,NA
2100946_2,2023-01-04 21:02:53.112206,CLO,2100946.jpg,2100946,2,0,NA
2100954_2,2023-01-04 21:02:52.471477,CLO,2100954.jpg,2100954,2,0,NA
2100955_2,2023-01-04 21:02:46.970658,CLO,2100955.jpg,2100955,2,0,NA
2100997_2,2023-01-04 21:02:43.313859,CLO,2100997.jpg,2100997,2,0,NA
2101001_2,2023-01-04 21:02:41.501095,CLO,2101001.jpg,2101001,2,0,NA
1504029_1,2023-01-04 21:02:40.032115,SHO,1504029.jpg,1504029,1,0,NA
1606893_1,2023-01-04 21:02:39.641427,SHO,1606893.jpg,1606893,1,0,NA
1600174_1,2023-01-04 21:02:39.219867,SHO,1600174.jpg,1600174,1,0,NA
1709199_1,2023-01-04 21:02:38.578787,BEAUTY,1709199.jpg,1709199,1,0,NA
2000680_2,2023-01-04 21:02:37.828655,JEW,2000680.jpg,2000680,2,0,NA
2005955_2,2023-01-04 21:02:37.281698,JEW,2005955.jpg,2005955,2,0,NA
2006160_2,2023-01-04 21:02:36.438003,JEW,2006160.jpg,2006160,2,0,NA
2006330_2,2023-01-04 21:02:33.156097,JEW,2006330.jpg,2006330,2,0,NA
2014727_2,2023-01-04 21:02:32.734152,JEW,2014727.jpg,2014727,2,0,NA
2008477_2,2023-01-04 21:02:32.327836,JEW,2008477.jpg,2008477,2,0,NA
2100402_2,2023-01-04 21:02:31.937214,JEW,2100402.jpg,2100402,2,0,NA
2007029_2,2023-01-04 21:02:31.233927,ACC,2007029.jpg,2007029,2,0,NA
2009624_2,2023-01-04 21:02:30.671323,BEAUTY,2009624.jpg,2009624,2,0,NA
2010308_2,2023-01-04 21:02:29.952472,JEW,2010308.jpg,2010308,2,0,NA
2010656_2,2023-01-04 21:02:29.264993,JEW,2010656.jpg,2010656,2,0,NA
2011231_2,2023-01-04 21:02:28.483514,ACC,2011231.jpg,2011231,2,0,NA
2010669_2,2023-01-04 21:02:27.733392,JEW,2010669.jpg,2010669,2,0,NA
2011232_2,2023-01-04 21:02:27.108310,ACC,2011232.jpg,2011232,2,0,NA
2011234_2,2023-01-04 21:02:26.451974,ACC,2011234.jpg,2011234,2,0,NA
2011287_2,2023-01-04 21:02:25.404919,ACC,2011287.jpg,2011287,2,0,NA
2011805_2,2023-01-04 21:02:06.917860,JEW,2011805.jpg,2011805,2,0,NA
2009597_2,2023-01-04 21:02:06.042835,JEW,2009597.jpg,2009597,2,0,NA
2011890_2,2023-01-04 21:02:05.667595,JEW,2011890.jpg,2011890,2,0,NA
2012547_2,2023-01-04 21:02:05.042505,ACC,2012547.jpg,2012547,2,0,NA
2013219_2,2023-01-04 21:02:04.448673,ACC,2013219.jpg,2013219,2,0,NA
2013288_2,2023-01-04 21:02:03.620405,JEW,2013288.jpg,2013288,2,0,NA
2013292_2,2023-01-04 21:02:02.870312,JEW,2013292.jpg,2013292,2,0,NA
2013342_2,2023-01-04 21:02:02.135889,JEW,2013342.jpg,2013342,2,0,NA
2013740_2,2023-01-04 21:02:01.323221,ACC,2013740.jpg,2013740,2,0,NA
2013741_2,2023-01-04 21:02:00.588708,ACC,2013741.jpg,2013741,2,0,NA
2013743_2,2023-01-04 21:01:59.822968,ACC,2013743.jpg,2013743,2,0,NA
2013744_2,2023-01-04 21:01:59.119744,ACC,2013744.jpg,2013744,2,0,NA
2013745_2,2023-01-04 21:01:58.510265,ACC,2013745.jpg,2013745,2,0,NA
2013746_2,2023-01-04 21:01:57.650789,ACC,2013746.jpg,2013746,2,0,NA
2013747_2,2023-01-04 21:01:57.041322,ACC,2013747.jpg,2013747,2,0,NA
2013935_2,2023-01-04 21:01:55.369184,JEW,2013935.jpg,2013935,2,0,NA
2013938_2,2023-01-04 21:01:54.775340,JEW,2013938.jpg,2013938,2,0,NA
2013943_2,2023-01-04 21:01:53.993966,JEW,2013943.jpg,2013943,2,0,NA
2013946_2,2023-01-04 21:01:53.306370,JEW,2013946.jpg,2013946,2,0,NA
2014074_2,2023-01-04 21:01:52.556267,BEAUTY,2014074.jpg,2014074,2,0,NA
2014358_2,2023-01-04 21:01:51.837391,ACC,2014358.jpg,2014358,2,0,NA
2014398_2,2023-01-04 21:01:51.149814,ACC,2014398.jpg,2014398,2,0,NA
2014399_2,2023-01-04 21:01:50.509071,ACC,2014399.jpg,2014399,2,0,NA
2014400_2,2023-01-04 21:01:49.790226,ACC,2014400.jpg,2014400,2,0,NA
2014402_2,2023-01-04 21:01:49.118241,ACC,2014402.jpg,2014402,2,0,NA
2014404_2,2023-01-04 21:01:48.508790,ACC,2014404.jpg,2014404,2,0,NA
2014406_2,2023-01-04 21:01:47.883685,ACC,2014406.jpg,2014406,2,0,NA
2014407_2,2023-01-04 21:01:47.164839,ACC,2014407.jpg,2014407,2,0,NA
2014408_2,2023-01-04 21:01:46.524133,ACC,2014408.jpg,2014408,2,0,NA
2014412_2,2023-01-04 21:01:45.836618,ACC,2014412.jpg,2014412,2,0,NA
2014418_2,2023-01-04 21:01:45.227025,ACC,2014418.jpg,2014418,2,0,NA
2014437_2,2023-01-04 21:01:44.414577,ACC,2014437.jpg,2014437,2,0,NA
2011556_2,2023-01-04 21:01:43.805039,JEW,2011556.jpg,2011556,2,0,NA
2014475_2,2023-01-04 21:01:43.398638,JEW,2014475.jpg,2014475,2,0,NA
2014495_2,2023-01-04 21:01:42.726648,ACC,2014495.jpg,2014495,2,0,NA
2014496_2,2023-01-04 21:01:42.132859,ACC,2014496.jpg,2014496,2,0,NA
2014497_2,2023-01-04 21:01:41.429637,ACC,2014497.jpg,2014497,2,0,NA
2014498_2,2023-01-04 21:01:40.820268,ACC,2014498.jpg,2014498,2,0,NA
2014503_2,2023-01-04 21:01:40.163778,ACC,2014503.jpg,2014503,2,0,NA
2014507_2,2023-01-04 21:01:39.460546,ACC,2014507.jpg,2014507,2,0,NA
2014508_2,2023-01-04 21:01:38.679180,ACC,2014508.jpg,2014508,2,0,NA
2014558_2,2023-01-04 21:01:38.007204,ACC,2014558.jpg,2014558,2,0,NA
2014559_2,2023-01-04 21:01:37.335313,ACC,2014559.jpg,2014559,2,0,NA
2014560_2,2023-01-04 21:01:36.663272,ACC,2014560.jpg,2014560,2,0,NA
2014593_2,2023-01-04 21:01:35.975638,ACC,2014593.jpg,2014593,2,0,NA
2014594_2,2023-01-04 21:01:34.913029,ACC,2014594.jpg,2014594,2,0,NA
2100234_2,2023-01-04 21:01:34.162876,BEAUTY,2100234.jpg,2100234,2,0,NA
2100231_2,2023-01-04 21:01:33.491077,BEAUTY,2100231.jpg,2100231,2,0,NA
2100242_2,2023-01-04 21:01:32.459507,BEAUTY,2100242.jpg,2100242,2,0,NA
2100244_2,2023-01-04 21:01:31.615623,BEAUTY,2100244.jpg,2100244,2,0,NA
2100243_2,2023-01-04 21:01:30.709227,BEAUTY,2100243.jpg,2100243,2,0,NA
2100246_2,2023-01-04 21:01:29.724792,BEAUTY,2100246.jpg,2100246,2,0,NA
2013978_2,2023-01-04 21:01:28.787069,BEAUTY,2013978.jpg,2013978,2,0,NA
2008243_2,2023-01-04 21:01:28.208866,SHO,2008243.jpg,2008243,2,0,NA
2008245_2,2023-01-04 21:01:27.380618,SHO,2008245.jpg,2008245,2,0,NA
2008342_2,2023-01-04 21:01:26.052294,SHO,2008342.jpg,2008342,2,0,NA
2010826_2,2023-01-04 21:01:25.286543,ACC,2010826.jpg,2010826,2,0,NA
2011026_2,2023-01-04 21:01:24.411420,ACC,2011026.jpg,2011026,2,0,NA
2011206_2,2023-01-04 21:01:23.630159,ACC,2011206.jpg,2011206,2,0,NA
2013150_2,2023-01-04 21:01:23.004958,SHO,2013150.jpg,2013150,2,0,NA
2013155_2,2023-01-04 21:01:22.348596,SHO,2013155.jpg,2013155,2,0,NA
2013165_2,2023-01-04 21:01:21.645369,SHO,2013165.jpg,2013165,2,0,NA
2013166_2,2023-01-04 21:01:21.004637,SHO,2013166.jpg,2013166,2,0,NA
1912237_1,2023-01-04 21:01:20.598394,SHO,1912237.jpg,1912237,1,0,NA
2013183_2,2023-01-04 21:01:19.910738,SHO,2013183.jpg,2013183,2,0,NA
2013185_2,2023-01-04 21:01:19.207519,SHO,2013185.jpg,2013185,2,0,NA
2013188_2,2023-01-04 21:01:18.457392,SHO,2013188.jpg,2013188,2,0,NA
2013931_2,2023-01-04 21:01:17.816702,BEAUTY,2013931.jpg,2013931,2,0,NA
2013941_2,2023-01-04 21:01:17.207223,BEAUTY,2013941.jpg,2013941,2,0,NA
2013944_2,2023-01-04 21:01:16.066409,BEAUTY,2013944.jpg,2013944,2,0,NA
2013954_2,2023-01-04 21:01:15.456964,BEAUTY,2013954.jpg,2013954,2,0,NA
2013955_2,2023-01-04 21:01:14.831850,BEAUTY,2013955.jpg,2013955,2,0,NA
2014431_2,2023-01-04 21:01:14.144261,ACC,2014431.jpg,2014431,2,0,NA
2014433_2,2023-01-04 21:01:13.503521,ACC,2014433.jpg,2014433,2,0,NA
2014438_2,2023-01-04 21:01:12.456491,ACC,2014438.jpg,2014438,2,0,NA
2014481_2,2023-01-04 21:01:11.847026,ACC,2014481.jpg,2014481,2,0,NA
2014485_2,2023-01-04 21:01:11.159427,ACC,2014485.jpg,2014485,2,0,NA
2014484_2,2023-01-04 21:01:10.534329,ACC,2014484.jpg,2014484,2,0,NA
2014522_2,2023-01-04 21:01:09.518551,ACC,2014522.jpg,2014522,2,0,NA
2014556_2,2023-01-04 21:01:08.627794,ACC,2014556.jpg,2014556,2,0,NA
2014557_2,2023-01-04 21:01:07.799553,ACC,2014557.jpg,2014557,2,0,NA
2014561_2,2023-01-04 21:01:06.986923,ACC,2014561.jpg,2014561,2,0,NA
2014562_2,2023-01-04 21:01:06.111869,ACC,2014562.jpg,2014562,2,0,NA
2014564_2,2023-01-04 21:01:04.502176,ACC,2014564.jpg,2014564,2,0,NA
2014592_2,2023-01-04 21:01:03.127005,ACC,2014592.jpg,2014592,2,0,NA
2003464_2,2023-01-04 21:01:01.829902,CLO,2003464.jpg,2003464,2,0,NA
2005580_2,2023-01-04 21:01:01.032924,CLO,2005580.jpg,2005580,2,0,NA
2005803_2,2023-01-04 21:01:00.329673,CLO,2005803.jpg,2005803,2,0,NA
2007271_2,2023-01-04 21:00:59.657758,CLO,2007271.jpg,2007271,2,0,NA
2010304_2,2023-01-04 21:00:58.923217,CLO,2010304.jpg,2010304,2,0,NA
2013130_2,2023-01-04 21:00:58.126237,CLO,2013130.jpg,2013130,2,0,NA
2014725_2,2023-01-04 21:00:55.985276,CLO,2014725.jpg,2014725,2,0,NA
2100199_2,2023-01-04 21:00:53.094222,CLO,2100199.jpg,2100199,2,0,NA
2100200_2,2023-01-04 21:00:50.750115,CLO,2100200.jpg,2100200,2,0,NA
2100310_2,2023-01-04 21:00:48.343514,CLO,2100310.jpg,2100310,2,0,NA
2100389_2,2023-01-04 21:00:46.186932,CLO,2100389.jpg,2100389,2,0,NA
2100586_2,2023-01-04 21:00:45.374313,CLO,2100586.jpg,2100586,2,0,NA
2100652_2,2023-01-04 21:00:44.124164,CLO,2100652.jpg,2100652,2,0,NA
2100694_2,2023-01-04 21:00:43.342776,CLO,2100694.jpg,2100694,2,0,NA
2100705_2,2023-01-04 21:00:40.904920,CLO,2100705.jpg,2100705,2,0,NA
2100704_2,2023-01-04 21:00:38.513908,CLO,2100704.jpg,2100704,2,0,NA
2100706_2,2023-01-04 21:00:36.132898,CLO,2100706.jpg,2100706,2,0,NA
2100723_2,2023-01-04 21:00:33.622618,CLO,2100723.jpg,2100723,2,0,NA
2100724_2,2023-01-04 21:00:31.106558,CLO,2100724.jpg,2100724,2,0,NA
2100733_2,2023-01-04 21:00:30.528348,CLO,2100733.jpg,2100733,2,0,NA
2100808_2,2023-01-04 21:00:29.793863,CLO,2100808.jpg,2100808,2,0,NA
2100840_2,2023-01-04 21:00:28.637426,CLO,2100840.jpg,2100840,2,0,NA
2100841_2,2023-01-04 21:00:27.637285,CLO,2100841.jpg,2100841,2,0,NA
2100911_2,2023-01-04 21:00:25.293190,CLO,2100911.jpg,2100911,2,0,NA
2100915_2,2023-01-04 21:00:22.808539,CLO,2100915.jpg,2100915,2,0,NA
2100916_2,2023-01-04 21:00:20.354946,CLO,2100916.jpg,2100916,2,0,NA
2100917_2,2023-01-04 21:00:17.745189,CLO,2100917.jpg,2100917,2,0,NA
2100935_2,2023-01-04 21:00:15.791771,CLO,2100935.jpg,2100935,2,0,NA
2100936_2,2023-01-04 21:00:14.307175,CLO,2100936.jpg,2100936,2,0,NA
2100945_2,2023-01-04 21:00:13.588300,CLO,2100945.jpg,2100945,2,0,NA
2100951_2,2023-01-04 21:00:12.791308,CLO,2100951.jpg,2100951,2,0,NA
2100956_2,2023-01-04 21:00:12.134959,CLO,2100956.jpg,2100956,2,0,NA
2100971_2,2023-01-04 21:00:10.884784,CLO,2100971.jpg,2100971,2,0,NA
2100973_2,2023-01-04 21:00:08.446898,CLO,2100973.jpg,2100973,2,0,NA
2100974_2,2023-01-04 21:00:05.821502,CLO,2100974.jpg,2100974,2,0,NA
2100975_2,2023-01-04 21:00:03.243093,CLO,2100975.jpg,2100975,2,0,NA
2101041_2,2023-01-04 21:00:00.758399,CLO,2101041.jpg,2101041,2,0,NA
2101047_2,2023-01-04 20:59:59.336175,CLO,2101047.jpg,2101047,2,0,NA
2101057_2,2023-01-04 20:59:58.632955,CLO,2101057.jpg,2101057,2,0,NA
2101060_2,2023-01-04 20:59:57.038959,CLO,2101060.jpg,2101060,2,0,NA
2101061_2,2023-01-04 20:59:54.616715,CLO,2101061.jpg,2101061,2,0,NA
2101062_2,2023-01-04 20:59:50.991161,CLO,2101062.jpg,2101062,2,0,NA
2101066_2,2023-01-04 20:59:45.897065,CLO,2101066.jpg,2101066,2,0,NA
2101099_2,2023-01-04 20:59:42.443034,CLO,2101099.jpg,2101099,2,0,NA
2101125_2,2023-01-04 20:59:40.286688,CLO,2101125.jpg,2101125,2,0,NA
2101173_2,2023-01-04 20:59:37.129740,CLO,2101173.jpg,2101173,2,0,NA
2101187_2,2023-01-04 20:59:34.895003,CLO,2101187.jpg,2101187,2,0,NA
2101198_2,2023-01-04 20:59:32.785323,CLO,2101198.jpg,2101198,2,0,NA
2101212_2,2023-01-04 20:59:29.519225,CLO,2101212.jpg,2101212,2,0,NA
2101213_2,2023-01-04 20:59:26.362496,CLO,2101213.jpg,2101213,2,0,NA
2101214_2,2023-01-04 20:59:23.862114,CLO,2101214.jpg,2101214,2,0,NA
2101216_2,2023-01-04 20:59:20.736653,CLO,2101216.jpg,2101216,2,0,NA
2101234_2,2023-01-04 20:59:15.157694,CLO,2101234.jpg,2101234,2,0,NA
2101241_2,2023-01-04 20:59:09.703931,CLO,2101241.jpg,2101241,2,0,NA
2101242_2,2023-01-04 20:59:04.874893,CLO,2101242.jpg,2101242,2,0,NA
2101246_2,2023-01-04 20:58:59.905404,CLO,2101246.jpg,2101246,2,0,NA
2010539_2,2023-01-04 20:58:59.202162,ACC,2010539.jpg,2010539,2,0,NA
2000982_2,2023-01-04 20:58:58.280169,ACC,2000982.jpg,2000982,2,0,NA
2011680_2,2023-01-04 20:58:55.295326,SHO,2011680.jpg,2011680,2,0,NA
2010714_2,2023-01-04 20:58:53.795240,CLO,2010714.jpg,2010714,2,0,NA
2013541_2,2023-01-04 20:58:53.107593,SHO,2013541.jpg,2013541,2,0,NA
2013145_2,2023-01-04 20:58:52.544922,SHO,2013145.jpg,2013145,2,0,NA
2013800_2,2023-01-04 20:58:51.951244,SHO,2013800.jpg,2013800,2,0,NA
2218366_2,2023-01-04 20:58:51.294823,ACC,2218366.jpg,2218366,2,0,NA
2011573_2,2023-01-04 20:58:50.028926,ACC,2011573.jpg,2011573,2,0,NA
2007077_2,2023-01-04 20:58:49.388212,ACC,2007077.jpg,2007077,2,0,NA
1909730_1,2023-01-04 20:58:42.043347,CLO,1909730.jpg,1909730,1,0,NA
2105495_2,2023-01-04 20:58:41.652666,CLO,2105495.jpg,2105495,2,0,NA
2009904_2,2023-01-04 20:58:41.105704,JEW,2009904.jpg,2009904,2,0,NA
2011208_2,2023-01-04 20:58:40.480605,ACC,2011208.jpg,2011208,2,0,NA
2009906_2,2023-01-04 20:58:39.761764,JEW,2009906.jpg,2009906,2,0,NA
2013473_2,2023-01-04 20:58:39.199162,JEW,2013473.jpg,2013473,2,0,NA
2013477_2,2023-01-04 20:58:38.386622,JEW,2013477.jpg,2013477,2,0,NA
2013483_2,2023-01-04 20:58:37.777263,JEW,2013483.jpg,2013483,2,0,NA
2013974_2,2023-01-04 20:58:37.011637,BEAUTY,2013974.jpg,2013974,2,0,NA
2013982_2,2023-01-04 20:58:36.246013,BEAUTY,2013982.jpg,2013982,2,0,NA
2014017_2,2023-01-04 20:58:35.605377,BEAUTY,2014017.jpg,2014017,2,0,NA
2014030_2,2023-01-04 20:58:34.496027,BEAUTY,2014030.jpg,2014030,2,0,NA
2014037_2,2023-01-04 20:58:33.777260,BEAUTY,2014037.jpg,2014037,2,0,NA
2014131_2,2023-01-04 20:58:33.183507,ACC,2014131.jpg,2014131,2,0,NA
2014137_2,2023-01-04 20:58:32.543128,ACC,2014137.jpg,2014137,2,0,NA
2014184_2,2023-01-04 20:58:31.949164,ACC,2014184.jpg,2014184,2,0,NA
2014185_2,2023-01-04 20:58:31.261779,ACC,2014185.jpg,2014185,2,0,NA
2014189_2,2023-01-04 20:58:30.605446,ACC,2014189.jpg,2014189,2,0,NA
2014190_2,2023-01-04 20:58:29.871060,ACC,2014190.jpg,2014190,2,0,NA
2014192_2,2023-01-04 20:58:29.230536,ACC,2014192.jpg,2014192,2,0,NA
2014194_2,2023-01-04 20:58:28.511662,ACC,2014194.jpg,2014194,2,0,NA
2014195_2,2023-01-04 20:58:27.808687,ACC,2014195.jpg,2014195,2,0,NA
2014193_2,2023-01-04 20:58:27.058565,ACC,2014193.jpg,2014193,2,0,NA
2014196_2,2023-01-04 20:58:26.277302,ACC,2014196.jpg,2014196,2,0,NA
2014222_2,2023-01-04 20:58:25.121060,ACC,2014222.jpg,2014222,2,0,NA
2014214_2,2023-01-04 20:58:23.605428,ACC,2014214.jpg,2014214,2,0,NA
2014240_2,2023-01-04 20:58:22.918124,ACC,2014240.jpg,2014240,2,0,NA
2014241_2,2023-01-04 20:58:22.308554,ACC,2014241.jpg,2014241,2,0,NA
2014223_2,2023-01-04 20:58:21.214823,ACC,2014223.jpg,2014223,2,0,NA
2014242_2,2023-01-04 20:58:20.277426,ACC,2014242.jpg,2014242,2,0,NA
2014243_2,2023-01-04 20:58:19.496062,ACC,2014243.jpg,2014243,2,0,NA
2014250_2,2023-01-04 20:58:18.808564,ACC,2014250.jpg,2014250,2,0,NA
2014246_2,2023-01-04 20:58:18.105473,ACC,2014246.jpg,2014246,2,0,NA
2014247_2,2023-01-04 20:58:13.308586,ACC,2014247.jpg,2014247,2,0,NA
2014251_2,2023-01-04 20:58:12.558598,ACC,2014251.jpg,2014251,2,0,NA
2014252_2,2023-01-04 20:58:11.980487,ACC,2014252.jpg,2014252,2,0,NA
2014255_2,2023-01-04 20:58:11.136728,ACC,2014255.jpg,2014255,2,0,NA
2014256_2,2023-01-04 20:58:10.511732,ACC,2014256.jpg,2014256,2,0,NA
2014365_2,2023-01-04 20:58:09.761744,ACC,2014365.jpg,2014365,2,0,NA
2014257_2,2023-01-04 20:58:09.152469,ACC,2014257.jpg,2014257,2,0,NA
2014476_2,2023-01-04 20:58:08.402508,ACC,2014476.jpg,2014476,2,0,NA
2014489_2,2023-01-04 20:58:07.699232,ACC,2014489.jpg,2014489,2,0,NA
2014510_2,2023-01-04 20:58:07.105500,ACC,2014510.jpg,2014510,2,0,NA
2014512_2,2023-01-04 20:58:06.511744,ACC,2014512.jpg,2014512,2,0,NA
2014511_2,2023-01-04 20:58:05.730506,ACC,2014511.jpg,2014511,2,0,NA
2014513_2,2023-01-04 20:58:05.136756,ACC,2014513.jpg,2014513,2,0,NA
2014702_2,2023-01-04 20:58:04.433610,BEAUTY,2014702.jpg,2014702,2,0,NA
2100741_2,2023-01-04 20:58:03.839879,ACC,2100741.jpg,2100741,2,0,NA
2100742_2,2023-01-04 20:58:03.183645,ACC,2100742.jpg,2100742,2,0,NA
2100141_2,2023-01-04 20:58:02.246153,ACC,2100141.jpg,2100141,2,0,NA
2103904_2,2023-01-04 20:58:01.855551,ACC,2103904.jpg,2103904,2,0,NA
2100743_2,2023-01-04 20:58:01.027690,ACC,2100743.jpg,2100743,2,0,NA
2100744_2,2023-01-04 20:58:00.152405,ACC,2100744.jpg,2100744,2,0,NA
2100857_2,2023-01-04 20:57:58.574278,BEAUTY,2100857.jpg,2100857,2,0,NA
2100855_2,2023-01-04 20:57:57.902398,BEAUTY,2100855.jpg,2100855,2,0,NA
2100998_2,2023-01-04 20:57:57.152431,BEAUTY,2100998.jpg,2100998,2,0,NA
2101137_2,2023-01-04 20:57:56.246288,SHO,2101137.jpg,2101137,2,0,NA
2100999_2,2023-01-04 20:57:54.964939,BEAUTY,2100999.jpg,2100999,2,0,NA
2101163_2,2023-01-04 20:57:53.589942,CLO,2101163.jpg,2101163,2,0,NA
2101164_2,2023-01-04 20:57:49.543054,CLO,2101164.jpg,2101164,2,0,NA
2101922_2,2023-01-04 20:57:48.214970,ACC,2101922.jpg,2101922,2,0,NA
2101165_2,2023-01-04 20:57:47.558716,CLO,2101165.jpg,2101165,2,0,NA
2011601_2,2023-01-04 20:57:46.183708,BEAUTY,2011601.jpg,2011601,2,0,NA
2008937_2,2023-01-04 20:57:45.105700,ACC,2008937.jpg,2008937,2,0,NA
2101159_2,2023-01-04 20:57:44.511842,CLO,2101159.jpg,2101159,2,0,NA
2101147_2,2023-01-04 20:57:43.605600,SHO,2101147.jpg,2101147,2,0,NA
2101168_2,2023-01-04 20:57:39.777483,CLO,2101168.jpg,2101168,2,0,NA
2101172_2,2023-01-04 20:57:35.964992,CLO,2101172.jpg,2101172,2,0,NA
2101171_2,2023-01-04 20:57:32.902696,CLO,2101171.jpg,2101171,2,0,NA
2218370_2,2023-01-04 20:57:31.996347,ACC,2218370.jpg,2218370,2,0,NA
1905065_1,2023-01-04 20:57:29.933766,CLO,1905065.jpg,1905065,1,0,NA
2009230_2,2023-01-04 20:57:27.761911,CLO,2009230.jpg,2009230,2,0,NA
2009529_2,2023-01-04 20:57:24.730729,CLO,2009529.jpg,2009529,2,0,NA
2011450_2,2023-01-04 20:57:22.261947,CLO,2011450.jpg,2011450,2,0,NA
1807639_1,2023-01-04 20:57:20.590069,CLO,1807639.jpg,1807639,1,0,NA
1809585_1,2023-01-04 20:57:18.152556,CLO,1809585.jpg,1809585,1,0,NA
1906495_1,2023-01-04 20:57:15.543214,CLO,1906495.jpg,1906495,1,0,NA
1909346_1,2023-01-04 20:57:13.543208,CLO,1909346.jpg,1909346,1,0,NA
2007017_2,2023-01-04 20:57:11.355739,ACC,2007017.jpg,2007017,2,0,NA
2007475_2,2023-01-04 20:57:10.433842,CLO,2007475.jpg,2007475,2,0,NA
2007994_2,2023-01-04 20:57:06.730755,CLO,2007994.jpg,2007994,2,0,NA
2010386_2,2023-01-04 20:57:03.746370,CLO,2010386.jpg,2010386,2,0,NA
2011311_2,2023-01-04 20:57:00.465133,CLO,2011311.jpg,2011311,2,0,NA
2011316_2,2023-01-04 20:56:57.887000,CLO,2011316.jpg,2011316,2,0,NA
2011733_2,2023-01-04 20:56:55.496509,CLO,2011733.jpg,2011733,2,0,NA
2012016_2,2023-01-04 20:56:53.933903,CLO,2012016.jpg,2012016,2,0,NA
2012017_2,2023-01-04 20:56:51.715169,CLO,2012017.jpg,2012017,2,0,NA
2012018_2,2023-01-04 20:56:49.746423,CLO,2012018.jpg,2012018,2,0,NA
2012019_2,2023-01-04 20:56:47.074708,CLO,2012019.jpg,2012019,2,0,NA
2012411_2,2023-01-04 20:56:44.918320,CLO,2012411.jpg,2012411,2,0,NA
2012412_2,2023-01-04 20:56:42.855826,CLO,2012412.jpg,2012412,2,0,NA
2012440_2,2023-01-04 20:56:39.715206,CLO,2012440.jpg,2012440,2,0,NA
2012445_2,2023-01-04 20:56:35.418335,CLO,2012445.jpg,2012445,2,0,NA
2012917_2,2023-01-04 20:56:34.621602,CLO,2012917.jpg,2012917,2,0,NA
2012922_2,2023-01-04 20:56:31.637111,CLO,2012922.jpg,2012922,2,0,NA
2012939_2,2023-01-04 20:56:29.074639,CLO,2012939.jpg,2012939,2,0,NA
2012946_2,2023-01-04 20:56:24.980872,CLO,2012946.jpg,2012946,2,0,NA
2013683_2,2023-01-04 20:56:22.605887,CLO,2013683.jpg,2013683,2,0,NA
2014102_2,2023-01-04 20:56:20.668402,CLO,2014102.jpg,2014102,2,0,NA
2014117_2,2023-01-04 20:56:18.637152,CLO,2014117.jpg,2014117,2,0,NA
2014260_2,2023-01-04 20:56:16.543419,CLO,2014260.jpg,2014260,2,0,NA
2014268_2,2023-01-04 20:56:14.418430,CLO,2014268.jpg,2014268,2,0,NA
2014302_2,2023-01-04 20:56:10.215305,CLO,2014302.jpg,2014302,2,0,NA
2014312_2,2023-01-04 20:56:06.512320,CLO,2014312.jpg,2014312,2,0,NA
2014329_2,2023-01-04 20:56:03.434129,CLO,2014329.jpg,2014329,2,0,NA
2014338_2,2023-01-04 20:56:00.684114,CLO,2014338.jpg,2014338,2,0,NA
2014471_2,2023-01-04 20:55:58.559114,CLO,2014471.jpg,2014471,2,0,NA
2014473_2,2023-01-04 20:55:56.324735,CLO,2014473.jpg,2014473,2,0,NA
2014724_2,2023-01-04 20:55:53.684132,CLO,2014724.jpg,2014724,2,0,NA
2014697_2,2023-01-04 20:55:51.512283,CLO,2014697.jpg,2014697,2,0,NA
2014782_2,2023-01-04 20:55:46.574779,CLO,2014782.jpg,2014782,2,0,NA
2014783_2,2023-01-04 20:55:43.309210,CLO,2014783.jpg,2014783,2,0,NA
2014784_2,2023-01-04 20:55:40.887302,CLO,2014784.jpg,2014784,2,0,NA
2014785_2,2023-01-04 20:55:39.043612,CLO,2014785.jpg,2014785,2,0,NA
2014825_2,2023-01-04 20:55:37.152951,CLO,2014825.jpg,2014825,2,0,NA
2014858_2,2023-01-04 20:55:33.793591,CLO,2014858.jpg,2014858,2,0,NA
2014859_2,2023-01-04 20:55:32.668574,CLO,2014859.jpg,2014859,2,0,NA
2014861_2,2023-01-04 20:55:31.871710,CLO,2014861.jpg,2014861,2,0,NA
2014870_2,2023-01-04 20:55:28.121731,CLO,2014870.jpg,2014870,2,0,NA
2014878_2,2023-01-04 20:55:24.090494,CLO,2014878.jpg,2014878,2,0,NA
2014881_2,2023-01-04 20:55:20.793636,CLO,2014881.jpg,2014881,2,0,NA
2014884_2,2023-01-04 20:55:17.715559,CLO,2014884.jpg,2014884,2,0,NA
2014886_2,2023-01-04 20:55:16.981143,CLO,2014886.jpg,2014886,2,0,NA
2014888_2,2023-01-04 20:55:14.199893,CLO,2014888.jpg,2014888,2,0,NA
2014892_2,2023-01-04 20:55:09.653170,CLO,2014892.jpg,2014892,2,0,NA
2014948_2,2023-01-04 20:55:05.028065,CLO,2014948.jpg,2014948,2,0,NA
2100072_2,2023-01-04 20:55:02.371832,CLO,2100072.jpg,2100072,2,0,NA
2100151_2,2023-01-04 20:55:01.153078,CLO,2100151.jpg,2100151,2,0,NA
2100178_2,2023-01-04 20:54:59.012485,CLO,2100178.jpg,2100178,2,0,NA
2100179_2,2023-01-04 20:54:56.809355,CLO,2100179.jpg,2100179,2,0,NA
2100293_2,2023-01-04 20:54:54.543734,CLO,2100293.jpg,2100293,2,0,NA
2100373_2,2023-01-04 20:54:52.278112,CLO,2100373.jpg,2100373,2,0,NA
2100414_2,2023-01-04 20:54:50.090607,CLO,2100414.jpg,2100414,2,0,NA
2100428_2,2023-01-04 20:54:47.700398,CLO,2100428.jpg,2100428,2,0,NA
2100536_2,2023-01-04 20:54:44.043796,CLO,2100536.jpg,2100536,2,0,NA
2100554_2,2023-01-04 20:54:42.184391,CLO,2100554.jpg,2100554,2,0,NA
2100557_2,2023-01-04 20:54:41.496956,CLO,2100557.jpg,2100557,2,0,NA
2100629_2,2023-01-04 20:54:38.528155,CLO,2100629.jpg,2100629,2,0,NA
2100631_2,2023-01-04 20:54:34.434453,CLO,2100631.jpg,2100631,2,0,NA
2100633_2,2023-01-04 20:54:32.028216,CLO,2100633.jpg,2100633,2,0,NA
2100634_2,2023-01-04 20:54:30.028390,CLO,2100634.jpg,2100634,2,0,NA
2100677_2,2023-01-04 20:54:27.918846,CLO,2100677.jpg,2100677,2,0,NA
2100683_2,2023-01-04 20:54:25.762585,CLO,2100683.jpg,2100683,2,0,NA
2100692_2,2023-01-04 20:54:23.637602,CLO,2100692.jpg,2100692,2,0,NA
2100696_2,2023-01-04 20:54:21.246993,CLO,2100696.jpg,2100696,2,0,NA
2100698_2,2023-01-04 20:54:17.622008,CLO,2100698.jpg,2100698,2,0,NA
2100699_2,2023-01-04 20:54:15.997019,CLO,2100699.jpg,2100699,2,0,NA
2100719_2,2023-01-04 20:54:15.340760,CLO,2100719.jpg,2100719,2,0,NA
2100721_2,2023-01-04 20:54:11.668905,CLO,2100721.jpg,2100721,2,0,NA
2100738_2,2023-01-04 20:54:08.950146,CLO,2100738.jpg,2100738,2,0,NA
2100739_2,2023-01-04 20:54:06.356507,CLO,2100739.jpg,2100739,2,0,NA
2100776_2,2023-01-04 20:54:03.856428,CLO,2100776.jpg,2100776,2,0,NA
2100784_2,2023-01-04 20:54:00.966024,CLO,2100784.jpg,2100784,2,0,NA
2100785_2,2023-01-04 20:53:57.465831,CLO,2100785.jpg,2100785,2,0,NA
2100790_2,2023-01-04 20:53:55.668973,CLO,2100790.jpg,2100790,2,0,NA
2100791_2,2023-01-04 20:53:50.997109,CLO,2100791.jpg,2100791,2,0,NA
2100793_2,2023-01-04 20:53:47.028367,CLO,2100793.jpg,2100793,2,0,NA
2100794_2,2023-01-04 20:53:44.028363,CLO,2100794.jpg,2100794,2,0,NA
2100796_2,2023-01-04 20:53:40.965878,CLO,2100796.jpg,2100796,2,0,NA
2100803_2,2023-01-04 20:53:38.340905,CLO,2100803.jpg,2100803,2,0,NA
2100812_2,2023-01-04 20:53:35.715909,CLO,2100812.jpg,2100812,2,0,NA
2100831_2,2023-01-04 20:53:33.465918,CLO,2100831.jpg,2100831,2,0,NA
2100866_2,2023-01-04 20:53:31.012822,CLO,2100866.jpg,2100866,2,0,NA
2100867_2,2023-01-04 20:53:29.231580,CLO,2100867.jpg,2100867,2,0,NA
2100868_2,2023-01-04 20:53:24.544073,CLO,2100868.jpg,2100868,2,0,NA
2100870_2,2023-01-04 20:53:22.137984,CLO,2100870.jpg,2100870,2,0,NA
2100890_2,2023-01-04 20:53:19.606592,CLO,2100890.jpg,2100890,2,0,NA
2100899_2,2023-01-04 20:53:15.387853,CLO,2100899.jpg,2100899,2,0,NA
2100901_2,2023-01-04 20:53:13.544146,CLO,2100901.jpg,2100901,2,0,NA
2100952_2,2023-01-04 20:53:11.653505,CLO,2100952.jpg,2100952,2,0,NA
2100959_2,2023-01-04 20:53:09.794138,CLO,2100959.jpg,2100959,2,0,NA
2100983_2,2023-01-04 20:53:07.466024,CLO,2100983.jpg,2100983,2,0,NA
2100985_2,2023-01-04 20:53:05.544143,CLO,2100985.jpg,2100985,2,0,NA
2100990_2,2023-01-04 20:53:03.356660,CLO,2100990.jpg,2100990,2,0,NA
2101032_2,2023-01-04 20:53:00.184814,CLO,2101032.jpg,2101032,2,0,NA
2101033_2,2023-01-04 20:52:58.934807,CLO,2101033.jpg,2101033,2,0,NA
2101034_2,2023-01-04 20:52:56.700422,CLO,2101034.jpg,2101034,2,0,NA
2101035_2,2023-01-04 20:52:54.091069,CLO,2101035.jpg,2101035,2,0,NA
2101039_2,2023-01-04 20:52:46.669233,CLO,2101039.jpg,2101039,2,0,NA
2101051_2,2023-01-04 20:52:41.013016,CLO,2101051.jpg,2101051,2,0,NA
2101056_2,2023-01-04 20:52:40.216124,CLO,2101056.jpg,2101056,2,0,NA
2101059_2,2023-01-04 20:52:35.200494,CLO,2101059.jpg,2101059,2,0,NA
2101063_2,2023-01-04 20:52:31.809904,CLO,2101063.jpg,2101063,2,0,NA
2101074_2,2023-01-04 20:52:27.372432,CLO,2101074.jpg,2101074,2,0,NA
2101090_2,2023-01-04 20:52:21.434951,CLO,2101090.jpg,2101090,2,0,NA
2101094_2,2023-01-04 20:52:18.231843,CLO,2101094.jpg,2101094,2,0,NA
2011732_2,2023-01-04 20:52:15.856843,CLO,2011732.jpg,2011732,2,0,NA
2012539_2,2023-01-04 20:52:14.497472,CLO,2012539.jpg,2012539,2,0,NA
2012596_2,2023-01-04 20:52:09.044388,CLO,2012596.jpg,2012596,2,0,NA
2012599_2,2023-01-04 20:52:04.247509,CLO,2012599.jpg,2012599,2,0,NA
2013078_2,2023-01-04 20:52:03.497516,CLO,2013078.jpg,2013078,2,0,NA
2013347_2,2023-01-04 20:51:59.497720,CLO,2013347.jpg,2013347,2,0,NA
2013968_2,2023-01-04 20:51:57.497546,CLO,2013968.jpg,2013968,2,0,NA
2014262_2,2023-01-04 20:51:54.919423,CLO,2014262.jpg,2014262,2,0,NA
2014417_2,2023-01-04 20:51:53.685079,ACC,2014417.jpg,2014417,2,0,NA
2014610_2,2023-01-04 20:51:49.028826,CLO,2014610.jpg,2014610,2,0,NA
2014614_2,2023-01-04 20:51:43.497581,CLO,2014614.jpg,2014614,2,0,NA
2014636_2,2023-01-04 20:51:39.106972,CLO,2014636.jpg,2014636,2,0,NA
2014637_2,2023-01-04 20:51:37.435119,CLO,2014637.jpg,2014637,2,0,NA
2014731_2,2023-01-04 20:51:35.482015,CLO,2014731.jpg,2014731,2,0,NA
2014808_2,2023-01-04 20:51:32.528894,CLO,2014808.jpg,2014808,2,0,NA
2014817_2,2023-01-04 20:51:30.107026,CLO,2014817.jpg,2014817,2,0,NA
2014863_2,2023-01-04 20:51:24.591397,CLO,2014863.jpg,2014863,2,0,NA
2014880_2,2023-01-04 20:51:23.935145,CLO,2014880.jpg,2014880,2,0,NA
2100165_2,2023-01-04 20:51:22.997673,CLO,2100165.jpg,2100165,2,0,NA
2100288_2,2023-01-04 20:51:21.232042,CLO,2100288.jpg,2100288,2,0,NA
2100491_2,2023-01-04 20:51:17.310334,CLO,2100491.jpg,2100491,2,0,NA
2100492_2,2023-01-04 20:51:13.841469,CLO,2100492.jpg,2100492,2,0,NA
2100581_2,2023-01-04 20:51:09.810548,CLO,2100581.jpg,2100581,2,0,NA
2100582_2,2023-01-04 20:51:05.294622,CLO,2100582.jpg,2100582,2,0,NA
2100592_2,2023-01-04 20:51:00.669630,CLO,2100592.jpg,2100592,2,0,NA
2103319_2,2023-01-04 20:50:55.623732,CLO,2103319.jpg,2103319,2,0,NA
2103318_2,2023-01-04 20:50:50.544679,CLO,2103318.jpg,2103318,2,0,NA
2100593_2,2023-01-04 20:50:49.685299,CLO,2100593.jpg,2100593,2,0,NA
2100669_2,2023-01-04 20:50:45.919698,CLO,2100669.jpg,2100669,2,0,NA
2100695_2,2023-01-04 20:50:44.122821,CLO,2100695.jpg,2100695,2,0,NA
2100708_2,2023-01-04 20:50:43.185328,CLO,2100708.jpg,2100708,2,0,NA
2100725_2,2023-01-04 20:50:40.591630,CLO,2100725.jpg,2100725,2,0,NA
2100774_2,2023-01-04 20:50:38.372840,CLO,2100774.jpg,2100774,2,0,NA
2100788_2,2023-01-04 20:50:36.232247,CLO,2100788.jpg,2100788,2,0,NA
2100792_2,2023-01-04 20:50:34.029140,CLO,2100792.jpg,2100792,2,0,NA
2100800_2,2023-01-04 20:50:32.107257,CLO,2100800.jpg,2100800,2,0,NA
2100801_2,2023-01-04 20:50:26.638517,CLO,2100801.jpg,2100801,2,0,NA
2100804_2,2023-01-04 20:50:22.076049,CLO,2100804.jpg,2100804,2,0,NA
2100805_2,2023-01-04 20:50:18.435434,CLO,2100805.jpg,2100805,2,0,NA
2100816_2,2023-01-04 20:50:15.279187,CLO,2100816.jpg,2100816,2,0,NA
2100886_2,2023-01-04 20:50:12.232335,CLO,2100886.jpg,2100886,2,0,NA
2100891_2,2023-01-04 20:50:06.529212,CLO,2100891.jpg,2100891,2,0,NA
2100893_2,2023-01-04 20:50:02.451103,CLO,2100893.jpg,2100893,2,0,NA
2100947_2,2023-01-04 20:49:56.591740,CLO,2100947.jpg,2100947,2,0,NA
2100948_2,2023-01-04 20:49:54.341755,CLO,2100948.jpg,2100948,2,0,NA
2100963_2,2023-01-04 20:49:51.341772,CLO,2100963.jpg,2100963,2,0,NA
2100964_2,2023-01-04 20:49:45.357407,CLO,2100964.jpg,2100964,2,0,NA
2100972_2,2023-01-04 20:49:42.310683,CLO,2100972.jpg,2100972,2,0,NA
2101040_2,2023-01-04 20:49:38.248063,CLO,2101040.jpg,2101040,2,0,NA
2101043_2,2023-01-04 20:49:36.561213,CLO,2101043.jpg,2101043,2,0,NA
2101044_2,2023-01-04 20:49:32.794965,CLO,2101044.jpg,2101044,2,0,NA
2101050_2,2023-01-04 20:49:29.185615,CLO,2101050.jpg,2101050,2,0,NA
2101053_2,2023-01-04 20:49:25.232497,CLO,2101053.jpg,2101053,2,0,NA
2101072_2,2023-01-04 20:49:22.607492,CLO,2101072.jpg,2101072,2,0,NA
2101073_2,2023-01-04 20:49:19.560642,CLO,2101073.jpg,2101073,2,0,NA
2101083_2,2023-01-04 20:49:15.935740,CLO,2101083.jpg,2101083,2,0,NA
2101085_2,2023-01-04 20:49:12.498174,CLO,2101085.jpg,2101085,2,0,NA
2101095_2,2023-01-04 20:49:08.341933,CLO,2101095.jpg,2101095,2,0,NA
2101124_2,2023-01-04 20:49:05.998312,CLO,2101124.jpg,2101124,2,0,NA
2101166_2,2023-01-04 20:49:04.154451,CLO,2101166.jpg,2101166,2,0,NA
2101175_2,2023-01-04 20:49:02.138941,CLO,2101175.jpg,2101175,2,0,NA
2101182_2,2023-01-04 20:49:00.076351,CLO,2101182.jpg,2101182,2,0,NA
2101184_2,2023-01-04 20:48:54.513954,CLO,2101184.jpg,2101184,2,0,NA
2101185_2,2023-01-04 20:48:53.295112,CLO,2101185.jpg,2101185,2,0,NA
2101192_2,2023-01-04 20:48:50.201387,CLO,2101192.jpg,2101192,2,0,NA
2101194_2,2023-01-04 20:48:48.810759,CLO,2101194.jpg,2101194,2,0,NA
2101196_2,2023-01-04 20:48:46.389118,CLO,2101196.jpg,2101196,2,0,NA
2101200_2,2023-01-04 20:48:43.670162,CLO,2101200.jpg,2101200,2,0,NA
2101205_2,2023-01-04 20:48:42.138916,CLO,2101205.jpg,2101205,2,0,NA
2101206_2,2023-01-04 20:48:37.623311,CLO,2101206.jpg,2101206,2,0,NA
2101208_2,2023-01-04 20:48:31.982716,CLO,2101208.jpg,2101208,2,0,NA
2101210_2,2023-01-04 20:48:29.998330,CLO,2101210.jpg,2101210,2,0,NA
2101245_2,2023-01-04 20:48:25.029783,CLO,2101245.jpg,2101245,2,0,NA
2101249_2,2023-01-04 20:48:21.264004,CLO,2101249.jpg,2101249,2,0,NA
2101252_2,2023-01-04 20:48:18.592115,CLO,2101252.jpg,2101252,2,0,NA
2101253_2,2023-01-04 20:48:13.732767,CLO,2101253.jpg,2101253,2,0,NA
2101257_2,2023-01-04 20:48:11.685901,CLO,2101257.jpg,2101257,2,0,NA
2101268_2,2023-01-04 20:48:09.842161,CLO,2101268.jpg,2101268,2,0,NA
2101278_2,2023-01-04 20:48:07.326546,CLO,2101278.jpg,2101278,2,0,NA
2101280_2,2023-01-04 20:48:04.748428,CLO,2101280.jpg,2101280,2,0,NA
2101284_2,2023-01-04 20:48:01.779700,CLO,2101284.jpg,2101284,2,0,NA
2101303_2,2023-01-04 20:47:59.232829,CLO,2101303.jpg,2101303,2,0,NA
2101360_2,2023-01-04 20:47:56.076596,CLO,2101360.jpg,2101360,2,0,NA
2101378_2,2023-01-04 20:47:54.029723,CLO,2101378.jpg,2101378,2,0,NA
2101397_2,2023-01-04 20:47:51.732872,CLO,2101397.jpg,2101397,2,0,NA
2101411_2,2023-01-04 20:47:51.092224,CLO,2101411.jpg,2101411,2,0,NA
2004170_2,2023-01-04 20:47:48.092239,CLO,2004170.jpg,2004170,2,0,NA
2006867_2,2023-01-04 20:47:46.389111,ACC,2006867.jpg,2006867,2,0,NA
2009021_2,2023-01-04 20:47:43.623504,CLO,2009021.jpg,2009021,2,0,NA
2009292_2,2023-01-04 20:47:41.857910,CLO,2009292.jpg,2009292,2,0,NA
2009490_2,2023-01-04 20:47:37.217293,CLO,2009490.jpg,2009490,2,0,NA
2010892_2,2023-01-04 20:47:36.529805,CLO,2010892.jpg,2010892,2,0,NA
2011454_2,2023-01-04 20:47:35.842578,CLO,2011454.jpg,2011454,2,0,NA
2011655_2,2023-01-04 20:47:33.889157,CLO,2011655.jpg,2011655,2,0,NA
2013007_2,2023-01-04 20:47:31.373546,CLO,2013007.jpg,2013007,2,0,NA
2013487_2,2023-01-04 20:47:24.342314,CLO,2013487.jpg,2013487,2,0,NA
2014015_2,2023-01-04 20:47:21.389320,CLO,2014015.jpg,2014015,2,0,NA
2014209_2,2023-01-04 20:47:20.607984,ACC,2014209.jpg,2014209,2,0,NA
2014210_2,2023-01-04 20:47:19.373600,ACC,2014210.jpg,2014210,2,0,NA
2014215_2,2023-01-04 20:47:18.732981,ACC,2014215.jpg,2014215,2,0,NA
2014380_2,2023-01-04 20:47:17.951717,ACC,2014380.jpg,2014380,2,0,NA
2014798_2,2023-01-04 20:47:15.857991,CLO,2014798.jpg,2014798,2,0,NA
2014819_2,2023-01-04 20:47:12.436122,CLO,2014819.jpg,2014819,2,0,NA
2014844_2,2023-01-04 20:47:09.420509,CLO,2014844.jpg,2014844,2,0,NA
2014865_2,2023-01-04 20:47:06.733013,CLO,2014865.jpg,2014865,2,0,NA
2014868_2,2023-01-04 20:47:04.998636,CLO,2014868.jpg,2014868,2,0,NA
2014871_2,2023-01-04 20:47:03.154896,CLO,2014871.jpg,2014871,2,0,NA
2014873_2,2023-01-04 20:47:00.201784,CLO,2014873.jpg,2014873,2,0,NA
2100123_2,2023-01-04 20:46:58.123679,CLO,2100123.jpg,2100123,2,0,NA
2100124_2,2023-01-04 20:46:56.014314,CLO,2100124.jpg,2100124,2,0,NA
2100125_2,2023-01-04 20:46:52.186210,CLO,2100125.jpg,2100125,2,0,NA
2100126_2,2023-01-04 20:46:51.092441,CLO,2100126.jpg,2100126,2,0,NA
2100127_2,2023-01-04 20:46:50.483105,CLO,2100127.jpg,2100127,2,0,NA
2100283_2,2023-01-04 20:46:45.891112,CLO,2100283.jpg,2100283,2,0,NA
2100395_2,2023-01-04 20:46:43.436253,CLO,2100395.jpg,2100395,2,0,NA
2103755_2,2023-01-04 20:46:41.420622,CLO,2103755.jpg,2103755,2,0,NA
2100396_2,2023-01-04 20:46:39.139365,CLO,2100396.jpg,2100396,2,0,NA
2100441_2,2023-01-04 20:46:35.670636,CLO,2100441.jpg,2100441,2,0,NA
2100482_2,2023-01-04 20:46:33.076886,CLO,2100482.jpg,2100482,2,0,NA
2103553_2,2023-01-04 20:46:30.639417,CLO,2103553.jpg,2103553,2,0,NA
2100493_2,2023-01-04 20:46:28.858159,CLO,2100493.jpg,2100493,2,0,NA
2100687_2,2023-01-04 20:46:26.530036,CLO,2100687.jpg,2100687,2,0,NA
2100697_2,2023-01-04 20:46:24.045716,CLO,2100697.jpg,2100697,2,0,NA
2100700_2,2023-01-04 20:46:21.498824,CLO,2100700.jpg,2100700,2,0,NA
2100729_2,2023-01-04 20:46:18.733210,CLO,2100729.jpg,2100729,2,0,NA
2100737_2,2023-01-04 20:46:17.998817,CLO,2100737.jpg,2100737,2,0,NA
2100740_2,2023-01-04 20:46:14.233220,CLO,2100740.jpg,2100740,2,0,NA
2100777_2,2023-01-04 20:46:11.076990,CLO,2100777.jpg,2100777,2,0,NA
2100806_2,2023-01-04 20:46:07.545753,CLO,2100806.jpg,2100806,2,0,NA
2100871_2,2023-01-04 20:46:05.373884,CLO,2100871.jpg,2100871,2,0,NA
2100894_2,2023-01-04 20:46:03.514514,CLO,2100894.jpg,2100894,2,0,NA
2100929_2,2023-01-04 20:46:01.592649,CLO,2100929.jpg,2100929,2,0,NA
2100937_2,2023-01-04 20:45:58.342780,CLO,2100937.jpg,2100937,2,0,NA
2100938_2,2023-01-04 20:45:57.264646,CLO,2100938.jpg,2100938,2,0,NA
2100939_2,2023-01-04 20:45:56.655169,CLO,2100939.jpg,2100939,2,0,NA
2100940_2,2023-01-04 20:45:55.920795,CLO,2100940.jpg,2100940,2,0,NA
2100961_2,2023-01-04 20:45:53.092683,CLO,2100961.jpg,2100961,2,0,NA
2100982_2,2023-01-04 20:45:50.623926,CLO,2100982.jpg,2100982,2,0,NA
2100984_2,2023-01-04 20:45:48.014589,CLO,2100984.jpg,2100984,2,0,NA
2100986_2,2023-01-04 20:45:45.405210,CLO,2100986.jpg,2100986,2,0,NA
2100987_2,2023-01-04 20:45:40.342731,CLO,2100987.jpg,2100987,2,0,NA
2101055_2,2023-01-04 20:45:37.608367,CLO,2101055.jpg,2101055,2,0,NA
2101058_2,2023-01-04 20:45:35.405248,CLO,2101058.jpg,2101058,2,0,NA
2101064_2,2023-01-04 20:45:33.045883,CLO,2101064.jpg,2101064,2,0,NA
2101065_2,2023-01-04 20:45:29.780282,CLO,2101065.jpg,2101065,2,0,NA
2101076_2,2023-01-04 20:45:26.749026,CLO,2101076.jpg,2101076,2,0,NA
2101096_2,2023-01-04 20:45:23.733398,CLO,2101096.jpg,2101096,2,0,NA
2101104_2,2023-01-04 20:45:21.155290,CLO,2101104.jpg,2101104,2,0,NA
2101190_2,2023-01-04 20:45:18.170923,CLO,2101190.jpg,2101190,2,0,NA
2101191_2,2023-01-04 20:45:14.530330,CLO,2101191.jpg,2101191,2,0,NA
2101201_2,2023-01-04 20:45:12.795942,CLO,2101201.jpg,2101201,2,0,NA
2101227_2,2023-01-04 20:45:08.483458,CLO,2101227.jpg,2101227,2,0,NA
2101228_2,2023-01-04 20:45:05.608462,CLO,2101228.jpg,2101228,2,0,NA
2101229_2,2023-01-04 20:45:01.655384,CLO,2101229.jpg,2101229,2,0,NA
2101230_2,2023-01-04 20:44:58.671169,CLO,2101230.jpg,2101230,2,0,NA
2101232_2,2023-01-04 20:44:55.139806,CLO,2101232.jpg,2101232,2,0,NA
2101233_2,2023-01-04 20:44:52.499170,CLO,2101233.jpg,2101233,2,0,NA
2101235_2,2023-01-04 20:44:49.358603,CLO,2101235.jpg,2101235,2,0,NA
2101237_2,2023-01-04 20:44:46.264803,CLO,2101237.jpg,2101237,2,0,NA
2101239_2,2023-01-04 20:44:43.983559,CLO,2101239.jpg,2101239,2,0,NA
2101244_2,2023-01-04 20:44:42.577334,CLO,2101244.jpg,2101244,2,0,NA
2101269_2,2023-01-04 20:44:41.967935,CLO,2101269.jpg,2101269,2,0,NA
2101270_2,2023-01-04 20:44:41.249312,CLO,2101270.jpg,2101270,2,0,NA
2101276_2,2023-01-04 20:44:39.405442,CLO,2101276.jpg,2101276,2,0,NA
2101286_2,2023-01-04 20:44:37.030497,CLO,2101286.jpg,2101286,2,0,NA
2101287_2,2023-01-04 20:44:33.014864,CLO,2101287.jpg,2101287,2,0,NA
2101288_2,2023-01-04 20:44:30.717993,CLO,2101288.jpg,2101288,2,0,NA
2101304_2,2023-01-04 20:44:28.530532,CLO,2101304.jpg,2101304,2,0,NA
2101305_2,2023-01-04 20:44:26.358653,CLO,2101305.jpg,2101305,2,0,NA
2101306_2,2023-01-04 20:44:23.389903,CLO,2101306.jpg,2101306,2,0,NA
2101307_2,2023-01-04 20:44:20.374327,CLO,2101307.jpg,2101307,2,0,NA
2101308_2,2023-01-04 20:44:17.124327,CLO,2101308.jpg,2101308,2,0,NA
2101309_2,2023-01-04 20:44:16.233681,CLO,2101309.jpg,2101309,2,0,NA
2101311_2,2023-01-04 20:44:12.936810,CLO,2101311.jpg,2101311,2,0,NA
2101326_2,2023-01-04 20:44:10.358708,CLO,2101326.jpg,2101326,2,0,NA
2101329_2,2023-01-04 20:44:08.389982,CLO,2101329.jpg,2101329,2,0,NA
2101340_2,2023-01-04 20:44:06.124356,CLO,2101340.jpg,2101340,2,0,NA
2101341_2,2023-01-04 20:44:03.499356,CLO,2101341.jpg,2101341,2,0,NA
2101355_2,2023-01-04 20:44:00.983754,CLO,2101355.jpg,2101355,2,0,NA
2101356_2,2023-01-04 20:43:57.936873,CLO,2101356.jpg,2101356,2,0,NA
2101357_2,2023-01-04 20:43:50.561902,CLO,2101357.jpg,2101357,2,0,NA
2101358_2,2023-01-04 20:43:46.655692,CLO,2101358.jpg,2101358,2,0,NA
2101369_2,2023-01-04 20:43:44.421313,CLO,2101369.jpg,2101369,2,0,NA
2101398_2,2023-01-04 20:43:40.577557,CLO,2101398.jpg,2101398,2,0,NA
2101399_2,2023-01-04 20:43:37.358824,CLO,2101399.jpg,2101399,2,0,NA
2101410_2,2023-01-04 20:43:32.311974,CLO,2101410.jpg,2101410,2,0,NA
2101414_2,2023-01-04 20:43:25.155753,CLO,2101414.jpg,2101414,2,0,NA
2101428_2,2023-01-04 20:43:18.062001,CLO,2101428.jpg,2101428,2,0,NA
2101429_2,2023-01-04 20:43:15.046395,CLO,2101429.jpg,2101429,2,0,NA
2101430_2,2023-01-04 20:43:10.749548,CLO,2101430.jpg,2101430,2,0,NA
2101431_2,2023-01-04 20:43:08.124571,CLO,2101431.jpg,2101431,2,0,NA
2101433_2,2023-01-04 20:43:05.577681,CLO,2101433.jpg,2101433,2,0,NA
2101434_2,2023-01-04 20:42:57.843351,CLO,2101434.jpg,2101434,2,0,NA
2101436_2,2023-01-04 20:42:55.733962,CLO,2101436.jpg,2101436,2,0,NA
2101438_2,2023-01-04 20:42:53.124629,CLO,2101438.jpg,2101438,2,0,NA
2101443_2,2023-01-04 20:42:51.609205,CLO,2101443.jpg,2101443,2,0,NA
2101445_2,2023-01-04 20:42:50.937110,CLO,2101445.jpg,2101445,2,0,NA
2101448_2,2023-01-04 20:42:50.155869,CLO,2101448.jpg,2101448,2,0,NA
2101449_2,2023-01-04 20:42:47.405868,CLO,2101449.jpg,2101449,2,0,NA
2101455_2,2023-01-04 20:42:42.905910,CLO,2101455.jpg,2101455,2,0,NA
2101461_2,2023-01-04 20:42:40.905908,CLO,2101461.jpg,2101461,2,0,NA
2101463_2,2023-01-04 20:42:36.265317,CLO,2101463.jpg,2101463,2,0,NA
2101464_2,2023-01-04 20:42:29.999712,CLO,2101464.jpg,2101464,2,0,NA
2103764_2,2023-01-04 20:42:27.655979,CLO,2103764.jpg,2103764,2,0,NA
2101478_2,2023-01-04 20:42:24.312339,CLO,2101478.jpg,2101478,2,0,NA
2101490_2,2023-01-04 20:42:21.968468,CLO,2101490.jpg,2101490,2,0,NA
2101956_2,2023-01-04 20:42:18.484125,CLO,2101956.jpg,2101956,2,0,NA
2102016_2,2023-01-04 20:42:09.843519,CLO,2102016.jpg,2102016,2,0,NA
2102021_2,2023-01-04 20:42:05.781033,CLO,2102021.jpg,2102021,2,0,NA
2102036_2,2023-01-04 20:42:04.859297,CLO,2102036.jpg,2102036,2,0,NA
2102101_2,2023-01-04 20:41:59.109372,CLO,2102101.jpg,2102101,2,0,NA
2102349_2,2023-01-04 20:41:55.140471,CLO,2102349.jpg,2102349,2,0,NA
2101350_2,2023-01-04 20:41:48.796772,CLO,2101350.jpg,2101350,2,0,NA
2100001_2,2023-01-04 20:41:48.234251,CLO,2100001.jpg,2100001,2,0,NA
2100002_2,2023-01-04 20:41:40.421776,CLO,2100002.jpg,2100002,2,0,NA
2100005_2,2023-01-04 20:41:39.749918,CLO,2100005.jpg,2100005,2,0,NA
2000981_2,2023-01-04 20:41:39.140545,ACC,2000981.jpg,2000981,2,0,NA
2002359_2,2023-01-04 20:41:38.609286,BEAUTY,2002359.jpg,2002359,2,0,NA
2218321_2,2023-01-04 20:41:38.078032,JEW,2218321.jpg,2218321,2,0,NA
1905583_1,2023-01-04 20:41:37.562407,BEAUTY,1905583.jpg,1905583,1,0,NA
2006977_2,2023-01-04 20:41:36.937415,ACC,2006977.jpg,2006977,2,0,NA
2006998_2,2023-01-04 20:41:36.312424,ACC,2006998.jpg,2006998,2,0,NA
2100601_2,2023-01-04 20:41:35.749917,SHO,2100601.jpg,2100601,2,0,NA
2100602_2,2023-01-04 20:41:35.171828,SHO,2100602.jpg,2100602,2,0,NA
2100603_2,2023-01-04 20:41:34.031177,SHO,2100603.jpg,2100603,2,0,NA
2100606_2,2023-01-04 20:41:33.390571,SHO,2100606.jpg,2100606,2,0,NA
2100810_2,2023-01-04 20:41:32.796823,CLO,2100810.jpg,2100810,2,0,NA
2100813_2,2023-01-04 20:41:32.140710,CLO,2100813.jpg,2100813,2,0,NA
2100814_2,2023-01-04 20:41:31.562435,CLO,2100814.jpg,2100814,2,0,NA
2100923_2,2023-01-04 20:41:31.015592,CLO,2100923.jpg,2100923,2,0,NA
2100966_2,2023-01-04 20:41:30.421811,CLO,2100966.jpg,2100966,2,0,NA
2100967_2,2023-01-04 20:41:29.749951,CLO,2100967.jpg,2100967,2,0,NA
2100968_2,2023-01-04 20:41:29.171824,CLO,2100968.jpg,2100968,2,0,NA
2100970_2,2023-01-04 20:41:28.593695,CLO,2100970.jpg,2100970,2,0,NA
2100976_2,2023-01-04 20:41:28.015575,CLO,2100976.jpg,2100976,2,0,NA
2100992_2,2023-01-04 20:41:27.437462,CLO,2100992.jpg,2100992,2,0,NA
2007792_2,2023-01-04 20:41:13.250011,SHO,2007792.jpg,2007792,2,0,NA
2010052_2,2023-01-04 20:41:12.000033,JEW,2010052.jpg,2010052,2,0,NA
2012146_2,2023-01-04 20:41:11.421910,CLO,2012146.jpg,2012146,2,0,NA
2014231_2,2023-01-04 20:41:10.843765,ACC,2014231.jpg,2014231,2,0,NA
2014356_2,2023-01-04 20:41:10.250015,ACC,2014356.jpg,2014356,2,0,NA
2014375_2,2023-01-04 20:41:09.531281,ACC,2014375.jpg,2014375,2,0,NA
2014519_2,2023-01-04 20:41:08.859400,ACC,2014519.jpg,2014519,2,0,NA
2100302_2,2023-01-04 20:41:08.281278,SHO,2100302.jpg,2100302,2,0,NA
2100352_2,2023-01-04 20:41:07.718789,BEAUTY,2100352.jpg,2100352,2,0,NA
2100351_2,2023-01-04 20:41:07.125046,BEAUTY,2100351.jpg,2100351,2,0,NA
2100353_2,2023-01-04 20:41:06.594211,BEAUTY,2100353.jpg,2100353,2,0,NA
2100354_2,2023-01-04 20:41:06.031288,BEAUTY,2100354.jpg,2100354,2,0,NA
2100513_2,2023-01-04 20:41:05.406352,CLO,2100513.jpg,2100513,2,0,NA
2100543_2,2023-01-04 20:41:04.859392,CLO,2100543.jpg,2100543,2,0,NA
2014469_2,2023-01-04 20:41:04.250039,BEAUTY,2014469.jpg,2014469,2,0,NA
2100254_2,2023-01-04 20:41:03.671939,JEW,2100254.jpg,2100254,2,0,NA
2011605_2,2023-01-04 20:41:03.281289,JEW,2011605.jpg,2011605,2,0,NA
2014073_2,2023-01-04 20:41:02.578178,BEAUTY,2014073.jpg,2014073,2,0,NA
2010078_2,2023-01-04 20:41:02.078181,JEW,2010078.jpg,2010078,2,0,NA
2010210_2,2023-01-04 20:41:01.500047,JEW,2010210.jpg,2010210,2,0,NA
2010316_2,2023-01-04 20:41:00.953173,JEW,2010316.jpg,2010316,2,0,NA
2010593_2,2023-01-04 20:41:00.375266,ACC,2010593.jpg,2010593,2,0,NA
2010647_2,2023-01-04 20:40:59.781309,JEW,2010647.jpg,2010647,2,0,NA
2011292_2,2023-01-04 20:40:59.187559,ACC,2011292.jpg,2011292,2,0,NA
2013602_2,2023-01-04 20:40:58.578276,JEW,2013602.jpg,2013602,2,0,NA
2013603_2,2023-01-04 20:40:58.000060,JEW,2013603.jpg,2013603,2,0,NA
2013961_2,2023-01-04 20:40:57.453190,BEAUTY,2013961.jpg,2013961,2,0,NA
2013970_2,2023-01-04 20:40:56.843815,BEAUTY,2013970.jpg,2013970,2,0,NA
2013971_2,2023-01-04 20:40:56.265691,BEAUTY,2013971.jpg,2013971,2,0,NA
2013973_2,2023-01-04 20:40:55.671945,BEAUTY,2013973.jpg,2013973,2,0,NA
2013979_2,2023-01-04 20:40:54.921964,BEAUTY,2013979.jpg,2013979,2,0,NA
2013980_2,2023-01-04 20:40:54.328202,BEAUTY,2013980.jpg,2013980,2,0,NA
2014070_2,2023-01-04 20:40:53.734488,BEAUTY,2014070.jpg,2014070,2,0,NA
2014055_2,2023-01-04 20:40:53.109465,BEAUTY,2014055.jpg,2014055,2,0,NA
2014071_2,2023-01-04 20:40:52.515718,BEAUTY,2014071.jpg,2014071,2,0,NA
2014075_2,2023-01-04 20:40:51.796972,BEAUTY,2014075.jpg,2014075,2,0,NA
2014076_2,2023-01-04 20:40:51.203208,BEAUTY,2014076.jpg,2014076,2,0,NA
2014077_2,2023-01-04 20:40:50.640724,BEAUTY,2014077.jpg,2014077,2,0,NA
2014179_2,2023-01-04 20:40:50.015735,ACC,2014179.jpg,2014179,2,0,NA
2014180_2,2023-01-04 20:40:49.406353,ACC,2014180.jpg,2014180,2,0,NA
2014181_2,2023-01-04 20:40:48.828219,ACC,2014181.jpg,2014181,2,0,NA
2014182_2,2023-01-04 20:40:48.171983,ACC,2014182.jpg,2014182,2,0,NA
2014183_2,2023-01-04 20:40:47.609478,ACC,2014183.jpg,2014183,2,0,NA
2014187_2,2023-01-04 20:40:46.984618,ACC,2014187.jpg,2014187,2,0,NA
2014206_2,2023-01-04 20:40:46.390743,ACC,2014206.jpg,2014206,2,0,NA
2014208_2,2023-01-04 20:40:45.765740,ACC,2014208.jpg,2014208,2,0,NA
2014227_2,2023-01-04 20:40:45.187624,ACC,2014227.jpg,2014227,2,0,NA
2014230_2,2023-01-04 20:40:44.578221,ACC,2014230.jpg,2014230,2,0,NA
2014232_2,2023-01-04 20:40:43.968869,ACC,2014232.jpg,2014232,2,0,NA
2014235_2,2023-01-04 20:40:43.343858,ACC,2014235.jpg,2014235,2,0,NA
2014234_2,2023-01-04 20:40:42.718990,ACC,2014234.jpg,2014234,2,0,NA
2014236_2,2023-01-04 20:40:42.078251,ACC,2014236.jpg,2014236,2,0,NA
2014237_2,2023-01-04 20:40:41.468893,ACC,2014237.jpg,2014237,2,0,NA
2014238_2,2023-01-04 20:40:40.875132,ACC,2014238.jpg,2014238,2,0,NA
2014239_2,2023-01-04 20:40:40.218877,ACC,2014239.jpg,2014239,2,0,NA
2014245_2,2023-01-04 20:40:39.593889,ACC,2014245.jpg,2014245,2,0,NA
2014249_2,2023-01-04 20:40:38.953257,ACC,2014249.jpg,2014249,2,0,NA
2100472_2,2023-01-04 20:40:38.328259,ACC,2100472.jpg,2100472,2,0,NA
1808033_1,2023-01-04 20:39:00.578718,SHO,1808033.jpg,1808033,1,0,NA
1802979_1,2023-01-04 20:39:00.187991,SHO,1802979.jpg,1802979,1,0,NA
1412067_1,2023-01-04 20:38:59.250499,SHO,1412067.jpg,1412067,1,0,NA
2008569_2,2023-01-04 20:38:58.625503,SHO,2008569.jpg,2008569,2,0,NA
2013153_2,2023-01-04 20:38:58.031752,SHO,2013153.jpg,2013153,2,0,NA
2013163_2,2023-01-04 20:38:57.360307,SHO,2013163.jpg,2013163,2,0,NA
2013164_2,2023-01-04 20:38:56.734879,SHO,2013164.jpg,2013164,2,0,NA
2013167_2,2023-01-04 20:38:56.094278,SHO,2013167.jpg,2013167,2,0,NA
2013286_2,2023-01-04 20:38:55.469278,JEW,2013286.jpg,2013286,2,0,NA
2013290_2,2023-01-04 20:38:54.906763,JEW,2013290.jpg,2013290,2,0,NA
2013307_2,2023-01-04 20:38:54.328638,JEW,2013307.jpg,2013307,2,0,NA
2013308_2,2023-01-04 20:38:53.719288,JEW,2013308.jpg,2013308,2,0,NA
2013311_2,2023-01-04 20:38:53.125529,JEW,2013311.jpg,2013311,2,0,NA
2013326_2,2023-01-04 20:38:52.531774,JEW,2013326.jpg,2013326,2,0,NA
2013329_2,2023-01-04 20:38:51.938029,JEW,2013329.jpg,2013329,2,0,NA
2013817_2,2023-01-04 20:38:51.422493,JEW,2013817.jpg,2013817,2,0,NA
2013819_2,2023-01-04 20:38:50.813024,JEW,2013819.jpg,2013819,2,0,NA
2013820_2,2023-01-04 20:38:49.860063,JEW,2013820.jpg,2013820,2,0,NA
2013822_2,2023-01-04 20:38:49.234909,JEW,2013822.jpg,2013822,2,0,NA
2013823_2,2023-01-04 20:38:48.625541,JEW,2013823.jpg,2013823,2,0,NA
2013825_2,2023-01-04 20:38:47.938122,JEW,2013825.jpg,2013825,2,0,NA
2013828_2,2023-01-04 20:38:47.266187,JEW,2013828.jpg,2013828,2,0,NA
2013831_2,2023-01-04 20:38:46.703712,JEW,2013831.jpg,2013831,2,0,NA
2013832_2,2023-01-04 20:38:46.031925,JEW,2013832.jpg,2013832,2,0,NA
2013838_2,2023-01-04 20:38:45.266200,JEW,2013838.jpg,2013838,2,0,NA
2013843_2,2023-01-04 20:38:44.516203,JEW,2013843.jpg,2013843,2,0,NA
2013841_2,2023-01-04 20:38:43.766183,JEW,2013841.jpg,2013841,2,0,NA
2013848_2,2023-01-04 20:38:43.063147,JEW,2013848.jpg,2013848,2,0,NA
2013852_2,2023-01-04 20:38:42.484945,JEW,2013852.jpg,2013852,2,0,NA
2013855_2,2023-01-04 20:38:41.781838,JEW,2013855.jpg,2013855,2,0,NA
2013857_2,2023-01-04 20:38:41.188209,JEW,2013857.jpg,2013857,2,0,NA
2013864_2,2023-01-04 20:38:40.484961,JEW,2013864.jpg,2013864,2,0,NA
2013866_2,2023-01-04 20:38:39.813112,JEW,2013866.jpg,2013866,2,0,NA
2013870_2,2023-01-04 20:38:39.250574,JEW,2013870.jpg,2013870,2,0,NA
2013871_2,2023-01-04 20:38:38.578702,JEW,2013871.jpg,2013871,2,0,NA
2013874_2,2023-01-04 20:38:37.969333,JEW,2013874.jpg,2013874,2,0,NA
2013875_2,2023-01-04 20:38:37.359964,JEW,2013875.jpg,2013875,2,0,NA
2013877_2,2023-01-04 20:38:36.750585,JEW,2013877.jpg,2013877,2,0,NA
2013878_2,2023-01-04 20:38:36.203716,JEW,2013878.jpg,2013878,2,0,NA
2013880_2,2023-01-04 20:38:35.516213,JEW,2013880.jpg,2013880,2,0,NA
2013881_2,2023-01-04 20:38:34.891216,JEW,2013881.jpg,2013881,2,0,NA
2013886_2,2023-01-04 20:38:34.156845,JEW,2013886.jpg,2013886,2,0,NA
2013889_2,2023-01-04 20:38:33.438114,JEW,2013889.jpg,2013889,2,0,NA
2013891_2,2023-01-04 20:38:32.750617,JEW,2013891.jpg,2013891,2,0,NA
2013898_2,2023-01-04 20:38:32.047501,JEW,2013898.jpg,2013898,2,0,NA
2013899_2,2023-01-04 20:38:31.391229,JEW,2013899.jpg,2013899,2,0,NA
2013903_2,2023-01-04 20:38:30.734988,JEW,2013903.jpg,2013903,2,0,NA
2013909_2,2023-01-04 20:38:30.078731,JEW,2013909.jpg,2013909,2,0,NA
2013913_2,2023-01-04 20:38:29.391232,JEW,2013913.jpg,2013913,2,0,NA
2013920_2,2023-01-04 20:38:28.844365,JEW,2013920.jpg,2013920,2,0,NA
2013922_2,2023-01-04 20:38:28.188117,JEW,2013922.jpg,2013922,2,0,NA
2013929_2,2023-01-04 20:38:27.469372,JEW,2013929.jpg,2013929,2,0,NA
2013939_2,2023-01-04 20:38:26.844376,JEW,2013939.jpg,2013939,2,0,NA
2013942_2,2023-01-04 20:38:26.234998,JEW,2013942.jpg,2013942,2,0,NA
2013945_2,2023-01-04 20:38:25.656926,JEW,2013945.jpg,2013945,2,0,NA
2013947_2,2023-01-04 20:38:24.969423,JEW,2013947.jpg,2013947,2,0,NA
2013951_2,2023-01-04 20:38:24.328760,JEW,2013951.jpg,2013951,2,0,NA
2013953_2,2023-01-04 20:38:23.610003,JEW,2013953.jpg,2013953,2,0,NA
2013960_2,2023-01-04 20:38:22.938139,BEAUTY,2013960.jpg,2013960,2,0,NA
2014908_2,2023-01-04 20:38:22.297572,CLO,2014908.jpg,2014908,2,0,NA
2014909_2,2023-01-04 20:38:21.578784,CLO,2014909.jpg,2014909,2,0,NA
2012711_2,2023-01-04 20:38:20.985025,JEW,2012711.jpg,2012711,2,0,NA
2100138_2,2023-01-04 20:38:20.594413,JEW,2100138.jpg,2100138,2,0,NA
2010595_2,2023-01-04 20:38:19.969435,ACC,2010595.jpg,2010595,2,0,NA
2012745_2,2023-01-04 20:38:19.235036,CLO,2012745.jpg,2012745,2,0,NA
2013375_2,2023-01-04 20:38:18.641334,CLO,2013375.jpg,2013375,2,0,NA
2013490_2,2023-01-04 20:38:17.922675,CLO,2013490.jpg,2013490,2,0,NA
2014217_2,2023-01-04 20:38:17.328805,ACC,2014217.jpg,2014217,2,0,NA
2100619_2,2023-01-04 20:38:16.672558,SHO,2100619.jpg,2100619,2,0,NA
2101136_2,2023-01-04 20:38:16.141298,SHO,2101136.jpg,2101136,2,0,NA
2101145_2,2023-01-04 20:38:15.469422,SHO,2101145.jpg,2101145,2,0,NA
2101146_2,2023-01-04 20:38:14.797563,SHO,2101146.jpg,2101146,2,0,NA
2101406_2,2023-01-04 20:38:14.219428,ACC,2101406.jpg,2101406,2,0,NA
2101973_2,2023-01-04 20:38:13.610057,SHO,2101973.jpg,2101973,2,0,NA
2102521_2,2023-01-04 20:38:13.047567,ACC,2102521.jpg,2102521,2,0,NA
2102605_2,2023-01-04 20:38:12.438183,ACC,2102605.jpg,2102605,2,0,NA
2102606_2,2023-01-04 20:38:11.781929,SHO,2102606.jpg,2102606,2,0,NA
2102609_2,2023-01-04 20:38:11.094459,ACC,2102609.jpg,2102609,2,0,NA
2102607_2,2023-01-04 20:38:10.500684,ACC,2102607.jpg,2102607,2,0,NA
2102612_2,2023-01-04 20:38:09.860061,ACC,2102612.jpg,2102612,2,0,NA
2102610_2,2023-01-04 20:38:09.203815,ACC,2102610.jpg,2102610,2,0,NA
2102615_2,2023-01-04 20:38:08.813188,ACC,2102615.jpg,2102615,2,0,NA
2106576_2,2023-01-04 20:38:08.156948,ACC,2106576.jpg,2106576,2,0,NA
2102613_2,2023-01-04 20:38:07.547606,ACC,2102613.jpg,2102613,2,0,NA
2102617_2,2023-01-04 20:38:06.922577,ACC,2102617.jpg,2102617,2,0,NA
2102616_2,2023-01-04 20:38:06.031952,ACC,2102616.jpg,2102616,2,0,NA
2102993_2,2023-01-04 20:38:05.469468,CLO,2102993.jpg,2102993,2,0,NA
2100086_2,2023-01-04 20:38:04.860102,CLO,2100086.jpg,2100086,2,0,NA
2100357_2,2023-01-04 20:38:04.250710,CLO,2100357.jpg,2100357,2,0,NA
2100358_2,2023-01-04 20:38:03.656989,CLO,2100358.jpg,2100358,2,0,NA
2100977_2,2023-01-04 20:38:03.031967,CLO,2100977.jpg,2100977,2,0,NA
2100978_2,2023-01-04 20:38:02.453849,CLO,2100978.jpg,2100978,2,0,NA
2012312_2,2023-01-04 20:38:01.844488,CLO,2012312.jpg,2012312,2,0,NA
2100397_2,2023-01-04 20:38:01.203844,CLO,2100397.jpg,2100397,2,0,NA
2101202_2,2023-01-04 20:38:00.578879,CLO,2101202.jpg,2101202,2,0,NA
2101321_2,2023-01-04 20:37:59.860099,CLO,2101321.jpg,2101321,2,0,NA
2101351_2,2023-01-04 20:37:59.282002,CLO,2101351.jpg,2101351,2,0,NA
2101376_2,2023-01-04 20:37:58.672629,CLO,2101376.jpg,2101376,2,0,NA
2101466_2,2023-01-04 20:37:57.719481,CLO,2101466.jpg,2101466,2,0,NA
2101675_2,2023-01-04 20:37:57.063239,CLO,2101675.jpg,2101675,2,0,NA
2101933_2,2023-01-04 20:37:56.469503,CLO,2101933.jpg,2101933,2,0,NA
2102097_2,2023-01-04 20:37:55.797631,CLO,2102097.jpg,2102097,2,0,NA
2102099_2,2023-01-04 20:37:55.219514,CLO,2102099.jpg,2102099,2,0,NA
2102348_2,2023-01-04 20:37:54.641370,CLO,2102348.jpg,2102348,2,0,NA
2102364_2,2023-01-04 20:37:54.031997,CLO,2102364.jpg,2102364,2,0,NA
2102471_2,2023-01-04 20:37:53.453876,CLO,2102471.jpg,2102471,2,0,NA
2102507_2,2023-01-04 20:37:52.875752,CLO,2102507.jpg,2102507,2,0,NA
2102508_2,2023-01-04 20:37:52.297718,CLO,2102508.jpg,2102508,2,0,NA
2102676_2,2023-01-04 20:37:51.719525,CLO,2102676.jpg,2102676,2,0,NA
2102679_2,2023-01-04 20:37:51.078883,CLO,2102679.jpg,2102679,2,0,NA
2102701_2,2023-01-04 20:37:50.391429,CLO,2102701.jpg,2102701,2,0,NA
2102712_2,2023-01-04 20:37:49.750764,CLO,2102712.jpg,2102712,2,0,NA
2102713_2,2023-01-04 20:37:49.141392,CLO,2102713.jpg,2102713,2,0,NA
2102744_2,2023-01-04 20:37:48.563294,CLO,2102744.jpg,2102744,2,0,NA
2102984_2,2023-01-04 20:37:48.000790,CLO,2102984.jpg,2102984,2,0,NA
2100003_2,2023-01-04 20:37:47.375772,CLO,2100003.jpg,2100003,2,0,NA
2100006_2,2023-01-04 20:37:46.782023,CLO,2100006.jpg,2100006,2,0,NA
1805958_1,2023-01-04 20:37:46.110148,CLO,1805958.jpg,1805958,1,0,NA
2004681_2,2023-01-04 20:37:45.422660,CLO,2004681.jpg,2004681,2,0,NA
2008701_2,2023-01-04 20:37:44.813297,CLO,2008701.jpg,2008701,2,0,NA
2014019_2,2023-01-04 20:37:44.250788,CLO,2014019.jpg,2014019,2,0,NA
2014020_2,2023-01-04 20:37:43.641425,CLO,2014020.jpg,2014020,2,0,NA
2014024_2,2023-01-04 20:37:43.078921,CLO,2014024.jpg,2014024,2,0,NA
2014026_2,2023-01-04 20:37:42.453934,CLO,2014026.jpg,2014026,2,0,NA
2014028_2,2023-01-04 20:37:41.828933,CLO,2014028.jpg,2014028,2,0,NA
2014043_2,2023-01-04 20:37:41.188299,CLO,2014043.jpg,2014043,2,0,NA
2100587_2,2023-01-04 20:37:40.610168,CLO,2100587.jpg,2100587,2,0,NA
2100854_2,2023-01-04 20:37:40.000796,CLO,2100854.jpg,2100854,2,0,NA
2100885_2,2023-01-04 20:37:39.375803,CLO,2100885.jpg,2100885,2,0,NA
2100888_2,2023-01-04 20:37:38.828931,CLO,2100888.jpg,2100888,2,0,NA
2100902_2,2023-01-04 20:37:38.266433,CLO,2100902.jpg,2100902,2,0,NA
2100931_2,2023-01-04 20:37:37.688339,CLO,2100931.jpg,2100931,2,0,NA
2101014_2,2023-01-04 20:37:37.078937,CLO,2101014.jpg,2101014,2,0,NA
2101203_2,2023-01-04 20:37:36.485183,CLO,2101203.jpg,2101203,2,0,NA
2101325_2,2023-01-04 20:37:35.907061,CLO,2101325.jpg,2101325,2,0,NA
2101343_2,2023-01-04 20:37:35.172697,CLO,2101343.jpg,2101343,2,0,NA
2101344_2,2023-01-04 20:37:34.594571,CLO,2101344.jpg,2101344,2,0,NA
2101347_2,2023-01-04 20:37:34.016491,CLO,2101347.jpg,2101347,2,0,NA
2101458_2,2023-01-04 20:37:33.235241,CLO,2101458.jpg,2101458,2,0,NA
2101484_2,2023-01-04 20:37:32.532097,CLO,2101484.jpg,2101484,2,0,NA
2101489_2,2023-01-04 20:37:31.922708,CLO,2101489.jpg,2101489,2,0,NA
2101492_2,2023-01-04 20:37:31.360207,CLO,2101492.jpg,2101492,2,0,NA
2101562_2,2023-01-04 20:37:30.750836,CLO,2101562.jpg,2101562,2,0,NA
2101756_2,2023-01-04 20:37:30.110231,CLO,2101756.jpg,2101756,2,0,NA
2101940_2,2023-01-04 20:37:29.485235,CLO,2101940.jpg,2101940,2,0,NA
2105413_2,2023-01-04 20:37:29.094594,CLO,2105413.jpg,2105413,2,0,NA
2101947_2,2023-01-04 20:37:28.422720,CLO,2101947.jpg,2101947,2,0,NA
2101991_2,2023-01-04 20:37:27.813347,CLO,2101991.jpg,2101991,2,0,NA
2102002_2,2023-01-04 20:37:27.219607,CLO,2102002.jpg,2102002,2,0,NA
2102096_2,2023-01-04 20:37:26.657103,CLO,2102096.jpg,2102096,2,0,NA
2102105_2,2023-01-04 20:37:26.063374,CLO,2102105.jpg,2102105,2,0,NA
2102106_2,2023-01-04 20:37:25.469614,CLO,2102106.jpg,2102106,2,0,NA
2102107_2,2023-01-04 20:37:24.813365,CLO,2102107.jpg,2102107,2,0,NA
2102377_2,2023-01-04 20:37:24.203983,CLO,2102377.jpg,2102377,2,0,NA
2102467_2,2023-01-04 20:37:23.579020,CLO,2102467.jpg,2102467,2,0,NA
2102468_2,2023-01-04 20:37:23.000869,CLO,2102468.jpg,2102468,2,0,NA
2102469_2,2023-01-04 20:37:22.375884,CLO,2102469.jpg,2102469,2,0,NA
2102509_2,2023-01-04 20:37:21.797764,CLO,2102509.jpg,2102509,2,0,NA
2102511_2,2023-01-04 20:37:21.219629,CLO,2102511.jpg,2102511,2,0,NA
2102513_2,2023-01-04 20:37:20.500875,CLO,2102513.jpg,2102513,2,0,NA
2102514_2,2023-01-04 20:37:19.875898,CLO,2102514.jpg,2102514,2,0,NA
2102516_2,2023-01-04 20:37:19.157124,CLO,2102516.jpg,2102516,2,0,NA
2102564_2,2023-01-04 20:37:18.579005,CLO,2102564.jpg,2102564,2,0,NA
2104335_2,2023-01-04 20:37:17.985255,CLO,2104335.jpg,2104335,2,0,NA
2102566_2,2023-01-04 20:37:17.594645,CLO,2102566.jpg,2102566,2,0,NA
2102706_2,2023-01-04 20:37:16.922764,CLO,2102706.jpg,2102706,2,0,NA
2104224_2,2023-01-04 20:37:16.532142,CLO,2104224.jpg,2104224,2,0,NA
2102717_2,2023-01-04 20:37:15.907138,CLO,2102717.jpg,2102717,2,0,NA
2001205_2,2023-01-04 20:37:15.297771,ACC,2001205.jpg,2001205,2,0,NA
2002358_2,2023-01-04 20:37:14.657145,BEAUTY,2002358.jpg,2002358,2,0,NA
2008890_2,2023-01-04 20:37:14.094668,BEAUTY,2008890.jpg,2008890,2,0,NA
2008940_2,2023-01-04 20:37:13.547777,BEAUTY,2008940.jpg,2008940,2,0,NA
2013378_2,2023-01-04 20:37:12.969653,CLO,2013378.jpg,2013378,2,0,NA
2014197_2,2023-01-04 20:37:12.391530,ACC,2014197.jpg,2014197,2,0,NA
2100142_2,2023-01-04 20:37:11.782179,ACC,2100142.jpg,2100142,2,0,NA
2101155_2,2023-01-04 20:37:11.141582,CLO,2101155.jpg,2101155,2,0,NA
2101156_2,2023-01-04 20:37:10.485322,CLO,2101156.jpg,2101156,2,0,NA
2101161_2,2023-01-04 20:37:09.891593,CLO,2101161.jpg,2101161,2,0,NA
2101162_2,2023-01-04 20:37:09.219706,CLO,2101162.jpg,2101162,2,0,NA
2101935_2,2023-01-04 20:37:08.516551,ACC,2101935.jpg,2101935,2,0,NA
2101937_2,2023-01-04 20:37:07.938419,ACC,2101937.jpg,2101937,2,0,NA
2101943_2,2023-01-04 20:37:07.204122,ACC,2101943.jpg,2101943,2,0,NA
2102522_2,2023-01-04 20:37:06.641554,ACC,2102522.jpg,2102522,2,0,NA
2102967_2,2023-01-04 20:37:06.063430,ACC,2102967.jpg,2102967,2,0,NA
2102968_2,2023-01-04 20:37:05.344684,ACC,2102968.jpg,2102968,2,0,NA
2102990_2,2023-01-04 20:37:04.750936,ACC,2102990.jpg,2102990,2,0,NA
1507957_1,2023-01-04 20:37:04.079158,ACC,1507957.jpg,1507957,1,0,NA
2011289_2,2023-01-04 20:37:03.547832,ACC,2011289.jpg,2011289,2,0,NA
2011957_2,2023-01-04 20:37:02.985343,ACC,2011957.jpg,2011957,2,0,NA
2103081_2,2023-01-04 20:37:02.282204,JEW,2103081.jpg,2103081,2,0,NA
2014747_2,2023-01-04 20:37:01.891586,JEW,2014747.jpg,2014747,2,0,NA
2012477_2,2023-01-04 20:37:01.516590,JEW,2012477.jpg,2012477,2,0,NA
2013220_2,2023-01-04 20:37:00.875951,ACC,2013220.jpg,2013220,2,0,NA
2013240_2,2023-01-04 20:37:00.250953,JEW,2013240.jpg,2013240,2,0,NA
2013754_2,2023-01-04 20:36:59.657216,ACC,2013754.jpg,2013754,2,0,NA
2013956_2,2023-01-04 20:36:59.079081,BEAUTY,2013956.jpg,2013956,2,0,NA
2014146_2,2023-01-04 20:36:58.469863,ACC,2014146.jpg,2014146,2,0,NA
2014188_2,2023-01-04 20:36:57.860740,ACC,2014188.jpg,2014188,2,0,NA
2014259_2,2023-01-04 20:36:57.251007,ACC,2014259.jpg,2014259,2,0,NA
2014370_2,2023-01-04 20:36:56.657938,ACC,2014370.jpg,2014370,2,0,NA
2014388_2,2023-01-04 20:36:56.047870,ACC,2014388.jpg,2014388,2,0,NA
2014477_2,2023-01-04 20:36:55.469751,ACC,2014477.jpg,2014477,2,0,NA
2014478_2,2023-01-04 20:36:54.891604,ACC,2014478.jpg,2014478,2,0,NA
2014479_2,2023-01-04 20:36:54.297849,ACC,2014479.jpg,2014479,2,0,NA
2014774_2,2023-01-04 20:36:53.672867,ACC,2014774.jpg,2014774,2,0,NA
2101939_2,2023-01-04 20:36:53.110391,ACC,2101939.jpg,2101939,2,0,NA
2101972_2,2023-01-04 20:36:52.547992,ACC,2101972.jpg,2101972,2,0,NA
2101986_2,2023-01-04 20:36:51.938481,ACC,2101986.jpg,2101986,2,0,NA
2101988_2,2023-01-04 20:36:51.360366,ACC,2101988.jpg,2101988,2,0,NA
2101990_2,2023-01-04 20:36:50.751046,ACC,2101990.jpg,2101990,2,0,NA
2102618_2,2023-01-04 20:36:50.141618,ACC,2102618.jpg,2102618,2,0,NA
2102772_2,2023-01-04 20:36:49.579120,ACC,2102772.jpg,2102772,2,0,NA
2102773_2,2023-01-04 20:36:48.829122,ACC,2102773.jpg,2102773,2,0,NA
2102777_2,2023-01-04 20:36:48.251000,ACC,2102777.jpg,2102777,2,0,NA
2104608_2,2023-01-04 20:36:47.704230,ACC,2104608.jpg,2104608,2,0,NA
2102969_2,2023-01-04 20:36:47.282275,ACC,2102969.jpg,2102969,2,0,NA
2006011_2,2023-01-04 20:36:46.672879,JEW,2006011.jpg,2006011,2,0,NA
2003266_2,2023-01-04 20:36:46.297897,JEW,2003266.jpg,2003266,2,0,NA
2006560_2,2023-01-04 20:36:45.735404,JEW,2006560.jpg,2006560,2,0,NA
2007805_2,2023-01-04 20:36:45.157286,SHO,2007805.jpg,2007805,2,0,NA
2010051_2,2023-01-04 20:36:44.610405,JEW,2010051.jpg,2010051,2,0,NA
2010044_2,2023-01-04 20:36:44.047898,JEW,2010044.jpg,2010044,2,0,NA
2010080_2,2023-01-04 20:36:43.438526,JEW,2010080.jpg,2010080,2,0,NA
2010081_2,2023-01-04 20:36:42.844788,JEW,2010081.jpg,2010081,2,0,NA
2010255_2,2023-01-04 20:36:42.297919,JEW,2010255.jpg,2010255,2,0,NA
2010315_2,2023-01-04 20:36:41.797934,JEW,2010315.jpg,2010315,2,0,NA
2010440_2,2023-01-04 20:36:41.126038,JEW,2010440.jpg,2010440,2,0,NA
2011290_2,2023-01-04 20:36:40.532316,ACC,2011290.jpg,2011290,2,0,NA
2008490_2,2023-01-04 20:36:39.907320,JEW,2008490.jpg,2008490,2,0,NA
2011370_2,2023-01-04 20:36:39.516665,JEW,2011370.jpg,2011370,2,0,NA
2011293_2,2023-01-04 20:36:39.001056,ACC,2011293.jpg,2011293,2,0,NA
2008392_2,2023-01-04 20:36:38.422935,JEW,2008392.jpg,2008392,2,0,NA
2011371_2,2023-01-04 20:36:38.001056,JEW,2011371.jpg,2011371,2,0,NA
2011564_2,2023-01-04 20:36:37.438565,SHO,2011564.jpg,2011564,2,0,NA
2011565_2,2023-01-04 20:36:36.860529,SHO,2011565.jpg,2011565,2,0,NA
2011773_2,2023-01-04 20:36:36.266694,JEW,2011773.jpg,2011773,2,0,NA
2011959_2,2023-01-04 20:36:35.688569,ACC,2011959.jpg,2011959,2,0,NA
2012786_2,2023-01-04 20:36:35.047937,SHO,2012786.jpg,2012786,2,0,NA
2012806_2,2023-01-04 20:36:34.469825,SHO,2012806.jpg,2012806,2,0,NA
2012807_2,2023-01-04 20:36:33.844836,SHO,2012807.jpg,2012807,2,0,NA
2012808_2,2023-01-04 20:36:33.047957,SHO,2012808.jpg,2012808,2,0,NA
2013376_2,2023-01-04 20:36:32.219819,CLO,2013376.jpg,2013376,2,0,NA
2013377_2,2023-01-04 20:36:31.641706,CLO,2013377.jpg,2013377,2,0,NA
2013641_2,2023-01-04 20:36:31.063584,JEW,2013641.jpg,2013641,2,0,NA
2013380_2,2023-01-04 20:36:30.469849,CLO,2013380.jpg,2013380,2,0,NA
2013643_2,2023-01-04 20:36:29.829226,JEW,2013643.jpg,2013643,2,0,NA
2013644_2,2023-01-04 20:36:29.266719,JEW,2013644.jpg,2013644,2,0,NA
2013645_2,2023-01-04 20:36:28.657346,JEW,2013645.jpg,2013645,2,0,NA
2013647_2,2023-01-04 20:36:28.079216,JEW,2013647.jpg,2013647,2,0,NA
2013648_2,2023-01-04 20:36:27.454228,JEW,2013648.jpg,2013648,2,0,NA
2013859_2,2023-01-04 20:36:26.829204,SHO,2013859.jpg,2013859,2,0,NA
2013908_2,2023-01-04 20:36:26.219838,BEAUTY,2013908.jpg,2013908,2,0,NA
2014049_2,2023-01-04 20:36:25.610467,BEAUTY,2014049.jpg,2014049,2,0,NA
2014053_2,2023-01-04 20:36:25.032358,BEAUTY,2014053.jpg,2014053,2,0,NA
2014056_2,2023-01-04 20:36:24.422983,BEAUTY,2014056.jpg,2014056,2,0,NA
2014059_2,2023-01-04 20:36:23.844862,BEAUTY,2014059.jpg,2014059,2,0,NA
2014060_2,2023-01-04 20:36:23.282358,BEAUTY,2014060.jpg,2014060,2,0,NA
2014061_2,2023-01-04 20:36:22.610477,BEAUTY,2014061.jpg,2014061,2,0,NA
2014357_2,2023-01-04 20:36:22.048059,ACC,2014357.jpg,2014357,2,0,NA
2014064_2,2023-01-04 20:36:21.469881,BEAUTY,2014064.jpg,2014064,2,0,NA
2014371_2,2023-01-04 20:36:20.829347,ACC,2014371.jpg,2014371,2,0,NA
2014378_2,2023-01-04 20:36:20.266746,ACC,2014378.jpg,2014378,2,0,NA
2014379_2,2023-01-04 20:36:19.641752,ACC,2014379.jpg,2014379,2,0,NA
2014381_2,2023-01-04 20:36:18.548006,ACC,2014381.jpg,2014381,2,0,NA
2014389_2,2023-01-04 20:36:17.829258,ACC,2014389.jpg,2014389,2,0,NA
2014390_2,2023-01-04 20:36:17.188635,ACC,2014390.jpg,2014390,2,0,NA
2014393_2,2023-01-04 20:36:16.626138,ACC,2014393.jpg,2014393,2,0,NA
2008510_2,2023-01-04 20:36:16.079266,JEW,2008510.jpg,2008510,2,0,NA
2014792_2,2023-01-04 20:36:15.657391,JEW,2014792.jpg,2014792,2,0,NA
2014595_2,2023-01-04 20:36:15.079275,ACC,2014595.jpg,2014595,2,0,NA
2100000_2,2023-01-04 20:36:14.563648,JEW,2100000.jpg,2100000,2,0,NA
2100106_2,2023-01-04 20:36:14.173028,SHO,2100106.jpg,2100106,2,0,NA
2012473_2,2023-01-04 20:36:13.594887,JEW,2012473.jpg,2012473,2,0,NA
2100147_2,2023-01-04 20:36:13.032403,SHO,2100147.jpg,2100147,2,0,NA
2100148_2,2023-01-04 20:36:12.376154,SHO,2100148.jpg,2100148,2,0,NA
2100206_2,2023-01-04 20:36:11.798049,BEAUTY,2100206.jpg,2100206,2,0,NA
2100765_2,2023-01-04 20:36:11.032409,JEW,2100765.jpg,2100765,2,0,NA
2100766_2,2023-01-04 20:36:10.454289,JEW,2100766.jpg,2100766,2,0,NA
2004822_2,2023-01-04 20:36:09.798029,CLO,2004822.jpg,2004822,2,0,NA
2008629_2,2023-01-04 20:36:09.219925,ACC,2008629.jpg,2008629,2,0,NA
2008914_2,2023-01-04 20:36:08.594930,CLO,2008914.jpg,2008914,2,0,NA
2009542_2,2023-01-04 20:36:08.032424,CLO,2009542.jpg,2009542,2,0,NA
2010341_2,2023-01-04 20:36:07.423050,CLO,2010341.jpg,2010341,2,0,NA
2011713_2,2023-01-04 20:36:06.876179,CLO,2011713.jpg,2011713,2,0,NA
2012346_2,2023-01-04 20:36:06.235560,CLO,2012346.jpg,2012346,2,0,NA
2012524_2,2023-01-04 20:36:05.626280,BEAUTY,2012524.jpg,2012524,2,0,NA
2012555_2,2023-01-04 20:36:05.079312,CLO,2012555.jpg,2012555,2,0,NA
2012979_2,2023-01-04 20:36:04.469940,CLO,2012979.jpg,2012979,2,0,NA
2012992_2,2023-01-04 20:36:03.813672,CLO,2012992.jpg,2012992,2,0,NA
2014597_2,2023-01-04 20:36:03.157442,CLO,2014597.jpg,2014597,2,0,NA
2014599_2,2023-01-04 20:36:02.579310,CLO,2014599.jpg,2014599,2,0,NA
2014601_2,2023-01-04 20:36:01.954315,CLO,2014601.jpg,2014601,2,0,NA
2014704_2,2023-01-04 20:36:01.376203,CLO,2014704.jpg,2014704,2,0,NA
2014706_2,2023-01-04 20:36:00.766803,CLO,2014706.jpg,2014706,2,0,NA
2014710_2,2023-01-04 20:36:00.188692,CLO,2014710.jpg,2014710,2,0,NA
2014709_2,2023-01-04 20:35:59.594963,CLO,2014709.jpg,2014709,2,0,NA
2014707_2,2023-01-04 20:35:59.016850,CLO,2014707.jpg,2014707,2,0,NA
2014712_2,2023-01-04 20:35:58.438709,CLO,2014712.jpg,2014712,2,0,NA
2014711_2,2023-01-04 20:35:57.844956,CLO,2014711.jpg,2014711,2,0,NA
2014716_2,2023-01-04 20:35:57.266825,CLO,2014716.jpg,2014716,2,0,NA
2014713_2,2023-01-04 20:35:56.610577,CLO,2014713.jpg,2014713,2,0,NA
2014766_2,2023-01-04 20:35:56.032477,CLO,2014766.jpg,2014766,2,0,NA
2014829_2,2023-01-04 20:35:55.407467,CLO,2014829.jpg,2014829,2,0,NA
2100088_2,2023-01-04 20:35:54.829360,CLO,2100088.jpg,2100088,2,0,NA
2100089_2,2023-01-04 20:35:54.173228,CLO,2100089.jpg,2100089,2,0,NA
2100134_2,2023-01-04 20:35:53.626226,CLO,2100134.jpg,2100134,2,0,NA
2100135_2,2023-01-04 20:35:53.032483,CLO,2100135.jpg,2100135,2,0,NA
2100235_2,2023-01-04 20:35:52.501289,CLO,2100235.jpg,2100235,2,0,NA
2100237_2,2023-01-04 20:35:51.891864,CLO,2100237.jpg,2100237,2,0,NA
2100245_2,2023-01-04 20:35:51.298124,CLO,2100245.jpg,2100245,2,0,NA
2100239_2,2023-01-04 20:35:50.673110,CLO,2100239.jpg,2100239,2,0,NA
2100240_2,2023-01-04 20:35:50.095007,CLO,2100240.jpg,2100240,2,0,NA
2100359_2,2023-01-04 20:35:49.454414,CLO,2100359.jpg,2100359,2,0,NA
2100360_2,2023-01-04 20:35:48.907483,CLO,2100360.jpg,2100360,2,0,NA
2100361_2,2023-01-04 20:35:48.313829,CLO,2100361.jpg,2100361,2,0,NA
2100362_2,2023-01-04 20:35:47.751254,CLO,2100362.jpg,2100362,2,0,NA
2100363_2,2023-01-04 20:35:47.188752,CLO,2100363.jpg,2100363,2,0,NA
2100371_2,2023-01-04 20:35:46.563760,CLO,2100371.jpg,2100371,2,0,NA
2100503_2,2023-01-04 20:35:45.938764,CLO,2100503.jpg,2100503,2,0,NA
2100505_2,2023-01-04 20:35:45.282578,CLO,2100505.jpg,2100505,2,0,NA
2100509_2,2023-01-04 20:35:44.720011,CLO,2100509.jpg,2100509,2,0,NA
2100506_2,2023-01-04 20:35:44.110783,CLO,2100506.jpg,2100506,2,0,NA
2100514_2,2023-01-04 20:35:43.532509,CLO,2100514.jpg,2100514,2,0,NA
2100528_2,2023-01-04 20:35:42.907506,CLO,2100528.jpg,2100528,2,0,NA
2100539_2,2023-01-04 20:35:42.251275,CLO,2100539.jpg,2100539,2,0,NA
2100549_2,2023-01-04 20:35:41.563909,CLO,2100549.jpg,2100549,2,0,NA
2100552_2,2023-01-04 20:35:40.970156,CLO,2100552.jpg,2100552,2,0,NA
2100590_2,2023-01-04 20:35:40.141921,CLO,2100590.jpg,2100590,2,0,NA
2100591_2,2023-01-04 20:35:39.563782,CLO,2100591.jpg,2100591,2,0,NA
2100612_2,2023-01-04 20:35:38.970132,CLO,2100612.jpg,2100612,2,0,NA
2100611_2,2023-01-04 20:35:38.391907,CLO,2100611.jpg,2100611,2,0,NA
2100613_2,2023-01-04 20:35:37.766902,CLO,2100613.jpg,2100613,2,0,NA
2100615_2,2023-01-04 20:35:37.126294,CLO,2100615.jpg,2100615,2,0,NA
2100616_2,2023-01-04 20:35:36.532547,CLO,2100616.jpg,2100616,2,0,NA
2100617_2,2023-01-04 20:35:35.938810,CLO,2100617.jpg,2100617,2,0,NA
2100618_2,2023-01-04 20:35:35.329434,CLO,2100618.jpg,2100618,2,0,NA
2100824_2,2023-01-04 20:35:34.735685,CLO,2100824.jpg,2100824,2,0,NA
2100827_2,2023-01-04 20:35:34.142151,CLO,2100827.jpg,2100827,2,0,NA
2100828_2,2023-01-04 20:35:33.532562,CLO,2100828.jpg,2100828,2,0,NA
2100908_2,2023-01-04 20:35:32.876306,CLO,2100908.jpg,2100908,2,0,NA
2100910_2,2023-01-04 20:35:32.266931,CLO,2100910.jpg,2100910,2,0,NA
2100920_2,2023-01-04 20:35:31.673194,CLO,2100920.jpg,2100920,2,0,NA
2100922_2,2023-01-04 20:35:31.032564,CLO,2100922.jpg,2100922,2,0,NA
2100924_2,2023-01-04 20:35:30.360691,CLO,2100924.jpg,2100924,2,0,NA
2100925_2,2023-01-04 20:35:29.766941,CLO,2100925.jpg,2100925,2,0,NA
2100926_2,2023-01-04 20:35:29.079453,CLO,2100926.jpg,2100926,2,0,NA
2100927_2,2023-01-04 20:35:28.516946,CLO,2100927.jpg,2100927,2,0,NA
2100930_2,2023-01-04 20:35:27.954643,CLO,2100930.jpg,2100930,2,0,NA
2100933_2,2023-01-04 20:35:27.391959,CLO,2100933.jpg,2100933,2,0,NA
2100932_2,2023-01-04 20:35:26.813936,CLO,2100932.jpg,2100932,2,0,NA
2100934_2,2023-01-04 20:35:26.220073,CLO,2100934.jpg,2100934,2,0,NA
2100994_2,2023-01-04 20:35:25.626318,CLO,2100994.jpg,2100994,2,0,NA
2100995_2,2023-01-04 20:35:24.985845,CLO,2100995.jpg,2100995,2,0,NA
2100996_2,2023-01-04 20:35:24.423203,CLO,2100996.jpg,2100996,2,0,NA
2101002_2,2023-01-04 20:35:23.829472,CLO,2101002.jpg,2101002,2,0,NA
2101003_2,2023-01-04 20:35:23.235727,CLO,2101003.jpg,2101003,2,0,NA
2101007_2,2023-01-04 20:35:22.657597,CLO,2101007.jpg,2101007,2,0,NA
2101008_2,2023-01-04 20:35:21.954488,CLO,2101008.jpg,2101008,2,0,NA
2101012_2,2023-01-04 20:35:21.376377,CLO,2101012.jpg,2101012,2,0,NA
2101091_2,2023-01-04 20:35:20.720103,CLO,2101091.jpg,2101091,2,0,NA
2101128_2,2023-01-04 20:35:20.157757,CLO,2101128.jpg,2101128,2,0,NA
2104236_2,2023-01-04 20:35:19.751363,CLO,2104236.jpg,2104236,2,0,NA
2101129_2,2023-01-04 20:35:19.157602,CLO,2101129.jpg,2101129,2,0,NA
2101132_2,2023-01-04 20:35:18.595117,CLO,2101132.jpg,2101132,2,0,NA
2101134_2,2023-01-04 20:35:18.016976,CLO,2101134.jpg,2101134,2,0,NA
2101133_2,2023-01-04 20:35:17.407603,CLO,2101133.jpg,2101133,2,0,NA
2101135_2,2023-01-04 20:35:16.860732,CLO,2101135.jpg,2101135,2,0,NA
2101274_2,2023-01-04 20:35:16.267056,CLO,2101274.jpg,2101274,2,0,NA
2101275_2,2023-01-04 20:35:15.704486,CLO,2101275.jpg,2101275,2,0,NA
2101295_2,2023-01-04 20:35:15.110787,CLO,2101295.jpg,2101295,2,0,NA
2101335_2,2023-01-04 20:35:14.501377,CLO,2101335.jpg,2101335,2,0,NA
2101352_2,2023-01-04 20:35:13.845128,CLO,2101352.jpg,2101352,2,0,NA
2101415_2,2023-01-04 20:35:13.204628,CLO,2101415.jpg,2101415,2,0,NA
2101361_2,2023-01-04 20:35:12.626379,CLO,2101361.jpg,2101361,2,0,NA
2101416_2,2023-01-04 20:35:11.985762,CLO,2101416.jpg,2101416,2,0,NA
2101417_2,2023-01-04 20:35:11.407629,CLO,2101417.jpg,2101417,2,0,NA
2101419_2,2023-01-04 20:35:10.845127,CLO,2101419.jpg,2101419,2,0,NA
2101418_2,2023-01-04 20:35:10.188893,CLO,2101418.jpg,2101418,2,0,NA
2101420_2,2023-01-04 20:35:09.329540,CLO,2101420.jpg,2101420,2,0,NA
2101421_2,2023-01-04 20:35:08.767030,CLO,2101421.jpg,2101421,2,0,NA
2101422_2,2023-01-04 20:35:08.157663,CLO,2101422.jpg,2101422,2,0,NA
2101423_2,2023-01-04 20:35:07.579520,CLO,2101423.jpg,2101423,2,0,NA
2101425_2,2023-01-04 20:35:07.001406,CLO,2101425.jpg,2101425,2,0,NA
2101488_2,2023-01-04 20:35:06.392172,CLO,2101488.jpg,2101488,2,0,NA
2101493_2,2023-01-04 20:35:05.798296,CLO,2101493.jpg,2101493,2,0,NA
2101561_2,2023-01-04 20:35:05.189013,CLO,2101561.jpg,2101561,2,0,NA
2101981_2,2023-01-04 20:35:04.485789,CLO,2101981.jpg,2101981,2,0,NA
2101982_2,2023-01-04 20:35:03.845158,CLO,2101982.jpg,2101982,2,0,NA
2101987_2,2023-01-04 20:35:03.298465,CLO,2101987.jpg,2101987,2,0,NA
2101985_2,2023-01-04 20:35:02.642051,CLO,2101985.jpg,2101985,2,0,NA
2102303_2,2023-01-04 20:35:02.095171,CLO,2102303.jpg,2102303,2,0,NA
2102306_2,2023-01-04 20:35:01.501498,CLO,2102306.jpg,2102306,2,0,NA
2102751_2,2023-01-04 20:35:00.907665,CLO,2102751.jpg,2102751,2,0,NA
2102748_2,2023-01-04 20:35:00.267052,CLO,2102748.jpg,2102748,2,0,NA
2102779_2,2023-01-04 20:34:59.610933,CLO,2102779.jpg,2102779,2,0,NA
2103147_2,2023-01-04 20:34:59.032687,CLO,2103147.jpg,2103147,2,0,NA
2103150_2,2023-01-04 20:34:58.360825,CLO,2103150.jpg,2103150,2,0,NA
2103152_2,2023-01-04 20:34:57.782693,CLO,2103152.jpg,2103152,2,0,NA
2002594_2,2023-01-04 20:34:57.204574,CLO,2002594.jpg,2002594,2,0,NA
2012600_2,2023-01-04 20:34:56.595196,CLO,2012600.jpg,2012600,2,0,NA
2006312_2,2023-01-04 20:34:56.017059,CLO,2006312.jpg,2006312,2,0,NA
2012941_2,2023-01-04 20:34:55.610818,CLO,2012941.jpg,2012941,2,0,NA
2014613_2,2023-01-04 20:34:55.017068,CLO,2014613.jpg,2014613,2,0,NA
2014621_2,2023-01-04 20:34:54.423326,CLO,2014621.jpg,2014621,2,0,NA
2014649_2,2023-01-04 20:34:53.845421,CLO,2014649.jpg,2014649,2,0,NA
2014656_2,2023-01-04 20:34:53.235837,CLO,2014656.jpg,2014656,2,0,NA
2014657_2,2023-01-04 20:34:52.642085,CLO,2014657.jpg,2014657,2,0,NA
2014796_2,2023-01-04 20:34:52.063962,CLO,2014796.jpg,2014796,2,0,NA
2014806_2,2023-01-04 20:34:51.470212,CLO,2014806.jpg,2014806,2,0,NA
2014810_2,2023-01-04 20:34:50.845277,CLO,2014810.jpg,2014810,2,0,NA
2014807_2,2023-01-04 20:34:50.188985,CLO,2014807.jpg,2014807,2,0,NA
2014812_2,2023-01-04 20:34:39.001490,CLO,2014812.jpg,2014812,2,0,NA
2014813_2,2023-01-04 20:34:37.485877,CLO,2014813.jpg,2014813,2,0,NA
2100155_2,2023-01-04 20:34:36.907989,CLO,2100155.jpg,2100155,2,0,NA
2100190_2,2023-01-04 20:34:36.267158,CLO,2100190.jpg,2100190,2,0,NA
2100182_2,2023-01-04 20:34:35.626533,CLO,2100182.jpg,2100182,2,0,NA
2105417_2,2023-01-04 20:34:35.048417,CLO,2105417.jpg,2105417,2,0,NA
2100426_2,2023-01-04 20:34:34.673391,CLO,2100426.jpg,2100426,2,0,NA
2100533_2,2023-01-04 20:34:34.064010,CLO,2100533.jpg,2100533,2,0,NA
2100570_2,2023-01-04 20:34:33.485911,CLO,2100570.jpg,2100570,2,0,NA
2100597_2,2023-01-04 20:34:32.876542,CLO,2100597.jpg,2100597,2,0,NA
2100639_2,2023-01-04 20:34:32.220261,CLO,2100639.jpg,2100639,2,0,NA
2100641_2,2023-01-04 20:34:31.626531,CLO,2100641.jpg,2100641,2,0,NA
2100646_2,2023-01-04 20:34:31.017175,CLO,2100646.jpg,2100646,2,0,NA
2100650_2,2023-01-04 20:34:30.360929,CLO,2100650.jpg,2100650,2,0,NA
2100684_2,2023-01-04 20:34:29.720299,CLO,2100684.jpg,2100684,2,0,NA
2100686_2,2023-01-04 20:34:29.126556,CLO,2100686.jpg,2100686,2,0,NA
2100690_2,2023-01-04 20:34:28.470399,CLO,2100690.jpg,2100690,2,0,NA
2100864_2,2023-01-04 20:34:27.829706,CLO,2100864.jpg,2100864,2,0,NA
2101046_2,2023-01-04 20:34:27.173445,CLO,2101046.jpg,2101046,2,0,NA
2101071_2,2023-01-04 20:34:26.548437,CLO,2101071.jpg,2101071,2,0,NA
2101261_2,2023-01-04 20:34:25.923420,CLO,2101261.jpg,2101261,2,0,NA
2101281_2,2023-01-04 20:34:25.235927,CLO,2101281.jpg,2101281,2,0,NA
2101088_2,2023-01-04 20:34:24.610933,CLO,2101088.jpg,2101088,2,0,NA
2101282_2,2023-01-04 20:34:23.970334,CLO,2101282.jpg,2101282,2,0,NA
2101291_2,2023-01-04 20:34:23.376574,CLO,2101291.jpg,2101291,2,0,NA
2101292_2,2023-01-04 20:34:22.735940,CLO,2101292.jpg,2101292,2,0,NA
2101293_2,2023-01-04 20:34:22.001590,CLO,2101293.jpg,2101293,2,0,NA
2101299_2,2023-01-04 20:34:21.439289,CLO,2101299.jpg,2101299,2,0,NA
2101314_2,2023-01-04 20:34:20.798466,CLO,2101314.jpg,2101314,2,0,NA
2104950_2,2023-01-04 20:34:20.360957,CLO,2104950.jpg,2104950,2,0,NA
2101300_2,2023-01-04 20:34:19.767207,CLO,2101300.jpg,2101300,2,0,NA
2101315_2,2023-01-04 20:34:19.157846,CLO,2101315.jpg,2101315,2,0,NA
2101316_2,2023-01-04 20:34:18.532842,CLO,2101316.jpg,2101316,2,0,NA
2101374_2,2023-01-04 20:34:17.814079,CLO,2101374.jpg,2101374,2,0,NA
2101375_2,2023-01-04 20:34:16.626619,CLO,2101375.jpg,2101375,2,0,NA
2101384_2,2023-01-04 20:34:16.001817,CLO,2101384.jpg,2101384,2,0,NA
2101386_2,2023-01-04 20:34:15.392223,CLO,2101386.jpg,2101386,2,0,NA
2101389_2,2023-01-04 20:34:14.782871,CLO,2101389.jpg,2101389,2,0,NA
2101390_2,2023-01-04 20:34:14.173470,CLO,2101390.jpg,2101390,2,0,NA
2101395_2,2023-01-04 20:34:13.564140,CLO,2101395.jpg,2101395,2,0,NA
2101401_2,2023-01-04 20:34:12.939116,CLO,2101401.jpg,2101401,2,0,NA
2101402_2,2023-01-04 20:34:12.298589,CLO,2101402.jpg,2101402,2,0,NA
2101403_2,2023-01-04 20:34:11.485991,CLO,2101403.jpg,2101403,2,0,NA
2101437_2,2023-01-04 20:31:54.221078,CLO,2101437.jpg,2101437,2,0,NA
2101450_2,2023-01-04 20:31:52.642779,CLO,2101450.jpg,2101450,2,0,NA
2101451_2,2023-01-04 20:31:51.142776,CLO,2101451.jpg,2101451,2,0,NA
2101474_2,2023-01-04 20:31:50.158419,CLO,2101474.jpg,2101474,2,0,NA
2101496_2,2023-01-04 20:31:49.205272,CLO,2101496.jpg,2101496,2,0,NA
2101519_2,2023-01-04 20:31:48.627162,CLO,2101519.jpg,2101519,2,0,NA
2101938_2,2023-01-04 20:31:47.517779,CLO,2101938.jpg,2101938,2,0,NA
2101942_2,2023-01-04 20:31:46.908403,CLO,2101942.jpg,2101942,2,0,NA
2101969_2,2023-01-04 20:31:46.267942,CLO,2101969.jpg,2101969,2,0,NA
2105416_2,2023-01-04 20:31:45.361575,CLO,2105416.jpg,2105416,2,0,NA
2102186_2,2023-01-04 20:31:44.721097,CLO,2102186.jpg,2102186,2,0,NA
2104604_2,2023-01-04 20:31:43.971077,CLO,2104604.jpg,2104604,2,0,NA
2102504_2,2023-01-04 20:31:43.533512,CLO,2102504.jpg,2102504,2,0,NA
2102524_2,2023-01-04 20:31:42.924041,CLO,2102524.jpg,2102524,2,0,NA
2102545_2,2023-01-04 20:31:42.205321,CLO,2102545.jpg,2102545,2,0,NA
2102546_2,2023-01-04 20:31:41.627193,CLO,2102546.jpg,2102546,2,0,NA
2102548_2,2023-01-04 20:31:40.986576,CLO,2102548.jpg,2102548,2,0,NA
2102550_2,2023-01-04 20:31:40.392810,CLO,2102550.jpg,2102550,2,0,NA
2102549_2,2023-01-04 20:31:39.720945,CLO,2102549.jpg,2102549,2,0,NA
2102551_2,2023-01-04 20:31:38.986578,CLO,2102551.jpg,2102551,2,0,NA
2102552_2,2023-01-04 20:31:38.408444,CLO,2102552.jpg,2102552,2,0,NA
2102682_2,2023-01-04 20:31:37.783460,CLO,2102682.jpg,2102682,2,0,NA
2102678_2,2023-01-04 20:31:37.205331,CLO,2102678.jpg,2102678,2,0,NA
2102683_2,2023-01-04 20:31:36.564709,CLO,2102683.jpg,2102683,2,0,NA
2102685_2,2023-01-04 20:31:36.002265,CLO,2102685.jpg,2102685,2,0,NA
2102691_2,2023-01-04 20:31:35.408561,CLO,2102691.jpg,2102691,2,0,NA
2102696_2,2023-01-04 20:31:34.830347,CLO,2102696.jpg,2102696,2,0,NA
2102703_2,2023-01-04 20:31:34.002217,CLO,2102703.jpg,2102703,2,0,NA
2102721_2,2023-01-04 20:31:33.377250,CLO,2102721.jpg,2102721,2,0,NA
2102747_2,2023-01-04 20:31:32.736587,CLO,2102747.jpg,2102747,2,0,NA
2102740_2,2023-01-04 20:31:32.142858,CLO,2102740.jpg,2102740,2,0,NA
2102794_2,2023-01-04 20:31:31.392860,CLO,2102794.jpg,2102794,2,0,NA
2102894_2,2023-01-04 20:31:30.799109,CLO,2102894.jpg,2102894,2,0,NA
2103030_2,2023-01-04 20:31:30.080351,CLO,2103030.jpg,2103030,2,0,NA
2103091_2,2023-01-04 20:31:29.377238,CLO,2103091.jpg,2103091,2,0,NA
2103101_2,2023-01-04 20:31:28.720970,CLO,2103101.jpg,2103101,2,0,NA
2103099_2,2023-01-04 20:31:27.955375,CLO,2103099.jpg,2103099,2,0,NA
2103109_2,2023-01-04 20:31:27.377357,CLO,2103109.jpg,2103109,2,0,NA
2103163_2,2023-01-04 20:31:26.767949,CLO,2103163.jpg,2103163,2,0,NA
2103164_2,2023-01-04 20:31:26.189859,CLO,2103164.jpg,2103164,2,0,NA
2103165_2,2023-01-04 20:31:25.611603,CLO,2103165.jpg,2103165,2,0,NA
2103167_2,2023-01-04 20:31:24.971111,CLO,2103167.jpg,2103167,2,0,NA
2103168_2,2023-01-04 20:31:24.408496,CLO,2103168.jpg,2103168,2,0,NA
2103170_2,2023-01-04 20:31:23.705397,CLO,2103170.jpg,2103170,2,0,NA
2103171_2,2023-01-04 20:31:23.080390,CLO,2103171.jpg,2103171,2,0,NA
2103172_2,2023-01-04 20:31:22.424149,CLO,2103172.jpg,2103172,2,0,NA
2103173_2,2023-01-04 20:31:21.814767,CLO,2103173.jpg,2103173,2,0,NA
2103181_2,2023-01-04 20:31:21.236644,CLO,2103181.jpg,2103181,2,0,NA
2103187_2,2023-01-04 20:31:20.580397,CLO,2103187.jpg,2103187,2,0,NA
2103188_2,2023-01-04 20:31:19.955396,CLO,2103188.jpg,2103188,2,0,NA
2103190_2,2023-01-04 20:31:19.314777,CLO,2103190.jpg,2103190,2,0,NA
2103191_2,2023-01-04 20:31:18.658531,CLO,2103191.jpg,2103191,2,0,NA
2103192_2,2023-01-04 20:31:18.064924,CLO,2103192.jpg,2103192,2,0,NA
2103199_2,2023-01-04 20:31:17.455410,CLO,2103199.jpg,2103199,2,0,NA
2103232_2,2023-01-04 20:31:16.814774,CLO,2103232.jpg,2103232,2,0,NA
2103235_2,2023-01-04 20:31:16.236663,CLO,2103235.jpg,2103235,2,0,NA
2103253_2,2023-01-04 20:31:15.642917,CLO,2103253.jpg,2103253,2,0,NA
2103255_2,2023-01-04 20:31:15.049244,CLO,2103255.jpg,2103255,2,0,NA
2103258_2,2023-01-04 20:31:14.486655,CLO,2103258.jpg,2103258,2,0,NA
2103276_2,2023-01-04 20:31:13.861667,CLO,2103276.jpg,2103276,2,0,NA
2103337_2,2023-01-04 20:31:13.221168,CLO,2103337.jpg,2103337,2,0,NA
2103338_2,2023-01-04 20:31:12.549259,CLO,2103338.jpg,2103338,2,0,NA
2103339_2,2023-01-04 20:31:11.971051,CLO,2103339.jpg,2103339,2,0,NA
2103340_2,2023-01-04 20:31:11.330537,CLO,2103340.jpg,2103340,2,0,NA
2103498_2,2023-01-04 20:31:10.643082,CLO,2103498.jpg,2103498,2,0,NA
2103342_2,2023-01-04 20:31:10.033563,CLO,2103342.jpg,2103342,2,0,NA
2106554_2,2023-01-04 20:31:09.439840,CLO,2106554.jpg,2106554,2,0,NA
2103529_2,2023-01-04 20:31:09.002434,CLO,2103529.jpg,2103529,2,0,NA
2007530_2,2023-01-04 20:31:08.252302,ACC,2007530.jpg,2007530,2,0,NA
2009068_2,2023-01-04 20:31:07.642950,BEAUTY,2009068.jpg,2009068,2,0,NA
2100904_2,2023-01-04 20:31:06.877313,BEAUTY,2100904.jpg,2100904,2,0,NA
2009069_2,2023-01-04 20:31:06.283556,BEAUTY,2009069.jpg,2009069,2,0,NA
2101176_2,2023-01-04 20:31:05.611701,CLO,2101176.jpg,2101176,2,0,NA
2101177_2,2023-01-04 20:31:04.924389,CLO,2101177.jpg,2101177,2,0,NA
2101178_2,2023-01-04 20:31:04.283593,CLO,2101178.jpg,2101178,2,0,NA
2101179_2,2023-01-04 20:31:03.517957,CLO,2101179.jpg,2101179,2,0,NA
2101180_2,2023-01-04 20:31:02.908589,CLO,2101180.jpg,2101180,2,0,NA
2100880_2,2023-01-04 20:31:02.252324,BEAUTY,2100880.jpg,2100880,2,0,NA
2100905_2,2023-01-04 20:31:01.721092,BEAUTY,2100905.jpg,2100905,2,0,NA
2100907_2,2023-01-04 20:31:01.080447,BEAUTY,2100907.jpg,2100907,2,0,NA
2100906_2,2023-01-04 20:31:00.486719,BEAUTY,2100906.jpg,2100906,2,0,NA
2102611_2,2023-01-04 20:30:59.892980,SHO,2102611.jpg,2102611,2,0,NA
2103383_2,2023-01-04 20:30:59.314853,BEAUTY,2103383.jpg,2103383,2,0,NA
2103385_2,2023-01-04 20:30:58.689835,BEAUTY,2103385.jpg,2103385,2,0,NA
2103386_2,2023-01-04 20:30:58.033602,BEAUTY,2103386.jpg,2103386,2,0,NA
1908657_1,2023-01-04 20:30:57.439840,CLO,1908657.jpg,1908657,1,0,NA
2006688_2,2023-01-04 20:30:56.846113,CLO,2006688.jpg,2006688,2,0,NA
2008585_2,2023-01-04 20:30:56.252380,CLO,2008585.jpg,2008585,2,0,NA
2009816_2,2023-01-04 20:30:55.642991,CLO,2009816.jpg,2009816,2,0,NA
2013694_2,2023-01-04 20:30:55.049251,ACC,2013694.jpg,2013694,2,0,NA
2013695_2,2023-01-04 20:30:54.377372,ACC,2013695.jpg,2013695,2,0,NA
2013989_2,2023-01-04 20:30:53.783622,CLO,2013989.jpg,2013989,2,0,NA
2014009_2,2023-01-04 20:30:53.124631,CLO,2014009.jpg,2014009,2,0,NA
2014107_2,2023-01-04 20:30:52.455502,ACC,2014107.jpg,2014107,2,0,NA
2014110_2,2023-01-04 20:30:51.877374,ACC,2014110.jpg,2014110,2,0,NA
2014111_2,2023-01-04 20:30:51.205508,ACC,2014111.jpg,2014111,2,0,NA
2014118_2,2023-01-04 20:30:50.549258,ACC,2014118.jpg,2014118,2,0,NA
2014120_2,2023-01-04 20:30:49.861774,ACC,2014120.jpg,2014120,2,0,NA
2014121_2,2023-01-04 20:30:49.236768,ACC,2014121.jpg,2014121,2,0,NA
2014122_2,2023-01-04 20:30:48.596145,ACC,2014122.jpg,2014122,2,0,NA
2014123_2,2023-01-04 20:30:47.846140,ACC,2014123.jpg,2014123,2,0,NA
2014124_2,2023-01-04 20:30:47.174273,ACC,2014124.jpg,2014124,2,0,NA
2014126_2,2023-01-04 20:30:46.596149,ACC,2014126.jpg,2014126,2,0,NA
2014421_2,2023-01-04 20:30:45.986777,ACC,2014421.jpg,2014421,2,0,NA
2014423_2,2023-01-04 20:30:45.236781,ACC,2014423.jpg,2014423,2,0,NA
2014882_2,2023-01-04 20:30:44.502417,CLO,2014882.jpg,2014882,2,0,NA
2100375_2,2023-01-04 20:30:43.752413,CLO,2100375.jpg,2100375,2,0,NA
2100376_2,2023-01-04 20:30:43.127448,CLO,2100376.jpg,2100376,2,0,NA
2100378_2,2023-01-04 20:30:42.455538,CLO,2100378.jpg,2100378,2,0,NA
2100379_2,2023-01-04 20:30:41.799299,CLO,2100379.jpg,2100379,2,0,NA
2100380_2,2023-01-04 20:30:41.205711,CLO,2100380.jpg,2100380,2,0,NA
2100381_2,2023-01-04 20:30:40.611798,CLO,2100381.jpg,2100381,2,0,NA
2100431_2,2023-01-04 20:30:39.893048,CLO,2100431.jpg,2100431,2,0,NA
2100433_2,2023-01-04 20:30:39.129039,CLO,2100433.jpg,2100433,2,0,NA
2100434_2,2023-01-04 20:30:38.502428,CLO,2100434.jpg,2100434,2,0,NA
2100436_2,2023-01-04 20:30:37.580559,CLO,2100436.jpg,2100436,2,0,NA
2100447_2,2023-01-04 20:30:36.846189,CLO,2100447.jpg,2100447,2,0,NA
2100448_2,2023-01-04 20:30:35.674318,CLO,2100448.jpg,2100448,2,0,NA
2100449_2,2023-01-04 20:30:34.971194,CLO,2100449.jpg,2100449,2,0,NA
2100451_2,2023-01-04 20:30:34.299345,CLO,2100451.jpg,2100451,2,0,NA
2100453_2,2023-01-04 20:30:33.689953,CLO,2100453.jpg,2100453,2,0,NA
2100598_2,2023-01-04 20:30:33.018074,CLO,2100598.jpg,2100598,2,0,NA
2101331_2,2023-01-04 20:30:32.361919,CLO,2101331.jpg,2101331,2,0,NA
2101332_2,2023-01-04 20:30:31.689960,CLO,2101332.jpg,2101332,2,0,NA
2101359_2,2023-01-04 20:30:31.080584,CLO,2101359.jpg,2101359,2,0,NA
2101412_2,2023-01-04 20:30:30.455628,CLO,2101412.jpg,2101412,2,0,NA
2101413_2,2023-01-04 20:30:29.768089,CLO,2101413.jpg,2101413,2,0,NA
2101439_2,2023-01-04 20:30:29.018096,CLO,2101439.jpg,2101439,2,0,NA
2101444_2,2023-01-04 20:30:28.346222,CLO,2101444.jpg,2101444,2,0,NA
2101446_2,2023-01-04 20:30:27.721229,CLO,2101446.jpg,2101446,2,0,NA
2101512_2,2023-01-04 20:30:27.096234,CLO,2101512.jpg,2101512,2,0,NA
2101685_2,2023-01-04 20:30:26.502481,CLO,2101685.jpg,2101685,2,0,NA
2101686_2,2023-01-04 20:30:25.799360,CLO,2101686.jpg,2101686,2,0,NA
2101688_2,2023-01-04 20:30:25.174348,CLO,2101688.jpg,2101688,2,0,NA
2101944_2,2023-01-04 20:30:24.564969,CLO,2101944.jpg,2101944,2,0,NA
2101977_2,2023-01-04 20:30:23.908714,CLO,2101977.jpg,2101977,2,0,NA
2102166_2,2023-01-04 20:30:23.283840,CLO,2102166.jpg,2102166,2,0,NA
2102365_2,2023-01-04 20:30:22.627681,CLO,2102365.jpg,2102365,2,0,NA
2102399_2,2023-01-04 20:30:22.002477,CLO,2102399.jpg,2102399,2,0,NA
2102437_2,2023-01-04 20:30:21.002496,CLO,2102437.jpg,2102437,2,0,NA
2102898_2,2023-01-04 20:30:20.393120,CLO,2102898.jpg,2102898,2,0,NA
2102924_2,2023-01-04 20:30:19.799378,CLO,2102924.jpg,2102924,2,0,NA
2102985_2,2023-01-04 20:30:19.112085,CLO,2102985.jpg,2102985,2,0,NA
2103003_2,2023-01-04 20:30:18.471256,CLO,2103003.jpg,2103003,2,0,NA
2103009_2,2023-01-04 20:30:17.846268,CLO,2103009.jpg,2103009,2,0,NA
2103029_2,2023-01-04 20:30:17.205636,CLO,2103029.jpg,2103029,2,0,NA
2103118_2,2023-01-04 20:30:16.518145,CLO,2103118.jpg,2103118,2,0,NA
2103175_2,2023-01-04 20:30:15.799397,CLO,2103175.jpg,2103175,2,0,NA
2103180_2,2023-01-04 20:30:15.268130,CLO,2103180.jpg,2103180,2,0,NA
2103211_2,2023-01-04 20:30:14.690090,CLO,2103211.jpg,2103211,2,0,NA
2103219_2,2023-01-04 20:30:14.065073,CLO,2103219.jpg,2103219,2,0,NA
2103222_2,2023-01-04 20:30:13.424642,CLO,2103222.jpg,2103222,2,0,NA
2103241_2,2023-01-04 20:30:12.768167,CLO,2103241.jpg,2103241,2,0,NA
2103267_2,2023-01-04 20:30:12.174398,CLO,2103267.jpg,2103267,2,0,NA
2103365_2,2023-01-04 20:30:11.596265,CLO,2103365.jpg,2103365,2,0,NA
2103378_2,2023-01-04 20:30:10.971267,CLO,2103378.jpg,2103378,2,0,NA
2103380_2,2023-01-04 20:30:10.283772,CLO,2103380.jpg,2103380,2,0,NA
2103390_2,2023-01-04 20:30:09.190073,CLO,2103390.jpg,2103390,2,0,NA
2103403_2,2023-01-04 20:30:08.580799,CLO,2103403.jpg,2103403,2,0,NA
2103406_2,2023-01-04 20:30:07.955682,CLO,2103406.jpg,2103406,2,0,NA
2103410_2,2023-01-04 20:30:07.330669,CLO,2103410.jpg,2103410,2,0,NA
2103482_2,2023-01-04 20:30:06.518160,CLO,2103482.jpg,2103482,2,0,NA
2103511_2,2023-01-04 20:30:05.893173,CLO,2103511.jpg,2103511,2,0,NA
2103574_2,2023-01-04 20:30:05.268168,CLO,2103574.jpg,2103574,2,0,NA
2103595_2,2023-01-04 20:30:04.674453,CLO,2103595.jpg,2103595,2,0,NA
2103596_2,2023-01-04 20:30:04.033787,CLO,2103596.jpg,2103596,2,0,NA
2103598_2,2023-01-04 20:30:03.330698,CLO,2103598.jpg,2103598,2,0,NA
2103599_2,2023-01-04 20:30:02.580686,CLO,2103599.jpg,2103599,2,0,NA
2103601_2,2023-01-04 20:30:01.940336,CLO,2103601.jpg,2103601,2,0,NA
2103602_2,2023-01-04 20:30:00.799435,CLO,2103602.jpg,2103602,2,0,NA
2107540_2,2023-01-04 20:30:00.424460,CLO,2107540.jpg,2107540,2,0,NA
2103603_2,2023-01-04 20:29:59.768224,CLO,2103603.jpg,2103603,2,0,NA
2103605_2,2023-01-04 20:29:59.080711,CLO,2103605.jpg,2103605,2,0,NA
2103607_2,2023-01-04 20:29:58.440082,CLO,2103607.jpg,2103607,2,0,NA
2103608_2,2023-01-04 20:29:57.799468,CLO,2103608.jpg,2103608,2,0,NA
2103647_2,2023-01-04 20:29:57.143204,CLO,2103647.jpg,2103647,2,0,NA
2103648_2,2023-01-04 20:29:56.408820,CLO,2103648.jpg,2103648,2,0,NA
2103653_2,2023-01-04 20:29:55.752581,CLO,2103653.jpg,2103653,2,0,NA
2103654_2,2023-01-04 20:29:55.158858,CLO,2103654.jpg,2103654,2,0,NA
2103659_2,2023-01-04 20:29:54.533840,CLO,2103659.jpg,2103659,2,0,NA
2103676_2,2023-01-04 20:29:53.877583,CLO,2103676.jpg,2103676,2,0,NA
2103678_2,2023-01-04 20:29:53.268230,CLO,2103678.jpg,2103678,2,0,NA
2103692_2,2023-01-04 20:29:52.643240,CLO,2103692.jpg,2103692,2,0,NA
2103694_2,2023-01-04 20:29:52.033865,CLO,2103694.jpg,2103694,2,0,NA
2103699_2,2023-01-04 20:29:51.190098,CLO,2103699.jpg,2103699,2,0,NA
2103700_2,2023-01-04 20:29:50.611975,CLO,2103700.jpg,2103700,2,0,NA
2103701_2,2023-01-04 20:29:49.971352,CLO,2103701.jpg,2103701,2,0,NA
2103704_2,2023-01-04 20:29:49.377609,CLO,2103704.jpg,2103704,2,0,NA
2103713_2,2023-01-04 20:29:48.752770,CLO,2103713.jpg,2103713,2,0,NA
2103749_2,2023-01-04 20:29:48.158880,CLO,2103749.jpg,2103749,2,0,NA
2103937_2,2023-01-04 20:29:47.549503,CLO,2103937.jpg,2103937,2,0,NA
2103938_2,2023-01-04 20:29:46.940109,CLO,2103938.jpg,2103938,2,0,NA
2103988_2,2023-01-04 20:29:46.408858,CLO,2103988.jpg,2103988,2,0,NA
2103999_2,2023-01-04 20:29:45.737024,CLO,2103999.jpg,2103999,2,0,NA
2104002_2,2023-01-04 20:29:45.158868,CLO,2104002.jpg,2104002,2,0,NA
2104023_2,2023-01-04 20:29:44.471388,CLO,2104023.jpg,2104023,2,0,NA
2104025_2,2023-01-04 20:29:43.299525,CLO,2104025.jpg,2104025,2,0,NA
2104193_2,2023-01-04 20:29:42.658884,CLO,2104193.jpg,2104193,2,0,NA
2014213_2,2023-01-04 20:29:42.049566,ACC,2014213.jpg,2014213,2,0,NA
2014115_2,2023-01-04 20:29:41.440137,ACC,2014115.jpg,2014115,2,0,NA
2013272_2,2023-01-04 20:29:40.768265,JEW,2013272.jpg,2013272,2,0,NA
2013438_2,2023-01-04 20:29:40.174753,JEW,2013438.jpg,2013438,2,0,NA
2014133_2,2023-01-04 20:29:39.549524,ACC,2014133.jpg,2014133,2,0,NA
2014142_2,2023-01-04 20:29:38.940143,ACC,2014142.jpg,2014142,2,0,NA
2014199_2,2023-01-04 20:29:38.080768,ACC,2014199.jpg,2014199,2,0,NA
2101149_2,2023-01-04 20:29:37.424522,SHO,2101149.jpg,2101149,2,0,NA
2103110_2,2023-01-04 20:29:36.815159,SHO,2103110.jpg,2103110,2,0,NA
2103111_2,2023-01-04 20:29:36.190199,SHO,2103111.jpg,2103111,2,0,NA
2103112_2,2023-01-04 20:29:35.440165,SHO,2103112.jpg,2103112,2,0,NA
2103113_2,2023-01-04 20:29:34.783911,SHO,2103113.jpg,2103113,2,0,NA
2103115_2,2023-01-04 20:29:34.127709,SHO,2103115.jpg,2103115,2,0,NA
2103116_2,2023-01-04 20:29:33.502661,SHO,2103116.jpg,2103116,2,0,NA
2103586_2,2023-01-04 20:29:32.908976,SHO,2103586.jpg,2103586,2,0,NA
2103636_2,2023-01-04 20:29:32.299542,SHO,2103636.jpg,2103636,2,0,NA
2103637_2,2023-01-04 20:29:31.643304,SHO,2103637.jpg,2103637,2,0,NA
2103638_2,2023-01-04 20:29:31.018310,SHO,2103638.jpg,2103638,2,0,NA
2103639_2,2023-01-04 20:29:30.408934,SHO,2103639.jpg,2103639,2,0,NA
2103665_2,2023-01-04 20:29:29.783929,SHO,2103665.jpg,2103665,2,0,NA
2103853_2,2023-01-04 20:29:29.143318,SHO,2103853.jpg,2103853,2,0,NA
2103854_2,2023-01-04 20:29:28.471449,SHO,2103854.jpg,2103854,2,0,NA
2103855_2,2023-01-04 20:29:27.877698,SHO,2103855.jpg,2103855,2,0,NA
2103973_2,2023-01-04 20:29:27.283964,ACC,2103973.jpg,2103973,2,0,NA
2103974_2,2023-01-04 20:29:26.674689,ACC,2103974.jpg,2103974,2,0,NA
2103975_2,2023-01-04 20:29:26.080867,ACC,2103975.jpg,2103975,2,0,NA
2103976_2,2023-01-04 20:29:25.471565,ACC,2103976.jpg,2103976,2,0,NA
2103978_2,2023-01-04 20:29:24.799582,ACC,2103978.jpg,2103978,2,0,NA
2103977_2,2023-01-04 20:29:24.205822,ACC,2103977.jpg,2103977,2,0,NA
2103979_2,2023-01-04 20:29:23.580834,ACC,2103979.jpg,2103979,2,0,NA
2103059_2,2023-01-04 20:29:22.643346,CLO,2103059.jpg,2103059,2,0,NA
2103084_2,2023-01-04 20:29:22.049601,CLO,2103084.jpg,2103084,2,0,NA
2103086_2,2023-01-04 20:29:21.487104,CLO,2103086.jpg,2103086,2,0,NA
2103083_2,2023-01-04 20:29:20.893349,CLO,2103083.jpg,2103083,2,0,NA
2004367_2,2023-01-04 20:29:20.252726,CLO,2004367.jpg,2004367,2,0,NA
2007282_2,2023-01-04 20:29:19.674608,ACC,2007282.jpg,2007282,2,0,NA
2007285_2,2023-01-04 20:29:19.065222,CLO,2007285.jpg,2007285,2,0,NA
2012095_2,2023-01-04 20:29:18.455869,CLO,2012095.jpg,2012095,2,0,NA
2014653_2,2023-01-04 20:29:17.846496,CLO,2014653.jpg,2014653,2,0,NA
2014883_2,2023-01-04 20:29:17.252791,CLO,2014883.jpg,2014883,2,0,NA
2014889_2,2023-01-04 20:29:16.643354,CLO,2014889.jpg,2014889,2,0,NA
2100154_2,2023-01-04 20:29:15.940247,CLO,2100154.jpg,2100154,2,0,NA
2100191_2,2023-01-04 20:29:15.346505,CLO,2100191.jpg,2100191,2,0,NA
2100215_2,2023-01-04 20:29:14.596693,CLO,2100215.jpg,2100215,2,0,NA
2100425_2,2023-01-04 20:29:14.049616,CLO,2100425.jpg,2100425,2,0,NA
2100658_2,2023-01-04 20:29:13.315320,CLO,2100658.jpg,2100658,2,0,NA
2100874_2,2023-01-04 20:29:12.721495,CLO,2100874.jpg,2100874,2,0,NA
2100884_2,2023-01-04 20:29:12.096521,CLO,2100884.jpg,2100884,2,0,NA
2101018_2,2023-01-04 20:29:11.424651,CLO,2101018.jpg,2101018,2,0,NA
2101021_2,2023-01-04 20:29:10.815259,CLO,2101021.jpg,2101021,2,0,NA
2101052_2,2023-01-04 20:29:10.174630,CLO,2101052.jpg,2101052,2,0,NA
2101079_2,2023-01-04 20:29:09.534010,CLO,2101079.jpg,2101079,2,0,NA
2101092_2,2023-01-04 20:29:08.909003,CLO,2101092.jpg,2101092,2,0,NA
2101290_2,2023-01-04 20:29:08.268389,CLO,2101290.jpg,2101290,2,0,NA
2101301_2,2023-01-04 20:29:07.674637,CLO,2101301.jpg,2101301,2,0,NA
2101328_2,2023-01-04 20:29:07.049675,CLO,2101328.jpg,2101328,2,0,NA
2101337_2,2023-01-04 20:29:06.471508,CLO,2101337.jpg,2101337,2,0,NA
2101373_2,2023-01-04 20:29:05.862145,CLO,2101373.jpg,2101373,2,0,NA
2101371_2,2023-01-04 20:29:05.284022,CLO,2101371.jpg,2101371,2,0,NA
2101388_2,2023-01-04 20:29:04.659026,CLO,2101388.jpg,2101388,2,0,NA
2101391_2,2023-01-04 20:29:03.893427,CLO,2101391.jpg,2101391,2,0,NA
2101392_2,2023-01-04 20:29:03.252793,CLO,2101392.jpg,2101392,2,0,NA
2101432_2,2023-01-04 20:29:02.596582,CLO,2101432.jpg,2101432,2,0,NA
2101435_2,2023-01-04 20:29:01.909029,CLO,2101435.jpg,2101435,2,0,NA
2101479_2,2023-01-04 20:29:01.315319,CLO,2101479.jpg,2101479,2,0,NA
2101510_2,2023-01-04 20:29:00.690311,CLO,2101510.jpg,2101510,2,0,NA
2101522_2,2023-01-04 20:28:59.987172,CLO,2101522.jpg,2101522,2,0,NA
2101687_2,2023-01-04 20:28:59.362175,CLO,2101687.jpg,2101687,2,0,NA
2101954_2,2023-01-04 20:28:58.815293,CLO,2101954.jpg,2101954,2,0,NA
2101971_2,2023-01-04 20:28:58.190300,CLO,2101971.jpg,2101971,2,0,NA
2101975_2,2023-01-04 20:28:57.580943,CLO,2101975.jpg,2101975,2,0,NA
2101976_2,2023-01-04 20:28:56.971549,CLO,2101976.jpg,2101976,2,0,NA
2102030_2,2023-01-04 20:28:56.362178,CLO,2102030.jpg,2102030,2,0,NA
2102052_2,2023-01-04 20:28:55.768471,CLO,2102052.jpg,2102052,2,0,NA
2102172_2,2023-01-04 20:28:55.127871,CLO,2102172.jpg,2102172,2,0,NA
2102358_2,2023-01-04 20:28:54.534075,CLO,2102358.jpg,2102358,2,0,NA
2102355_2,2023-01-04 20:28:53.706122,CLO,2102355.jpg,2102355,2,0,NA
2102361_2,2023-01-04 20:28:53.065343,CLO,2102361.jpg,2102361,2,0,NA
2102375_2,2023-01-04 20:28:52.502841,CLO,2102375.jpg,2102375,2,0,NA
2102383_2,2023-01-04 20:28:51.862202,CLO,2102383.jpg,2102383,2,0,NA
2102394_2,2023-01-04 20:28:51.127836,CLO,2102394.jpg,2102394,2,0,NA
2102510_2,2023-01-04 20:28:50.502876,CLO,2102510.jpg,2102510,2,0,NA
2102677_2,2023-01-04 20:28:49.909222,CLO,2102677.jpg,2102677,2,0,NA
2102681_2,2023-01-04 20:28:49.299738,CLO,2102681.jpg,2102681,2,0,NA
2102715_2,2023-01-04 20:28:48.643526,CLO,2102715.jpg,2102715,2,0,NA
2102749_2,2023-01-04 20:28:47.955978,CLO,2102749.jpg,2102749,2,0,NA
2102896_2,2023-01-04 20:28:47.393472,CLO,2102896.jpg,2102896,2,0,NA
2102944_2,2023-01-04 20:28:46.331003,CLO,2102944.jpg,2102944,2,0,NA
2102948_2,2023-01-04 20:28:45.487230,CLO,2102948.jpg,2102948,2,0,NA
2102956_2,2023-01-04 20:28:44.877847,CLO,2102956.jpg,2102956,2,0,NA
2102987_2,2023-01-04 20:28:44.252852,CLO,2102987.jpg,2102987,2,0,NA
2102980_2,2023-01-04 20:28:43.565355,CLO,2102980.jpg,2102980,2,0,NA
2103005_2,2023-01-04 20:28:42.596608,CLO,2103005.jpg,2103005,2,0,NA
2103008_2,2023-01-04 20:28:42.002882,CLO,2103008.jpg,2103008,2,0,NA
2103010_2,2023-01-04 20:28:41.362255,CLO,2103010.jpg,2103010,2,0,NA
2103011_2,2023-01-04 20:28:40.752901,CLO,2103011.jpg,2103011,2,0,NA
2103103_2,2023-01-04 20:28:40.159128,CLO,2103103.jpg,2103103,2,0,NA
2103105_2,2023-01-04 20:28:39.502888,CLO,2103105.jpg,2103105,2,0,NA
2103174_2,2023-01-04 20:28:38.815369,CLO,2103174.jpg,2103174,2,0,NA
2103177_2,2023-01-04 20:28:38.237277,CLO,2103177.jpg,2103177,2,0,NA
2103179_2,2023-01-04 20:28:37.096630,CLO,2103179.jpg,2103179,2,0,NA
2103201_2,2023-01-04 20:28:36.471634,CLO,2103201.jpg,2103201,2,0,NA
2103210_2,2023-01-04 20:28:35.815403,CLO,2103210.jpg,2103210,2,0,NA
2103229_2,2023-01-04 20:28:35.174870,CLO,2103229.jpg,2103229,2,0,NA
2103247_2,2023-01-04 20:28:34.409157,CLO,2103247.jpg,2103247,2,0,NA
2103250_2,2023-01-04 20:28:33.815415,CLO,2103250.jpg,2103250,2,0,NA
2103251_2,2023-01-04 20:28:33.174816,CLO,2103251.jpg,2103251,2,0,NA
2103252_2,2023-01-04 20:28:32.549894,CLO,2103252.jpg,2103252,2,0,NA
2103263_2,2023-01-04 20:28:31.862310,CLO,2103263.jpg,2103263,2,0,NA
2103265_2,2023-01-04 20:28:31.065428,CLO,2103265.jpg,2103265,2,0,NA
2103303_2,2023-01-04 20:28:30.284157,CLO,2103303.jpg,2103303,2,0,NA
2103304_2,2023-01-04 20:28:29.565445,CLO,2103304.jpg,2103304,2,0,NA
2103344_2,2023-01-04 20:28:28.800005,CLO,2103344.jpg,2103344,2,0,NA
2103356_2,2023-01-04 20:28:28.237297,CLO,2103356.jpg,2103356,2,0,NA
2103361_2,2023-01-04 20:28:27.628063,CLO,2103361.jpg,2103361,2,0,NA
2103364_2,2023-01-04 20:28:26.924795,CLO,2103364.jpg,2103364,2,0,NA
2103376_2,2023-01-04 20:28:26.346669,CLO,2103376.jpg,2103376,2,0,NA
2103392_2,2023-01-04 20:28:25.706053,CLO,2103392.jpg,2103392,2,0,NA
2108001_2,2023-01-04 20:28:24.893567,CLO,2108001.jpg,2108001,2,0,NA
2103395_2,2023-01-04 20:28:24.502973,CLO,2103395.jpg,2103395,2,0,NA
2103402_2,2023-01-04 20:28:23.831060,CLO,2103402.jpg,2103402,2,0,NA
2106553_2,2023-01-04 20:28:23.409200,CLO,2106553.jpg,2106553,2,0,NA
2103407_2,2023-01-04 20:28:22.737418,CLO,2103407.jpg,2103407,2,0,NA
2103409_2,2023-01-04 20:28:22.127991,CLO,2103409.jpg,2103409,2,0,NA
2103411_2,2023-01-04 20:28:21.456070,CLO,2103411.jpg,2103411,2,0,NA
2103477_2,2023-01-04 20:28:20.800059,CLO,2103477.jpg,2103477,2,0,NA
2103517_2,2023-01-04 20:28:20.096694,CLO,2103517.jpg,2103517,2,0,NA
2103523_2,2023-01-04 20:28:19.268571,CLO,2103523.jpg,2103523,2,0,NA
2103522_2,2023-01-04 20:28:18.674822,CLO,2103522.jpg,2103522,2,0,NA
2103526_2,2023-01-04 20:28:18.049825,CLO,2103526.jpg,2103526,2,0,NA
2103530_2,2023-01-04 20:28:17.393622,CLO,2103530.jpg,2103530,2,0,NA
2103532_2,2023-01-04 20:28:16.581105,CLO,2103532.jpg,2103532,2,0,NA
2103534_2,2023-01-04 20:28:15.971710,CLO,2103534.jpg,2103534,2,0,NA
2103533_2,2023-01-04 20:28:15.331089,CLO,2103533.jpg,2103533,2,0,NA
2103536_2,2023-01-04 20:28:14.643611,CLO,2103536.jpg,2103536,2,0,NA
2103535_2,2023-01-04 20:28:14.002999,CLO,2103535.jpg,2103535,2,0,NA
2103541_2,2023-01-04 20:28:13.377971,CLO,2103541.jpg,2103541,2,0,NA
2107314_2,2023-01-04 20:28:12.971723,CLO,2107314.jpg,2107314,2,0,NA
2103600_2,2023-01-04 20:28:12.315481,CLO,2103600.jpg,2103600,2,0,NA
2103606_2,2023-01-04 20:28:11.596731,CLO,2103606.jpg,2103606,2,0,NA
2103646_2,2023-01-04 20:28:11.018609,CLO,2103646.jpg,2103646,2,0,NA
2006679_2,2023-01-04 20:28:10.409235,SHO,2006679.jpg,2006679,2,0,NA
2009031_2,2023-01-04 20:28:09.815496,SHO,2009031.jpg,2009031,2,0,NA
2010256_2,2023-01-04 20:28:09.237388,JEW,2010256.jpg,2010256,2,0,NA
2010311_2,2023-01-04 20:28:08.674888,JEW,2010311.jpg,2010311,2,0,NA
2013273_2,2023-01-04 20:28:08.049892,JEW,2013273.jpg,2013273,2,0,NA
2013389_2,2023-01-04 20:28:07.456131,JEW,2013389.jpg,2013389,2,0,NA
2013445_2,2023-01-04 20:28:06.815591,JEW,2013445.jpg,2013445,2,0,NA
2013696_2,2023-01-04 20:28:06.096776,ACC,2013696.jpg,2013696,2,0,NA
2013697_2,2023-01-04 20:28:05.471922,ACC,2013697.jpg,2013697,2,0,NA
2014254_2,2023-01-04 20:28:04.753007,JEW,2014254.jpg,2014254,2,0,NA
2100383_2,2023-01-04 20:28:04.346766,JEW,2100383.jpg,2100383,2,0,NA
2014567_2,2023-01-04 20:28:03.706234,JEW,2014567.jpg,2014567,2,0,NA
2011424_2,2023-01-04 20:28:03.315519,JEW,2011424.jpg,2011424,2,0,NA
2100520_2,2023-01-04 20:28:02.737399,JEW,2100520.jpg,2100520,2,0,NA
2014141_2,2023-01-04 20:28:02.315553,JEW,2014141.jpg,2014141,2,0,NA
2014150_2,2023-01-04 20:28:01.628037,JEW,2014150.jpg,2014150,2,0,NA
2100523_2,2023-01-04 20:28:01.237408,JEW,2100523.jpg,2100523,2,0,NA
2100605_2,2023-01-04 20:28:00.612425,SHO,2100605.jpg,2100605,2,0,NA
2100604_2,2023-01-04 20:28:00.003022,SHO,2100604.jpg,2100604,2,0,NA
2101139_2,2023-01-04 20:27:58.893763,SHO,2101139.jpg,2101139,2,0,NA
2101160_2,2023-01-04 20:27:58.315534,CLO,2101160.jpg,2101160,2,0,NA
2101526_2,2023-01-04 20:27:57.721807,SHO,2101526.jpg,2101526,2,0,NA
2101528_2,2023-01-04 20:27:57.081180,SHO,2101528.jpg,2101528,2,0,NA
2103042_2,2023-01-04 20:27:56.534297,SHO,2103042.jpg,2103042,2,0,NA
2103041_2,2023-01-04 20:27:55.925002,SHO,2103041.jpg,2103041,2,0,NA
2103043_2,2023-01-04 20:27:55.268675,SHO,2103043.jpg,2103043,2,0,NA
2103047_2,2023-01-04 20:27:54.628069,SHO,2103047.jpg,2103047,2,0,NA
2103564_2,2023-01-04 20:27:54.034335,CLO,2103564.jpg,2103564,2,0,NA
2100883_2,2023-01-04 20:27:53.331285,SHO,2100883.jpg,2100883,2,0,NA
2103578_2,2023-01-04 20:27:52.940548,SHO,2103578.jpg,2103578,2,0,NA
2103579_2,2023-01-04 20:27:52.253067,SHO,2103579.jpg,2103579,2,0,NA
2103580_2,2023-01-04 20:27:51.674957,SHO,2103580.jpg,2103580,2,0,NA
2103581_2,2023-01-04 20:27:51.018683,SHO,2103581.jpg,2103581,2,0,NA
2103582_2,2023-01-04 20:27:50.393682,SHO,2103582.jpg,2103582,2,0,NA
2014506_2,2023-01-04 20:27:49.784317,ACC,2014506.jpg,2014506,2,0,NA
2102765_2,2023-01-04 20:27:49.190565,CLO,2102765.jpg,2102765,2,0,NA
2102768_2,2023-01-04 20:27:48.549942,CLO,2102768.jpg,2102768,2,0,NA
2102770_2,2023-01-04 20:27:47.909323,CLO,2102770.jpg,2102770,2,0,NA
2102771_2,2023-01-04 20:27:47.299962,CLO,2102771.jpg,2102771,2,0,NA
2014108_2,2023-01-04 20:27:46.674953,ACC,2014108.jpg,2014108,2,0,NA
2103514_2,2023-01-04 20:27:46.034344,CLO,2103514.jpg,2103514,2,0,NA
2014804_2,2023-01-04 20:27:45.424972,CLO,2014804.jpg,2014804,2,0,NA
2101054_2,2023-01-04 20:27:44.815590,CLO,2101054.jpg,2101054,2,0,NA
2103702_2,2023-01-04 20:27:44.221849,CLO,2103702.jpg,2103702,2,0,NA
2014430_2,2023-01-04 20:27:43.628091,ACC,2014430.jpg,2014430,2,0,NA
2101084_2,2023-01-04 20:27:42.862467,SHO,2101084.jpg,2101084,2,0,NA
2101150_2,2023-01-04 20:27:42.206216,SHO,2101150.jpg,2101150,2,0,NA
2101998_2,2023-01-04 20:27:41.565623,BEAUTY,2101998.jpg,2101998,2,0,NA
2102194_2,2023-01-04 20:27:40.878102,BEAUTY,2102194.jpg,2102194,2,0,NA
2102219_2,2023-01-04 20:27:40.268748,BEAUTY,2102219.jpg,2102219,2,0,NA
2102224_2,2023-01-04 20:27:39.659374,BEAUTY,2102224.jpg,2102224,2,0,NA
2102812_2,2023-01-04 20:27:39.096880,JEW,2102812.jpg,2102812,2,0,NA
2102870_2,2023-01-04 20:27:38.409362,ACC,2102870.jpg,2102870,2,0,NA
2103094_2,2023-01-04 20:27:37.737503,SHO,2103094.jpg,2103094,2,0,NA
2102891_2,2023-01-04 20:27:37.128151,JEW,2102891.jpg,2102891,2,0,NA
2103119_2,2023-01-04 20:27:36.487658,SHO,2103119.jpg,2103119,2,0,NA
2103889_2,2023-01-04 20:27:35.862547,ACC,2103889.jpg,2103889,2,0,NA
2103926_2,2023-01-04 20:27:35.315874,ACC,2103926.jpg,2103926,2,0,NA
2104296_2,2023-01-04 20:27:34.675087,ACC,2104296.jpg,2104296,2,0,NA
2104250_2,2023-01-04 20:27:34.081254,ACC,2104250.jpg,2104250,2,0,NA
2104251_2,2023-01-04 20:27:33.378161,ACC,2104251.jpg,2104251,2,0,NA
2104257_2,2023-01-04 20:27:32.753151,ACC,2104257.jpg,2104257,2,0,NA
2104262_2,2023-01-04 20:27:31.956255,ACC,2104262.jpg,2104262,2,0,NA
2104264_2,2023-01-04 20:27:31.315642,ACC,2104264.jpg,2104264,2,0,NA
2104265_2,2023-01-04 20:27:30.565645,ACC,2104265.jpg,2104265,2,0,NA
2104274_2,2023-01-04 20:27:29.815659,ACC,2104274.jpg,2104274,2,0,NA
2104275_2,2023-01-04 20:27:29.206284,ACC,2104275.jpg,2104275,2,0,NA
2104273_2,2023-01-04 20:27:28.596907,ACC,2104273.jpg,2104273,2,0,NA
2104276_2,2023-01-04 20:27:28.018770,ACC,2104276.jpg,2104276,2,0,NA
2104277_2,2023-01-04 20:27:27.393781,ACC,2104277.jpg,2104277,2,0,NA
2104279_2,2023-01-04 20:27:26.800160,ACC,2104279.jpg,2104279,2,0,NA
2104278_2,2023-01-04 20:27:26.175084,ACC,2104278.jpg,2104278,2,0,NA
2104295_2,2023-01-04 20:27:25.628237,ACC,2104295.jpg,2104295,2,0,NA
1812067_1,2023-01-04 20:27:25.018834,SHO,1812067.jpg,1812067,1,0,NA
1913026_1,2023-01-04 20:27:24.440655,SHO,1913026.jpg,1913026,1,0,NA
2001234_2,2023-01-04 20:27:23.737556,SHO,2001234.jpg,2001234,2,0,NA
2010153_2,2023-01-04 20:27:23.128350,JEW,2010153.jpg,2010153,2,0,NA
2001236_2,2023-01-04 20:27:22.440687,SHO,2001236.jpg,2001236,2,0,NA
2013333_2,2023-01-04 20:27:21.237546,JEW,2013333.jpg,2013333,2,0,NA
2010658_2,2023-01-04 20:27:20.643820,BEAUTY,2010658.jpg,2010658,2,0,NA
2013620_2,2023-01-04 20:27:19.987581,JEW,2013620.jpg,2013620,2,0,NA
2014022_2,2023-01-04 20:27:19.393833,BEAUTY,2014022.jpg,2014022,2,0,NA
2014025_2,2023-01-04 20:27:18.831315,BEAUTY,2014025.jpg,2014025,2,0,NA
2014018_2,2023-01-04 20:27:18.237586,BEAUTY,2014018.jpg,2014018,2,0,NA
2014027_2,2023-01-04 20:27:17.643820,BEAUTY,2014027.jpg,2014027,2,0,NA
2014565_2,2023-01-04 20:27:17.050077,ACC,2014565.jpg,2014565,2,0,NA
2101266_2,2023-01-04 20:27:16.456453,ACC,2101266.jpg,2101266,2,0,NA
2101894_2,2023-01-04 20:27:15.800140,ACC,2101894.jpg,2101894,2,0,NA
2102210_2,2023-01-04 20:27:15.175204,BEAUTY,2102210.jpg,2102210,2,0,NA
2101897_2,2023-01-04 20:27:14.503265,ACC,2101897.jpg,2101897,2,0,NA
2102228_2,2023-01-04 20:27:13.878223,ACC,2102228.jpg,2102228,2,0,NA
2102265_2,2023-01-04 20:27:13.221954,ACC,2102265.jpg,2102265,2,0,NA
2102266_2,2023-01-04 20:27:12.628206,ACC,2102266.jpg,2102266,2,0,NA
2102267_2,2023-01-04 20:27:11.972070,ACC,2102267.jpg,2102267,2,0,NA
2102269_2,2023-01-04 20:27:11.378226,ACC,2102269.jpg,2102269,2,0,NA
2102274_2,2023-01-04 20:27:10.659458,ACC,2102274.jpg,2102274,2,0,NA
2102270_2,2023-01-04 20:27:09.987604,ACC,2102270.jpg,2102270,2,0,NA
2102268_2,2023-01-04 20:27:09.284468,ACC,2102268.jpg,2102268,2,0,NA
2102271_2,2023-01-04 20:27:08.675100,ACC,2102271.jpg,2102271,2,0,NA
2102272_2,2023-01-04 20:27:08.081349,ACC,2102272.jpg,2102272,2,0,NA
2102273_2,2023-01-04 20:27:07.487600,ACC,2102273.jpg,2102273,2,0,NA
2102275_2,2023-01-04 20:27:06.878350,ACC,2102275.jpg,2102275,2,0,NA
2102280_2,2023-01-04 20:27:06.300432,ACC,2102280.jpg,2102280,2,0,NA
2102282_2,2023-01-04 20:27:05.721979,ACC,2102282.jpg,2102282,2,0,NA
2102288_2,2023-01-04 20:27:04.581362,ACC,2102288.jpg,2102288,2,0,NA
2102293_2,2023-01-04 20:27:04.018884,ACC,2102293.jpg,2102293,2,0,NA
2102295_2,2023-01-04 20:27:03.378280,ACC,2102295.jpg,2102295,2,0,NA
2102298_2,2023-01-04 20:27:02.784494,ACC,2102298.jpg,2102298,2,0,NA
2102300_2,2023-01-04 20:27:02.128256,ACC,2102300.jpg,2102300,2,0,NA
2102304_2,2023-01-04 20:27:01.534631,ACC,2102304.jpg,2102304,2,0,NA
2102359_2,2023-01-04 20:27:00.768979,BEAUTY,2102359.jpg,2102359,2,0,NA
2102373_2,2023-01-04 20:27:00.175143,BEAUTY,2102373.jpg,2102373,2,0,NA
2102417_2,2023-01-04 20:26:59.565773,BEAUTY,2102417.jpg,2102417,2,0,NA
2102420_2,2023-01-04 20:26:58.893930,BEAUTY,2102420.jpg,2102420,2,0,NA
2102419_2,2023-01-04 20:26:58.253258,BEAUTY,2102419.jpg,2102419,2,0,NA
2102421_2,2023-01-04 20:26:57.628280,BEAUTY,2102421.jpg,2102421,2,0,NA
2102859_2,2023-01-04 20:26:57.003313,ACC,2102859.jpg,2102859,2,0,NA
2102869_2,2023-01-04 20:26:56.393934,ACC,2102869.jpg,2102869,2,0,NA
2103093_2,2023-01-04 20:26:55.675177,SHO,2103093.jpg,2103093,2,0,NA
2103095_2,2023-01-04 20:26:55.003446,SHO,2103095.jpg,2103095,2,0,NA
2103096_2,2023-01-04 20:26:54.409618,SHO,2103096.jpg,2103096,2,0,NA
2103734_2,2023-01-04 20:26:53.784555,ACC,2103734.jpg,2103734,2,0,NA
2103728_2,2023-01-04 20:26:53.222054,ACC,2103728.jpg,2103728,2,0,NA
2103736_2,2023-01-04 20:26:52.675175,ACC,2103736.jpg,2103736,2,0,NA
2006579_2,2023-01-04 20:26:52.112673,CLO,2006579.jpg,2006579,2,0,NA
2014545_2,2023-01-04 20:26:51.472117,ACC,2014545.jpg,2014545,2,0,NA
2101113_2,2023-01-04 20:26:50.878314,CLO,2101113.jpg,2101113,2,0,NA
2101248_2,2023-01-04 20:26:50.050165,CLO,2101248.jpg,2101248,2,0,NA
2101250_2,2023-01-04 20:26:49.253293,CLO,2101250.jpg,2101250,2,0,NA
2102475_2,2023-01-04 20:26:48.581467,CLO,2102475.jpg,2102475,2,0,NA
2102476_2,2023-01-04 20:26:47.940830,CLO,2102476.jpg,2102476,2,0,NA
2102827_2,2023-01-04 20:26:47.331441,CLO,2102827.jpg,2102827,2,0,NA
2102835_2,2023-01-04 20:26:46.722083,CLO,2102835.jpg,2102835,2,0,NA
2102844_2,2023-01-04 20:26:45.878320,CLO,2102844.jpg,2102844,2,0,NA
2103268_2,2023-01-04 20:26:45.237701,CLO,2103268.jpg,2103268,2,0,NA
2103272_2,2023-01-04 20:26:44.612704,CLO,2103272.jpg,2103272,2,0,NA
2103281_2,2023-01-04 20:26:43.815835,CLO,2103281.jpg,2103281,2,0,NA
2103747_2,2023-01-04 20:26:43.050212,CLO,2103747.jpg,2103747,2,0,NA
2014114_2,2023-01-04 20:26:42.284585,ACC,2014114.jpg,2014114,2,0,NA
2103149_2,2023-01-04 20:26:41.643962,CLO,2103149.jpg,2103149,2,0,NA
2103153_2,2023-01-04 20:26:41.050206,CLO,2103153.jpg,2103153,2,0,NA
2014105_2,2023-01-04 20:26:40.456470,ACC,2014105.jpg,2014105,2,0,NA
2014112_2,2023-01-04 20:26:39.847095,ACC,2014112.jpg,2014112,2,0,NA
2010360_2,2023-01-04 20:26:39.190914,CLO,2010360.jpg,2010360,2,0,NA
2101441_2,2023-01-04 20:26:38.503355,CLO,2101441.jpg,2101441,2,0,NA
2101966_2,2023-01-04 20:26:37.831479,CLO,2101966.jpg,2101966,2,0,NA
2102436_2,2023-01-04 20:26:37.190866,CLO,2102436.jpg,2102436,2,0,NA
2102687_2,2023-01-04 20:26:36.581493,CLO,2102687.jpg,2102687,2,0,NA
2102862_2,2023-01-04 20:26:35.909600,CLO,2102862.jpg,2102862,2,0,NA
2103230_2,2023-01-04 20:26:35.300238,CLO,2103230.jpg,2103230,2,0,NA
2102911_2,2023-01-04 20:26:34.675237,CLO,2102911.jpg,2102911,2,0,NA
2103371_2,2023-01-04 20:26:34.034624,CLO,2103371.jpg,2103371,2,0,NA
2103374_2,2023-01-04 20:26:33.268992,CLO,2103374.jpg,2103374,2,0,NA
2103759_2,2023-01-04 20:26:32.659622,CLO,2103759.jpg,2103759,2,0,NA
2103377_2,2023-01-04 20:26:31.972122,CLO,2103377.jpg,2103377,2,0,NA
2104078_2,2023-01-04 20:26:31.331499,CLO,2104078.jpg,2104078,2,0,NA
2014013_2,2023-01-04 20:26:30.097127,CLO,2014013.jpg,2014013,2,0,NA
2014014_2,2023-01-04 20:26:29.347147,CLO,2014014.jpg,2014014,2,0,NA
2014826_2,2023-01-04 20:26:28.644012,CLO,2014826.jpg,2014826,2,0,NA
2101017_2,2023-01-04 20:26:27.878398,CLO,2101017.jpg,2101017,2,0,NA
2101225_2,2023-01-04 20:26:27.175274,CLO,2101225.jpg,2101225,2,0,NA
2101440_2,2023-01-04 20:26:26.487771,CLO,2101440.jpg,2101440,2,0,NA
2101470_2,2023-01-04 20:26:25.909637,CLO,2101470.jpg,2101470,2,0,NA
2101483_2,2023-01-04 20:26:25.128441,CLO,2101483.jpg,2101483,2,0,NA
2101498_2,2023-01-04 20:26:24.534635,CLO,2101498.jpg,2101498,2,0,NA
2101905_2,2023-01-04 20:26:23.909645,CLO,2101905.jpg,2101905,2,0,NA
2102392_2,2023-01-04 20:26:23.284662,CLO,2102392.jpg,2102392,2,0,NA
2102405_2,2023-01-04 20:26:22.675286,CLO,2102405.jpg,2102405,2,0,NA
2102438_2,2023-01-04 20:26:22.065913,CLO,2102438.jpg,2102438,2,0,NA
2102408_2,2023-01-04 20:26:21.456547,CLO,2102408.jpg,2102408,2,0,NA
2102839_2,2023-01-04 20:26:20.815921,CLO,2102839.jpg,2102839,2,0,NA
2102853_2,2023-01-04 20:26:20.175297,CLO,2102853.jpg,2102853,2,0,NA
2102847_2,2023-01-04 20:26:19.534671,CLO,2102847.jpg,2102847,2,0,NA
2102920_2,2023-01-04 20:26:18.706553,CLO,2102920.jpg,2102920,2,0,NA
2102923_2,2023-01-04 20:26:18.144065,CLO,2102923.jpg,2102923,2,0,NA
2102970_2,2023-01-04 20:26:17.487812,CLO,2102970.jpg,2102970,2,0,NA
2102998_2,2023-01-04 20:26:16.815938,CLO,2102998.jpg,2102998,2,0,NA
2102995_2,2023-01-04 20:26:16.175305,CLO,2102995.jpg,2102995,2,0,NA
2103004_2,2023-01-04 20:26:15.612794,CLO,2103004.jpg,2103004,2,0,NA
2103014_2,2023-01-04 20:26:15.003422,CLO,2103014.jpg,2103014,2,0,NA
2103085_2,2023-01-04 20:26:14.425327,CLO,2103085.jpg,2103085,2,0,NA
2103185_2,2023-01-04 20:26:13.769082,CLO,2103185.jpg,2103185,2,0,NA
2103259_2,2023-01-04 20:26:13.128913,CLO,2103259.jpg,2103259,2,0,NA
2103246_2,2023-01-04 20:26:12.456580,CLO,2103246.jpg,2103246,2,0,NA
2103261_2,2023-01-04 20:26:11.644077,CLO,2103261.jpg,2103261,2,0,NA
2103264_2,2023-01-04 20:26:10.534715,CLO,2103264.jpg,2103264,2,0,NA
2103273_2,2023-01-04 20:26:09.878470,CLO,2103273.jpg,2103273,2,0,NA
2103275_2,2023-01-04 20:26:09.253468,CLO,2103275.jpg,2103275,2,0,NA
2103277_2,2023-01-04 20:26:08.628467,CLO,2103277.jpg,2103277,2,0,NA
2103280_2,2023-01-04 20:26:08.034734,CLO,2103280.jpg,2103280,2,0,NA
2103282_2,2023-01-04 20:26:07.300344,CLO,2103282.jpg,2103282,2,0,NA
2103287_2,2023-01-04 20:26:06.659708,CLO,2103287.jpg,2103287,2,0,NA
2103288_2,2023-01-04 20:26:05.769107,CLO,2103288.jpg,2103288,2,0,NA
2103294_2,2023-01-04 20:26:05.159755,CLO,2103294.jpg,2103294,2,0,NA
2103296_2,2023-01-04 20:26:04.550351,CLO,2103296.jpg,2103296,2,0,NA
2103298_2,2023-01-04 20:26:03.925346,CLO,2103298.jpg,2103298,2,0,NA
2103299_2,2023-01-04 20:26:03.284747,CLO,2103299.jpg,2103299,2,0,NA
2103300_2,2023-01-04 20:26:02.659748,CLO,2103300.jpg,2103300,2,0,NA
2103447_2,2023-01-04 20:26:01.956770,CLO,2103447.jpg,2103447,2,0,NA
2103448_2,2023-01-04 20:26:01.362888,CLO,2103448.jpg,2103448,2,0,NA
2103449_2,2023-01-04 20:26:00.675352,CLO,2103449.jpg,2103449,2,0,NA
2103457_2,2023-01-04 20:26:00.067198,CLO,2103457.jpg,2103457,2,0,NA
2103467_2,2023-01-04 20:25:59.425850,CLO,2103467.jpg,2103467,2,0,NA
2103468_2,2023-01-04 20:25:58.753509,CLO,2103468.jpg,2103468,2,0,NA
2103469_2,2023-01-04 20:25:58.144135,CLO,2103469.jpg,2103469,2,0,NA
2103474_2,2023-01-04 20:25:57.519118,CLO,2103474.jpg,2103474,2,0,NA
2103489_2,2023-01-04 20:24:04.207056,CLO,2103489.jpg,2103489,2,0,NA
2103484_2,2023-01-04 20:22:18.972520,CLO,2103484.jpg,2103484,2,0,NA
2103500_2,2023-01-04 20:22:18.222492,CLO,2103500.jpg,2103500,2,0,NA
2103504_2,2023-01-04 20:22:17.581891,CLO,2103504.jpg,2103504,2,0,NA
2103528_2,2023-01-04 20:22:16.910015,CLO,2103528.jpg,2103528,2,0,NA
2103544_2,2023-01-04 20:22:16.285009,CLO,2103544.jpg,2103544,2,0,NA
2103575_2,2023-01-04 20:22:15.675611,CLO,2103575.jpg,2103575,2,0,NA
2103576_2,2023-01-04 20:22:15.066236,CLO,2103576.jpg,2103576,2,0,NA
2103631_2,2023-01-04 20:22:14.472492,CLO,2103631.jpg,2103631,2,0,NA
2103629_2,2023-01-04 20:22:13.832217,CLO,2103629.jpg,2103629,2,0,NA
2103632_2,2023-01-04 20:22:13.238281,CLO,2103632.jpg,2103632,2,0,NA
2103633_2,2023-01-04 20:22:12.597475,CLO,2103633.jpg,2103633,2,0,NA
2103679_2,2023-01-04 20:22:11.925611,CLO,2103679.jpg,2103679,2,0,NA
2103696_2,2023-01-04 20:22:11.300607,CLO,2103696.jpg,2103696,2,0,NA
2103697_2,2023-01-04 20:22:10.691247,CLO,2103697.jpg,2103697,2,0,NA
2103750_2,2023-01-04 20:22:10.097473,CLO,2103750.jpg,2103750,2,0,NA
2103756_2,2023-01-04 20:22:09.503750,CLO,2103756.jpg,2103756,2,0,NA
2103948_2,2023-01-04 20:22:08.878719,CLO,2103948.jpg,2103948,2,0,NA
2103943_2,2023-01-04 20:22:08.113100,CLO,2103943.jpg,2103943,2,0,NA
2103953_2,2023-01-04 20:22:07.472506,CLO,2103953.jpg,2103953,2,0,NA
2103957_2,2023-01-04 20:22:06.738091,CLO,2103957.jpg,2103957,2,0,NA
2103959_2,2023-01-04 20:22:06.097472,CLO,2103959.jpg,2103959,2,0,NA
2103984_2,2023-01-04 20:22:05.488100,CLO,2103984.jpg,2103984,2,0,NA
2103990_2,2023-01-04 20:22:04.925598,CLO,2103990.jpg,2103990,2,0,NA
2104001_2,2023-01-04 20:22:04.284961,CLO,2104001.jpg,2104001,2,0,NA
2104005_2,2023-01-04 20:22:03.628704,CLO,2104005.jpg,2104005,2,0,NA
2104010_2,2023-01-04 20:22:02.925588,CLO,2104010.jpg,2104010,2,0,NA
2104074_2,2023-01-04 20:22:02.316207,CLO,2104074.jpg,2104074,2,0,NA
2104082_2,2023-01-04 20:22:01.675578,CLO,2104082.jpg,2104082,2,0,NA
2104110_2,2023-01-04 20:22:00.988216,CLO,2104110.jpg,2104110,2,0,NA
2105565_2,2023-01-04 20:22:00.597471,CLO,2105565.jpg,2105565,2,0,NA
2104116_2,2023-01-04 20:21:59.909971,CLO,2104116.jpg,2104116,2,0,NA
2104183_2,2023-01-04 20:21:59.269326,CLO,2104183.jpg,2104183,2,0,NA
2104119_2,2023-01-04 20:21:58.644325,CLO,2104119.jpg,2104119,2,0,NA
2104192_2,2023-01-04 20:21:58.050586,CLO,2104192.jpg,2104192,2,0,NA
2104254_2,2023-01-04 20:21:57.316196,CLO,2104254.jpg,2104254,2,0,NA
2104256_2,2023-01-04 20:21:56.644318,CLO,2104256.jpg,2104256,2,0,NA
2104287_2,2023-01-04 20:21:56.050566,CLO,2104287.jpg,2104287,2,0,NA
2104291_2,2023-01-04 20:21:55.441197,CLO,2104291.jpg,2104291,2,0,NA
2104301_2,2023-01-04 20:21:54.816339,CLO,2104301.jpg,2104301,2,0,NA
1904175_1,2023-01-04 20:21:54.238158,SHO,1904175.jpg,1904175,1,0,NA
2009549_2,2023-01-04 20:21:53.659937,CLO,2009549.jpg,2009549,2,0,NA
2009726_2,2023-01-04 20:21:52.534951,SHO,2009726.jpg,2009726,2,0,NA
2009728_2,2023-01-04 20:21:51.894335,SHO,2009728.jpg,2009728,2,0,NA
2100542_2,2023-01-04 20:21:51.253680,CLO,2100542.jpg,2100542,2,0,NA
2101013_2,2023-01-04 20:21:50.659951,CLO,2101013.jpg,2101013,2,0,NA
2101015_2,2023-01-04 20:21:50.050684,CLO,2101015.jpg,2101015,2,0,NA
2101673_2,2023-01-04 20:21:49.363110,ACC,2101673.jpg,2101673,2,0,NA
2102162_2,2023-01-04 20:21:48.691184,ACC,2102162.jpg,2102162,2,0,NA
2102164_2,2023-01-04 20:21:48.113060,ACC,2102164.jpg,2102164,2,0,NA
2102188_2,2023-01-04 20:21:47.566175,ACC,2102188.jpg,2102188,2,0,NA
2102191_2,2023-01-04 20:21:46.831796,ACC,2102191.jpg,2102191,2,0,NA
2102307_2,2023-01-04 20:21:46.238047,ACC,2102307.jpg,2102307,2,0,NA
2102327_2,2023-01-04 20:21:45.628687,ACC,2102327.jpg,2102327,2,0,NA
2102760_2,2023-01-04 20:21:45.003669,CLO,2102760.jpg,2102760,2,0,NA
2103051_2,2023-01-04 20:21:44.378669,ACC,2103051.jpg,2103051,2,0,NA
2103061_2,2023-01-04 20:21:43.831790,CLO,2103061.jpg,2103061,2,0,NA
2103129_2,2023-01-04 20:21:43.128691,CLO,2103129.jpg,2103129,2,0,NA
2103130_2,2023-01-04 20:21:42.534910,CLO,2103130.jpg,2103130,2,0,NA
2103131_2,2023-01-04 20:21:41.831805,CLO,2103131.jpg,2103131,2,0,NA
2103394_2,2023-01-04 20:21:41.222401,CLO,2103394.jpg,2103394,2,0,NA
2103133_2,2023-01-04 20:21:40.613028,CLO,2103133.jpg,2103133,2,0,NA
2103220_2,2023-01-04 20:21:39.972426,ACC,2103220.jpg,2103220,2,0,NA
2103396_2,2023-01-04 20:21:39.284928,CLO,2103396.jpg,2103396,2,0,NA
2104094_2,2023-01-04 20:21:38.691155,CLO,2104094.jpg,2104094,2,0,NA
2104095_2,2023-01-04 20:21:38.034902,CLO,2104095.jpg,2104095,2,0,NA
2104098_2,2023-01-04 20:21:37.456774,CLO,2104098.jpg,2104098,2,0,NA
2104433_2,2023-01-04 20:21:36.816156,SHO,2104433.jpg,2104433,2,0,NA
2104562_2,2023-01-04 20:21:36.113031,SHO,2104562.jpg,2104562,2,0,NA
2104620_2,2023-01-04 20:21:35.519304,SHO,2104620.jpg,2104620,2,0,NA
2104654_2,2023-01-04 20:21:34.878653,BEAUTY,2104654.jpg,2104654,2,0,NA
2104655_2,2023-01-04 20:21:34.206795,BEAUTY,2104655.jpg,2104655,2,0,NA
2104656_2,2023-01-04 20:21:33.550512,BEAUTY,2104656.jpg,2104656,2,0,NA
2101362_2,2023-01-04 20:21:32.909886,CLO,2101362.jpg,2101362,2,0,NA
2102264_2,2023-01-04 20:21:32.284889,CLO,2102264.jpg,2102264,2,0,NA
2102755_2,2023-01-04 20:21:31.706758,CLO,2102755.jpg,2102755,2,0,NA
2102276_2,2023-01-04 20:21:31.097385,CLO,2102276.jpg,2102276,2,0,NA
2103134_2,2023-01-04 20:21:30.503644,CLO,2103134.jpg,2103134,2,0,NA
2103952_2,2023-01-04 20:21:29.644309,CLO,2103952.jpg,2103952,2,0,NA
2104201_2,2023-01-04 20:21:28.878639,CLO,2104201.jpg,2104201,2,0,NA
2104202_2,2023-01-04 20:21:27.909895,CLO,2104202.jpg,2104202,2,0,NA
2104203_2,2023-01-04 20:21:27.269279,CLO,2104203.jpg,2104203,2,0,NA
2104204_2,2023-01-04 20:21:26.613003,CLO,2104204.jpg,2104204,2,0,NA
2104205_2,2023-01-04 20:21:25.909887,CLO,2104205.jpg,2104205,2,0,NA
2104206_2,2023-01-04 20:21:25.284894,CLO,2104206.jpg,2104206,2,0,NA
2104207_2,2023-01-04 20:21:24.581764,CLO,2104207.jpg,2104207,2,0,NA
2104208_2,2023-01-04 20:21:23.988013,CLO,2104208.jpg,2104208,2,0,NA
2104209_2,2023-01-04 20:21:23.378615,CLO,2104209.jpg,2104209,2,0,NA
2104210_2,2023-01-04 20:21:22.675507,CLO,2104210.jpg,2104210,2,0,NA
2104213_2,2023-01-04 20:21:21.972378,CLO,2104213.jpg,2104213,2,0,NA
2103399_2,2023-01-04 20:21:21.362989,CLO,2103399.jpg,2103399,2,0,NA
2104099_2,2023-01-04 20:21:20.628613,CLO,2104099.jpg,2104099,2,0,NA
2104101_2,2023-01-04 20:21:19.534875,CLO,2104101.jpg,2104101,2,0,NA
2104102_2,2023-01-04 20:21:18.925479,CLO,2104102.jpg,2104102,2,0,NA
2104104_2,2023-01-04 20:21:18.316107,CLO,2104104.jpg,2104104,2,0,NA
2104103_2,2023-01-04 20:21:17.675533,CLO,2104103.jpg,2104103,2,0,NA
2104105_2,2023-01-04 20:21:17.019235,CLO,2104105.jpg,2104105,2,0,NA
1801137_1,2023-01-04 20:21:16.378668,CLO,1801137.jpg,1801137,1,0,NA
1803650_1,2023-01-04 20:21:15.894229,CLO,1803650.jpg,1803650,1,0,NA
1608199_1,2023-01-04 20:21:15.503608,CLO,1608199.jpg,1608199,1,0,NA
1907094_1,2023-01-04 20:21:14.909848,CLO,1907094.jpg,1907094,1,0,NA
1909673_1,2023-01-04 20:21:14.331728,CLO,1909673.jpg,1909673,1,0,NA
1911344_1,2023-01-04 20:21:13.784848,CLO,1911344.jpg,1911344,1,0,NA
1909605_1,2023-01-04 20:21:13.191097,CLO,1909605.jpg,1909605,1,0,NA
1911733_1,2023-01-04 20:21:12.800490,CLO,1911733.jpg,1911733,1,0,NA
1909970_1,2023-01-04 20:21:12.222350,CLO,1909970.jpg,1909970,1,0,NA
1911734_1,2023-01-04 20:21:11.816115,CLO,1911734.jpg,1911734,1,0,NA
1911760_1,2023-01-04 20:21:11.222338,CLO,1911760.jpg,1911760,1,0,NA
1912708_1,2023-01-04 20:21:10.644212,CLO,1912708.jpg,1912708,1,0,NA
1912932_1,2023-01-04 20:21:10.253609,CLO,1912932.jpg,1912932,1,0,NA
1910713_1,2023-01-04 20:21:09.847336,CLO,1910713.jpg,1910713,1,0,NA
1913008_1,2023-01-04 20:21:09.222337,CLO,1913008.jpg,1913008,1,0,NA
2003275_2,2023-01-04 20:21:08.566086,CLO,2003275.jpg,2003275,2,0,NA
2003279_2,2023-01-04 20:21:07.972336,CLO,2003279.jpg,2003279,2,0,NA
2005583_2,2023-01-04 20:21:07.378582,CLO,2005583.jpg,2005583,2,0,NA
2007456_2,2023-01-04 20:21:06.737960,CLO,2007456.jpg,2007456,2,0,NA
2007491_2,2023-01-04 20:21:06.019253,CLO,2007491.jpg,2007491,2,0,NA
2008089_2,2023-01-04 20:21:05.300455,CLO,2008089.jpg,2008089,2,0,NA
2008316_2,2023-01-04 20:21:04.675453,CLO,2008316.jpg,2008316,2,0,NA
2008586_2,2023-01-04 20:21:04.034851,CLO,2008586.jpg,2008586,2,0,NA
2008651_2,2023-01-04 20:21:03.409825,CLO,2008651.jpg,2008651,2,0,NA
2008757_2,2023-01-04 20:21:02.784856,CLO,2008757.jpg,2008757,2,0,NA
2008763_2,2023-01-04 20:21:02.144193,CLO,2008763.jpg,2008763,2,0,NA
2008766_2,2023-01-04 20:21:01.519207,CLO,2008766.jpg,2008766,2,0,NA
2008943_2,2023-01-04 20:21:00.862970,CLO,2008943.jpg,2008943,2,0,NA
2009113_2,2023-01-04 20:21:00.316077,CLO,2009113.jpg,2009113,2,0,NA
2009478_2,2023-01-04 20:20:59.534840,CLO,2009478.jpg,2009478,2,0,NA
2009484_2,2023-01-04 20:20:58.925434,CLO,2009484.jpg,2009484,2,0,NA
2009697_2,2023-01-04 20:20:58.316068,CLO,2009697.jpg,2009697,2,0,NA
2009757_2,2023-01-04 20:20:57.675445,CLO,2009757.jpg,2009757,2,0,NA
2009758_2,2023-01-04 20:20:56.972311,CLO,2009758.jpg,2009758,2,0,NA
2009783_2,2023-01-04 20:20:56.222305,CLO,2009783.jpg,2009783,2,0,NA
2010455_2,2023-01-04 20:20:55.519187,CLO,2010455.jpg,2010455,2,0,NA
2010476_2,2023-01-04 20:20:54.862931,CLO,2010476.jpg,2010476,2,0,NA
2010888_2,2023-01-04 20:20:54.237928,CLO,2010888.jpg,2010888,2,0,NA
2010783_2,2023-01-04 20:20:53.628593,CLO,2010783.jpg,2010783,2,0,NA
2010891_2,2023-01-04 20:20:52.909845,CLO,2010891.jpg,2010891,2,0,NA
2012366_2,2023-01-04 20:20:52.316048,CLO,2012366.jpg,2012366,2,0,NA
2013023_2,2023-01-04 20:20:51.675427,CLO,2013023.jpg,2013023,2,0,NA
2013121_2,2023-01-04 20:20:50.972306,CLO,2013121.jpg,2013121,2,0,NA
2014320_2,2023-01-04 20:20:50.362928,CLO,2014320.jpg,2014320,2,0,NA
2014332_2,2023-01-04 20:20:49.769169,CLO,2014332.jpg,2014332,2,0,NA
2014435_2,2023-01-04 20:20:49.112931,CLO,2014435.jpg,2014435,2,0,NA
2014552_2,2023-01-04 20:20:48.519253,ACC,2014552.jpg,2014552,2,0,NA
1604146_1,2023-01-04 20:20:47.784809,CLO,1604146.jpg,1604146,1,0,NA
1903714_1,2023-01-04 20:20:47.378542,CLO,1903714.jpg,1903714,1,0,NA
1606923_1,2023-01-04 20:20:46.987930,CLO,1606923.jpg,1606923,1,0,NA
2008435_2,2023-01-04 20:20:46.331658,CLO,2008435.jpg,2008435,2,0,NA
2008655_2,2023-01-04 20:20:45.644160,CLO,2008655.jpg,2008655,2,0,NA
2009769_2,2023-01-04 20:20:44.987911,CLO,2009769.jpg,2009769,2,0,NA
2010351_2,2023-01-04 20:20:44.347284,CLO,2010351.jpg,2010351,2,0,NA
2011477_2,2023-01-04 20:20:43.487911,CLO,2011477.jpg,2011477,2,0,NA
2011898_2,2023-01-04 20:20:42.816093,CLO,2011898.jpg,2011898,2,0,NA
1610802_1,2023-01-04 20:20:42.409807,CLO,1610802.jpg,1610802,1,0,NA
2100432_2,2023-01-04 20:20:41.831654,CLO,2100432.jpg,2100432,2,0,NA
2101115_2,2023-01-04 20:20:41.050436,CLO,2101115.jpg,2101115,2,0,NA
2101263_2,2023-01-04 20:20:40.409789,CLO,2101263.jpg,2101263,2,0,NA
2101327_2,2023-01-04 20:20:39.769152,CLO,2101327.jpg,2101327,2,0,NA
2102439_2,2023-01-04 20:20:39.175397,CLO,2102439.jpg,2102439,2,0,NA
2103186_2,2023-01-04 20:20:38.566051,CLO,2103186.jpg,2103186,2,0,NA
2103200_2,2023-01-04 20:20:37.909765,CLO,2103200.jpg,2103200,2,0,NA
2103217_2,2023-01-04 20:20:37.238113,CLO,2103217.jpg,2103217,2,0,NA
2103428_2,2023-01-04 20:20:36.597264,CLO,2103428.jpg,2103428,2,0,NA
2103445_2,2023-01-04 20:20:35.972262,CLO,2103445.jpg,2103445,2,0,NA
2103481_2,2023-01-04 20:20:35.378571,CLO,2103481.jpg,2103481,2,0,NA
2103446_2,2023-01-04 20:20:34.737898,CLO,2103446.jpg,2103446,2,0,NA
2103492_2,2023-01-04 20:20:34.081654,CLO,2103492.jpg,2103492,2,0,NA
2103527_2,2023-01-04 20:20:33.441041,CLO,2103527.jpg,2103527,2,0,NA
2104108_2,2023-01-04 20:20:32.737883,CLO,2104108.jpg,2104108,2,0,NA
2104175_2,2023-01-04 20:20:32.097253,CLO,2104175.jpg,2104175,2,0,NA
2104186_2,2023-01-04 20:20:31.456666,CLO,2104186.jpg,2104186,2,0,NA
2104252_2,2023-01-04 20:20:30.831627,CLO,2104252.jpg,2104252,2,0,NA
2104453_2,2023-01-04 20:20:30.050399,CLO,2104453.jpg,2104453,2,0,NA
1909155_1,2023-01-04 20:20:29.362872,CLO,1909155.jpg,1909155,1,0,NA
2002239_2,2023-01-04 20:20:28.815991,CLO,2002239.jpg,2002239,2,0,NA
2004739_2,2023-01-04 20:20:28.222275,CLO,2004739.jpg,2004739,2,0,NA
2008907_2,2023-01-04 20:20:27.659745,CLO,2008907.jpg,2008907,2,0,NA
2009011_2,2023-01-04 20:20:27.050391,CLO,2009011.jpg,2009011,2,0,NA
2009038_2,2023-01-04 20:20:26.019161,CLO,2009038.jpg,2009038,2,0,NA
2009040_2,2023-01-04 20:20:25.362872,CLO,2009040.jpg,2009040,2,0,NA
2012391_2,2023-01-04 20:20:24.784755,CLO,2012391.jpg,2012391,2,0,NA
2014877_2,2023-01-04 20:20:24.081613,CLO,2014877.jpg,2014877,2,0,NA
2100152_2,2023-01-04 20:20:23.034734,CLO,2100152.jpg,2100152,2,0,NA
2014879_2,2023-01-04 20:20:22.472251,CLO,2014879.jpg,2014879,2,0,NA
2100387_2,2023-01-04 20:20:21.784731,CLO,2100387.jpg,2100387,2,0,NA
2100440_2,2023-01-04 20:20:21.159730,CLO,2100440.jpg,2100440,2,0,NA
2100538_2,2023-01-04 20:20:20.503501,CLO,2100538.jpg,2100538,2,0,NA
2100657_2,2023-01-04 20:20:19.753478,CLO,2100657.jpg,2100657,2,0,NA
2101023_2,2023-01-04 20:20:19.019105,CLO,2101023.jpg,2101023,2,0,NA
2101195_2,2023-01-04 20:20:18.456599,CLO,2101195.jpg,2101195,2,0,NA
2101204_2,2023-01-04 20:20:17.909756,CLO,2101204.jpg,2101204,2,0,NA
2101319_2,2023-01-04 20:20:17.284918,CLO,2101319.jpg,2101319,2,0,NA
2101364_2,2023-01-04 20:20:16.644095,CLO,2101364.jpg,2101364,2,0,NA
2101396_2,2023-01-04 20:20:16.019094,CLO,2101396.jpg,2101396,2,0,NA
2101485_2,2023-01-04 20:20:15.440988,CLO,2101485.jpg,2101485,2,0,NA
2101750_2,2023-01-04 20:20:14.722216,CLO,2101750.jpg,2101750,2,0,NA
2101495_2,2023-01-04 20:20:14.128467,CLO,2101495.jpg,2101495,2,0,NA
2101930_2,2023-01-04 20:20:13.425333,CLO,2101930.jpg,2101930,2,0,NA
2101958_2,2023-01-04 20:20:12.769108,CLO,2101958.jpg,2101958,2,0,NA
2102102_2,2023-01-04 20:20:12.206601,CLO,2102102.jpg,2102102,2,0,NA
2102473_2,2023-01-04 20:20:11.581586,CLO,2102473.jpg,2102473,2,0,NA
2102491_2,2023-01-04 20:20:10.940956,CLO,2102491.jpg,2102491,2,0,NA
2102544_2,2023-01-04 20:20:10.206583,CLO,2102544.jpg,2102544,2,0,NA
2102724_2,2023-01-04 20:20:09.597200,CLO,2102724.jpg,2102724,2,0,NA
2102726_2,2023-01-04 20:20:08.956578,CLO,2102726.jpg,2102726,2,0,NA
2102961_2,2023-01-04 20:20:08.315949,CLO,2102961.jpg,2102961,2,0,NA
2102976_2,2023-01-04 20:20:07.737825,CLO,2102976.jpg,2102976,2,0,NA
2102986_2,2023-01-04 20:20:07.175324,CLO,2102986.jpg,2102986,2,0,NA
2102989_2,2023-01-04 20:20:06.472216,CLO,2102989.jpg,2102989,2,0,NA
2102999_2,2023-01-04 20:20:05.753448,CLO,2102999.jpg,2102999,2,0,NA
2103032_2,2023-01-04 20:20:05.159696,CLO,2103032.jpg,2103032,2,0,NA
2103028_2,2023-01-04 20:20:04.534722,CLO,2103028.jpg,2103028,2,0,NA
2103416_2,2023-01-04 20:20:03.972221,CLO,2103416.jpg,2103416,2,0,NA
2103417_2,2023-01-04 20:20:03.362817,CLO,2103417.jpg,2103417,2,0,NA
2103589_2,2023-01-04 20:20:02.565940,CLO,2103589.jpg,2103589,2,0,NA
2103590_2,2023-01-04 20:20:01.972214,CLO,2103590.jpg,2103590,2,0,NA
2103592_2,2023-01-04 20:20:01.394085,CLO,2103592.jpg,2103592,2,0,NA
2103656_2,2023-01-04 20:20:00.800334,CLO,2103656.jpg,2103656,2,0,NA
2103658_2,2023-01-04 20:20:00.065934,CLO,2103658.jpg,2103658,2,0,NA
2103669_2,2023-01-04 20:19:59.159675,CLO,2103669.jpg,2103669,2,0,NA
2103677_2,2023-01-04 20:19:58.503427,CLO,2103677.jpg,2103677,2,0,NA
2103705_2,2023-01-04 20:19:57.956560,CLO,2103705.jpg,2103705,2,0,NA
2103688_2,2023-01-04 20:19:57.331552,CLO,2103688.jpg,2103688,2,0,NA
2103708_2,2023-01-04 20:19:56.597175,CLO,2103708.jpg,2103708,2,0,NA
2103711_2,2023-01-04 20:19:55.956565,CLO,2103711.jpg,2103711,2,0,NA
2103722_2,2023-01-04 20:19:55.315933,CLO,2103722.jpg,2103722,2,0,NA
2103727_2,2023-01-04 20:19:54.456545,CLO,2103727.jpg,2103727,2,0,NA
2103729_2,2023-01-04 20:19:53.862814,CLO,2103729.jpg,2103729,2,0,NA
2103739_2,2023-01-04 20:19:53.253419,CLO,2103739.jpg,2103739,2,0,NA
2103753_2,2023-01-04 20:19:52.690916,CLO,2103753.jpg,2103753,2,0,NA
2103956_2,2023-01-04 20:19:51.972189,CLO,2103956.jpg,2103956,2,0,NA
2104011_2,2023-01-04 20:19:51.331541,CLO,2104011.jpg,2104011,2,0,NA
2104013_2,2023-01-04 20:19:50.722180,CLO,2104013.jpg,2104013,2,0,NA
2104059_2,2023-01-04 20:19:50.190912,CLO,2104059.jpg,2104059,2,0,NA
2104060_2,2023-01-04 20:19:49.628426,CLO,2104060.jpg,2104060,2,0,NA
2104064_2,2023-01-04 20:19:48.987782,CLO,2104064.jpg,2104064,2,0,NA
2104115_2,2023-01-04 20:19:48.394032,CLO,2104115.jpg,2104115,2,0,NA
2104117_2,2023-01-04 20:19:47.784674,CLO,2104117.jpg,2104117,2,0,NA
2104122_2,2023-01-04 20:19:47.159654,CLO,2104122.jpg,2104122,2,0,NA
2104128_2,2023-01-04 20:19:46.534676,CLO,2104128.jpg,2104128,2,0,NA
2104147_2,2023-01-04 20:19:45.941002,CLO,2104147.jpg,2104147,2,0,NA
2104153_2,2023-01-04 20:19:45.331528,CLO,2104153.jpg,2104153,2,0,NA
2104154_2,2023-01-04 20:19:44.753416,CLO,2104154.jpg,2104154,2,0,NA
2104167_2,2023-01-04 20:19:44.065937,CLO,2104167.jpg,2104167,2,0,NA
2104173_2,2023-01-04 20:19:43.487778,CLO,2104173.jpg,2104173,2,0,NA
2104176_2,2023-01-04 20:19:42.878534,CLO,2104176.jpg,2104176,2,0,NA
2104180_2,2023-01-04 20:19:42.300267,CLO,2104180.jpg,2104180,2,0,NA
2104190_2,2023-01-04 20:19:41.690894,CLO,2104190.jpg,2104190,2,0,NA
2104191_2,2023-01-04 20:19:41.065898,CLO,2104191.jpg,2104191,2,0,NA
2104194_2,2023-01-04 20:19:40.425328,CLO,2104194.jpg,2104194,2,0,NA
2104347_2,2023-01-04 20:19:39.753401,CLO,2104347.jpg,2104347,2,0,NA
2104352_2,2023-01-04 20:19:39.128387,CLO,2104352.jpg,2104352,2,0,NA
2104384_2,2023-01-04 20:19:38.394015,CLO,2104384.jpg,2104384,2,0,NA
2104394_2,2023-01-04 20:19:37.659893,CLO,2104394.jpg,2104394,2,0,NA
2104398_2,2023-01-04 20:19:37.019044,CLO,2104398.jpg,2104398,2,0,NA
2104408_2,2023-01-04 20:19:36.269061,CLO,2104408.jpg,2104408,2,0,NA
2104411_2,2023-01-04 20:19:35.629244,CLO,2104411.jpg,2104411,2,0,NA
2104412_2,2023-01-04 20:19:35.050259,CLO,2104412.jpg,2104412,2,0,NA
2104451_2,2023-01-04 20:19:34.315873,CLO,2104451.jpg,2104451,2,0,NA
2104447_2,2023-01-04 20:19:33.612802,CLO,2104447.jpg,2104447,2,0,NA
2104454_2,2023-01-04 20:19:32.940870,CLO,2104454.jpg,2104454,2,0,NA
2104457_2,2023-01-04 20:19:32.206497,CLO,2104457.jpg,2104457,2,0,NA
2104463_2,2023-01-04 20:19:31.487747,CLO,2104463.jpg,2104463,2,0,NA
2104468_2,2023-01-04 20:19:30.862754,CLO,2104468.jpg,2104468,2,0,NA
2104489_2,2023-01-04 20:19:30.175242,CLO,2104489.jpg,2104489,2,0,NA
2104517_2,2023-01-04 20:19:29.597145,CLO,2104517.jpg,2104517,2,0,NA
2104520_2,2023-01-04 20:19:28.956493,CLO,2104520.jpg,2104520,2,0,NA
2104530_2,2023-01-04 20:19:28.253367,CLO,2104530.jpg,2104530,2,0,NA
2104528_2,2023-01-04 20:19:27.643993,CLO,2104528.jpg,2104528,2,0,NA
2104531_2,2023-01-04 20:19:26.940898,CLO,2104531.jpg,2104531,2,0,NA
2104532_2,2023-01-04 20:19:26.331489,CLO,2104532.jpg,2104532,2,0,NA
2104548_2,2023-01-04 20:19:25.753376,CLO,2104548.jpg,2104548,2,0,NA
2104554_2,2023-01-04 20:19:25.175257,CLO,2104554.jpg,2104554,2,0,NA
2104555_2,2023-01-04 20:19:24.581503,CLO,2104555.jpg,2104555,2,0,NA
2104556_2,2023-01-04 20:19:23.940851,CLO,2104556.jpg,2104556,2,0,NA
2104568_2,2023-01-04 20:19:23.300267,CLO,2104568.jpg,2104568,2,0,NA
2104579_2,2023-01-04 20:19:22.690850,CLO,2104579.jpg,2104579,2,0,NA
2104583_2,2023-01-04 20:19:22.081474,CLO,2104583.jpg,2104583,2,0,NA
2104585_2,2023-01-04 20:19:21.378374,CLO,2104585.jpg,2104585,2,0,NA
2104590_2,2023-01-04 20:19:20.784594,CLO,2104590.jpg,2104590,2,0,NA
2104598_2,2023-01-04 20:19:20.175221,CLO,2104598.jpg,2104598,2,0,NA
2104599_2,2023-01-04 20:19:19.565843,CLO,2104599.jpg,2104599,2,0,NA
2104611_2,2023-01-04 20:19:18.956469,CLO,2104611.jpg,2104611,2,0,NA
2104614_2,2023-01-04 20:19:18.315868,CLO,2104614.jpg,2104614,2,0,NA
2104618_2,2023-01-04 20:19:17.753347,CLO,2104618.jpg,2104618,2,0,NA
2104623_2,2023-01-04 20:19:17.190836,CLO,2104623.jpg,2104623,2,0,NA
2104626_2,2023-01-04 20:19:16.644128,CLO,2104626.jpg,2104626,2,0,NA
2104670_2,2023-01-04 20:19:16.034586,CLO,2104670.jpg,2104670,2,0,NA
2104638_2,2023-01-04 20:19:15.472096,CLO,2104638.jpg,2104638,2,0,NA
2104675_2,2023-01-04 20:19:14.862708,CLO,2104675.jpg,2104675,2,0,NA
2104671_2,2023-01-04 20:19:14.284586,CLO,2104671.jpg,2104671,2,0,NA
2104680_2,2023-01-04 20:19:13.628353,CLO,2104680.jpg,2104680,2,0,NA
2104681_2,2023-01-04 20:19:13.034585,CLO,2104681.jpg,2104681,2,0,NA
2104682_2,2023-01-04 20:19:12.253350,CLO,2104682.jpg,2104682,2,0,NA
2104683_2,2023-01-04 20:19:11.690846,CLO,2104683.jpg,2104683,2,0,NA
2104692_2,2023-01-04 20:19:11.050225,CLO,2104692.jpg,2104692,2,0,NA
2104788_2,2023-01-04 20:19:10.425202,CLO,2104788.jpg,2104788,2,0,NA
2104829_2,2023-01-04 20:19:09.847072,CLO,2104829.jpg,2104829,2,0,NA
2013230_2,2023-01-04 20:19:09.253320,JEW,2013230.jpg,2013230,2,0,NA
2013236_2,2023-01-04 20:19:08.659571,JEW,2013236.jpg,2013236,2,0,NA
2013424_2,2023-01-04 20:19:08.034571,JEW,2013424.jpg,2013424,2,0,NA
2013408_2,2023-01-04 20:19:07.409584,JEW,2013408.jpg,2013408,2,0,NA
2100609_2,2023-01-04 20:19:06.800207,SHO,2100609.jpg,2100609,2,0,NA
2100610_2,2023-01-04 20:19:06.159560,SHO,2100610.jpg,2100610,2,0,NA
2100624_2,2023-01-04 20:19:05.503319,SHO,2100624.jpg,2100624,2,0,NA
2102296_2,2023-01-04 20:19:04.862689,ACC,2102296.jpg,2102296,2,0,NA
2102301_2,2023-01-04 20:19:04.284570,ACC,2102301.jpg,2102301,2,0,NA
2102315_2,2023-01-04 20:19:03.675327,ACC,2102315.jpg,2102315,2,0,NA
2102325_2,2023-01-04 20:19:03.050177,ACC,2102325.jpg,2102325,2,0,NA
2102328_2,2023-01-04 20:19:02.409666,ACC,2102328.jpg,2102328,2,0,NA
2102668_2,2023-01-04 20:19:01.784553,ACC,2102668.jpg,2102668,2,0,NA
2102725_2,2023-01-04 20:19:01.175225,ACC,2102725.jpg,2102725,2,0,NA
2102728_2,2023-01-04 20:19:00.534579,ACC,2102728.jpg,2102728,2,0,NA
2103075_2,2023-01-04 20:18:59.893946,ACC,2103075.jpg,2103075,2,0,NA
2103617_2,2023-01-04 20:18:59.284641,JEW,2103617.jpg,2103617,2,0,NA
2103929_2,2023-01-04 20:18:58.690865,JEW,2103929.jpg,2103929,2,0,NA
2104014_2,2023-01-04 20:18:58.034556,ACC,2104014.jpg,2104014,2,0,NA
2104018_2,2023-01-04 20:18:57.456517,ACC,2104018.jpg,2104018,2,0,NA
2104020_2,2023-01-04 20:18:56.893912,ACC,2104020.jpg,2104020,2,0,NA
2104066_2,2023-01-04 20:18:56.018944,ACC,2104066.jpg,2104066,2,0,NA
2104228_2,2023-01-04 20:18:55.362702,CLO,2104228.jpg,2104228,2,0,NA
2104067_2,2023-01-04 20:18:54.706579,ACC,2104067.jpg,2104067,2,0,NA
2105419_2,2023-01-04 20:18:54.128419,ACC,2105419.jpg,2105419,2,0,NA
2105421_2,2023-01-04 20:18:53.534556,ACC,2105421.jpg,2105421,2,0,NA
2105423_2,2023-01-04 20:18:52.878281,ACC,2105423.jpg,2105423,2,0,NA
2105426_2,2023-01-04 20:18:52.315779,ACC,2105426.jpg,2105426,2,0,NA
2105424_2,2023-01-04 20:18:51.675200,ACC,2105424.jpg,2105424,2,0,NA
2105429_2,2023-01-04 20:18:51.081546,ACC,2105429.jpg,2105429,2,0,NA
2105508_2,2023-01-04 20:18:50.315776,ACC,2105508.jpg,2105508,2,0,NA
2105512_2,2023-01-04 20:18:49.690778,ACC,2105512.jpg,2105512,2,0,NA
2105548_2,2023-01-04 20:18:49.065774,ACC,2105548.jpg,2105548,2,0,NA
2105550_2,2023-01-04 20:18:48.347028,ACC,2105550.jpg,2105550,2,0,NA
2105555_2,2023-01-04 20:18:47.722021,ACC,2105555.jpg,2105555,2,0,NA
2014494_2,2023-01-04 20:18:47.081397,ACC,2014494.jpg,2014494,2,0,NA
2006789_2,2023-01-04 20:18:46.378267,SHO,2006789.jpg,2006789,2,0,NA
2006793_2,2023-01-04 20:18:45.768890,SHO,2006793.jpg,2006793,2,0,NA
2104636_2,2023-01-04 20:18:45.190765,SHO,2104636.jpg,2104636,2,0,NA
2105676_2,2023-01-04 20:18:44.612974,SHO,2105676.jpg,2105676,2,0,NA
2105700_2,2023-01-04 20:18:43.972047,SHO,2105700.jpg,2105700,2,0,NA
1805475_1,2023-01-04 20:18:43.300136,CLO,1805475.jpg,1805475,1,0,NA
1801246_1,2023-01-04 20:18:42.909510,CLO,1801246.jpg,1801246,1,0,NA
2002902_2,2023-01-04 20:18:42.268883,CLO,2002902.jpg,2002902,2,0,NA
2003375_2,2023-01-04 20:18:41.628260,CLO,2003375.jpg,2003375,2,0,NA
2004294_2,2023-01-04 20:18:40.893876,CLO,2004294.jpg,2004294,2,0,NA
2007902_2,2023-01-04 20:18:40.268889,CLO,2007902.jpg,2007902,2,0,NA
2010426_2,2023-01-04 20:18:39.393876,CLO,2010426.jpg,2010426,2,0,NA
2010932_2,2023-01-04 20:18:38.643874,CLO,2010932.jpg,2010932,2,0,NA
2011123_2,2023-01-04 20:18:38.034507,ACC,2011123.jpg,2011123,2,0,NA
2011838_2,2023-01-04 20:18:37.472002,CLO,2011838.jpg,2011838,2,0,NA
2104397_2,2023-01-04 20:18:36.815954,CLO,2104397.jpg,2104397,2,0,NA
2012032_2,2023-01-04 20:18:36.425128,CLO,2012032.jpg,2012032,2,0,NA
2013030_2,2023-01-04 20:18:35.738053,CLO,2013030.jpg,2013030,2,0,NA
2013122_2,2023-01-04 20:18:35.128262,CLO,2013122.jpg,2013122,2,0,NA
2013346_2,2023-01-04 20:18:33.925136,CLO,2013346.jpg,2013346,2,0,NA
2014113_2,2023-01-04 20:18:33.300142,ACC,2014113.jpg,2014113,2,0,NA
2014316_2,2023-01-04 20:18:32.675141,CLO,2014316.jpg,2014316,2,0,NA
2014317_2,2023-01-04 20:18:32.065767,CLO,2014317.jpg,2014317,2,0,NA
2014364_2,2023-01-04 20:18:31.472016,CLO,2014364.jpg,2014364,2,0,NA
2100430_2,2023-01-04 20:18:30.753234,CLO,2100430.jpg,2100430,2,0,NA
2100832_2,2023-01-04 20:18:30.050108,CLO,2100832.jpg,2100832,2,0,NA
2100962_2,2023-01-04 20:18:29.472003,CLO,2100962.jpg,2100962,2,0,NA
2100965_2,2023-01-04 20:18:28.862704,CLO,2100965.jpg,2100965,2,0,NA
2101114_2,2023-01-04 20:18:28.237602,CLO,2101114.jpg,2101114,2,0,NA
2101215_2,2023-01-04 20:18:27.643880,CLO,2101215.jpg,2101215,2,0,NA
2101251_2,2023-01-04 20:18:27.018970,CLO,2101251.jpg,2101251,2,0,NA
2101324_2,2023-01-04 20:18:26.409510,CLO,2101324.jpg,2101324,2,0,NA
2101271_2,2023-01-04 20:18:25.862627,ACC,2101271.jpg,2101271,2,0,NA
2012846_2,2023-01-04 20:18:25.456356,ACC,2012846.jpg,2012846,2,0,NA
2101473_2,2023-01-04 20:18:24.862600,CLO,2101473.jpg,2101473,2,0,NA
2101563_2,2023-01-04 20:18:24.143845,CLO,2101563.jpg,2101563,2,0,NA
2101475_2,2023-01-04 20:18:23.534473,CLO,2101475.jpg,2101475,2,0,NA
2101983_2,2023-01-04 20:18:22.862589,CLO,2101983.jpg,2101983,2,0,NA
2102472_2,2023-01-04 20:18:22.128261,CLO,2102472.jpg,2102472,2,0,NA
2102727_2,2023-01-04 20:18:21.487717,CLO,2102727.jpg,2102727,2,0,NA
2102856_2,2023-01-04 20:18:20.893844,CLO,2102856.jpg,2102856,2,0,NA
2102886_2,2023-01-04 20:18:20.284461,CLO,2102886.jpg,2102886,2,0,NA
2102913_2,2023-01-04 20:18:19.643831,CLO,2102913.jpg,2102913,2,0,NA
2102925_2,2023-01-04 20:18:18.956448,CLO,2102925.jpg,2102925,2,0,NA
2102927_2,2023-01-04 20:18:18.315695,CLO,2102927.jpg,2102927,2,0,NA
2102974_2,2023-01-04 20:18:17.565713,CLO,2102974.jpg,2102974,2,0,NA
2102983_2,2023-01-04 20:18:16.878311,CLO,2102983.jpg,2102983,2,0,NA
2103015_2,2023-01-04 20:18:16.221953,CLO,2103015.jpg,2103015,2,0,NA
2103284_2,2023-01-04 20:18:15.565724,CLO,2103284.jpg,2103284,2,0,NA
2103285_2,2023-01-04 20:18:14.940711,CLO,2103285.jpg,2103285,2,0,NA
2103289_2,2023-01-04 20:18:14.362598,CLO,2103289.jpg,2103289,2,0,NA
2103290_2,2023-01-04 20:18:13.721960,CLO,2103290.jpg,2103290,2,0,NA
2103292_2,2023-01-04 20:18:13.112651,CLO,2103292.jpg,2103292,2,0,NA
2103297_2,2023-01-04 20:18:12.487569,CLO,2103297.jpg,2103297,2,0,NA
2103425_2,2023-01-04 20:18:11.862584,CLO,2103425.jpg,2103425,2,0,NA
2103456_2,2023-01-04 20:18:11.143825,CLO,2103456.jpg,2103456,2,0,NA
2103472_2,2023-01-04 20:18:10.550270,CLO,2103472.jpg,2103472,2,0,NA
2103475_2,2023-01-04 20:18:09.846943,CLO,2103475.jpg,2103475,2,0,NA
2103483_2,2023-01-04 20:18:09.143811,CLO,2103483.jpg,2103483,2,0,NA
2103485_2,2023-01-04 20:18:08.456329,CLO,2103485.jpg,2103485,2,0,NA
2103493_2,2023-01-04 20:18:07.846990,CLO,2103493.jpg,2103493,2,0,NA
2103491_2,2023-01-04 20:18:07.221953,CLO,2103491.jpg,2103491,2,0,NA
2103502_2,2023-01-04 20:18:06.456304,CLO,2103502.jpg,2103502,2,0,NA
2103506_2,2023-01-04 20:18:05.753261,CLO,2103506.jpg,2103506,2,0,NA
2103507_2,2023-01-04 20:18:05.112579,CLO,2103507.jpg,2103507,2,0,NA
2103512_2,2023-01-04 20:18:04.425050,CLO,2103512.jpg,2103512,2,0,NA
2103524_2,2023-01-04 20:18:03.831314,CLO,2103524.jpg,2103524,2,0,NA
2103572_2,2023-01-04 20:18:03.190704,CLO,2103572.jpg,2103572,2,0,NA
2103604_2,2023-01-04 20:18:02.550047,CLO,2103604.jpg,2103604,2,0,NA
2103671_2,2023-01-04 20:18:01.815717,CLO,2103671.jpg,2103671,2,0,NA
2103683_2,2023-01-04 20:18:01.112571,CLO,2103683.jpg,2103683,2,0,NA
2103687_2,2023-01-04 20:18:00.440683,CLO,2103687.jpg,2103687,2,0,NA
2103690_2,2023-01-04 20:17:59.753164,CLO,2103690.jpg,2103690,2,0,NA
2103719_2,2023-01-04 20:17:58.987566,CLO,2103719.jpg,2103719,2,0,NA
2103721_2,2023-01-04 20:17:58.362537,CLO,2103721.jpg,2103721,2,0,NA
2103731_2,2023-01-04 20:17:57.706283,CLO,2103731.jpg,2103731,2,0,NA
2103735_2,2023-01-04 20:17:57.050031,CLO,2103735.jpg,2103735,2,0,NA
2103738_2,2023-01-04 20:17:56.315663,CLO,2103738.jpg,2103738,2,0,NA
2103745_2,2023-01-04 20:17:55.706290,CLO,2103745.jpg,2103745,2,0,NA
2103905_2,2023-01-04 20:17:55.018821,CLO,2103905.jpg,2103905,2,0,NA
2103944_2,2023-01-04 20:17:54.393821,CLO,2103944.jpg,2103944,2,0,NA
2103945_2,2023-01-04 20:17:53.831279,CLO,2103945.jpg,2103945,2,0,NA
2103951_2,2023-01-04 20:17:52.987531,CLO,2103951.jpg,2103951,2,0,NA
2103954_2,2023-01-04 20:17:52.268800,CLO,2103954.jpg,2103954,2,0,NA
2103969_2,2023-01-04 20:17:51.659396,CLO,2103969.jpg,2103969,2,0,NA
2103970_2,2023-01-04 20:17:51.096913,CLO,2103970.jpg,2103970,2,0,NA
2103972_2,2023-01-04 20:17:50.503664,CLO,2103972.jpg,2103972,2,0,NA
2103980_2,2023-01-04 20:17:49.753162,CLO,2103980.jpg,2103980,2,0,NA
2103982_2,2023-01-04 20:17:49.128161,CLO,2103982.jpg,2103982,2,0,NA
2103983_2,2023-01-04 20:17:48.409423,CLO,2103983.jpg,2103983,2,0,NA
2103993_2,2023-01-04 20:17:47.768843,CLO,2103993.jpg,2103993,2,0,NA
2104021_2,2023-01-04 20:17:47.112743,CLO,2104021.jpg,2104021,2,0,NA
2104022_2,2023-01-04 20:17:46.456308,CLO,2104022.jpg,2104022,2,0,NA
2104024_2,2023-01-04 20:17:45.878150,CLO,2104024.jpg,2104024,2,0,NA
2104029_2,2023-01-04 20:17:45.221898,CLO,2104029.jpg,2104029,2,0,NA
2104086_2,2023-01-04 20:17:44.596884,CLO,2104086.jpg,2104086,2,0,NA
2104092_2,2023-01-04 20:17:43.800003,CLO,2104092.jpg,2104092,2,0,NA
2104114_2,2023-01-04 20:17:43.206282,CLO,2104114.jpg,2104114,2,0,NA
2104123_2,2023-01-04 20:17:42.534396,CLO,2104123.jpg,2104123,2,0,NA
2104124_2,2023-01-04 20:17:41.878143,CLO,2104124.jpg,2104124,2,0,NA
2104155_2,2023-01-04 20:17:41.284386,CLO,2104155.jpg,2104155,2,0,NA
2104253_2,2023-01-04 20:17:40.628120,CLO,2104253.jpg,2104253,2,0,NA
2104255_2,2023-01-04 20:17:39.549988,CLO,2104255.jpg,2104255,2,0,NA
2104258_2,2023-01-04 20:17:38.940634,CLO,2104258.jpg,2104258,2,0,NA
2104260_2,2023-01-04 20:17:38.284531,CLO,2104260.jpg,2104260,2,0,NA
2104261_2,2023-01-04 20:17:37.659365,CLO,2104261.jpg,2104261,2,0,NA
2104266_2,2023-01-04 20:17:37.003134,CLO,2104266.jpg,2104266,2,0,NA
2104267_2,2023-01-04 20:17:36.346895,CLO,2104267.jpg,2104267,2,0,NA
2104286_2,2023-01-04 20:17:35.768735,CLO,2104286.jpg,2104286,2,0,NA
2104288_2,2023-01-04 20:17:34.596876,CLO,2104288.jpg,2104288,2,0,NA
2104289_2,2023-01-04 20:17:33.971863,CLO,2104289.jpg,2104289,2,0,NA
2104290_2,2023-01-04 20:17:33.300028,CLO,2104290.jpg,2104290,2,0,NA
2104292_2,2023-01-04 20:17:32.596880,CLO,2104292.jpg,2104292,2,0,NA
2104293_2,2023-01-04 20:17:31.924992,CLO,2104293.jpg,2104293,2,0,NA
2104294_2,2023-01-04 20:17:31.221848,CLO,2104294.jpg,2104294,2,0,NA
2104298_2,2023-01-04 20:17:30.596849,CLO,2104298.jpg,2104298,2,0,NA
2104300_2,2023-01-04 20:17:29.956226,CLO,2104300.jpg,2104300,2,0,NA
2104327_2,2023-01-04 20:17:29.284348,CLO,2104327.jpg,2104327,2,0,NA
2010059_2,2023-01-04 20:17:28.612633,JEW,2010059.jpg,2010059,2,0,NA
2011086_2,2023-01-04 20:17:27.924992,ACC,2011086.jpg,2011086,2,0,NA
2013348_2,2023-01-04 20:17:27.299991,JEW,2013348.jpg,2013348,2,0,NA
2013619_2,2023-01-04 20:17:26.596841,JEW,2013619.jpg,2013619,2,0,NA
2014520_2,2023-01-04 20:17:25.971933,ACC,2014520.jpg,2014520,2,0,NA
2101825_2,2023-01-04 20:17:25.362477,JEW,2101825.jpg,2101825,2,0,NA
2101832_2,2023-01-04 20:17:24.784352,JEW,2101832.jpg,2101832,2,0,NA
2102653_2,2023-01-04 20:17:24.206231,ACC,2102653.jpg,2102653,2,0,NA
2102698_2,2023-01-04 20:17:23.471831,ACC,2102698.jpg,2102698,2,0,NA
2102708_2,2023-01-04 20:17:22.799980,ACC,2102708.jpg,2102708,2,0,NA
2102963_2,2023-01-04 20:17:22.096831,JEW,2102963.jpg,2102963,2,0,NA
2113690_2,2023-01-04 20:17:21.721829,JEW,2113690.jpg,2113690,2,0,NA
2103065_2,2023-01-04 20:17:21.159326,ACC,2103065.jpg,2103065,2,0,NA
2103066_2,2023-01-04 20:17:20.503098,ACC,2103066.jpg,2103066,2,0,NA
2103080_2,2023-01-04 20:17:19.815578,ACC,2103080.jpg,2103080,2,0,NA
2104297_2,2023-01-04 20:17:19.190573,ACC,2104297.jpg,2104297,2,0,NA
2103089_2,2023-01-04 20:17:18.518715,ACC,2103089.jpg,2103089,2,0,NA
2105483_2,2023-01-04 20:17:17.799958,JEW,2105483.jpg,2105483,2,0,NA
2105580_2,2023-01-04 20:17:17.237497,CLO,2105580.jpg,2105580,2,0,NA
2105688_2,2023-01-04 20:17:16.362439,ACC,2105688.jpg,2105688,2,0,NA
2106565_2,2023-01-04 20:17:15.753142,BEAUTY,2106565.jpg,2106565,2,0,NA
2106578_2,2023-01-04 20:17:15.003100,ACC,2106578.jpg,2106578,2,0,NA
2106583_2,2023-01-04 20:17:14.440581,ACC,2106583.jpg,2106583,2,0,NA
2106584_2,2023-01-04 20:17:13.628392,ACC,2106584.jpg,2106584,2,0,NA
2106586_2,2023-01-04 20:17:12.924970,ACC,2106586.jpg,2106586,2,0,NA
2106961_2,2023-01-04 20:17:12.128136,CLO,2106961.jpg,2106961,2,0,NA
2106962_2,2023-01-04 20:17:11.424949,CLO,2106962.jpg,2106962,2,0,NA
2106963_2,2023-01-04 20:17:10.737431,CLO,2106963.jpg,2106963,2,0,NA
2106964_2,2023-01-04 20:17:09.971825,CLO,2106964.jpg,2106964,2,0,NA
2106965_2,2023-01-04 20:17:09.174927,CLO,2106965.jpg,2106965,2,0,NA
2106966_2,2023-01-04 20:17:08.440548,CLO,2106966.jpg,2106966,2,0,NA
2107245_2,2023-01-04 20:17:07.737426,ACC,2107245.jpg,2107245,2,0,NA
2107571_2,2023-01-04 20:17:07.128091,ACC,2107571.jpg,2107571,2,0,NA
2107572_2,2023-01-04 20:17:06.315541,ACC,2107572.jpg,2107572,2,0,NA
2107573_2,2023-01-04 20:17:05.346816,ACC,2107573.jpg,2107573,2,0,NA
2107816_2,2023-01-04 20:17:04.596789,BEAUTY,2107816.jpg,2107816,2,0,NA
2107817_2,2023-01-04 20:17:03.909284,BEAUTY,2107817.jpg,2107817,2,0,NA
2107818_2,2023-01-04 20:17:03.315543,BEAUTY,2107818.jpg,2107818,2,0,NA
2101138_2,2023-01-04 20:17:02.674909,SHO,2101138.jpg,2101138,2,0,NA
2105686_2,2023-01-04 20:17:02.034285,SHO,2105686.jpg,2105686,2,0,NA
2105777_2,2023-01-04 20:17:01.487409,SHO,2105777.jpg,2105777,2,0,NA
2107059_2,2023-01-04 20:17:00.862403,SHO,2107059.jpg,2107059,2,0,NA
2107238_2,2023-01-04 20:17:00.253031,SHO,2107238.jpg,2107238,2,0,NA
2107241_2,2023-01-04 20:16:59.643652,SHO,2107241.jpg,2107241,2,0,NA
2107243_2,2023-01-04 20:16:59.018755,SHO,2107243.jpg,2107243,2,0,NA
2107244_2,2023-01-04 20:16:58.424893,SHO,2107244.jpg,2107244,2,0,NA
2014132_2,2023-01-04 20:16:57.784301,ACC,2014132.jpg,2014132,2,0,NA
2100146_2,2023-01-04 20:16:56.956152,SHO,2100146.jpg,2100146,2,0,NA
2101902_2,2023-01-04 20:16:56.299901,BEAUTY,2101902.jpg,2101902,2,0,NA
2101908_2,2023-01-04 20:16:55.596765,BEAUTY,2101908.jpg,2101908,2,0,NA
2101910_2,2023-01-04 20:16:54.909290,BEAUTY,2101910.jpg,2101910,2,0,NA
2102633_2,2023-01-04 20:16:54.190518,ACC,2102633.jpg,2102633,2,0,NA
2102644_2,2023-01-04 20:16:53.409266,ACC,2102644.jpg,2102644,2,0,NA
2102674_2,2023-01-04 20:16:52.706137,ACC,2102674.jpg,2102674,2,0,NA
2102700_2,2023-01-04 20:16:52.174883,ACC,2102700.jpg,2102700,2,0,NA
2102707_2,2023-01-04 20:16:51.565514,ACC,2102707.jpg,2102707,2,0,NA
2103260_2,2023-01-04 20:16:50.690507,SHO,2103260.jpg,2103260,2,0,NA
2103262_2,2023-01-04 20:16:49.956268,SHO,2103262.jpg,2103262,2,0,NA
2106577_2,2023-01-04 20:16:48.878024,ACC,2106577.jpg,2106577,2,0,NA
2106857_2,2023-01-04 20:16:48.159252,SHO,2106857.jpg,2106857,2,0,NA
2106859_2,2023-01-04 20:16:47.565510,SHO,2106859.jpg,2106859,2,0,NA
2106861_2,2023-01-04 20:16:46.987377,SHO,2106861.jpg,2106861,2,0,NA
2106864_2,2023-01-04 20:16:46.112398,SHO,2106864.jpg,2106864,2,0,NA
2106865_2,2023-01-04 20:16:45.471749,SHO,2106865.jpg,2106865,2,0,NA
2106867_2,2023-01-04 20:16:44.893619,SHO,2106867.jpg,2106867,2,0,NA
2106870_2,2023-01-04 20:16:44.143615,SHO,2106870.jpg,2106870,2,0,NA
2106871_2,2023-01-04 20:16:43.502995,SHO,2106871.jpg,2106871,2,0,NA
2106895_2,2023-01-04 20:16:42.909261,SHO,2106895.jpg,2106895,2,0,NA
2106897_2,2023-01-04 20:16:42.190491,SHO,2106897.jpg,2106897,2,0,NA
2106898_2,2023-01-04 20:16:41.518614,SHO,2106898.jpg,2106898,2,0,NA
2013148_2,2023-01-04 20:16:40.799868,SHO,2013148.jpg,2013148,2,0,NA
2101523_2,2023-01-04 20:16:40.268616,SHO,2101523.jpg,2101523,2,0,NA
2105678_2,2023-01-04 20:16:39.659264,SHO,2105678.jpg,2105678,2,0,NA
2107251_2,2023-01-04 20:16:39.112372,SHO,2107251.jpg,2107251,2,0,NA
2107256_2,2023-01-04 20:16:38.471772,SHO,2107256.jpg,2107256,2,0,NA
2107253_2,2023-01-04 20:16:37.924890,SHO,2107253.jpg,2107253,2,0,NA
2107254_2,2023-01-04 20:16:37.362367,SHO,2107254.jpg,2107254,2,0,NA
2106899_2,2023-01-04 20:16:36.784249,SHO,2106899.jpg,2106899,2,0,NA
2107261_2,2023-01-04 20:16:36.190491,SHO,2107261.jpg,2107261,2,0,NA
2106941_2,2023-01-04 20:16:35.612359,SHO,2106941.jpg,2106941,2,0,NA
2107262_2,2023-01-04 20:16:35.065512,SHO,2107262.jpg,2107262,2,0,NA
2105549_2,2023-01-04 20:16:34.502995,SHO,2105549.jpg,2105549,2,0,NA
2107260_2,2023-01-04 20:16:33.877977,SHO,2107260.jpg,2107260,2,0,NA
2105544_2,2023-01-04 20:16:33.331099,SHO,2105544.jpg,2105544,2,0,NA
2107257_2,2023-01-04 20:16:32.784214,SHO,2107257.jpg,2107257,2,0,NA
2102484_2,2023-01-04 20:16:32.174897,ACC,2102484.jpg,2102484,2,0,NA
2105703_2,2023-01-04 20:16:31.581092,SHO,2105703.jpg,2105703,2,0,NA
2107376_2,2023-01-04 20:16:30.987336,SHO,2107376.jpg,2107376,2,0,NA
2102964_2,2023-01-04 20:16:30.409255,JEW,2102964.jpg,2102964,2,0,NA
2102367_2,2023-01-04 20:16:29.831112,ACC,2102367.jpg,2102367,2,0,NA
2102966_2,2023-01-04 20:16:28.799850,JEW,2102966.jpg,2102966,2,0,NA
2102353_2,2023-01-04 20:16:28.252957,ACC,2102353.jpg,2102353,2,0,NA
2107402_2,2023-01-04 20:16:27.690477,SHO,2107402.jpg,2107402,2,0,NA
2107403_2,2023-01-04 20:16:27.112353,SHO,2107403.jpg,2107403,2,0,NA
2107375_2,2023-01-04 20:16:26.581080,SHO,2107375.jpg,2107375,2,0,NA
2102370_2,2023-01-04 20:16:26.018584,ACC,2102370.jpg,2102370,2,0,NA
2100969_2,2023-01-04 20:16:25.346898,CLO,2100969.jpg,2100969,2,0,NA
2106548_2,2023-01-04 20:16:24.752964,BEAUTY,2106548.jpg,2106548,2,0,NA
2103841_2,2023-01-04 20:16:24.190444,JEW,2103841.jpg,2103841,2,0,NA
2106533_2,2023-01-04 20:16:23.627947,BEAUTY,2106533.jpg,2106533,2,0,NA
2104090_2,2023-01-04 20:16:23.081079,CLO,2104090.jpg,2104090,2,0,NA
2106547_2,2023-01-04 20:16:22.471724,BEAUTY,2106547.jpg,2106547,2,0,NA
2108177_2,2023-01-04 20:16:21.909197,ACC,2108177.jpg,2108177,2,0,NA
2108175_2,2023-01-04 20:16:21.331071,ACC,2108175.jpg,2108175,2,0,NA
2108159_2,2023-01-04 20:16:20.768575,ACC,2108159.jpg,2108159,2,0,NA
2108166_2,2023-01-04 20:16:20.143619,ACC,2108166.jpg,2108166,2,0,NA
2108173_2,2023-01-04 20:16:19.612319,ACC,2108173.jpg,2108173,2,0,NA
2106829_2,2023-01-04 20:16:19.002966,SHO,2106829.jpg,2106829,2,0,NA
2107404_2,2023-01-04 20:16:18.456067,SHO,2107404.jpg,2107404,2,0,NA
2108421_2,2023-01-04 20:16:17.909213,ACC,2108421.jpg,2108421,2,0,NA
2105151_2,2023-01-04 20:16:16.784186,ACC,2105151.jpg,2105151,2,0,NA
2105719_2,2023-01-04 20:16:16.252933,ACC,2105719.jpg,2105719,2,0,NA
2107289_2,2023-01-04 20:16:15.706061,CLO,2107289.jpg,2107289,2,0,NA
2105988_2,2023-01-04 20:16:15.096680,CLO,2105988.jpg,2105988,2,0,NA
2104469_2,2023-01-04 20:16:14.518558,JEW,2104469.jpg,2104469,2,0,NA
2105680_2,2023-01-04 20:16:13.924804,ACC,2105680.jpg,2105680,2,0,NA
2106501_2,2023-01-04 20:16:13.409221,BEAUTY,2106501.jpg,2106501,2,0,NA
2106521_2,2023-01-04 20:16:12.846694,BEAUTY,2106521.jpg,2106521,2,0,NA
2105723_2,2023-01-04 20:16:12.299797,ACC,2105723.jpg,2105723,2,0,NA
2106499_2,2023-01-04 20:16:11.737319,BEAUTY,2106499.jpg,2106499,2,0,NA
2106928_2,2023-01-04 20:16:11.159194,SHO,2106928.jpg,2106928,2,0,NA
2105716_2,2023-01-04 20:16:10.596723,ACC,2105716.jpg,2105716,2,0,NA
2105263_2,2023-01-04 20:16:10.018639,ACC,2105263.jpg,2105263,2,0,NA
2013391_2,2023-01-04 20:16:09.487351,JEW,2013391.jpg,2013391,2,0,NA
2106350_2,2023-01-04 20:16:08.940435,ACC,2106350.jpg,2106350,2,0,NA
2106090_2,2023-01-04 20:16:08.377930,BEAUTY,2106090.jpg,2106090,2,0,NA
2106349_2,2023-01-04 20:16:07.784187,ACC,2106349.jpg,2106349,2,0,NA
2107292_2,2023-01-04 20:16:07.002929,CLO,2107292.jpg,2107292,2,0,NA
2105683_2,2023-01-04 20:16:06.440428,ACC,2105683.jpg,2105683,2,0,NA
2102382_2,2023-01-04 20:16:05.909174,ACC,2102382.jpg,2102382,2,0,NA
2105694_2,2023-01-04 20:16:05.206204,SHO,2105694.jpg,2105694,2,0,NA
2106927_2,2023-01-04 20:16:04.612276,SHO,2106927.jpg,2106927,2,0,NA
2105682_2,2023-01-04 20:16:04.034185,ACC,2105682.jpg,2105682,2,0,NA
2107255_2,2023-01-04 20:16:03.440472,SHO,2107255.jpg,2107255,2,0,NA
2102299_2,2023-01-04 20:16:02.846664,ACC,2102299.jpg,2102299,2,0,NA
2108432_2,2023-01-04 20:16:02.174791,ACC,2108432.jpg,2108432,2,0,NA
2107252_2,2023-01-04 20:16:01.612288,SHO,2107252.jpg,2107252,2,0,NA
2106348_2,2023-01-04 20:16:01.018575,ACC,2106348.jpg,2106348,2,0,NA
2106549_2,2023-01-04 20:16:00.393555,BEAUTY,2106549.jpg,2106549,2,0,NA
2105684_2,2023-01-04 20:15:59.815516,ACC,2105684.jpg,2105684,2,0,NA
2101796_2,2023-01-04 20:15:58.893548,JEW,2101796.jpg,2101796,2,0,NA
2108423_2,2023-01-04 20:15:58.362273,ACC,2108423.jpg,2108423,2,0,NA
2107293_2,2023-01-04 20:15:57.799785,CLO,2107293.jpg,2107293,2,0,NA
2101610_2,2023-01-04 20:15:57.221671,JEW,2101610.jpg,2101610,2,0,NA
2106498_2,2023-01-04 20:15:56.581012,BEAUTY,2106498.jpg,2106498,2,0,NA
2105835_2,2023-01-04 20:15:56.002885,ACC,2105835.jpg,2105835,2,0,NA
2108420_2,2023-01-04 20:15:54.987293,ACC,2108420.jpg,2108420,2,0,NA
2105881_2,2023-01-04 20:15:53.987290,JEW,2105881.jpg,2105881,2,0,NA
2014936_2,2023-01-04 20:15:53.159135,ACC,2014936.jpg,2014936,2,0,NA
2108555_2,2023-01-04 20:15:51.409117,BEAUTY,2108555.jpg,2108555,2,0,NA
2106500_2,2023-01-04 20:15:50.206020,BEAUTY,2106500.jpg,2106500,2,0,NA
2108402_2,2023-01-04 20:15:49.268526,ACC,2108402.jpg,2108402,2,0,NA
2013981_2,2023-01-04 20:15:48.362267,BEAUTY,2013981.jpg,2013981,2,0,NA
2108113_2,2023-01-04 20:15:47.362243,ACC,2108113.jpg,2108113,2,0,NA
2108551_2,2023-01-04 20:15:46.221634,BEAUTY,2108551.jpg,2108551,2,0,NA
2106642_2,2023-01-04 20:15:44.768504,ACC,2106642.jpg,2106642,2,0,NA
2102582_2,2023-01-04 20:15:43.549746,ACC,2102582.jpg,2102582,2,0,NA
2102692_2,2023-01-04 20:15:42.049757,ACC,2102692.jpg,2102692,2,0,NA
2106518_2,2023-01-04 20:15:41.221602,BEAUTY,2106518.jpg,2106518,2,0,NA
2013301_2,2023-01-04 20:15:40.237308,JEW,2013301.jpg,2013301,2,0,NA
2108107_2,2023-01-04 20:15:39.534100,ACC,2108107.jpg,2108107,2,0,NA
2102586_2,2023-01-04 20:15:38.315506,ACC,2102586.jpg,2102586,2,0,NA
2108182_2,2023-01-04 20:15:37.268470,ACC,2108182.jpg,2108182,2,0,NA
2102649_2,2023-01-04 20:15:36.455971,ACC,2102649.jpg,2102649,2,0,NA
2101928_2,2023-01-04 20:15:35.424748,JEW,2101928.jpg,2101928,2,0,NA
2102583_2,2023-01-04 20:15:34.518462,ACC,2102583.jpg,2102583,2,0,NA
2108114_2,2023-01-04 20:15:33.252834,ACC,2108114.jpg,2108114,2,0,NA
2105145_2,2023-01-04 20:15:31.830993,ACC,2105145.jpg,2105145,2,0,NA
2103584_2,2023-01-04 20:15:30.659089,ACC,2103584.jpg,2103584,2,0,NA
2105140_2,2023-01-04 20:15:29.721588,ACC,2105140.jpg,2105140,2,0,NA
2105144_2,2023-01-04 20:15:28.612195,ACC,2105144.jpg,2105144,2,0,NA
2105720_2,2023-01-04 20:15:27.627849,ACC,2105720.jpg,2105720,2,0,NA
2108401_2,2023-01-04 20:15:26.674695,ACC,2108401.jpg,2108401,2,0,NA
2108398_2,2023-01-04 20:15:25.659096,ACC,2108398.jpg,2108398,2,0,NA
2106497_2,2023-01-04 20:15:24.409270,BEAUTY,2106497.jpg,2106497,2,0,NA
2108109_2,2023-01-04 20:15:23.174689,ACC,2108109.jpg,2108109,2,0,NA
2102695_2,2023-01-04 20:15:21.862192,ACC,2102695.jpg,2102695,2,0,NA
2102739_2,2023-01-04 20:15:21.065333,ACC,2102739.jpg,2102739,2,0,NA
2102587_2,2023-01-04 20:15:20.346576,ACC,2102587.jpg,2102587,2,0,NA
2108552_2,2023-01-04 20:15:19.315312,BEAUTY,2108552.jpg,2108552,2,0,NA
2102425_2,2023-01-04 20:15:18.174676,BEAUTY,2102425.jpg,2102425,2,0,NA
2013303_2,2023-01-04 20:15:17.080922,JEW,2013303.jpg,2013303,2,0,NA
2105148_2,2023-01-04 20:15:16.143422,ACC,2105148.jpg,2105148,2,0,NA
2103585_2,2023-01-04 20:15:14.987184,ACC,2103585.jpg,2103585,2,0,NA
2105136_2,2023-01-04 20:15:14.113039,ACC,2105136.jpg,2105136,2,0,NA
2106587_2,2023-01-04 20:15:12.987168,ACC,2106587.jpg,2106587,2,0,NA
2103460_2,2023-01-04 20:15:12.393409,ACC,2103460.jpg,2103460,2,0,NA
2102738_2,2023-01-04 20:15:11.471551,ACC,2102738.jpg,2102738,2,0,NA
2105837_2,2023-01-04 20:15:10.784041,ACC,2105837.jpg,2105837,2,0,NA
2105366_2,2023-01-04 20:15:09.815290,ACC,2105366.jpg,2105366,2,0,NA
2108553_2,2023-01-04 20:15:08.580911,BEAUTY,2108553.jpg,2108553,2,0,NA
2102689_2,2023-01-04 20:15:07.487153,ACC,2102689.jpg,2102689,2,0,NA
2106581_2,2023-01-04 20:15:06.690300,ACC,2106581.jpg,2106581,2,0,NA
2108730_2,2023-01-04 20:15:05.830903,ACC,2108730.jpg,2108730,2,0,NA
2108110_2,2023-01-04 20:15:04.705899,ACC,2108110.jpg,2108110,2,0,NA
2102585_2,2023-01-04 20:15:03.268390,ACC,2102585.jpg,2102585,2,0,NA
2102693_2,2023-01-04 20:15:02.159023,ACC,2102693.jpg,2102693,2,0,NA
2102651_2,2023-01-04 20:15:01.237134,ACC,2102651.jpg,2102651,2,0,NA
2008566_2,2023-01-04 20:14:59.690369,CLO,2008566.jpg,2008566,2,0,NA
2011401_2,2023-01-04 20:14:59.034010,CLO,2011401.jpg,2011401,2,0,NA
2012604_2,2023-01-04 20:14:58.440275,CLO,2012604.jpg,2012604,2,0,NA
2014273_2,2023-01-04 20:14:57.705912,CLO,2014273.jpg,2014273,2,0,NA
2013577_2,2023-01-04 20:14:57.080877,CLO,2013577.jpg,2013577,2,0,NA
2100483_2,2023-01-04 20:14:56.534039,CLO,2100483.jpg,2100483,2,0,NA
2100278_2,2023-01-04 20:14:55.799625,CLO,2100278.jpg,2100278,2,0,NA
2100835_2,2023-01-04 20:14:55.080877,CLO,2100835.jpg,2100835,2,0,NA
2100838_2,2023-01-04 20:14:54.487167,CLO,2100838.jpg,2100838,2,0,NA
2100909_2,2023-01-04 20:14:53.830895,CLO,2100909.jpg,2100909,2,0,NA
2101025_2,2023-01-04 20:14:53.253118,CLO,2101025.jpg,2101025,2,0,NA
2101247_2,2023-01-04 20:14:52.705947,CLO,2101247.jpg,2101247,2,0,NA
2101348_2,2023-01-04 20:14:52.002760,CLO,2101348.jpg,2101348,2,0,NA
2101349_2,2023-01-04 20:14:51.408993,CLO,2101349.jpg,2101349,2,0,NA
2101365_2,2023-01-04 20:14:50.628037,CLO,2101365.jpg,2101365,2,0,NA
2101368_2,2023-01-04 20:14:49.940268,CLO,2101368.jpg,2101368,2,0,NA
2101503_2,2023-01-04 20:14:49.346493,CLO,2101503.jpg,2101503,2,0,NA
2101540_2,2023-01-04 20:14:48.783987,CLO,2101540.jpg,2101540,2,0,NA
2101749_2,2023-01-04 20:14:48.205859,CLO,2101749.jpg,2101749,2,0,NA
2102174_2,2023-01-04 20:14:47.549637,CLO,2102174.jpg,2102174,2,0,NA
2102178_2,2023-01-04 20:14:46.940251,CLO,2102178.jpg,2102178,2,0,NA
2102180_2,2023-01-04 20:14:46.330862,CLO,2102180.jpg,2102180,2,0,NA
2102261_2,2023-01-04 20:14:45.627729,ACC,2102261.jpg,2102261,2,0,NA
2102262_2,2023-01-04 20:14:44.908976,ACC,2102262.jpg,2102262,2,0,NA
2102263_2,2023-01-04 20:14:44.315360,ACC,2102263.jpg,2102263,2,0,NA
2102321_2,2023-01-04 20:14:43.659220,ACC,2102321.jpg,2102321,2,0,NA
2102409_2,2023-01-04 20:14:42.971472,CLO,2102409.jpg,2102409,2,0,NA
2102595_2,2023-01-04 20:14:42.299679,CLO,2102595.jpg,2102595,2,0,NA
2102597_2,2023-01-04 20:14:41.674755,CLO,2102597.jpg,2102597,2,0,NA
2102719_2,2023-01-04 20:14:41.034073,CLO,2102719.jpg,2102719,2,0,NA
2102861_2,2023-01-04 20:14:40.393345,CLO,2102861.jpg,2102861,2,0,NA
2103027_2,2023-01-04 20:14:39.737099,CLO,2103027.jpg,2103027,2,0,NA
2103214_2,2023-01-04 20:14:39.174638,CLO,2103214.jpg,2103214,2,0,NA
2103215_2,2023-01-04 20:14:38.565213,CLO,2103215.jpg,2103215,2,0,NA
2103216_2,2023-01-04 20:14:37.971464,CLO,2103216.jpg,2103216,2,0,NA
2103353_2,2023-01-04 20:14:37.252712,CLO,2103353.jpg,2103353,2,0,NA
2103397_2,2023-01-04 20:14:36.690209,CLO,2103397.jpg,2103397,2,0,NA
2103570_2,2023-01-04 20:14:35.877707,CLO,2103570.jpg,2103570,2,0,NA
2103649_2,2023-01-04 20:14:35.268329,CLO,2103649.jpg,2103649,2,0,NA
2103650_2,2023-01-04 20:14:34.658951,CLO,2103650.jpg,2103650,2,0,NA
2103660_2,2023-01-04 20:14:34.049581,CLO,2103660.jpg,2103660,2,0,NA
2103674_2,2023-01-04 20:14:33.440227,CLO,2103674.jpg,2103674,2,0,NA
2103682_2,2023-01-04 20:14:32.830830,CLO,2103682.jpg,2103682,2,0,NA
2103680_2,2023-01-04 20:14:32.221448,CLO,2103680.jpg,2103680,2,0,NA
2103710_2,2023-01-04 20:14:31.518417,CLO,2103710.jpg,2103710,2,0,NA
2103712_2,2023-01-04 20:14:30.877693,CLO,2103712.jpg,2103712,2,0,NA
2103720_2,2023-01-04 20:14:30.252772,CLO,2103720.jpg,2103720,2,0,NA
2103718_2,2023-01-04 20:14:29.690202,CLO,2103718.jpg,2103718,2,0,NA
2103740_2,2023-01-04 20:14:29.080843,CLO,2103740.jpg,2103740,2,0,NA
2103752_2,2023-01-04 20:14:28.487078,CLO,2103752.jpg,2103752,2,0,NA
2103825_2,2023-01-04 20:14:27.893339,CLO,2103825.jpg,2103825,2,0,NA
2103942_2,2023-01-04 20:14:27.315186,CLO,2103942.jpg,2103942,2,0,NA
2103947_2,2023-01-04 20:14:26.612056,CLO,2103947.jpg,2103947,2,0,NA
2103950_2,2023-01-04 20:14:26.049556,CLO,2103950.jpg,2103950,2,0,NA
2103949_2,2023-01-04 20:14:25.237060,CLO,2103949.jpg,2103949,2,0,NA
2103985_2,2023-01-04 20:14:24.033926,CLO,2103985.jpg,2103985,2,0,NA
2105772_2,2023-01-04 20:14:23.455806,CLO,2105772.jpg,2105772,2,0,NA
2103986_2,2023-01-04 20:14:23.065193,CLO,2103986.jpg,2103986,2,0,NA
2103989_2,2023-01-04 20:14:22.440181,CLO,2103989.jpg,2103989,2,0,NA
2103991_2,2023-01-04 20:14:21.862094,CLO,2103991.jpg,2103991,2,0,NA
2103994_2,2023-01-04 20:14:21.158957,CLO,2103994.jpg,2103994,2,0,NA
2104133_2,2023-01-04 20:14:20.487087,CLO,2104133.jpg,2104133,2,0,NA
2104145_2,2023-01-04 20:14:19.924565,CLO,2104145.jpg,2104145,2,0,NA
2104148_2,2023-01-04 20:14:19.174566,CLO,2104148.jpg,2104148,2,0,NA
2104152_2,2023-01-04 20:14:18.565198,CLO,2104152.jpg,2104152,2,0,NA
2104165_2,2023-01-04 20:14:17.862071,CLO,2104165.jpg,2104165,2,0,NA
2104171_2,2023-01-04 20:14:17.190189,CLO,2104171.jpg,2104171,2,0,NA
2104187_2,2023-01-04 20:14:16.580785,CLO,2104187.jpg,2104187,2,0,NA
2104238_2,2023-01-04 20:14:15.877681,CLO,2104238.jpg,2104238,2,0,NA
2104285_2,2023-01-04 20:14:15.237046,CLO,2104285.jpg,2104285,2,0,NA
2104349_2,2023-01-04 20:14:14.674563,CLO,2104349.jpg,2104349,2,0,NA
2104355_2,2023-01-04 20:14:13.830806,CLO,2104355.jpg,2104355,2,0,NA
2104379_2,2023-01-04 20:14:13.206427,CLO,2104379.jpg,2104379,2,0,NA
2104380_2,2023-01-04 20:14:12.612053,CLO,2104380.jpg,2104380,2,0,NA
2104383_2,2023-01-04 20:14:12.018321,CLO,2104383.jpg,2104383,2,0,NA
2104387_2,2023-01-04 20:14:11.408921,CLO,2104387.jpg,2104387,2,0,NA
2104404_2,2023-01-04 20:14:10.768302,CLO,2104404.jpg,2104404,2,0,NA
2104435_2,2023-01-04 20:14:10.080790,CLO,2104435.jpg,2104435,2,0,NA
2104439_2,2023-01-04 20:14:09.424539,CLO,2104439.jpg,2104439,2,0,NA
2104440_2,2023-01-04 20:14:08.783927,CLO,2104440.jpg,2104440,2,0,NA
2104444_2,2023-01-04 20:14:08.174541,CLO,2104444.jpg,2104444,2,0,NA
2104491_2,2023-01-04 20:14:07.565164,CLO,2104491.jpg,2104491,2,0,NA
2104497_2,2023-01-04 20:14:06.830784,CLO,2104497.jpg,2104497,2,0,NA
2104526_2,2023-01-04 20:14:06.252683,CLO,2104526.jpg,2104526,2,0,NA
2104580_2,2023-01-04 20:14:05.627655,CLO,2104580.jpg,2104580,2,0,NA
2104545_2,2023-01-04 20:14:05.002656,CLO,2104545.jpg,2104545,2,0,NA
2104581_2,2023-01-04 20:14:04.362041,CLO,2104581.jpg,2104581,2,0,NA
2104584_2,2023-01-04 20:14:03.737034,CLO,2104584.jpg,2104584,2,0,NA
2104605_2,2023-01-04 20:14:03.127684,CLO,2104605.jpg,2104605,2,0,NA
2104613_2,2023-01-04 20:14:02.502660,CLO,2104613.jpg,2104613,2,0,NA
2104621_2,2023-01-04 20:14:01.908902,CLO,2104621.jpg,2104621,2,0,NA
2104637_2,2023-01-04 20:14:01.299523,CLO,2104637.jpg,2104637,2,0,NA
2104634_2,2023-01-04 20:14:00.690125,CLO,2104634.jpg,2104634,2,0,NA
2104676_2,2023-01-04 20:13:59.955776,CLO,2104676.jpg,2104676,2,0,NA
2104666_2,2023-01-04 20:13:59.330746,CLO,2104666.jpg,2104666,2,0,NA
2104678_2,2023-01-04 20:13:58.612016,CLO,2104678.jpg,2104678,2,0,NA
2104688_2,2023-01-04 20:13:58.018319,CLO,2104688.jpg,2104688,2,0,NA
2104685_2,2023-01-04 20:13:57.424519,CLO,2104685.jpg,2104685,2,0,NA
2104709_2,2023-01-04 20:13:56.768283,CLO,2104709.jpg,2104709,2,0,NA
2104710_2,2023-01-04 20:13:56.143277,CLO,2104710.jpg,2104710,2,0,NA
2104712_2,2023-01-04 20:13:55.549514,CLO,2104712.jpg,2104712,2,0,NA
2104714_2,2023-01-04 20:13:54.940141,CLO,2104714.jpg,2104714,2,0,NA
2104715_2,2023-01-04 20:13:54.330752,CLO,2104715.jpg,2104715,2,0,NA
2104776_2,2023-01-04 20:13:53.440111,CLO,2104776.jpg,2104776,2,0,NA
2104780_2,2023-01-04 20:13:52.815282,CLO,2104780.jpg,2104780,2,0,NA
2104782_2,2023-01-04 20:13:52.174663,CLO,2104782.jpg,2104782,2,0,NA
2104810_2,2023-01-04 20:13:51.565092,CLO,2104810.jpg,2104810,2,0,NA
2104844_2,2023-01-04 20:13:50.940202,CLO,2104844.jpg,2104844,2,0,NA
2104939_2,2023-01-04 20:13:50.299446,CLO,2104939.jpg,2104939,2,0,NA
2104940_2,2023-01-04 20:13:49.580682,CLO,2104940.jpg,2104940,2,0,NA
2104969_2,2023-01-04 20:13:49.033794,CLO,2104969.jpg,2104969,2,0,NA
2104978_2,2023-01-04 20:13:48.455662,CLO,2104978.jpg,2104978,2,0,NA
2104988_2,2023-01-04 20:13:47.815027,CLO,2104988.jpg,2104988,2,0,NA
2104985_2,2023-01-04 20:13:47.221277,CLO,2104985.jpg,2104985,2,0,NA
2104991_2,2023-01-04 20:13:46.627506,CLO,2104991.jpg,2104991,2,0,NA
2105003_2,2023-01-04 20:13:45.799370,CLO,2105003.jpg,2105003,2,0,NA
2105005_2,2023-01-04 20:13:45.033736,CLO,2105005.jpg,2105005,2,0,NA
2105006_2,2023-01-04 20:13:44.393096,CLO,2105006.jpg,2105006,2,0,NA
2105008_2,2023-01-04 20:13:43.783712,CLO,2105008.jpg,2105008,2,0,NA
2105010_2,2023-01-04 20:13:43.127460,CLO,2105010.jpg,2105010,2,0,NA
2105012_2,2023-01-04 20:13:42.518073,CLO,2105012.jpg,2105012,2,0,NA
2105187_2,2023-01-04 20:13:41.830570,CLO,2105187.jpg,2105187,2,0,NA
2105191_2,2023-01-04 20:13:41.268062,CLO,2105191.jpg,2105191,2,0,NA
2105192_2,2023-01-04 20:13:40.627402,CLO,2105192.jpg,2105192,2,0,NA
2105194_2,2023-01-04 20:13:39.846153,CLO,2105194.jpg,2105194,2,0,NA
2105195_2,2023-01-04 20:13:39.205503,CLO,2105195.jpg,2105195,2,0,NA
2105198_2,2023-01-04 20:13:38.580518,CLO,2105198.jpg,2105198,2,0,NA
2105201_2,2023-01-04 20:13:37.799248,CLO,2105201.jpg,2105201,2,0,NA
2105206_2,2023-01-04 20:13:37.002366,CLO,2105206.jpg,2105206,2,0,NA
2107053_2,2023-01-04 20:13:36.267977,SHO,2107053.jpg,2107053,2,0,NA
2104360_2,2023-01-04 20:13:35.689826,SHO,2104360.jpg,2104360,2,0,NA
2104357_2,2023-01-04 20:13:35.158590,SHO,2104357.jpg,2104357,2,0,NA
2104358_2,2023-01-04 20:13:34.564824,SHO,2104358.jpg,2104358,2,0,NA
2106800_2,2023-01-04 20:13:33.908567,SHO,2106800.jpg,2106800,2,0,NA
2105679_2,2023-01-04 20:13:33.267936,SHO,2105679.jpg,2105679,2,0,NA
2103107_2,2023-01-04 20:13:32.705426,SHO,2103107.jpg,2103107,2,0,NA
2104359_2,2023-01-04 20:13:32.158533,SHO,2104359.jpg,2104359,2,0,NA
2104365_2,2023-01-04 20:13:31.611651,SHO,2104365.jpg,2104365,2,0,NA
1905908_1,2023-01-04 20:13:31.033530,SHO,1905908.jpg,1905908,1,0,NA
2011566_2,2023-01-04 20:13:30.502270,SHO,2011566.jpg,2011566,2,0,NA
2106757_2,2023-01-04 20:13:29.924142,SHO,2106757.jpg,2106757,2,0,NA
2104343_2,2023-01-04 20:13:29.361623,SHO,2104343.jpg,2104343,2,0,NA
2101028_2,2023-01-04 20:13:28.752237,SHO,2101028.jpg,2101028,2,0,NA
2102793_2,2023-01-04 20:13:28.189959,JEW,2102793.jpg,2102793,2,0,NA
2102260_2,2023-01-04 20:13:27.658471,JEW,2102260.jpg,2102260,2,0,NA
2014413_2,2023-01-04 20:13:27.111726,ACC,2014413.jpg,2014413,2,0,NA
2108729_2,2023-01-04 20:13:26.533450,ACC,2108729.jpg,2108729,2,0,NA
2108937_2,2023-01-04 20:13:25.955327,ACC,2108937.jpg,2108937,2,0,NA
2106537_2,2023-01-04 20:13:25.409066,BEAUTY,2106537.jpg,2106537,2,0,NA
2107320_2,2023-01-04 20:13:24.861562,ACC,2107320.jpg,2107320,2,0,NA
2101719_2,2023-01-04 20:13:24.345925,JEW,2101719.jpg,2101719,2,0,NA
2107786_2,2023-01-04 20:13:23.736534,CLO,2107786.jpg,2107786,2,0,NA
2014466_2,2023-01-04 20:13:23.189658,JEW,2014466.jpg,2014466,2,0,NA
2108387_2,2023-01-04 20:13:22.799023,ACC,2108387.jpg,2108387,2,0,NA
2100518_2,2023-01-04 20:13:22.252142,JEW,2100518.jpg,2100518,2,0,NA
2107568_2,2023-01-04 20:13:21.642762,ACC,2107568.jpg,2107568,2,0,NA
2108936_2,2023-01-04 20:13:20.986497,ACC,2108936.jpg,2108936,2,0,NA
2108385_2,2023-01-04 20:13:20.423986,ACC,2108385.jpg,2108385,2,0,NA
2105480_2,2023-01-04 20:13:19.892729,JEW,2105480.jpg,2105480,2,0,NA
2109890_2,2023-01-04 20:13:19.502105,JEW,2109890.jpg,2109890,2,0,NA
2105989_2,2023-01-04 20:13:18.939591,CLO,2105989.jpg,2105989,2,0,NA
2107319_2,2023-01-04 20:13:18.314568,ACC,2107319.jpg,2107319,2,0,NA
2107242_2,2023-01-04 20:13:17.783319,ACC,2107242.jpg,2107242,2,0,NA
2107472_2,2023-01-04 20:13:17.236435,ACC,2107472.jpg,2107472,2,0,NA
2107787_2,2023-01-04 20:13:16.705193,CLO,2107787.jpg,2107787,2,0,NA
2108405_2,2023-01-04 20:13:16.127070,ACC,2108405.jpg,2108405,2,0,NA
2102169_2,2023-01-04 20:13:15.611392,JEW,2102169.jpg,2102169,2,0,NA
2108353_2,2023-01-04 20:13:15.002035,BEAUTY,2108353.jpg,2108353,2,0,NA
2105845_2,2023-01-04 20:13:14.423903,ACC,2105845.jpg,2105845,2,0,NA
2108389_2,2023-01-04 20:13:13.861370,ACC,2108389.jpg,2108389,2,0,NA
2107317_2,2023-01-04 20:13:13.111376,ACC,2107317.jpg,2107317,2,0,NA
2104006_2,2023-01-04 20:13:12.517652,ACC,2104006.jpg,2104006,2,0,NA
2105172_2,2023-01-04 20:13:11.845738,ACC,2105172.jpg,2105172,2,0,NA
2105173_2,2023-01-04 20:13:11.298830,ACC,2105173.jpg,2105173,2,0,NA
2105895_2,2023-01-04 20:13:10.751964,ACC,2105895.jpg,2105895,2,0,NA
2101556_2,2023-01-04 20:13:10.158206,JEW,2101556.jpg,2101556,2,0,NA
2103887_2,2023-01-04 20:13:09.580136,JEW,2103887.jpg,2103887,2,0,NA
2107473_2,2023-01-04 20:13:09.018096,ACC,2107473.jpg,2107473,2,0,NA
2105884_2,2023-01-04 20:13:08.455054,ACC,2105884.jpg,2105884,2,0,NA
2104008_2,2023-01-04 20:13:07.799146,ACC,2104008.jpg,2104008,2,0,NA
2108397_2,2023-01-04 20:13:07.001908,ACC,2108397.jpg,2108397,2,0,NA
2102430_2,2023-01-04 20:13:06.361271,BEAUTY,2102430.jpg,2102430,2,0,NA
2107569_2,2023-01-04 20:13:05.814390,ACC,2107569.jpg,2107569,2,0,NA
2108391_2,2023-01-04 20:13:05.220642,ACC,2108391.jpg,2108391,2,0,NA
2108406_2,2023-01-04 20:13:04.611244,ACC,2108406.jpg,2108406,2,0,NA
2108390_2,2023-01-04 20:13:04.064361,ACC,2108390.jpg,2108390,2,0,NA
2107316_2,2023-01-04 20:13:03.424025,ACC,2107316.jpg,2107316,2,0,NA
2108412_2,2023-01-04 20:13:02.876850,ACC,2108412.jpg,2108412,2,0,NA
2108404_2,2023-01-04 20:13:02.298712,ACC,2108404.jpg,2108404,2,0,NA
2105839_2,2023-01-04 20:13:01.720574,ACC,2105839.jpg,2105839,2,0,NA
2108388_2,2023-01-04 20:13:01.126826,ACC,2108388.jpg,2108388,2,0,NA
2107234_2,2023-01-04 20:13:00.517435,ACC,2107234.jpg,2107234,2,0,NA
2014098_2,2023-01-04 20:12:59.923676,JEW,2014098.jpg,2014098,2,0,NA
2014937_2,2023-01-04 20:12:59.345549,ACC,2014937.jpg,2014937,2,0,NA
2014100_2,2023-01-04 20:12:58.736156,JEW,2014100.jpg,2014100,2,0,NA
2107230_2,2023-01-04 20:12:58.189275,ACC,2107230.jpg,2107230,2,0,NA
2108386_2,2023-01-04 20:12:57.486140,ACC,2108386.jpg,2108386,2,0,NA
2107605_2,2023-01-04 20:12:56.954878,CLO,2107605.jpg,2107605,2,0,NA
2105171_2,2023-01-04 20:12:56.345515,ACC,2105171.jpg,2105171,2,0,NA
2105158_2,2023-01-04 20:12:55.736113,ACC,2105158.jpg,2105158,2,0,NA
2105887_2,2023-01-04 20:12:55.189275,ACC,2105887.jpg,2105887,2,0,NA
2013612_2,2023-01-04 20:12:54.626727,JEW,2013612.jpg,2013612,2,0,NA
2102344_2,2023-01-04 20:12:54.001711,ACC,2102344.jpg,2102344,2,0,NA
2014554_2,2023-01-04 20:12:53.423585,ACC,2014554.jpg,2014554,2,0,NA
2102310_2,2023-01-04 20:12:52.579813,ACC,2102310.jpg,2102310,2,0,NA
2102339_2,2023-01-04 20:12:51.783054,ACC,2102339.jpg,2102339,2,0,NA
2102397_2,2023-01-04 20:12:51.017286,ACC,2102397.jpg,2102397,2,0,NA
2102402_2,2023-01-04 20:12:50.298531,ACC,2102402.jpg,2102402,2,0,NA
2105892_2,2023-01-04 20:12:49.611012,ACC,2105892.jpg,2105892,2,0,NA
2107161_2,2023-01-04 20:12:48.954759,BEAUTY,2107161.jpg,2107161,2,0,NA
2107576_2,2023-01-04 20:12:48.314122,CLO,2107576.jpg,2107576,2,0,NA
2109461_2,2023-01-04 20:12:47.829742,CLO,2109461.jpg,2109461,2,0,NA
2013799_2,2023-01-04 20:12:47.017241,SHO,2013799.jpg,2013799,2,0,NA
2104557_2,2023-01-04 20:12:46.392222,SHO,2104557.jpg,2104557,2,0,NA
2104558_2,2023-01-04 20:12:45.735978,SHO,2104558.jpg,2104558,2,0,NA
2104559_2,2023-01-04 20:12:45.111518,SHO,2104559.jpg,2104559,2,0,NA
2104560_2,2023-01-04 20:12:44.454698,SHO,2104560.jpg,2104560,2,0,NA
2104561_2,2023-01-04 20:12:43.673430,SHO,2104561.jpg,2104561,2,0,NA
2104563_2,2023-01-04 20:12:43.032797,SHO,2104563.jpg,2104563,2,0,NA
2104564_2,2023-01-04 20:12:42.345487,SHO,2104564.jpg,2104564,2,0,NA
2104565_2,2023-01-04 20:12:41.657799,SHO,2104565.jpg,2104565,2,0,NA
2104566_2,2023-01-04 20:12:41.032764,SHO,2104566.jpg,2104566,2,0,NA
2106840_2,2023-01-04 20:12:40.438986,SHO,2106840.jpg,2106840,2,0,NA
2106842_2,2023-01-04 20:12:39.673372,SHO,2106842.jpg,2106842,2,0,NA
2106843_2,2023-01-04 20:12:38.876484,SHO,2106843.jpg,2106843,2,0,NA
2106844_2,2023-01-04 20:12:38.235959,SHO,2106844.jpg,2106844,2,0,NA
2106846_2,2023-01-04 20:12:37.438972,SHO,2106846.jpg,2106846,2,0,NA
2108571_2,2023-01-04 20:12:36.642051,SHO,2108571.jpg,2108571,2,0,NA
2002356_2,2023-01-04 20:12:35.954568,JEW,2002356.jpg,2002356,2,0,NA
2002556_2,2023-01-04 20:12:35.267055,CLO,2002556.jpg,2002556,2,0,NA
2107801_2,2023-01-04 20:12:34.563911,CLO,2107801.jpg,2107801,2,0,NA
2107802_2,2023-01-04 20:12:33.767035,CLO,2107802.jpg,2107802,2,0,NA
2107803_2,2023-01-04 20:12:32.876392,CLO,2107803.jpg,2107803,2,0,NA
2014542_2,2023-01-04 20:12:32.126391,ACC,2014542.jpg,2014542,2,0,NA
2014549_2,2023-01-04 20:12:31.360745,ACC,2014549.jpg,2014549,2,0,NA
2101724_2,2023-01-04 20:12:30.610731,CLO,2101724.jpg,2101724,2,0,NA
2102422_2,2023-01-04 20:12:29.813839,BEAUTY,2102422.jpg,2102422,2,0,NA
2102584_2,2023-01-04 20:12:29.220098,ACC,2102584.jpg,2102584,2,0,NA
2103333_2,2023-01-04 20:12:28.298195,JEW,2103333.jpg,2103333,2,0,NA
2104369_2,2023-01-04 20:12:27.548187,SHO,2104369.jpg,2104369,2,0,NA
2104370_2,2023-01-04 20:12:26.876310,SHO,2104370.jpg,2104370,2,0,NA
2104371_2,2023-01-04 20:12:26.063795,SHO,2104371.jpg,2104371,2,0,NA
2104373_2,2023-01-04 20:12:25.345031,SHO,2104373.jpg,2104373,2,0,NA
2105023_2,2023-01-04 20:12:24.563771,SHO,2105023.jpg,2105023,2,0,NA
2105024_2,2023-01-04 20:12:23.907511,SHO,2105024.jpg,2105024,2,0,NA
2105025_2,2023-01-04 20:12:23.251255,SHO,2105025.jpg,2105025,2,0,NA
2105353_2,2023-01-04 20:12:22.501237,ACC,2105353.jpg,2105353,2,0,NA
2105361_2,2023-01-04 20:12:21.891877,ACC,2105361.jpg,2105361,2,0,NA
2105728_2,2023-01-04 20:12:21.188713,ACC,2105728.jpg,2105728,2,0,NA
2105778_2,2023-01-04 20:12:20.282455,SHO,2105778.jpg,2105778,2,0,NA
2105780_2,2023-01-04 20:12:19.657501,SHO,2105780.jpg,2105780,2,0,NA
2107228_2,2023-01-04 20:12:18.985575,SHO,2107228.jpg,2107228,2,0,NA
2107258_2,2023-01-04 20:12:18.329421,SHO,2107258.jpg,2107258,2,0,NA
2107321_2,2023-01-04 20:12:17.344908,ACC,2107321.jpg,2107321,2,0,NA
2107688_2,2023-01-04 20:12:16.688651,BEAUTY,2107688.jpg,2107688,2,0,NA
2107692_2,2023-01-04 20:11:01.812512,BEAUTY,2107692.jpg,2107692,2,0,NA
1317122_1,2023-01-04 20:09:16.592178,BEAUTY,1317122.jpg,1317122,1,0,NA
2107694_2,2023-01-04 20:09:16.170272,BEAUTY,2107694.jpg,2107694,2,0,NA
2108539_2,2023-01-04 20:09:15.764041,BEAUTY,2108539.jpg,2108539,2,0,NA
1707404_1,2023-01-04 20:09:15.373384,BEAUTY,1707404.jpg,1707404,1,0,NA
2108540_2,2023-01-04 20:09:14.982775,BEAUTY,2108540.jpg,2108540,2,0,NA
2108541_2,2023-01-04 20:09:14.592266,BEAUTY,2108541.jpg,2108541,2,0,NA
2107697_2,2023-01-04 20:09:13.982818,BEAUTY,2107697.jpg,2107697,2,0,NA
2107743_2,2023-01-04 20:09:13.373373,BEAUTY,2107743.jpg,2107743,2,0,NA
2107859_2,2023-01-04 20:09:12.763968,CLO,2107859.jpg,2107859,2,0,NA
2107858_2,2023-01-04 20:09:11.982725,CLO,2107858.jpg,2107858,2,0,NA
2107861_2,2023-01-04 20:09:11.232721,CLO,2107861.jpg,2107861,2,0,NA
2107862_2,2023-01-04 20:09:10.295183,CLO,2107862.jpg,2107862,2,0,NA
2107863_2,2023-01-04 20:09:09.654553,CLO,2107863.jpg,2107863,2,0,NA
2107864_2,2023-01-04 20:09:08.779533,CLO,2107864.jpg,2107864,2,0,NA
2107865_2,2023-01-04 20:09:08.154527,CLO,2107865.jpg,2107865,2,0,NA
2107866_2,2023-01-04 20:09:07.373264,CLO,2107866.jpg,2107866,2,0,NA
2107867_2,2023-01-04 20:09:06.498273,CLO,2107867.jpg,2107867,2,0,NA
2107868_2,2023-01-04 20:09:05.466985,CLO,2107868.jpg,2107868,2,0,NA
2108425_2,2023-01-04 20:09:04.873218,ACC,2108425.jpg,2108425,2,0,NA
2108427_2,2023-01-04 20:09:04.232589,ACC,2108427.jpg,2108427,2,0,NA
2108606_2,2023-01-04 20:09:03.638835,SHO,2108606.jpg,2108606,2,0,NA
2108834_2,2023-01-04 20:09:02.998196,ACC,2108834.jpg,2108834,2,0,NA
2106699_2,2023-01-04 20:09:02.295060,ACC,2106699.jpg,2106699,2,0,NA
2106599_2,2023-01-04 20:09:01.623211,ACC,2106599.jpg,2106599,2,0,NA
2101693_2,2023-01-04 20:09:01.060670,JEW,2101693.jpg,2101693,2,0,NA
2102841_2,2023-01-04 20:09:00.466918,JEW,2102841.jpg,2102841,2,0,NA
2107080_2,2023-01-04 20:09:00.076296,JEW,2107080.jpg,2107080,2,0,NA
2102599_2,2023-01-04 20:08:59.498146,ACC,2102599.jpg,2102599,2,0,NA
2108117_2,2023-01-04 20:08:58.654391,ACC,2108117.jpg,2108117,2,0,NA
2102776_2,2023-01-04 20:08:58.029402,ACC,2102776.jpg,2102776,2,0,NA
2107807_2,2023-01-04 20:08:57.404361,CLO,2107807.jpg,2107807,2,0,NA
2105825_2,2023-01-04 20:08:56.810602,ACC,2105825.jpg,2105825,2,0,NA
2107804_2,2023-01-04 20:08:56.154342,CLO,2107804.jpg,2107804,2,0,NA
2105636_2,2023-01-04 20:08:55.560585,ACC,2105636.jpg,2105636,2,0,NA
2012746_2,2023-01-04 20:08:54.873099,JEW,2012746.jpg,2012746,2,0,NA
2105787_2,2023-01-04 20:08:54.326175,ACC,2105787.jpg,2105787,2,0,NA
2102775_2,2023-01-04 20:08:53.513630,ACC,2102775.jpg,2102775,2,0,NA
2105699_2,2023-01-04 20:08:52.935510,ACC,2105699.jpg,2105699,2,0,NA
2108942_2,2023-01-04 20:08:52.294825,ACC,2108942.jpg,2108942,2,0,NA
2109053_2,2023-01-04 20:08:51.716682,ACC,2109053.jpg,2109053,2,0,NA
2106417_2,2023-01-04 20:08:51.091648,ACC,2106417.jpg,2106417,2,0,NA
2102878_2,2023-01-04 20:08:50.482264,JEW,2102878.jpg,2102878,2,0,NA
2102860_2,2023-01-04 20:08:49.919728,JEW,2102860.jpg,2102860,2,0,NA
2105793_2,2023-01-04 20:08:49.372811,ACC,2105793.jpg,2105793,2,0,NA
2107806_2,2023-01-04 20:08:48.763417,CLO,2107806.jpg,2107806,2,0,NA
2102040_2,2023-01-04 20:08:48.091513,JEW,2102040.jpg,2102040,2,0,NA
2106232_2,2023-01-04 20:08:47.497727,ACC,2106232.jpg,2106232,2,0,NA
2105360_2,2023-01-04 20:08:46.903964,ACC,2105360.jpg,2105360,2,0,NA
2102027_2,2023-01-04 20:08:46.294543,JEW,2102027.jpg,2102027,2,0,NA
2105706_2,2023-01-04 20:08:45.732014,ACC,2105706.jpg,2105706,2,0,NA
2106224_2,2023-01-04 20:08:45.107810,ACC,2106224.jpg,2106224,2,0,NA
2106602_2,2023-01-04 20:08:44.247695,ACC,2106602.jpg,2106602,2,0,NA
2105791_2,2023-01-04 20:08:43.685042,ACC,2105791.jpg,2105791,2,0,NA
2106601_2,2023-01-04 20:08:42.935022,ACC,2106601.jpg,2106601,2,0,NA
2102050_2,2023-01-04 20:08:42.356857,JEW,2102050.jpg,2102050,2,0,NA
2108941_2,2023-01-04 20:08:41.716200,ACC,2108941.jpg,2108941,2,0,NA
2105356_2,2023-01-04 20:08:41.059927,ACC,2105356.jpg,2105356,2,0,NA
2101554_2,2023-01-04 20:08:40.497400,JEW,2101554.jpg,2101554,2,0,NA
2102826_2,2023-01-04 20:08:39.841133,JEW,2102826.jpg,2102826,2,0,NA
2105742_2,2023-01-04 20:08:39.278585,ACC,2105742.jpg,2105742,2,0,NA
2105637_2,2023-01-04 20:08:38.684826,ACC,2105637.jpg,2105637,2,0,NA
2102031_2,2023-01-04 20:08:38.106653,JEW,2102031.jpg,2102031,2,0,NA
2102347_2,2023-01-04 20:08:37.481643,ACC,2102347.jpg,2102347,2,0,NA
2101788_2,2023-01-04 20:08:36.840983,JEW,2101788.jpg,2101788,2,0,NA
2107953_2,2023-01-04 20:08:36.262831,ACC,2107953.jpg,2107953,2,0,NA
2108943_2,2023-01-04 20:08:35.325270,ACC,2108943.jpg,2108943,2,0,NA
2106285_2,2023-01-04 20:08:34.309606,ACC,2106285.jpg,2106285,2,0,NA
2109060_2,2023-01-04 20:08:33.450195,ACC,2109060.jpg,2109060,2,0,NA
2106227_2,2023-01-04 20:08:32.840777,ACC,2106227.jpg,2106227,2,0,NA
2108115_2,2023-01-04 20:08:32.278255,ACC,2108115.jpg,2108115,2,0,NA
2106700_2,2023-01-04 20:08:31.606372,ACC,2106700.jpg,2106700,2,0,NA
2102600_2,2023-01-04 20:08:30.996941,ACC,2102600.jpg,2102600,2,0,NA
2105735_2,2023-01-04 20:08:30.356283,ACC,2105735.jpg,2105735,2,0,NA
2101901_2,2023-01-04 20:08:29.746883,BEAUTY,2101901.jpg,2101901,2,0,NA
2101822_2,2023-01-04 20:08:29.137479,JEW,2101822.jpg,2101822,2,0,NA
2106425_2,2023-01-04 20:08:28.496821,ACC,2106425.jpg,2106425,2,0,NA
2109061_2,2023-01-04 20:08:27.856206,ACC,2109061.jpg,2109061,2,0,NA
2105710_2,2023-01-04 20:08:27.246781,ACC,2105710.jpg,2105710,2,0,NA
2108575_2,2023-01-04 20:08:26.637386,SHO,2108575.jpg,2108575,2,0,NA
2102576_2,2023-01-04 20:08:26.059208,JEW,2102576.jpg,2102576,2,0,NA
2102068_2,2023-01-04 20:08:25.434176,JEW,2102068.jpg,2102068,2,0,NA
2101904_2,2023-01-04 20:08:24.793545,JEW,2101904.jpg,2101904,2,0,NA
2106229_2,2023-01-04 20:08:24.152887,ACC,2106229.jpg,2106229,2,0,NA
1810496_1,2023-01-04 20:08:23.559090,JEW,1810496.jpg,1810496,1,0,NA
2107703_2,2023-01-04 20:08:22.934196,ACC,2107703.jpg,2107703,2,0,NA
2013510_2,2023-01-04 20:08:22.309046,JEW,2013510.jpg,2013510,2,0,NA
2109055_2,2023-01-04 20:08:21.684024,ACC,2109055.jpg,2109055,2,0,NA
2105639_2,2023-01-04 20:08:21.027716,ACC,2105639.jpg,2105639,2,0,NA
2105638_2,2023-01-04 20:08:20.371433,ACC,2105638.jpg,2105638,2,0,NA
2105820_2,2023-01-04 20:08:19.730808,ACC,2105820.jpg,2105820,2,0,NA
2101701_2,2023-01-04 20:08:19.121437,JEW,2101701.jpg,2101701,2,0,NA
2101797_2,2023-01-04 20:08:18.496349,JEW,2101797.jpg,2101797,2,0,NA
2102720_2,2023-01-04 20:08:17.918216,ACC,2102720.jpg,2102720,2,0,NA
2105796_2,2023-01-04 20:08:17.199424,ACC,2105796.jpg,2105796,2,0,NA
2106148_2,2023-01-04 20:08:16.543132,ACC,2106148.jpg,2106148,2,0,NA
2107382_2,2023-01-04 20:08:15.949363,SHO,2107382.jpg,2107382,2,0,NA
2105868_2,2023-01-04 20:08:15.355576,ACC,2105868.jpg,2105868,2,0,NA
2109051_2,2023-01-04 20:08:14.699295,ACC,2109051.jpg,2109051,2,0,NA
2106891_2,2023-01-04 20:08:14.011776,SHO,2106891.jpg,2106891,2,0,NA
2105065_2,2023-01-04 20:08:13.402354,ACC,2105065.jpg,2105065,2,0,NA
2108509_2,2023-01-04 20:08:12.808581,JEW,2108509.jpg,2108509,2,0,NA
2108516_2,2023-01-04 20:08:12.183555,JEW,2108516.jpg,2108516,2,0,NA
2106465_2,2023-01-04 20:08:11.636649,BEAUTY,2106465.jpg,2106465,2,0,NA
2105779_2,2023-01-04 20:08:10.917866,ACC,2105779.jpg,2105779,2,0,NA
2108567_2,2023-01-04 20:08:10.339719,SHO,2108567.jpg,2108567,2,0,NA
2106791_2,2023-01-04 20:08:09.761569,SHO,2106791.jpg,2106791,2,0,NA
2105709_2,2023-01-04 20:08:09.167787,ACC,2105709.jpg,2105709,2,0,NA
2105339_2,2023-01-04 20:08:08.542766,ACC,2105339.jpg,2105339,2,0,NA
2104378_2,2023-01-04 20:08:07.902130,SHO,2104378.jpg,2104378,2,0,NA
2014127_2,2023-01-04 20:08:07.167693,ACC,2014127.jpg,2014127,2,0,NA
2013863_2,2023-01-04 20:08:06.573932,SHO,2013863.jpg,2013863,2,0,NA
2102750_2,2023-01-04 20:08:05.964505,ACC,2102750.jpg,2102750,2,0,NA
2104376_2,2023-01-04 20:08:05.401978,SHO,2104376.jpg,2104376,2,0,NA
2108513_2,2023-01-04 20:08:04.792572,JEW,2108513.jpg,2108513,2,0,NA
2108607_2,2023-01-04 20:08:04.198821,SHO,2108607.jpg,2108607,2,0,NA
2107563_2,2023-01-04 20:08:03.558141,ACC,2107563.jpg,2107563,2,0,NA
2107565_2,2023-01-04 20:08:02.980014,ACC,2107565.jpg,2107565,2,0,NA
2102121_2,2023-01-04 20:08:02.323726,JEW,2102121.jpg,2102121,2,0,NA
2109050_2,2023-01-04 20:08:01.276807,ACC,2109050.jpg,2109050,2,0,NA
2107564_2,2023-01-04 20:08:00.573624,ACC,2107564.jpg,2107564,2,0,NA
2102594_2,2023-01-04 20:07:59.932987,ACC,2102594.jpg,2102594,2,0,NA
2107434_2,2023-01-04 20:07:59.261098,JEW,2107434.jpg,2107434,2,0,NA
2102820_2,2023-01-04 20:07:58.636065,ACC,2102820.jpg,2102820,2,0,NA
2102015_2,2023-01-04 20:07:58.011029,JEW,2102015.jpg,2102015,2,0,NA
2109045_2,2023-01-04 20:07:57.464108,ACC,2109045.jpg,2109045,2,0,NA
2107424_2,2023-01-04 20:07:56.839092,JEW,2107424.jpg,2107424,2,0,NA
2108742_2,2023-01-04 20:07:56.182798,BEAUTY,2108742.jpg,2108742,2,0,NA
2102135_2,2023-01-04 20:07:55.557764,JEW,2102135.jpg,2102135,2,0,NA
2107809_2,2023-01-04 20:07:54.495240,CLO,2107809.jpg,2107809,2,0,NA
2006728_2,2023-01-04 20:07:53.792056,ACC,2006728.jpg,2006728,2,0,NA
2105163_2,2023-01-04 20:07:53.198277,ACC,2105163.jpg,2105163,2,0,NA
2106714_2,2023-01-04 20:07:52.573252,SHO,2106714.jpg,2106714,2,0,NA
2109049_2,2023-01-04 20:07:51.885718,ACC,2109049.jpg,2109049,2,0,NA
2107566_2,2023-01-04 20:07:51.213832,ACC,2107566.jpg,2107566,2,0,NA
2105162_2,2023-01-04 20:07:50.510648,ACC,2105162.jpg,2105162,2,0,NA
2105167_2,2023-01-04 20:07:49.885620,ACC,2105167.jpg,2105167,2,0,NA
2107810_2,2023-01-04 20:07:49.323094,CLO,2107810.jpg,2107810,2,0,NA
2102313_2,2023-01-04 20:07:48.651226,ACC,2102313.jpg,2102313,2,0,NA
2104375_2,2023-01-04 20:07:48.088680,SHO,2104375.jpg,2104375,2,0,NA
2104377_2,2023-01-04 20:07:47.401148,SHO,2104377.jpg,2104377,2,0,NA
2103521_2,2023-01-04 20:07:46.776113,JEW,2103521.jpg,2103521,2,0,NA
2105152_2,2023-01-04 20:07:46.104214,ACC,2105152.jpg,2105152,2,0,NA
2105878_2,2023-01-04 20:07:45.510417,ACC,2105878.jpg,2105878,2,0,NA
2105166_2,2023-01-04 20:07:44.807277,ACC,2105166.jpg,2105166,2,0,NA
2106904_2,2023-01-04 20:07:44.197882,SHO,2106904.jpg,2106904,2,0,NA
2106715_2,2023-01-04 20:07:43.604098,SHO,2106715.jpg,2106715,2,0,NA
2102311_2,2023-01-04 20:07:43.010297,ACC,2102311.jpg,2102311,2,0,NA
2102390_2,2023-01-04 20:07:42.416511,BEAUTY,2102390.jpg,2102390,2,0,NA
1604255_1,2023-01-04 20:07:41.822769,SHO,1604255.jpg,1604255,1,0,NA
2105164_2,2023-01-04 20:07:41.182081,ACC,2105164.jpg,2105164,2,0,NA
2105160_2,2023-01-04 20:07:40.635197,ACC,2105160.jpg,2105160,2,0,NA
2106508_2,2023-01-04 20:07:39.978908,BEAUTY,2106508.jpg,2106508,2,0,NA
2107147_2,2023-01-04 20:07:39.432022,JEW,2107147.jpg,2107147,2,0,NA
2109048_2,2023-01-04 20:07:38.822637,ACC,2109048.jpg,2109048,2,0,NA
2106713_2,2023-01-04 20:07:38.135110,SHO,2106713.jpg,2106713,2,0,NA
2106892_2,2023-01-04 20:07:37.431911,SHO,2106892.jpg,2106892,2,0,NA
2014063_2,2023-01-04 20:07:36.838140,SHO,2014063.jpg,2014063,2,0,NA
2106511_2,2023-01-04 20:07:36.197494,BEAUTY,2106511.jpg,2106511,2,0,NA
2107247_2,2023-01-04 20:07:35.603714,ACC,2107247.jpg,2107247,2,0,NA
2105726_2,2023-01-04 20:07:35.009911,ACC,2105726.jpg,2105726,2,0,NA
2106940_2,2023-01-04 20:07:34.212998,SHO,2106940.jpg,2106940,2,0,NA
2107607_2,2023-01-04 20:07:33.541113,BEAUTY,2107607.jpg,2107607,2,0,NA
2108603_2,2023-01-04 20:07:32.978598,SHO,2108603.jpg,2108603,2,0,NA
2109506_2,2023-01-04 20:07:32.384790,SHO,2109506.jpg,2109506,2,0,NA
2104928_2,2023-01-04 20:07:31.791035,JEW,2104928.jpg,2104928,2,0,NA
2101821_2,2023-01-04 20:07:31.134744,JEW,2101821.jpg,2101821,2,0,NA
2106259_2,2023-01-04 20:07:30.494075,ACC,2106259.jpg,2106259,2,0,NA
2109047_2,2023-01-04 20:07:29.728586,ACC,2109047.jpg,2109047,2,0,NA
2109496_2,2023-01-04 20:07:29.134674,SHO,2109496.jpg,2109496,2,0,NA
2109253_2,2023-01-04 20:07:28.400235,SHO,2109253.jpg,2109253,2,0,NA
2109246_2,2023-01-04 20:07:27.853348,SHO,2109246.jpg,2109246,2,0,NA
2107248_2,2023-01-04 20:07:27.228296,ACC,2107248.jpg,2107248,2,0,NA
2109340_2,2023-01-04 20:07:26.634516,SHO,2109340.jpg,2109340,2,0,NA
2106623_2,2023-01-04 20:07:25.993886,BEAUTY,2106623.jpg,2106623,2,0,NA
2109267_2,2023-01-04 20:07:25.400096,SHO,2109267.jpg,2109267,2,0,NA
2102495_2,2023-01-04 20:07:24.790708,JEW,2102495.jpg,2102495,2,0,NA
2106938_2,2023-01-04 20:07:23.728262,SHO,2106938.jpg,2106938,2,0,NA
2107249_2,2023-01-04 20:07:23.087501,ACC,2107249.jpg,2107249,2,0,NA
2103890_2,2023-01-04 20:07:22.462473,JEW,2103890.jpg,2103890,2,0,NA
2106110_2,2023-01-04 20:07:21.837563,JEW,2106110.jpg,2106110,2,0,NA
2109274_2,2023-01-04 20:07:21.259280,SHO,2109274.jpg,2109274,2,0,NA
2106900_2,2023-01-04 20:07:20.540498,SHO,2106900.jpg,2106900,2,0,NA
2105732_2,2023-01-04 20:07:19.946738,ACC,2105732.jpg,2105732,2,0,NA
2109255_2,2023-01-04 20:07:19.306050,SHO,2109255.jpg,2109255,2,0,NA
2105734_2,2023-01-04 20:07:18.743527,ACC,2105734.jpg,2105734,2,0,NA
2106230_2,2023-01-04 20:07:18.149743,ACC,2106230.jpg,2106230,2,0,NA
2103868_2,2023-01-04 20:07:17.540355,JEW,2103868.jpg,2103868,2,0,NA
2106889_2,2023-01-04 20:07:16.868448,SHO,2106889.jpg,2106889,2,0,NA
2105731_2,2023-01-04 20:07:16.321540,ACC,2105731.jpg,2105731,2,0,NA
2103088_2,2023-01-04 20:07:15.649645,ACC,2103088.jpg,2103088,2,0,NA
2100131_2,2023-01-04 20:07:15.055841,CLO,2100131.jpg,2100131,2,0,NA
2100133_2,2023-01-04 20:07:14.383939,CLO,2100133.jpg,2100133,2,0,NA
2100232_2,2023-01-04 20:07:13.743283,CLO,2100232.jpg,2100232,2,0,NA
2100356_2,2023-01-04 20:07:13.055751,CLO,2100356.jpg,2100356,2,0,NA
2100370_2,2023-01-04 20:07:12.430719,CLO,2100370.jpg,2100370,2,0,NA
2100614_2,2023-01-04 20:07:11.711946,CLO,2100614.jpg,2100614,2,0,NA
2100918_2,2023-01-04 20:07:11.008774,CLO,2100918.jpg,2100918,2,0,NA
2100919_2,2023-01-04 20:07:10.352499,CLO,2100919.jpg,2100919,2,0,NA
2101004_2,2023-01-04 20:07:09.586853,CLO,2101004.jpg,2101004,2,0,NA
2100993_2,2023-01-04 20:07:08.821179,CLO,2100993.jpg,2100993,2,0,NA
2101006_2,2023-01-04 20:07:08.227417,CLO,2101006.jpg,2101006,2,0,NA
2101123_2,2023-01-04 20:07:07.524240,CLO,2101123.jpg,2101123,2,0,NA
2101224_2,2023-01-04 20:07:06.883603,CLO,2101224.jpg,2101224,2,0,NA
2101226_2,2023-01-04 20:07:06.180439,CLO,2101226.jpg,2101226,2,0,NA
2101297_2,2023-01-04 20:07:05.461638,CLO,2101297.jpg,2101297,2,0,NA
2101354_2,2023-01-04 20:07:04.727249,CLO,2101354.jpg,2101354,2,0,NA
2101442_2,2023-01-04 20:07:04.086582,CLO,2101442.jpg,2101442,2,0,NA
2101978_2,2023-01-04 20:07:03.430290,CLO,2101978.jpg,2101978,2,0,NA
2101979_2,2023-01-04 20:07:02.758409,CLO,2101979.jpg,2101979,2,0,NA
2101980_2,2023-01-04 20:07:02.086486,CLO,2101980.jpg,2101980,2,0,NA
2102213_2,2023-01-04 20:07:01.445826,CLO,2102213.jpg,2102213,2,0,NA
2102216_2,2023-01-04 20:07:00.758289,CLO,2102216.jpg,2102216,2,0,NA
2102294_2,2023-01-04 20:07:00.148892,CLO,2102294.jpg,2102294,2,0,NA
2102762_2,2023-01-04 20:06:59.555125,CLO,2102762.jpg,2102762,2,0,NA
2102763_2,2023-01-04 20:06:58.930081,CLO,2102763.jpg,2102763,2,0,NA
2103137_2,2023-01-04 20:06:58.180047,CLO,2103137.jpg,2103137,2,0,NA
2103138_2,2023-01-04 20:06:57.555037,CLO,2103138.jpg,2103138,2,0,NA
2103139_2,2023-01-04 20:06:56.836234,CLO,2103139.jpg,2103139,2,0,NA
2103140_2,2023-01-04 20:06:56.195578,CLO,2103140.jpg,2103140,2,0,NA
2103146_2,2023-01-04 20:06:55.508168,CLO,2103146.jpg,2103146,2,0,NA
2103391_2,2023-01-04 20:06:54.883013,CLO,2103391.jpg,2103391,2,0,NA
2103393_2,2023-01-04 20:06:54.226732,CLO,2103393.jpg,2103393,2,0,NA
2103398_2,2023-01-04 20:06:53.492343,CLO,2103398.jpg,2103398,2,0,NA
2103400_2,2023-01-04 20:06:52.820419,CLO,2103400.jpg,2103400,2,0,NA
2103401_2,2023-01-04 20:06:52.164136,CLO,2103401.jpg,2103401,2,0,NA
2103404_2,2023-01-04 20:06:51.492251,CLO,2103404.jpg,2103404,2,0,NA
2103412_2,2023-01-04 20:06:50.804705,CLO,2103412.jpg,2103412,2,0,NA
2103408_2,2023-01-04 20:06:50.023424,CLO,2103408.jpg,2103408,2,0,NA
2103413_2,2023-01-04 20:06:49.382770,CLO,2103413.jpg,2103413,2,0,NA
2103644_2,2023-01-04 20:06:48.788993,CLO,2103644.jpg,2103644,2,0,NA
2103414_2,2023-01-04 20:06:47.992093,CLO,2103414.jpg,2103414,2,0,NA
2103657_2,2023-01-04 20:06:47.257767,CLO,2103657.jpg,2103657,2,0,NA
2103666_2,2023-01-04 20:06:46.554520,CLO,2103666.jpg,2103666,2,0,NA
2103667_2,2023-01-04 20:06:45.929483,CLO,2103667.jpg,2103667,2,0,NA
2107659_2,2023-01-04 20:06:45.226333,CLO,2107659.jpg,2107659,2,0,NA
2104211_2,2023-01-04 20:06:44.835686,CLO,2104211.jpg,2104211,2,0,NA
2104542_2,2023-01-04 20:06:44.117081,CLO,2104542.jpg,2104542,2,0,NA
2104543_2,2023-01-04 20:06:43.460598,CLO,2104543.jpg,2104543,2,0,NA
2104544_2,2023-01-04 20:06:42.632454,CLO,2104544.jpg,2104544,2,0,NA
2007291_2,2023-01-04 20:06:41.944920,CLO,2007291.jpg,2007291,2,0,NA
2007297_2,2023-01-04 20:06:41.257369,CLO,2007297.jpg,2007297,2,0,NA
2008214_2,2023-01-04 20:06:40.679231,CLO,2008214.jpg,2008214,2,0,NA
2012933_2,2023-01-04 20:06:40.163563,CLO,2012933.jpg,2012933,2,0,NA
2100181_2,2023-01-04 20:06:39.522931,CLO,2100181.jpg,2100181,2,0,NA
2100534_2,2023-01-04 20:06:38.851003,CLO,2100534.jpg,2100534,2,0,NA
2100569_2,2023-01-04 20:06:38.116616,CLO,2100569.jpg,2100569,2,0,NA
2100896_2,2023-01-04 20:06:37.444686,CLO,2100896.jpg,2100896,2,0,NA
2102137_2,2023-01-04 20:06:36.788405,CLO,2102137.jpg,2102137,2,0,NA
2102470_2,2023-01-04 20:06:36.163376,CLO,2102470.jpg,2102470,2,0,NA
2102704_2,2023-01-04 20:06:35.491471,CLO,2102704.jpg,2102704,2,0,NA
2102958_2,2023-01-04 20:06:34.866456,CLO,2102958.jpg,2102958,2,0,NA
2102981_2,2023-01-04 20:06:34.225803,CLO,2102981.jpg,2102981,2,0,NA
2103237_2,2023-01-04 20:06:33.647648,CLO,2103237.jpg,2103237,2,0,NA
2103242_2,2023-01-04 20:06:32.944490,CLO,2103242.jpg,2103242,2,0,NA
2103355_2,2023-01-04 20:06:32.319466,CLO,2103355.jpg,2103355,2,0,NA
2103494_2,2023-01-04 20:06:31.569429,CLO,2103494.jpg,2103494,2,0,NA
2103565_2,2023-01-04 20:06:30.944380,CLO,2103565.jpg,2103565,2,0,NA
2103567_2,2023-01-04 20:06:30.272472,CLO,2103567.jpg,2103567,2,0,NA
2103664_2,2023-01-04 20:06:29.694338,CLO,2103664.jpg,2103664,2,0,NA
2103652_2,2023-01-04 20:06:29.053667,CLO,2103652.jpg,2103652,2,0,NA
2103681_2,2023-01-04 20:06:28.428634,CLO,2103681.jpg,2103681,2,0,NA
2103726_2,2023-01-04 20:06:27.756749,CLO,2103726.jpg,2103726,2,0,NA
2103981_2,2023-01-04 20:06:27.037944,CLO,2103981.jpg,2103981,2,0,NA
2103941_2,2023-01-04 20:06:26.412910,CLO,2103941.jpg,2103941,2,0,NA
2103992_2,2023-01-04 20:06:25.756691,CLO,2103992.jpg,2103992,2,0,NA
2104041_2,2023-01-04 20:06:25.053478,CLO,2104041.jpg,2104041,2,0,NA
2104044_2,2023-01-04 20:06:24.397213,CLO,2104044.jpg,2104044,2,0,NA
2104045_2,2023-01-04 20:06:23.756539,CLO,2104045.jpg,2104045,2,0,NA
2104051_2,2023-01-04 20:06:23.115931,CLO,2104051.jpg,2104051,2,0,NA
2104048_2,2023-01-04 20:06:22.459606,CLO,2104048.jpg,2104048,2,0,NA
2104052_2,2023-01-04 20:06:21.772087,CLO,2104052.jpg,2104052,2,0,NA
2104063_2,2023-01-04 20:06:21.193939,CLO,2104063.jpg,2104063,2,0,NA
2104111_2,2023-01-04 20:06:20.537655,CLO,2104111.jpg,2104111,2,0,NA
2104118_2,2023-01-04 20:06:19.881382,CLO,2104118.jpg,2104118,2,0,NA
2104164_2,2023-01-04 20:06:19.271995,CLO,2104164.jpg,2104164,2,0,NA
2104172_2,2023-01-04 20:06:18.662571,CLO,2104172.jpg,2104172,2,0,NA
2104242_2,2023-01-04 20:06:18.084396,CLO,2104242.jpg,2104242,2,0,NA
2104244_2,2023-01-04 20:06:17.256241,CLO,2104244.jpg,2104244,2,0,NA
2104385_2,2023-01-04 20:06:16.568719,CLO,2104385.jpg,2104385,2,0,NA
2104350_2,2023-01-04 20:06:15.896797,CLO,2104350.jpg,2104350,2,0,NA
2104407_2,2023-01-04 20:06:15.240537,CLO,2104407.jpg,2104407,2,0,NA
2104395_2,2023-01-04 20:06:14.646732,CLO,2104395.jpg,2104395,2,0,NA
2104410_2,2023-01-04 20:06:13.974848,CLO,2104410.jpg,2104410,2,0,NA
2104409_2,2023-01-04 20:06:13.334170,CLO,2104409.jpg,2104409,2,0,NA
2104414_2,2023-01-04 20:06:12.677888,CLO,2104414.jpg,2104414,2,0,NA
2104426_2,2023-01-04 20:06:12.037232,CLO,2104426.jpg,2104426,2,0,NA
2104427_2,2023-01-04 20:06:11.349703,CLO,2104427.jpg,2104427,2,0,NA
2104441_2,2023-01-04 20:06:10.709052,CLO,2104441.jpg,2104441,2,0,NA
2104467_2,2023-01-04 20:06:10.068394,CLO,2104467.jpg,2104467,2,0,NA
2104472_2,2023-01-04 20:06:09.490238,CLO,2104472.jpg,2104472,2,0,NA
2104478_2,2023-01-04 20:06:08.896478,CLO,2104478.jpg,2104478,2,0,NA
2104503_2,2023-01-04 20:06:08.271432,CLO,2104503.jpg,2104503,2,0,NA
2104505_2,2023-01-04 20:06:07.677652,CLO,2104505.jpg,2104505,2,0,NA
2104516_2,2023-01-04 20:06:07.068256,CLO,2104516.jpg,2104516,2,0,NA
2104518_2,2023-01-04 20:06:06.396353,CLO,2104518.jpg,2104518,2,0,NA
2104522_2,2023-01-04 20:06:05.708805,CLO,2104522.jpg,2104522,2,0,NA
2104523_2,2023-01-04 20:06:05.021305,CLO,2104523.jpg,2104523,2,0,NA
2104540_2,2023-01-04 20:06:04.427507,CLO,2104540.jpg,2104540,2,0,NA
2104549_2,2023-01-04 20:06:03.818148,CLO,2104549.jpg,2104549,2,0,NA
2104591_2,2023-01-04 20:06:03.161813,CLO,2104591.jpg,2104591,2,0,NA
2104550_2,2023-01-04 20:06:02.552425,CLO,2104550.jpg,2104550,2,0,NA
2104596_2,2023-01-04 20:06:01.927471,CLO,2104596.jpg,2104596,2,0,NA
2104601_2,2023-01-04 20:06:01.286753,CLO,2104601.jpg,2104601,2,0,NA
2104628_2,2023-01-04 20:06:00.583568,CLO,2104628.jpg,2104628,2,0,NA
2104629_2,2023-01-04 20:05:59.927310,CLO,2104629.jpg,2104629,2,0,NA
2104631_2,2023-01-04 20:05:59.302289,CLO,2104631.jpg,2104631,2,0,NA
2104679_2,2023-01-04 20:05:58.505348,CLO,2104679.jpg,2104679,2,0,NA
2104673_2,2023-01-04 20:05:57.895939,CLO,2104673.jpg,2104673,2,0,NA
2104693_2,2023-01-04 20:05:57.270910,CLO,2104693.jpg,2104693,2,0,NA
2104695_2,2023-01-04 20:05:56.645876,CLO,2104695.jpg,2104695,2,0,NA
2104738_2,2023-01-04 20:05:55.989598,CLO,2104738.jpg,2104738,2,0,NA
2104742_2,2023-01-04 20:05:55.333319,CLO,2104742.jpg,2104742,2,0,NA
2104786_2,2023-01-04 20:05:54.755193,CLO,2104786.jpg,2104786,2,0,NA
2104791_2,2023-01-04 20:05:53.833248,CLO,2104791.jpg,2104791,2,0,NA
2104802_2,2023-01-04 20:05:53.223845,CLO,2104802.jpg,2104802,2,0,NA
2104817_2,2023-01-04 20:05:52.661334,CLO,2104817.jpg,2104817,2,0,NA
2104820_2,2023-01-04 20:05:52.051912,CLO,2104820.jpg,2104820,2,0,NA
2104807_2,2023-01-04 20:05:51.364395,CLO,2104807.jpg,2104807,2,0,NA
2104823_2,2023-01-04 20:05:50.692483,CLO,2104823.jpg,2104823,2,0,NA
2104821_2,2023-01-04 20:05:49.958081,CLO,2104821.jpg,2104821,2,0,NA
2104824_2,2023-01-04 20:05:49.114517,CLO,2104824.jpg,2104824,2,0,NA
2104830_2,2023-01-04 20:05:48.520520,CLO,2104830.jpg,2104830,2,0,NA
2104827_2,2023-01-04 20:05:47.911113,CLO,2104827.jpg,2104827,2,0,NA
2104838_2,2023-01-04 20:05:47.317328,CLO,2104838.jpg,2104838,2,0,NA
2104943_2,2023-01-04 20:05:46.707929,CLO,2104943.jpg,2104943,2,0,NA
2104982_2,2023-01-04 20:05:46.004766,CLO,2104982.jpg,2104982,2,0,NA
2104967_2,2023-01-04 20:05:45.285991,CLO,2104967.jpg,2104967,2,0,NA
2104983_2,2023-01-04 20:05:44.707836,CLO,2104983.jpg,2104983,2,0,NA
2104987_2,2023-01-04 20:05:44.067160,CLO,2104987.jpg,2104987,2,0,NA
2105170_2,2023-01-04 20:05:43.442129,CLO,2105170.jpg,2105170,2,0,NA
2105196_2,2023-01-04 20:05:42.785848,CLO,2105196.jpg,2105196,2,0,NA
2105207_2,2023-01-04 20:05:42.160819,CLO,2105207.jpg,2105207,2,0,NA
2105279_2,2023-01-04 20:05:41.473317,CLO,2105279.jpg,2105279,2,0,NA
2105394_2,2023-01-04 20:05:40.848257,CLO,2105394.jpg,2105394,2,0,NA
2105436_2,2023-01-04 20:05:40.223229,CLO,2105436.jpg,2105436,2,0,NA
2105748_2,2023-01-04 20:05:39.535711,CLO,2105748.jpg,2105748,2,0,NA
2105773_2,2023-01-04 20:05:38.863814,CLO,2105773.jpg,2105773,2,0,NA
2105916_2,2023-01-04 20:05:38.301275,CLO,2105916.jpg,2105916,2,0,NA
2105943_2,2023-01-04 20:05:37.660625,CLO,2105943.jpg,2105943,2,0,NA
2105953_2,2023-01-04 20:05:37.099476,CLO,2105953.jpg,2105953,2,0,NA
2105973_2,2023-01-04 20:05:36.473047,CLO,2105973.jpg,2105973,2,0,NA
2105983_2,2023-01-04 20:05:35.910533,CLO,2105983.jpg,2105983,2,0,NA
2105986_2,2023-01-04 20:05:35.191739,CLO,2105986.jpg,2105986,2,0,NA
2106018_2,2023-01-04 20:05:34.629229,CLO,2106018.jpg,2106018,2,0,NA
2106191_2,2023-01-04 20:05:33.988555,CLO,2106191.jpg,2106191,2,0,NA
2106466_2,2023-01-04 20:05:33.379154,CLO,2106466.jpg,2106466,2,0,NA
2106469_2,2023-01-04 20:05:32.707251,CLO,2106469.jpg,2106469,2,0,NA
2106697_2,2023-01-04 20:05:32.019734,CLO,2106697.jpg,2106697,2,0,NA
2106607_2,2023-01-04 20:05:31.394686,CLO,2106607.jpg,2106607,2,0,NA
2106730_2,2023-01-04 20:05:30.800905,CLO,2106730.jpg,2106730,2,0,NA
2106738_2,2023-01-04 20:05:29.816547,CLO,2106738.jpg,2106738,2,0,NA
2106747_2,2023-01-04 20:05:29.144593,CLO,2106747.jpg,2106747,2,0,NA
2106765_2,2023-01-04 20:05:28.394569,CLO,2106765.jpg,2106765,2,0,NA
2106901_2,2023-01-04 20:05:27.800776,CLO,2106901.jpg,2106901,2,0,NA
2106887_2,2023-01-04 20:05:27.222633,CLO,2106887.jpg,2106887,2,0,NA
2106942_2,2023-01-04 20:05:26.613208,CLO,2106942.jpg,2106942,2,0,NA
2012542_2,2023-01-04 20:05:25.988173,CLO,2012542.jpg,2012542,2,0,NA
2012897_2,2023-01-04 20:05:25.394405,CLO,2012897.jpg,2012897,2,0,NA
2012923_2,2023-01-04 20:05:24.722494,CLO,2012923.jpg,2012923,2,0,NA
2013681_2,2023-01-04 20:05:24.098667,CLO,2013681.jpg,2013681,2,0,NA
2014703_2,2023-01-04 20:05:23.456804,CLO,2014703.jpg,2014703,2,0,NA
2100348_2,2023-01-04 20:05:22.691161,CLO,2100348.jpg,2100348,2,0,NA
2100551_2,2023-01-04 20:05:21.972382,CLO,2100551.jpg,2100551,2,0,NA
2100673_2,2023-01-04 20:05:21.316107,CLO,2100673.jpg,2100673,2,0,NA
2101169_2,2023-01-04 20:05:20.722304,CLO,2101169.jpg,2101169,2,0,NA
2101217_2,2023-01-04 20:05:20.081647,CLO,2101217.jpg,2101217,2,0,NA
2102104_2,2023-01-04 20:05:19.456615,CLO,2102104.jpg,2102104,2,0,NA
2101457_2,2023-01-04 20:05:18.847214,CLO,2101457.jpg,2101457,2,0,NA
2102284_2,2023-01-04 20:05:18.253434,CLO,2102284.jpg,2102284,2,0,NA
2102741_2,2023-01-04 20:05:17.503400,ACC,2102741.jpg,2102741,2,0,NA
2102753_2,2023-01-04 20:05:16.878363,ACC,2102753.jpg,2102753,2,0,NA
2103257_2,2023-01-04 20:05:16.159615,CLO,2103257.jpg,2103257,2,0,NA
2103314_2,2023-01-04 20:05:15.425204,CLO,2103314.jpg,2103314,2,0,NA
2103542_2,2023-01-04 20:05:14.768916,CLO,2103542.jpg,2103542,2,0,NA
2103566_2,2023-01-04 20:05:14.050132,CLO,2103566.jpg,2103566,2,0,NA
2103695_2,2023-01-04 20:05:13.393858,CLO,2103695.jpg,2103695,2,0,NA
2103958_2,2023-01-04 20:05:12.190650,CLO,2103958.jpg,2103958,2,0,NA
2104042_2,2023-01-04 20:05:11.596880,CLO,2104042.jpg,2104042,2,0,NA
2104043_2,2023-01-04 20:05:11.003093,CLO,2104043.jpg,2104043,2,0,NA
2104053_2,2023-01-04 20:05:10.378086,CLO,2104053.jpg,2104053,2,0,NA
2104079_2,2023-01-04 20:05:09.721803,CLO,2104079.jpg,2104079,2,0,NA
2104076_2,2023-01-04 20:05:09.159255,CLO,2104076.jpg,2104076,2,0,NA
2104157_2,2023-01-04 20:05:08.471728,CLO,2104157.jpg,2104157,2,0,NA
2104269_2,2023-01-04 20:05:07.815447,CLO,2104269.jpg,2104269,2,0,NA
2104416_2,2023-01-04 20:05:07.190415,CLO,2104416.jpg,2104416,2,0,NA
2104421_2,2023-01-04 20:05:06.565382,CLO,2104421.jpg,2104421,2,0,NA
2104418_2,2023-01-04 20:05:05.955981,CLO,2104418.jpg,2104418,2,0,NA
2104422_2,2023-01-04 20:05:05.346575,CLO,2104422.jpg,2104422,2,0,NA
2104460_2,2023-01-04 20:05:04.097391,CLO,2104460.jpg,2104460,2,0,NA
2104464_2,2023-01-04 20:05:03.424635,CLO,2104464.jpg,2104464,2,0,NA
2104466_2,2023-01-04 20:05:02.768373,CLO,2104466.jpg,2104466,2,0,NA
2104488_2,2023-01-04 20:05:02.002681,CLO,2104488.jpg,2104488,2,0,NA
2104493_2,2023-01-04 20:05:01.377644,CLO,2104493.jpg,2104493,2,0,NA
2104508_2,2023-01-04 20:05:00.752632,CLO,2104508.jpg,2104508,2,0,NA
2104622_2,2023-01-04 20:05:00.080727,CLO,2104622.jpg,2104622,2,0,NA
2104697_2,2023-01-04 20:04:59.486931,CLO,2104697.jpg,2104697,2,0,NA
2104719_2,2023-01-04 20:04:58.861906,CLO,2104719.jpg,2104719,2,0,NA
2104722_2,2023-01-04 20:04:58.189992,CLO,2104722.jpg,2104722,2,0,NA
2104725_2,2023-01-04 20:04:57.518089,CLO,2104725.jpg,2104725,2,0,NA
2104727_2,2023-01-04 20:04:56.877442,CLO,2104727.jpg,2104727,2,0,NA
2104789_2,2023-01-04 20:04:56.252398,CLO,2104789.jpg,2104789,2,0,NA
2104806_2,2023-01-04 20:04:55.627388,CLO,2104806.jpg,2104806,2,0,NA
2104816_2,2023-01-04 20:04:54.971095,CLO,2104816.jpg,2104816,2,0,NA
2104818_2,2023-01-04 20:04:54.361708,CLO,2104818.jpg,2104818,2,0,NA
2104826_2,2023-01-04 20:04:53.689795,CLO,2104826.jpg,2104826,2,0,NA
2105018_2,2023-01-04 20:04:52.971014,CLO,2105018.jpg,2105018,2,0,NA
2105150_2,2023-01-04 20:04:52.252237,CLO,2105150.jpg,2105150,2,0,NA
2105155_2,2023-01-04 20:04:51.595932,CLO,2105155.jpg,2105155,2,0,NA
2105211_2,2023-01-04 20:04:50.877165,CLO,2105211.jpg,2105211,2,0,NA
2105251_2,2023-01-04 20:04:50.173982,CLO,2105251.jpg,2105251,2,0,NA
2105274_2,2023-01-04 20:04:49.580220,CLO,2105274.jpg,2105274,2,0,NA
2105275_2,2023-01-04 20:04:48.955198,CLO,2105275.jpg,2105275,2,0,NA
2105284_2,2023-01-04 20:04:48.361398,CLO,2105284.jpg,2105284,2,0,NA
2105290_2,2023-01-04 20:04:47.752015,CLO,2105290.jpg,2105290,2,0,NA
2105307_2,2023-01-04 20:04:47.064557,CLO,2105307.jpg,2105307,2,0,NA
2105312_2,2023-01-04 20:04:46.314452,CLO,2105312.jpg,2105312,2,0,NA
2105313_2,2023-01-04 20:04:45.673792,CLO,2105313.jpg,2105313,2,0,NA
2105322_2,2023-01-04 20:04:45.095690,CLO,2105322.jpg,2105322,2,0,NA
2105324_2,2023-01-04 20:04:44.439353,CLO,2105324.jpg,2105324,2,0,NA
2105329_2,2023-01-04 20:04:43.798685,CLO,2105329.jpg,2105329,2,0,NA
2105367_2,2023-01-04 20:04:43.158040,CLO,2105367.jpg,2105367,2,0,NA
2106053_2,2023-01-04 20:04:42.470508,CLO,2106053.jpg,2106053,2,0,NA
2106228_2,2023-01-04 20:04:41.798874,CLO,2106228.jpg,2106228,2,0,NA
2106386_2,2023-01-04 20:04:41.189219,CLO,2106386.jpg,2106386,2,0,NA
2106731_2,2023-01-04 20:04:40.503273,CLO,2106731.jpg,2106731,2,0,NA
2106740_2,2023-01-04 20:04:39.704740,CLO,2106740.jpg,2106740,2,0,NA
2106741_2,2023-01-04 20:04:38.954695,CLO,2106741.jpg,2106741,2,0,NA
2106761_2,2023-01-04 20:04:38.314048,CLO,2106761.jpg,2106761,2,0,NA
2106766_2,2023-01-04 20:04:37.616746,CLO,2106766.jpg,2106766,2,0,NA
2106781_2,2023-01-04 20:04:37.002834,CLO,2106781.jpg,2106781,2,0,NA
2106818_2,2023-01-04 20:04:36.392090,CLO,2106818.jpg,2106818,2,0,NA
2106822_2,2023-01-04 20:04:35.673323,CLO,2106822.jpg,2106822,2,0,NA
2106886_2,2023-01-04 20:04:35.032664,CLO,2106886.jpg,2106886,2,0,NA
2106888_2,2023-01-04 20:04:34.360805,CLO,2106888.jpg,2106888,2,0,NA
2107032_2,2023-01-04 20:04:33.766978,CLO,2107032.jpg,2107032,2,0,NA
2107033_2,2023-01-04 20:04:33.141948,CLO,2107033.jpg,2107033,2,0,NA
2107140_2,2023-01-04 20:04:32.501293,CLO,2107140.jpg,2107140,2,0,NA
2107141_2,2023-01-04 20:04:31.798111,CLO,2107141.jpg,2107141,2,0,NA
2107302_2,2023-01-04 20:04:31.079331,CLO,2107302.jpg,2107302,2,0,NA
2008942_2,2023-01-04 20:04:30.469973,CLO,2008942.jpg,2008942,2,0,NA
2012595_2,2023-01-04 20:04:29.782413,CLO,2012595.jpg,2012595,2,0,NA
2013345_2,2023-01-04 20:04:29.219893,CLO,2013345.jpg,2013345,2,0,NA
2013996_2,2023-01-04 20:04:28.579232,CLO,2013996.jpg,2013996,2,0,NA
2100037_2,2023-01-04 20:04:28.016929,CLO,2100037.jpg,2100037,2,0,NA
2101322_2,2023-01-04 20:04:27.329172,CLO,2101322.jpg,2101322,2,0,NA
2101476_2,2023-01-04 20:04:26.751029,CLO,2101476.jpg,2101476,2,0,NA
2101517_2,2023-01-04 20:04:26.141699,CLO,2101517.jpg,2101517,2,0,NA
2101477_2,2023-01-04 20:04:25.563466,CLO,2101477.jpg,2101477,2,0,NA
2102140_2,2023-01-04 20:04:24.922812,CLO,2102140.jpg,2102140,2,0,NA
2102745_2,2023-01-04 20:04:24.313409,ACC,2102745.jpg,2102745,2,0,NA
2103256_2,2023-01-04 20:04:23.703999,CLO,2103256.jpg,2103256,2,0,NA
2103317_2,2023-01-04 20:04:23.110219,CLO,2103317.jpg,2103317,2,0,NA
2103419_2,2023-01-04 20:04:22.532058,CLO,2103419.jpg,2103419,2,0,NA
2103505_2,2023-01-04 20:04:21.875802,CLO,2103505.jpg,2103505,2,0,NA
2103663_2,2023-01-04 20:04:21.172634,CLO,2103663.jpg,2103663,2,0,NA
2103826_2,2023-01-04 20:04:20.547605,CLO,2103826.jpg,2103826,2,0,NA
2104050_2,2023-01-04 20:04:19.891319,CLO,2104050.jpg,2104050,2,0,NA
2104156_2,2023-01-04 20:04:19.281923,CLO,2104156.jpg,2104156,2,0,NA
2104158_2,2023-01-04 20:04:18.656861,CLO,2104158.jpg,2104158,2,0,NA
2104179_2,2023-01-04 20:04:18.047456,CLO,2104179.jpg,2104179,2,0,NA
2104432_2,2023-01-04 20:04:17.453701,CLO,2104432.jpg,2104432,2,0,NA
2104434_2,2023-01-04 20:04:16.875534,CLO,2104434.jpg,2104434,2,0,NA
2104436_2,2023-01-04 20:04:16.203624,CLO,2104436.jpg,2104436,2,0,NA
2104438_2,2023-01-04 20:04:15.609857,CLO,2104438.jpg,2104438,2,0,NA
2104498_2,2023-01-04 20:04:14.984840,CLO,2104498.jpg,2104498,2,0,NA
2104644_2,2023-01-04 20:04:14.391035,CLO,2104644.jpg,2104644,2,0,NA
2104653_2,2023-01-04 20:04:13.672268,CLO,2104653.jpg,2104653,2,0,NA
2104684_2,2023-01-04 20:04:13.031597,CLO,2104684.jpg,2104684,2,0,NA
2104689_2,2023-01-04 20:04:12.344063,CLO,2104689.jpg,2104689,2,0,NA
2104690_2,2023-01-04 20:04:11.765931,CLO,2104690.jpg,2104690,2,0,NA
2104691_2,2023-01-04 20:04:11.219039,CLO,2104691.jpg,2104691,2,0,NA
2104696_2,2023-01-04 20:04:10.531487,CLO,2104696.jpg,2104696,2,0,NA
2104716_2,2023-01-04 20:04:09.875215,CLO,2104716.jpg,2104716,2,0,NA
2104729_2,2023-01-04 20:04:09.281442,CLO,2104729.jpg,2104729,2,0,NA
2104737_2,2023-01-04 20:04:08.562649,CLO,2104737.jpg,2104737,2,0,NA
2104755_2,2023-01-04 20:04:07.968857,CLO,2104755.jpg,2104755,2,0,NA
2104760_2,2023-01-04 20:04:07.297039,CLO,2104760.jpg,2104760,2,0,NA
2104757_2,2023-01-04 20:04:06.593808,CLO,2104757.jpg,2104757,2,0,NA
2104761_2,2023-01-04 20:04:05.937510,CLO,2104761.jpg,2104761,2,0,NA
2104768_2,2023-01-04 20:04:05.281469,CLO,2104768.jpg,2104768,2,0,NA
2104771_2,2023-01-04 20:04:04.593698,CLO,2104771.jpg,2104771,2,0,NA
2104787_2,2023-01-04 20:04:04.015599,CLO,2104787.jpg,2104787,2,0,NA
2104790_2,2023-01-04 20:04:03.124893,CLO,2104790.jpg,2104790,2,0,NA
2104795_2,2023-01-04 20:04:02.499854,CLO,2104795.jpg,2104795,2,0,NA
2104815_2,2023-01-04 20:04:01.874873,CLO,2104815.jpg,2104815,2,0,NA
2104819_2,2023-01-04 20:04:01.249805,CLO,2104819.jpg,2104819,2,0,NA
2104822_2,2023-01-04 20:04:00.593534,CLO,2104822.jpg,2104822,2,0,NA
2104825_2,2023-01-04 20:03:59.937236,CLO,2104825.jpg,2104825,2,0,NA
2104842_2,2023-01-04 20:03:59.327830,CLO,2104842.jpg,2104842,2,0,NA
2105130_2,2023-01-04 20:03:58.734050,CLO,2105130.jpg,2105130,2,0,NA
2105133_2,2023-01-04 20:03:58.093394,CLO,2105133.jpg,2105133,2,0,NA
2105316_2,2023-01-04 20:03:57.390252,CLO,2105316.jpg,2105316,2,0,NA
2105318_2,2023-01-04 20:03:56.780848,CLO,2105318.jpg,2105318,2,0,NA
2105320_2,2023-01-04 20:03:56.124562,CLO,2105320.jpg,2105320,2,0,NA
2105323_2,2023-01-04 20:03:55.515163,CLO,2105323.jpg,2105323,2,0,NA
2105332_2,2023-01-04 20:03:54.937010,CLO,2105332.jpg,2105332,2,0,NA
2105337_2,2023-01-04 20:03:54.233800,CLO,2105337.jpg,2105337,2,0,NA
2105343_2,2023-01-04 20:03:53.624331,CLO,2105343.jpg,2105343,2,0,NA
2105346_2,2023-01-04 20:03:52.983618,CLO,2105346.jpg,2105346,2,0,NA
2105357_2,2023-01-04 20:03:52.358520,CLO,2105357.jpg,2105357,2,0,NA
2105368_2,2023-01-04 20:03:51.624021,CLO,2105368.jpg,2105368,2,0,NA
2105381_2,2023-01-04 20:03:50.967678,CLO,2105381.jpg,2105381,2,0,NA
2105382_2,2023-01-04 20:03:50.326957,CLO,2105382.jpg,2105382,2,0,NA
2106046_2,2023-01-04 20:03:49.670614,CLO,2106046.jpg,2106046,2,0,NA
2106109_2,2023-01-04 20:03:48.983018,CLO,2106109.jpg,2106109,2,0,NA
2106175_2,2023-01-04 20:03:48.342305,CLO,2106175.jpg,2106175,2,0,NA
2106213_2,2023-01-04 20:03:47.717227,CLO,2106213.jpg,2106213,2,0,NA
2106231_2,2023-01-04 20:03:47.107766,CLO,2106231.jpg,2106231,2,0,NA
2106237_2,2023-01-04 20:03:46.498287,CLO,2106237.jpg,2106237,2,0,NA
2106249_2,2023-01-04 20:03:45.873204,CLO,2106249.jpg,2106249,2,0,NA
2106383_2,2023-01-04 20:03:45.170683,CLO,2106383.jpg,2106383,2,0,NA
2106405_2,2023-01-04 20:03:44.623019,CLO,2106405.jpg,2106405,2,0,NA
2106739_2,2023-01-04 20:03:44.013556,CLO,2106739.jpg,2106739,2,0,NA
2106742_2,2023-01-04 20:03:43.419723,CLO,2106742.jpg,2106742,2,0,NA
2106755_2,2023-01-04 20:03:42.763375,CLO,2106755.jpg,2106755,2,0,NA
2106760_2,2023-01-04 20:03:42.185168,CLO,2106760.jpg,2106760,2,0,NA
2106808_2,2023-01-04 20:03:41.606966,CLO,2106808.jpg,2106808,2,0,NA
2106819_2,2023-01-04 20:03:41.044382,CLO,2106819.jpg,2106819,2,0,NA
2106838_2,2023-01-04 20:03:40.372436,CLO,2106838.jpg,2106838,2,0,NA
2106845_2,2023-01-04 20:03:39.778572,CLO,2106845.jpg,2106845,2,0,NA
2106863_2,2023-01-04 20:03:39.075376,CLO,2106863.jpg,2106863,2,0,NA
2012196_2,2023-01-04 20:03:38.481523,CLO,2012196.jpg,2012196,2,0,NA
2012602_2,2023-01-04 20:03:37.840841,CLO,2012602.jpg,2012602,2,0,NA
2012948_2,2023-01-04 20:03:37.110284,CLO,2012948.jpg,2012948,2,0,NA
2013575_2,2023-01-04 20:03:36.387472,CLO,2013575.jpg,2013575,2,0,NA
2014801_2,2023-01-04 20:03:35.778018,CLO,2014801.jpg,2014801,2,0,NA
2100153_2,2023-01-04 20:03:35.090397,CLO,2100153.jpg,2100153,2,0,NA
2100189_2,2023-01-04 20:03:34.465315,CLO,2100189.jpg,2100189,2,0,NA
2100250_2,2023-01-04 20:03:33.793354,CLO,2100250.jpg,2100250,2,0,NA
2100818_2,2023-01-04 20:03:32.668178,CLO,2100818.jpg,2100818,2,0,NA
2101120_2,2023-01-04 20:03:31.668057,CLO,2101120.jpg,2101120,2,0,NA
2101121_2,2023-01-04 20:03:30.933554,CLO,2101121.jpg,2101121,2,0,NA
2101381_2,2023-01-04 20:03:30.214706,CLO,2101381.jpg,2101381,2,0,NA
2101491_2,2023-01-04 20:03:29.464607,CLO,2101491.jpg,2101491,2,0,NA
2101501_2,2023-01-04 20:03:28.745739,CLO,2101501.jpg,2101501,2,0,NA
2101913_2,2023-01-04 20:03:28.073788,CLO,2101913.jpg,2101913,2,0,NA
2102910_2,2023-01-04 20:03:27.417451,CLO,2102910.jpg,2102910,2,0,NA
2103497_2,2023-01-04 20:03:26.729852,CLO,2103497.jpg,2103497,2,0,NA
2103499_2,2023-01-04 20:03:26.073500,CLO,2103499.jpg,2103499,2,0,NA
2103508_2,2023-01-04 20:03:25.432766,CLO,2103508.jpg,2103508,2,0,NA
2103568_2,2023-01-04 20:03:24.729545,CLO,2103568.jpg,2103568,2,0,NA
2103515_2,2023-01-04 20:03:24.120079,CLO,2103515.jpg,2103515,2,0,NA
2104075_2,2023-01-04 20:03:22.541729,CLO,2104075.jpg,2104075,2,0,NA
2104081_2,2023-01-04 20:03:21.947909,CLO,2104081.jpg,2104081,2,0,NA
2104083_2,2023-01-04 20:03:21.166549,CLO,2104083.jpg,2104083,2,0,NA
2104669_2,2023-01-04 20:03:20.557076,CLO,2104669.jpg,2104669,2,0,NA
2104746_2,2023-01-04 20:03:19.916366,CLO,2104746.jpg,2104746,2,0,NA
2104749_2,2023-01-04 20:03:19.369419,CLO,2104749.jpg,2104749,2,0,NA
2104784_2,2023-01-04 20:03:18.728690,CLO,2104784.jpg,2104784,2,0,NA
2105327_2,2023-01-04 20:03:18.009831,CLO,2105327.jpg,2105327,2,0,NA
2106733_2,2023-01-04 20:03:17.400371,CLO,2106733.jpg,2106733,2,0,NA
2106711_2,2023-01-04 20:03:16.759667,CLO,2106711.jpg,2106711,2,0,NA
2106763_2,2023-01-04 20:03:16.119121,CLO,2106763.jpg,2106763,2,0,NA
2107269_2,2023-01-04 20:03:15.509485,CLO,2107269.jpg,2107269,2,0,NA
2107273_2,2023-01-04 20:03:14.759382,CLO,2107273.jpg,2107273,2,0,NA
2012550_2,2023-01-04 20:03:14.072039,CLO,2012550.jpg,2012550,2,0,NA
2014767_2,2023-01-04 20:03:13.431056,CLO,2014767.jpg,2014767,2,0,NA
2101010_2,2023-01-04 20:03:12.852836,CLO,2101010.jpg,2101010,2,0,NA
2101011_2,2023-01-04 20:03:12.212141,CLO,2101011.jpg,2101011,2,0,NA
2101016_2,2023-01-04 20:03:11.587039,CLO,2101016.jpg,2101016,2,0,NA
2101333_2,2023-01-04 20:03:11.008850,CLO,2101333.jpg,2101333,2,0,NA
2101984_2,2023-01-04 20:03:10.071210,CLO,2101984.jpg,2101984,2,0,NA
2102778_2,2023-01-04 20:03:09.493001,CLO,2102778.jpg,2102778,2,0,NA
2103145_2,2023-01-04 20:03:08.821034,CLO,2103145.jpg,2103145,2,0,NA
2103668_2,2023-01-04 20:03:08.227173,CLO,2103668.jpg,2103668,2,0,NA
2103670_2,2023-01-04 20:03:07.523969,CLO,2103670.jpg,2103670,2,0,NA
2103672_2,2023-01-04 20:03:06.914488,CLO,2103672.jpg,2103672,2,0,NA
2104212_2,2023-01-04 20:03:06.258148,ACC,2104212.jpg,2104212,2,0,NA
2103673_2,2023-01-04 20:03:05.554917,CLO,2103673.jpg,2103673,2,0,NA
2104215_2,2023-01-04 20:03:04.898598,ACC,2104215.jpg,2104215,2,0,NA
2104302_2,2023-01-04 20:03:04.289111,ACC,2104302.jpg,2104302,2,0,NA
2104216_2,2023-01-04 20:03:03.679664,ACC,2104216.jpg,2104216,2,0,NA
2104482_2,2023-01-04 20:03:03.070311,CLO,2104482.jpg,2104482,2,0,NA
2104511_2,2023-01-04 20:03:02.429509,CLO,2104511.jpg,2104511,2,0,NA
2105039_2,2023-01-04 20:03:01.757539,CLO,2105039.jpg,2105039,2,0,NA
2105043_2,2023-01-04 20:03:01.148037,CLO,2105043.jpg,2105043,2,0,NA
2105045_2,2023-01-04 20:03:00.554334,CLO,2105045.jpg,2105045,2,0,NA
2105050_2,2023-01-04 20:02:59.897905,CLO,2105050.jpg,2105050,2,0,NA
2105046_2,2023-01-04 20:02:59.257163,CLO,2105046.jpg,2105046,2,0,NA
2105051_2,2023-01-04 20:02:58.678952,CLO,2105051.jpg,2105051,2,0,NA
2105054_2,2023-01-04 20:02:58.116371,CLO,2105054.jpg,2105054,2,0,NA
2105056_2,2023-01-04 20:02:57.522669,CLO,2105056.jpg,2105056,2,0,NA
2105057_2,2023-01-04 20:02:56.897450,CLO,2105057.jpg,2105057,2,0,NA
2105141_2,2023-01-04 20:02:56.303599,CLO,2105141.jpg,2105141,2,0,NA
2105836_2,2023-01-04 20:02:55.756644,CLO,2105836.jpg,2105836,2,0,NA
2106036_2,2023-01-04 20:02:55.131544,CLO,2106036.jpg,2106036,2,0,NA
2105551_2,2023-01-04 20:02:54.553361,CLO,2105551.jpg,2105551,2,0,NA
2106967_2,2023-01-04 20:02:53.865765,CLO,2106967.jpg,2106967,2,0,NA
2106968_2,2023-01-04 20:02:53.287531,CLO,2106968.jpg,2106968,2,0,NA
2106969_2,2023-01-04 20:02:52.709326,CLO,2106969.jpg,2106969,2,0,NA
2106971_2,2023-01-04 20:02:52.100150,CLO,2106971.jpg,2106971,2,0,NA
2106976_2,2023-01-04 20:02:51.521657,CLO,2106976.jpg,2106976,2,0,NA
2107618_2,2023-01-04 20:02:50.927835,CLO,2107618.jpg,2107618,2,0,NA
2008577_2,2023-01-04 20:02:50.271507,CLO,2008577.jpg,2008577,2,0,NA
2014685_2,2023-01-04 20:02:49.708895,CLO,2014685.jpg,2014685,2,0,NA
2100820_2,2023-01-04 20:02:49.084623,CLO,2100820.jpg,2100820,2,0,NA
2101110_2,2023-01-04 20:02:48.458712,CLO,2101110.jpg,2101110,2,0,NA
2102935_2,2023-01-04 20:02:47.818003,CLO,2102935.jpg,2102935,2,0,NA
2104283_2,2023-01-04 20:02:47.177287,CLO,2104283.jpg,2104283,2,0,NA
2104402_2,2023-01-04 20:02:46.520957,CLO,2104402.jpg,2104402,2,0,NA
2104574_2,2023-01-04 20:02:45.895850,CLO,2104574.jpg,2104574,2,0,NA
2104793_2,2023-01-04 20:02:45.208252,CLO,2104793.jpg,2104793,2,0,NA
2105135_2,2023-01-04 20:02:44.520662,CLO,2105135.jpg,2105135,2,0,NA
2105149_2,2023-01-04 20:02:43.833054,CLO,2105149.jpg,2105149,2,0,NA
2105335_2,2023-01-04 20:02:43.207984,CLO,2105335.jpg,2105335,2,0,NA
2105344_2,2023-01-04 20:02:42.536014,CLO,2105344.jpg,2105344,2,0,NA
2105355_2,2023-01-04 20:02:41.926532,CLO,2105355.jpg,2105355,2,0,NA
2105380_2,2023-01-04 20:02:41.223310,CLO,2105380.jpg,2105380,2,0,NA
2105383_2,2023-01-04 20:02:40.457571,CLO,2105383.jpg,2105383,2,0,NA
2105396_2,2023-01-04 20:02:39.801227,CLO,2105396.jpg,2105396,2,0,NA
2105399_2,2023-01-04 20:02:39.113697,CLO,2105399.jpg,2105399,2,0,NA
2106027_2,2023-01-04 20:02:38.441658,CLO,2106027.jpg,2106027,2,0,NA
2106030_2,2023-01-04 20:02:37.754058,CLO,2106030.jpg,2106030,2,0,NA
2106037_2,2023-01-04 20:02:37.035204,CLO,2106037.jpg,2106037,2,0,NA
2106075_2,2023-01-04 20:02:36.441372,CLO,2106075.jpg,2106075,2,0,NA
2106212_2,2023-01-04 20:02:35.753772,CLO,2106212.jpg,2106212,2,0,NA
2106234_2,2023-01-04 20:02:35.019291,CLO,2106234.jpg,2106234,2,0,NA
2106365_2,2023-01-04 20:02:34.128534,CLO,2106365.jpg,2106365,2,0,NA
2106596_2,2023-01-04 20:02:33.315917,CLO,2106596.jpg,2106596,2,0,NA
2106598_2,2023-01-04 20:02:32.362660,CLO,2106598.jpg,2106598,2,0,NA
2106736_2,2023-01-04 20:02:31.315651,CLO,2106736.jpg,2106736,2,0,NA
2106737_2,2023-01-04 20:02:30.487438,CLO,2106737.jpg,2106737,2,0,NA
2106880_2,2023-01-04 20:02:29.799800,CLO,2106880.jpg,2106880,2,0,NA
2107266_2,2023-01-04 20:02:29.002807,CLO,2107266.jpg,2107266,2,0,NA
2107270_2,2023-01-04 20:02:28.268324,CLO,2107270.jpg,2107270,2,0,NA
2107275_2,2023-01-04 20:02:27.627625,CLO,2107275.jpg,2107275,2,0,NA
2107385_2,2023-01-04 20:02:27.033789,CLO,2107385.jpg,2107385,2,0,NA
2107545_2,2023-01-04 20:02:26.377428,CLO,2107545.jpg,2107545,2,0,NA
2009530_2,2023-01-04 20:02:25.799219,CLO,2009530.jpg,2009530,2,0,NA
2011719_2,2023-01-04 20:02:25.221012,CLO,2011719.jpg,2011719,2,0,NA
2012089_2,2023-01-04 20:02:24.595922,CLO,2012089.jpg,2012089,2,0,NA
2101030_2,2023-01-04 20:02:23.877087,CLO,2101030.jpg,2101030,2,0,NA
2102391_2,2023-01-04 20:02:23.283242,CLO,2102391.jpg,2102391,2,0,NA
2103546_2,2023-01-04 20:02:22.611282,CLO,2103546.jpg,2103546,2,0,NA
2103279_2,2023-01-04 20:02:22.033054,CLO,2103279.jpg,2103279,2,0,NA
2103828_2,2023-01-04 20:02:21.345469,CLO,2103828.jpg,2103828,2,0,NA
2103946_2,2023-01-04 20:02:20.704757,CLO,2103946.jpg,2103946,2,0,NA
2104424_2,2023-01-04 20:02:20.110908,CLO,2104424.jpg,2104424,2,0,NA
2104514_2,2023-01-04 20:02:19.501460,CLO,2104514.jpg,2104514,2,0,NA
2104535_2,2023-01-04 20:02:18.798227,CLO,2104535.jpg,2104535,2,0,NA
2104571_2,2023-01-04 20:02:18.157506,CLO,2104571.jpg,2104571,2,0,NA
2104845_2,2023-01-04 20:02:17.563663,CLO,2104845.jpg,2104845,2,0,NA
2105129_2,2023-01-04 20:02:16.829184,CLO,2105129.jpg,2105129,2,0,NA
2105131_2,2023-01-04 20:02:16.110365,CLO,2105131.jpg,2105131,2,0,NA
2105168_2,2023-01-04 20:02:15.469615,CLO,2105168.jpg,2105168,2,0,NA
2105349_2,2023-01-04 20:02:14.719512,CLO,2105349.jpg,2105349,2,0,NA
2105378_2,2023-01-04 20:02:14.110068,CLO,2105378.jpg,2105378,2,0,NA
2106377_2,2023-01-04 20:02:13.484954,CLO,2106377.jpg,2106377,2,0,NA
2106481_2,2023-01-04 20:02:12.859894,CLO,2106481.jpg,2106481,2,0,NA
2106603_2,2023-01-04 20:02:11.750349,CLO,2106603.jpg,2106603,2,0,NA
2106610_2,2023-01-04 20:02:10.969000,CLO,2106610.jpg,2106610,2,0,NA
2106612_2,2023-01-04 20:02:10.234507,CLO,2106612.jpg,2106612,2,0,NA
2106734_2,2023-01-04 20:02:09.500008,CLO,2106734.jpg,2106734,2,0,NA
2106792_2,2023-01-04 20:02:08.656154,CLO,2106792.jpg,2106792,2,0,NA
2106794_2,2023-01-04 20:02:07.937283,CLO,2106794.jpg,2106794,2,0,NA
2106910_2,2023-01-04 20:02:07.265315,CLO,2106910.jpg,2106910,2,0,NA
2106913_2,2023-01-04 20:02:06.483948,CLO,2106913.jpg,2106913,2,0,NA
2106983_2,2023-01-04 20:02:05.827718,CLO,2106983.jpg,2106983,2,0,NA
2107012_2,2023-01-04 20:02:05.171271,CLO,2107012.jpg,2107012,2,0,NA
2107172_2,2023-01-04 20:02:04.530565,CLO,2107172.jpg,2107172,2,0,NA
2107200_2,2023-01-04 20:02:03.936707,CLO,2107200.jpg,2107200,2,0,NA
2107201_2,2023-01-04 20:02:03.264783,CLO,2107201.jpg,2107201,2,0,NA
2009075_2,2023-01-04 20:02:02.655284,CLO,2009075.jpg,2009075,2,0,NA
2013664_2,2023-01-04 20:02:01.983324,CLO,2013664.jpg,2013664,2,0,NA
2014363_2,2023-01-04 20:02:01.248827,CLO,2014363.jpg,2014363,2,0,NA
2100898_2,2023-01-04 20:02:00.514347,CLO,2100898.jpg,2100898,2,0,NA
2101106_2,2023-01-04 20:01:59.795493,CLO,2101106.jpg,2101106,2,0,NA
2101302_2,2023-01-04 20:01:58.795350,CLO,2101302.jpg,2101302,2,0,NA
2101494_2,2023-01-04 20:01:58.170260,CLO,2101494.jpg,2101494,2,0,NA
2101521_2,2023-01-04 20:01:57.560817,CLO,2101521.jpg,2101521,2,0,NA
2102168_2,2023-01-04 20:01:56.904981,CLO,2102168.jpg,2102168,2,0,NA
2102278_2,2023-01-04 20:01:56.201249,ACC,2102278.jpg,2102278,2,0,NA
2102371_2,2023-01-04 20:01:55.451139,CLO,2102371.jpg,2102371,2,0,NA
2102401_2,2023-01-04 20:01:54.794795,ACC,2102401.jpg,2102401,2,0,NA
2102486_2,2023-01-04 20:01:54.154086,ACC,2102486.jpg,2102486,2,0,NA
2102488_2,2023-01-04 20:01:53.419617,ACC,2102488.jpg,2102488,2,0,NA
2102489_2,2023-01-04 20:01:52.778868,ACC,2102489.jpg,2102489,2,0,NA
2102490_2,2023-01-04 20:01:52.122545,ACC,2102490.jpg,2102490,2,0,NA
2102637_2,2023-01-04 20:01:51.388044,ACC,2102637.jpg,2102637,2,0,NA
2102639_2,2023-01-04 20:01:50.731701,ACC,2102639.jpg,2102639,2,0,NA
2102640_2,2023-01-04 20:01:50.044111,ACC,2102640.jpg,2102640,2,0,NA
2102641_2,2023-01-04 20:01:49.262738,ACC,2102641.jpg,2102641,2,0,NA
2102643_2,2023-01-04 20:01:48.622018,ACC,2102643.jpg,2102643,2,0,NA
2102645_2,2023-01-04 20:01:47.887537,ACC,2102645.jpg,2102645,2,0,NA
2102648_2,2023-01-04 20:01:47.106205,ACC,2102648.jpg,2102648,2,0,NA
2103013_2,2023-01-04 20:01:45.996642,CLO,2103013.jpg,2103013,2,0,NA
2103302_2,2023-01-04 20:01:45.090286,CLO,2103302.jpg,2103302,2,0,NA
2103538_2,2023-01-04 20:01:44.433917,CLO,2103538.jpg,2103538,2,0,NA
2103934_2,2023-01-04 20:01:43.746320,CLO,2103934.jpg,2103934,2,0,NA
2103963_2,2023-01-04 20:01:43.043092,CLO,2103963.jpg,2103963,2,0,NA
2103964_2,2023-01-04 20:01:42.261754,CLO,2103964.jpg,2103964,2,0,NA
2103965_2,2023-01-04 20:01:41.621017,CLO,2103965.jpg,2103965,2,0,NA
2104140_2,2023-01-04 20:01:40.964731,CLO,2104140.jpg,2104140,2,0,NA
2100786_2,2023-01-04 20:01:40.339604,CLO,2100786.jpg,2100786,2,0,NA
2104222_2,2023-01-04 20:01:39.948902,CLO,2104222.jpg,2104222,2,0,NA
2104361_2,2023-01-04 20:01:39.292551,SHO,2104361.jpg,2104361,2,0,NA
2104389_2,2023-01-04 20:01:38.620599,CLO,2104389.jpg,2104389,2,0,NA
2104437_2,2023-01-04 20:01:37.932987,CLO,2104437.jpg,2104437,2,0,NA
2104455_2,2023-01-04 20:01:37.182879,CLO,2104455.jpg,2104455,2,0,NA
2104573_2,2023-01-04 20:01:36.542162,CLO,2104573.jpg,2104573,2,0,NA
2104708_2,2023-01-04 20:01:35.838939,CLO,2104708.jpg,2104708,2,0,NA
2105180_2,2023-01-04 20:01:35.182592,CLO,2105180.jpg,2105180,2,0,NA
2105292_2,2023-01-04 20:01:34.401246,CLO,2105292.jpg,2105292,2,0,NA
2105347_2,2023-01-04 20:01:33.713661,CLO,2105347.jpg,2105347,2,0,NA
2105371_2,2023-01-04 20:01:32.932285,CLO,2105371.jpg,2105371,2,0,NA
2105395_2,2023-01-04 20:01:32.135302,CLO,2105395.jpg,2105395,2,0,NA
2105497_2,2023-01-04 20:01:31.432123,CLO,2105497.jpg,2105497,2,0,NA
2106040_2,2023-01-04 20:01:30.822604,CLO,2106040.jpg,2106040,2,0,NA
2106054_2,2023-01-04 20:01:29.978738,CLO,2106054.jpg,2106054,2,0,NA
2106119_2,2023-01-04 20:01:29.322402,CLO,2106119.jpg,2106119,2,0,NA
2106108_2,2023-01-04 20:01:28.572276,CLO,2106108.jpg,2106108,2,0,NA
2106122_2,2023-01-04 20:01:27.900313,CLO,2106122.jpg,2106122,2,0,NA
2106138_2,2023-01-04 20:01:27.275213,CLO,2106138.jpg,2106138,2,0,NA
2106246_2,2023-01-04 20:01:26.603333,CLO,2106246.jpg,2106246,2,0,NA
2106373_2,2023-01-04 20:01:25.915654,CLO,2106373.jpg,2106373,2,0,NA
2106392_2,2023-01-04 20:01:25.149928,CLO,2106392.jpg,2106392,2,0,NA
2106397_2,2023-01-04 20:01:24.477933,CLO,2106397.jpg,2106397,2,0,NA
2106401_2,2023-01-04 20:01:23.743483,CLO,2106401.jpg,2106401,2,0,NA
2106433_2,2023-01-04 20:01:23.055870,CLO,2106433.jpg,2106433,2,0,NA
2106439_2,2023-01-04 20:01:22.430779,CLO,2106439.jpg,2106439,2,0,NA
2106440_2,2023-01-04 20:01:21.665038,CLO,2106440.jpg,2106440,2,0,NA
2106479_2,2023-01-04 20:01:21.039960,CLO,2106479.jpg,2106479,2,0,NA
2106641_2,2023-01-04 20:01:20.321195,CLO,2106641.jpg,2106641,2,0,NA
2106776_2,2023-01-04 20:01:19.539757,CLO,2106776.jpg,2106776,2,0,NA
2106777_2,2023-01-04 20:01:18.820879,CLO,2106777.jpg,2106777,2,0,NA
2106779_2,2023-01-04 20:01:18.148928,CLO,2106779.jpg,2106779,2,0,NA
2106816_2,2023-01-04 20:01:17.492573,CLO,2106816.jpg,2106816,2,0,NA
2106809_2,2023-01-04 20:01:16.867490,CLO,2106809.jpg,2106809,2,0,NA
2106827_2,2023-01-04 20:01:16.117379,CLO,2106827.jpg,2106827,2,0,NA
2106841_2,2023-01-04 20:01:15.476648,CLO,2106841.jpg,2106841,2,0,NA
2106851_2,2023-01-04 20:01:14.804686,CLO,2106851.jpg,2106851,2,0,NA
2106856_2,2023-01-04 20:01:13.976442,CLO,2106856.jpg,2106856,2,0,NA
2106862_2,2023-01-04 20:01:13.241971,CLO,2106862.jpg,2106862,2,0,NA
2106916_2,2023-01-04 20:01:12.569985,CLO,2106916.jpg,2106916,2,0,NA
2106914_2,2023-01-04 20:01:11.913629,CLO,2106914.jpg,2106914,2,0,NA
2106917_2,2023-01-04 20:01:11.272920,CLO,2106917.jpg,2106917,2,0,NA
2106923_2,2023-01-04 20:01:10.600959,CLO,2106923.jpg,2106923,2,0,NA
2106921_2,2023-01-04 20:01:09.897735,CLO,2106921.jpg,2106921,2,0,NA
2107069_2,2023-01-04 20:01:09.194488,CLO,2107069.jpg,2107069,2,0,NA
2107118_2,2023-01-04 20:01:08.460026,CLO,2107118.jpg,2107118,2,0,NA
2107124_2,2023-01-04 20:01:07.772420,CLO,2107124.jpg,2107124,2,0,NA
2107315_2,2023-01-04 20:01:07.147367,CLO,2107315.jpg,2107315,2,0,NA
2107343_2,2023-01-04 20:01:06.366008,CLO,2107343.jpg,2107343,2,0,NA
2107363_2,2023-01-04 20:01:05.772134,ACC,2107363.jpg,2107363,2,0,NA
2107364_2,2023-01-04 20:01:05.022041,ACC,2107364.jpg,2107364,2,0,NA
2107386_2,2023-01-04 20:01:04.381445,CLO,2107386.jpg,2107386,2,0,NA
2107384_2,2023-01-04 20:01:03.740590,CLO,2107384.jpg,2107384,2,0,NA
2107711_2,2023-01-04 20:01:03.053003,CLO,2107711.jpg,2107711,2,0,NA
1910751_1,2023-01-04 20:01:02.396640,CLO,1910751.jpg,1910751,1,0,NA
1912702_1,2023-01-04 20:01:01.849704,CLO,1912702.jpg,1912702,1,0,NA
2008679_2,2023-01-04 20:01:01.021452,CLO,2008679.jpg,2008679,2,0,NA
2011895_2,2023-01-04 20:00:59.208705,CLO,2011895.jpg,2011895,2,0,NA
2100635_2,2023-01-04 20:00:58.349305,CLO,2100635.jpg,2100635,2,0,NA
2101029_2,2023-01-04 20:00:57.583477,CLO,2101029.jpg,2101029,2,0,NA
2101122_2,2023-01-04 20:00:56.895903,CLO,2101122.jpg,2101122,2,0,NA
2103012_2,2023-01-04 20:00:55.036230,CLO,2103012.jpg,2103012,2,0,NA
2103548_2,2023-01-04 20:00:54.098641,CLO,2103548.jpg,2103548,2,0,NA
2103748_2,2023-01-04 20:00:53.145317,CLO,2103748.jpg,2103748,2,0,NA
2103824_2,2023-01-04 20:00:36.439804,CLO,2103824.jpg,2103824,2,0,NA
2100074_2,2023-01-04 20:00:35.908500,CLO,2100074.jpg,2100074,2,0,NA
2103884_2,2023-01-04 20:00:35.095875,CLO,2103884.jpg,2103884,2,0,NA
2104612_2,2023-01-04 20:00:34.377019,CLO,2104612.jpg,2104612,2,0,NA
2104747_2,2023-01-04 20:00:33.533228,CLO,2104747.jpg,2104747,2,0,NA
2104751_2,2023-01-04 20:00:32.720531,CLO,2104751.jpg,2104751,2,0,NA
2104753_2,2023-01-04 20:00:31.986060,CLO,2104753.jpg,2104753,2,0,NA
2104834_2,2023-01-04 20:00:31.251570,CLO,2104834.jpg,2104834,2,0,NA
2104836_2,2023-01-04 20:00:30.532707,CLO,2104836.jpg,2104836,2,0,NA
2105218_2,2023-01-04 20:00:29.798255,CLO,2105218.jpg,2105218,2,0,NA
2105253_2,2023-01-04 20:00:28.860602,CLO,2105253.jpg,2105253,2,0,NA
2105219_2,2023-01-04 20:00:28.047978,CLO,2105219.jpg,2105219,2,0,NA
2105342_2,2023-01-04 20:00:27.282241,CLO,2105342.jpg,2105342,2,0,NA
2105390_2,2023-01-04 20:00:26.594654,CLO,2105390.jpg,2105390,2,0,NA
2105936_2,2023-01-04 20:00:25.641382,CLO,2105936.jpg,2105936,2,0,NA
2106039_2,2023-01-04 20:00:24.985083,CLO,2106039.jpg,2106039,2,0,NA
2106103_2,2023-01-04 20:00:24.328707,CLO,2106103.jpg,2106103,2,0,NA
2106149_2,2023-01-04 20:00:23.484830,CLO,2106149.jpg,2106149,2,0,NA
2106445_2,2023-01-04 20:00:22.812865,CLO,2106445.jpg,2106445,2,0,NA
2106482_2,2023-01-04 20:00:22.064103,CLO,2106482.jpg,2106482,2,0,NA
2106617_2,2023-01-04 20:00:21.406418,CLO,2106617.jpg,2106617,2,0,NA
2106745_2,2023-01-04 20:00:20.671929,CLO,2106745.jpg,2106745,2,0,NA
2106746_2,2023-01-04 20:00:19.921820,CLO,2106746.jpg,2106746,2,0,NA
2106753_2,2023-01-04 20:00:19.202973,CLO,2106753.jpg,2106753,2,0,NA
2106775_2,2023-01-04 20:00:18.343458,CLO,2106775.jpg,2106775,2,0,NA
2106789_2,2023-01-04 20:00:17.452722,CLO,2106789.jpg,2106789,2,0,NA
2106790_2,2023-01-04 20:00:16.640101,CLO,2106790.jpg,2106790,2,0,NA
2106796_2,2023-01-04 20:00:15.936877,CLO,2106796.jpg,2106796,2,0,NA
2106805_2,2023-01-04 20:00:15.155526,CLO,2106805.jpg,2106805,2,0,NA
2106810_2,2023-01-04 20:00:14.139732,CLO,2106810.jpg,2106810,2,0,NA
2106823_2,2023-01-04 20:00:13.202102,CLO,2106823.jpg,2106823,2,0,NA
2106832_2,2023-01-04 20:00:12.311464,CLO,2106832.jpg,2106832,2,0,NA
2106834_2,2023-01-04 20:00:11.545611,CLO,2106834.jpg,2106834,2,0,NA
2106835_2,2023-01-04 20:00:10.826777,CLO,2106835.jpg,2106835,2,0,NA
2106850_2,2023-01-04 20:00:10.029779,CLO,2106850.jpg,2106850,2,0,NA
2106866_2,2023-01-04 20:00:09.326555,CLO,2106866.jpg,2106866,2,0,NA
2106876_2,2023-01-04 20:00:08.498351,CLO,2106876.jpg,2106876,2,0,NA
2106879_2,2023-01-04 20:00:07.576315,CLO,2106879.jpg,2106879,2,0,NA
2106912_2,2023-01-04 20:00:06.857455,CLO,2106912.jpg,2106912,2,0,NA
2106919_2,2023-01-04 20:00:05.904177,CLO,2106919.jpg,2106919,2,0,NA
2107015_2,2023-01-04 20:00:05.169693,CLO,2107015.jpg,2107015,2,0,NA
2107020_2,2023-01-04 20:00:04.388350,CLO,2107020.jpg,2107020,2,0,NA
2107065_2,2023-01-04 20:00:03.685098,CLO,2107065.jpg,2107065,2,0,NA
2107066_2,2023-01-04 20:00:02.794367,CLO,2107066.jpg,2107066,2,0,NA
2107073_2,2023-01-04 20:00:01.856720,CLO,2107073.jpg,2107073,2,0,NA
2107078_2,2023-01-04 20:00:01.122241,CLO,2107078.jpg,2107078,2,0,NA
2107151_2,2023-01-04 20:00:00.419026,CLO,2107151.jpg,2107151,2,0,NA
2107342_2,2023-01-04 19:59:59.637657,CLO,2107342.jpg,2107342,2,0,NA
2107355_2,2023-01-04 19:59:58.918802,CLO,2107355.jpg,2107355,2,0,NA
2107356_2,2023-01-04 19:59:58.028048,CLO,2107356.jpg,2107356,2,0,NA
2107394_2,2023-01-04 19:59:57.184194,CLO,2107394.jpg,2107394,2,0,NA
2107396_2,2023-01-04 19:59:56.293444,CLO,2107396.jpg,2107396,2,0,NA
2107421_2,2023-01-04 19:59:55.496448,CLO,2107421.jpg,2107421,2,0,NA
2107431_2,2023-01-04 19:59:54.808851,CLO,2107431.jpg,2107431,2,0,NA
2107476_2,2023-01-04 19:59:53.980620,CLO,2107476.jpg,2107476,2,0,NA
2107507_2,2023-01-04 19:59:52.949218,CLO,2107507.jpg,2107507,2,0,NA
2107524_2,2023-01-04 19:59:52.183485,CLO,2107524.jpg,2107524,2,0,NA
2107635_2,2023-01-04 19:59:51.089589,CLO,2107635.jpg,2107635,2,0,NA
2107725_2,2023-01-04 19:59:50.449216,CLO,2107725.jpg,2107725,2,0,NA
2107762_2,2023-01-04 19:59:49.620619,CLO,2107762.jpg,2107762,2,0,NA
2107784_2,2023-01-04 19:59:48.854882,CLO,2107784.jpg,2107784,2,0,NA
2107811_2,2023-01-04 19:59:48.151651,CLO,2107811.jpg,2107811,2,0,NA
2107869_2,2023-01-04 19:59:47.464034,CLO,2107869.jpg,2107869,2,0,NA
2108053_2,2023-01-04 19:59:46.713977,CLO,2108053.jpg,2108053,2,0,NA
2108055_2,2023-01-04 19:59:45.916960,CLO,2108055.jpg,2108055,2,0,NA
1416322_1,2023-01-04 19:59:45.088737,CLO,1416322.jpg,1416322,1,0,NA
1809653_1,2023-01-04 19:59:44.572998,CLO,1809653.jpg,1809653,1,0,NA
1701301_1,2023-01-04 19:58:59.300874,CLO,1701301.jpg,1701301,1,0,NA
2013660_2,2023-01-04 19:58:58.910214,CLO,2013660.jpg,2013660,2,0,NA
1801485_1,2023-01-04 19:58:58.519541,CLO,1801485.jpg,1801485,1,0,NA
1908532_1,2023-01-04 19:58:57.800682,CLO,1908532.jpg,1908532,1,0,NA
2014021_2,2023-01-04 19:58:57.019331,CLO,2014021.jpg,2014021,2,0,NA
2100423_2,2023-01-04 19:58:56.206708,CLO,2100423.jpg,2100423,2,0,NA
2100942_2,2023-01-04 19:58:55.566123,CLO,2100942.jpg,2100942,2,0,NA
2101031_2,2023-01-04 19:58:54.753370,CLO,2101031.jpg,2101031,2,0,NA
2101098_2,2023-01-04 19:58:53.956383,CLO,2101098.jpg,2101098,2,0,NA
2101515_2,2023-01-04 19:58:53.393779,CLO,2101515.jpg,2101515,2,0,NA
2101518_2,2023-01-04 19:58:52.784328,CLO,2101518.jpg,2101518,2,0,NA
2101951_2,2023-01-04 19:58:52.128029,CLO,2101951.jpg,2101951,2,0,NA
2102360_2,2023-01-04 19:58:51.190320,ACC,2102360.jpg,2102360,2,0,NA
2102384_2,2023-01-04 19:58:50.518356,ACC,2102384.jpg,2102384,2,0,NA
2102388_2,2023-01-04 19:58:49.799488,ACC,2102388.jpg,2102388,2,0,NA
2102432_2,2023-01-04 19:58:49.080651,CLO,2102432.jpg,2102432,2,0,NA
2102433_2,2023-01-04 19:58:47.924207,CLO,2102433.jpg,2102433,2,0,NA
2102642_2,2023-01-04 19:58:47.080348,ACC,2102642.jpg,2102642,2,0,NA
2102646_2,2023-01-04 19:58:46.408368,ACC,2102646.jpg,2102646,2,0,NA
2103207_2,2023-01-04 19:58:45.548852,CLO,2103207.jpg,2103207,2,0,NA
2103249_2,2023-01-04 19:58:44.876891,CLO,2103249.jpg,2103249,2,0,NA
2103254_2,2023-01-04 19:58:44.064386,CLO,2103254.jpg,2103254,2,0,NA
2103291_2,2023-01-04 19:58:42.876590,CLO,2103291.jpg,2103291,2,0,NA
2103418_2,2023-01-04 19:58:41.829545,CLO,2103418.jpg,2103418,2,0,NA
2103421_2,2023-01-04 19:58:40.970061,CLO,2103421.jpg,2103421,2,0,NA
2103424_2,2023-01-04 19:58:40.423342,CLO,2103424.jpg,2103424,2,0,NA
2103549_2,2023-01-04 19:58:39.719891,CLO,2103549.jpg,2103549,2,0,NA
2103760_2,2023-01-04 19:58:38.891618,CLO,2103760.jpg,2103760,2,0,NA
2103881_2,2023-01-04 19:58:38.204137,CLO,2103881.jpg,2103881,2,0,NA
2104168_2,2023-01-04 19:58:37.329098,CLO,2104168.jpg,2104168,2,0,NA
2104182_2,2023-01-04 19:58:36.501140,CLO,2104182.jpg,2104182,2,0,NA
2104668_2,2023-01-04 19:58:35.860359,CLO,2104668.jpg,2104668,2,0,NA
2104800_2,2023-01-04 19:58:35.157231,CLO,2104800.jpg,2104800,2,0,NA
2104854_2,2023-01-04 19:58:34.282258,CLO,2104854.jpg,2104854,2,0,NA
2105174_2,2023-01-04 19:58:33.672884,ACC,2105174.jpg,2105174,2,0,NA
2105178_2,2023-01-04 19:58:32.876148,ACC,2105178.jpg,2105178,2,0,NA
2105176_2,2023-01-04 19:58:32.251314,ACC,2105176.jpg,2105176,2,0,NA
2105179_2,2023-01-04 19:58:31.579136,ACC,2105179.jpg,2105179,2,0,NA
2105181_2,2023-01-04 19:58:30.844771,ACC,2105181.jpg,2105181,2,0,NA
2105334_2,2023-01-04 19:58:29.688702,CLO,2105334.jpg,2105334,2,0,NA
2105404_2,2023-01-04 19:58:29.047879,CLO,2105404.jpg,2105404,2,0,NA
2105625_2,2023-01-04 19:58:28.016738,CLO,2105625.jpg,2105625,2,0,NA
2105629_2,2023-01-04 19:58:27.016648,CLO,2105629.jpg,2105629,2,0,NA
2106038_2,2023-01-04 19:58:26.204161,CLO,2106038.jpg,2106038,2,0,NA
2106042_2,2023-01-04 19:58:25.579261,CLO,2106042.jpg,2106042,2,0,NA
2106124_2,2023-01-04 19:58:24.954178,CLO,2106124.jpg,2106124,2,0,NA
2106143_2,2023-01-04 19:58:24.344793,CLO,2106143.jpg,2106143,2,0,NA
2106362_2,2023-01-04 19:58:23.422936,CLO,2106362.jpg,2106362,2,0,NA
2106370_2,2023-01-04 19:58:22.672904,CLO,2106370.jpg,2106370,2,0,NA
2106375_2,2023-01-04 19:58:21.610430,CLO,2106375.jpg,2106375,2,0,NA
2106435_2,2023-01-04 19:58:21.016696,CLO,2106435.jpg,2106435,2,0,NA
2106438_2,2023-01-04 19:58:20.407315,CLO,2106438.jpg,2106438,2,0,NA
2106467_2,2023-01-04 19:58:19.813555,CLO,2106467.jpg,2106467,2,0,NA
2106486_2,2023-01-04 19:58:19.094796,CLO,2106486.jpg,2106486,2,0,NA
2106514_2,2023-01-04 19:58:18.407298,CLO,2106514.jpg,2106514,2,0,NA
2106732_2,2023-01-04 19:58:17.719820,CLO,2106732.jpg,2106732,2,0,NA
2106758_2,2023-01-04 19:58:16.922923,CLO,2106758.jpg,2106758,2,0,NA
2106778_2,2023-01-04 19:58:15.797943,CLO,2106778.jpg,2106778,2,0,NA
2106780_2,2023-01-04 19:58:15.110441,CLO,2106780.jpg,2106780,2,0,NA
2106787_2,2023-01-04 19:58:14.407343,CLO,2106787.jpg,2106787,2,0,NA
2106788_2,2023-01-04 19:58:13.782567,CLO,2106788.jpg,2106788,2,0,NA
2106797_2,2023-01-04 19:58:13.126063,CLO,2106797.jpg,2106797,2,0,NA
2106801_2,2023-01-04 19:58:12.282320,CLO,2106801.jpg,2106801,2,0,NA
2106830_2,2023-01-04 19:58:11.579213,CLO,2106830.jpg,2106830,2,0,NA
2106852_2,2023-01-04 19:58:10.876181,CLO,2106852.jpg,2106852,2,0,NA
2106855_2,2023-01-04 19:58:10.172956,CLO,2106855.jpg,2106855,2,0,NA
2106868_2,2023-01-04 19:58:09.516842,CLO,2106868.jpg,2106868,2,0,NA
2106877_2,2023-01-04 19:58:08.766708,CLO,2106877.jpg,2106877,2,0,NA
2106960_2,2023-01-04 19:58:08.079222,CLO,2106960.jpg,2106960,2,0,NA
2106982_2,2023-01-04 19:58:07.344855,CLO,2106982.jpg,2106982,2,0,NA
2107008_2,2023-01-04 19:58:06.657351,CLO,2107008.jpg,2107008,2,0,NA
2107021_2,2023-01-04 19:58:05.969852,CLO,2107021.jpg,2107021,2,0,NA
2107026_2,2023-01-04 19:58:05.313599,CLO,2107026.jpg,2107026,2,0,NA
2107025_2,2023-01-04 19:58:04.673253,CLO,2107025.jpg,2107025,2,0,NA
2107067_2,2023-01-04 19:58:03.923008,CLO,2107067.jpg,2107067,2,0,NA
2107076_2,2023-01-04 19:58:03.188725,CLO,2107076.jpg,2107076,2,0,NA
2109011_2,2023-01-04 19:58:02.344866,CLO,2109011.jpg,2109011,2,0,NA
2107084_2,2023-01-04 19:58:01.938632,CLO,2107084.jpg,2107084,2,0,NA
2107085_2,2023-01-04 19:58:01.266881,CLO,2107085.jpg,2107085,2,0,NA
2107109_2,2023-01-04 19:58:00.610517,CLO,2107109.jpg,2107109,2,0,NA
2107114_2,2023-01-04 19:57:59.907382,CLO,2107114.jpg,2107114,2,0,NA
2107153_2,2023-01-04 19:57:59.204271,CLO,2107153.jpg,2107153,2,0,NA
2107155_2,2023-01-04 19:57:58.298025,CLO,2107155.jpg,2107155,2,0,NA
2107156_2,2023-01-04 19:57:57.344905,CLO,2107156.jpg,2107156,2,0,NA
2107159_2,2023-01-04 19:57:56.501130,CLO,2107159.jpg,2107159,2,0,NA
2107395_2,2023-01-04 19:57:55.673032,CLO,2107395.jpg,2107395,2,0,NA
2107397_2,2023-01-04 19:57:54.798100,CLO,2107397.jpg,2107397,2,0,NA
2107400_2,2023-01-04 19:57:53.969896,CLO,2107400.jpg,2107400,2,0,NA
2107415_2,2023-01-04 19:57:53.094896,CLO,2107415.jpg,2107415,2,0,NA
2107416_2,2023-01-04 19:57:52.438651,CLO,2107416.jpg,2107416,2,0,NA
2107417_2,2023-01-04 19:57:51.782417,CLO,2107417.jpg,2107417,2,0,NA
2107418_2,2023-01-04 19:57:51.188974,CLO,2107418.jpg,2107418,2,0,NA
2107423_2,2023-01-04 19:57:50.344910,CLO,2107423.jpg,2107423,2,0,NA
2107471_2,2023-01-04 19:57:49.641782,CLO,2107471.jpg,2107471,2,0,NA
2107477_2,2023-01-04 19:57:48.985545,CLO,2107477.jpg,2107477,2,0,NA
2107508_2,2023-01-04 19:57:48.235547,CLO,2107508.jpg,2107508,2,0,NA
2107512_2,2023-01-04 19:57:47.298050,CLO,2107512.jpg,2107512,2,0,NA
2107522_2,2023-01-04 19:57:46.626173,CLO,2107522.jpg,2107522,2,0,NA
2107638_2,2023-01-04 19:57:45.891809,CLO,2107638.jpg,2107638,2,0,NA
2107645_2,2023-01-04 19:57:45.110560,CLO,2107645.jpg,2107645,2,0,NA
2107709_2,2023-01-04 19:57:44.251175,CLO,2107709.jpg,2107709,2,0,NA
2107756_2,2023-01-04 19:57:43.548054,CLO,2107756.jpg,2107756,2,0,NA
2107765_2,2023-01-04 19:57:42.938702,CLO,2107765.jpg,2107765,2,0,NA
2107916_2,2023-01-04 19:57:42.110580,CLO,2107916.jpg,2107916,2,0,NA
2107961_2,2023-01-04 19:57:41.438717,CLO,2107961.jpg,2107961,2,0,NA
2107962_2,2023-01-04 19:57:40.548164,CLO,2107962.jpg,2107962,2,0,NA
2107965_2,2023-01-04 19:57:39.610620,CLO,2107965.jpg,2107965,2,0,NA
2108054_2,2023-01-04 19:57:38.751308,CLO,2108054.jpg,2108054,2,0,NA
2108155_2,2023-01-04 19:57:37.923099,CLO,2108155.jpg,2108155,2,0,NA
2012896_2,2023-01-04 19:57:37.048079,CLO,2012896.jpg,2012896,2,0,NA
2100981_2,2023-01-04 19:57:36.376379,CLO,2100981.jpg,2100981,2,0,NA
2101346_2,2023-01-04 19:57:35.610597,CLO,2101346.jpg,2101346,2,0,NA
2101900_2,2023-01-04 19:57:34.610609,CLO,2101900.jpg,2101900,2,0,NA
2102943_2,2023-01-04 19:57:33.923109,CLO,2102943.jpg,2102943,2,0,NA
2103126_2,2023-01-04 19:57:33.188708,CLO,2103126.jpg,2103126,2,0,NA
2103283_2,2023-01-04 19:57:32.516866,CLO,2103283.jpg,2103283,2,0,NA
2103743_2,2023-01-04 19:57:31.891901,CLO,2103743.jpg,2103743,2,0,NA
2103827_2,2023-01-04 19:57:31.188732,CLO,2103827.jpg,2103827,2,0,NA
2104341_2,2023-01-04 19:57:30.360611,CLO,2104341.jpg,2104341,2,0,NA
2104465_2,2023-01-04 19:57:29.516857,CLO,2104465.jpg,2104465,2,0,NA
2104534_2,2023-01-04 19:57:28.845018,CLO,2104534.jpg,2104534,2,0,NA
2104533_2,2023-01-04 19:57:28.157498,CLO,2104533.jpg,2104533,2,0,NA
2104536_2,2023-01-04 19:57:27.516891,CLO,2104536.jpg,2104536,2,0,NA
2104720_2,2023-01-04 19:57:26.891869,CLO,2104720.jpg,2104720,2,0,NA
2104849_2,2023-01-04 19:57:26.110632,CLO,2104849.jpg,2104849,2,0,NA
2104847_2,2023-01-04 19:57:25.501270,CLO,2104847.jpg,2104847,2,0,NA
2104855_2,2023-01-04 19:57:24.766902,CLO,2104855.jpg,2104855,2,0,NA
2105408_2,2023-01-04 19:57:24.079405,CLO,2105408.jpg,2105408,2,0,NA
2105415_2,2023-01-04 19:57:23.407525,CLO,2105415.jpg,2105415,2,0,NA
2100846_2,2023-01-04 19:57:23.001294,CLO,2100846.jpg,2100846,2,0,NA
2105430_2,2023-01-04 19:57:22.298144,CLO,2105430.jpg,2105430,2,0,NA
2105431_2,2023-01-04 19:57:21.673159,CLO,2105431.jpg,2105431,2,0,NA
2105432_2,2023-01-04 19:57:20.891884,CLO,2105432.jpg,2105432,2,0,NA
2105472_2,2023-01-04 19:57:20.110753,CLO,2105472.jpg,2105472,2,0,NA
2106708_2,2023-01-04 19:57:19.532512,CLO,2106708.jpg,2106708,2,0,NA
2106707_2,2023-01-04 19:57:18.876284,CLO,2106707.jpg,2106707,2,0,NA
2106814_2,2023-01-04 19:57:18.282545,CLO,2106814.jpg,2106814,2,0,NA
2106828_2,2023-01-04 19:57:17.548160,CLO,2106828.jpg,2106828,2,0,NA
2106831_2,2023-01-04 19:57:16.860672,CLO,2106831.jpg,2106831,2,0,NA
2106920_2,2023-01-04 19:57:16.220176,CLO,2106920.jpg,2106920,2,0,NA
2107007_2,2023-01-04 19:57:15.579539,CLO,2107007.jpg,2107007,2,0,NA
2107009_2,2023-01-04 19:57:14.876306,CLO,2107009.jpg,2107009,2,0,NA
2107101_2,2023-01-04 19:57:14.220065,CLO,2107101.jpg,2107101,2,0,NA
2107104_2,2023-01-04 19:57:13.407560,CLO,2107104.jpg,2107104,2,0,NA
2107308_2,2023-01-04 19:57:12.782548,CLO,2107308.jpg,2107308,2,0,NA
2107475_2,2023-01-04 19:57:12.157571,CLO,2107475.jpg,2107475,2,0,NA
2107482_2,2023-01-04 19:57:11.423190,CLO,2107482.jpg,2107482,2,0,NA
2107483_2,2023-01-04 19:57:10.782780,CLO,2107483.jpg,2107483,2,0,NA
2107502_2,2023-01-04 19:57:10.157642,CLO,2107502.jpg,2107502,2,0,NA
2107499_2,2023-01-04 19:57:09.470081,CLO,2107499.jpg,2107499,2,0,NA
2107503_2,2023-01-04 19:57:08.782574,CLO,2107503.jpg,2107503,2,0,NA
2107506_2,2023-01-04 19:57:08.048184,CLO,2107506.jpg,2107506,2,0,NA
2107513_2,2023-01-04 19:57:07.313984,CLO,2107513.jpg,2107513,2,0,NA
2107525_2,2023-01-04 19:57:06.704451,CLO,2107525.jpg,2107525,2,0,NA
2107526_2,2023-01-04 19:57:06.001339,CLO,2107526.jpg,2107526,2,0,NA
2107648_2,2023-01-04 19:57:05.298192,CLO,2107648.jpg,2107648,2,0,NA
2107651_2,2023-01-04 19:57:04.641970,CLO,2107651.jpg,2107651,2,0,NA
2107653_2,2023-01-04 19:57:03.970099,CLO,2107653.jpg,2107653,2,0,NA
2107654_2,2023-01-04 19:57:03.282592,CLO,2107654.jpg,2107654,2,0,NA
2107658_2,2023-01-04 19:57:02.595095,CLO,2107658.jpg,2107658,2,0,NA
2107660_2,2023-01-04 19:57:01.954569,CLO,2107660.jpg,2107660,2,0,NA
2107662_2,2023-01-04 19:57:01.298236,CLO,2107662.jpg,2107662,2,0,NA
2107664_2,2023-01-04 19:57:00.688997,CLO,2107664.jpg,2107664,2,0,NA
2107673_2,2023-01-04 19:57:00.016986,CLO,2107673.jpg,2107673,2,0,NA
2107676_2,2023-01-04 19:56:59.313861,CLO,2107676.jpg,2107676,2,0,NA
2107700_2,2023-01-04 19:56:58.688918,CLO,2107700.jpg,2107700,2,0,NA
2107724_2,2023-01-04 19:56:58.079486,CLO,2107724.jpg,2107724,2,0,NA
2107741_2,2023-01-04 19:56:57.391994,CLO,2107741.jpg,2107741,2,0,NA
2107749_2,2023-01-04 19:56:56.626370,CLO,2107749.jpg,2107749,2,0,NA
2107828_2,2023-01-04 19:56:55.954475,CLO,2107828.jpg,2107828,2,0,NA
2107855_2,2023-01-04 19:56:55.188866,CLO,2107855.jpg,2107855,2,0,NA
2107882_2,2023-01-04 19:56:54.501379,CLO,2107882.jpg,2107882,2,0,NA
2107893_2,2023-01-04 19:56:53.892025,CLO,2107893.jpg,2107893,2,0,NA
2107894_2,2023-01-04 19:56:53.157634,CLO,2107894.jpg,2107894,2,0,NA
2107903_2,2023-01-04 19:56:52.454504,CLO,2107903.jpg,2107903,2,0,NA
2107906_2,2023-01-04 19:56:51.767030,CLO,2107906.jpg,2107906,2,0,NA
2107907_2,2023-01-04 19:56:51.095142,CLO,2107907.jpg,2107907,2,0,NA
2107912_2,2023-01-04 19:56:49.282651,CLO,2107912.jpg,2107912,2,0,NA
2107913_2,2023-01-04 19:56:48.282642,CLO,2107913.jpg,2107913,2,0,NA
2107963_2,2023-01-04 19:56:47.657659,CLO,2107963.jpg,2107963,2,0,NA
2107975_2,2023-01-04 19:56:46.954527,CLO,2107975.jpg,2107975,2,0,NA
2108004_2,2023-01-04 19:56:46.173295,CLO,2108004.jpg,2108004,2,0,NA
2108084_2,2023-01-04 19:56:45.392267,CLO,2108084.jpg,2108084,2,0,NA
2108102_2,2023-01-04 19:56:44.720510,CLO,2108102.jpg,2108102,2,0,NA
2108141_2,2023-01-04 19:56:43.985775,CLO,2108141.jpg,2108141,2,0,NA
2108133_2,2023-01-04 19:56:43.282705,CLO,2108133.jpg,2108133,2,0,NA
2113339_2,2023-01-04 19:56:31.876601,CLO,2113339.jpg,2113339,2,0,NA
2108178_2,2023-01-04 19:56:31.142088,CLO,2108178.jpg,2108178,2,0,NA
2108474_2,2023-01-04 19:56:29.579594,CLO,2108474.jpg,2108474,2,0,NA
2108525_2,2023-01-04 19:56:28.860830,CLO,2108525.jpg,2108525,2,0,NA
2108582_2,2023-01-04 19:56:28.095242,CLO,2108582.jpg,2108582,2,0,NA
2108583_2,2023-01-04 19:56:27.329645,CLO,2108583.jpg,2108583,2,0,NA
2108584_2,2023-01-04 19:56:26.657735,CLO,2108584.jpg,2108584,2,0,NA
2108662_2,2023-01-04 19:56:26.001494,CLO,2108662.jpg,2108662,2,0,NA
1909322_1,2023-01-04 19:56:25.298379,CLO,1909322.jpg,1909322,1,0,NA
2100950_2,2023-01-04 19:56:24.532756,CLO,2100950.jpg,2100950,2,0,NA
2101199_2,2023-01-04 19:56:23.845365,CLO,2101199.jpg,2101199,2,0,NA
2101323_2,2023-01-04 19:56:23.048587,CLO,2101323.jpg,2101323,2,0,NA
2102434_2,2023-01-04 19:56:22.392129,CLO,2102434.jpg,2102434,2,0,NA
2103124_2,2023-01-04 19:56:21.720277,CLO,2103124.jpg,2103124,2,0,NA
2103209_2,2023-01-04 19:56:20.923368,CLO,2103209.jpg,2103209,2,0,NA
2103278_2,2023-01-04 19:56:20.235904,CLO,2103278.jpg,2103278,2,0,NA
2103741_2,2023-01-04 19:56:19.501516,CLO,2103741.jpg,2103741,2,0,NA
2104217_2,2023-01-04 19:56:18.579947,CLO,2104217.jpg,2104217,2,0,NA
2104420_2,2023-01-04 19:56:17.767162,CLO,2104420.jpg,2104420,2,0,NA
2104445_2,2023-01-04 19:56:17.079676,CLO,2104445.jpg,2104445,2,0,NA
2104461_2,2023-01-04 19:56:16.392169,CLO,2104461.jpg,2104461,2,0,NA
2104504_2,2023-01-04 19:56:15.735999,CLO,2104504.jpg,2104504,2,0,NA
2104509_2,2023-01-04 19:56:14.814032,CLO,2104509.jpg,2104509,2,0,NA
2104856_2,2023-01-04 19:56:14.204672,CLO,2104856.jpg,2104856,2,0,NA
2105563_2,2023-01-04 19:56:13.548414,CLO,2105563.jpg,2105563,2,0,NA
2106045_2,2023-01-04 19:56:12.657799,CLO,2106045.jpg,2106045,2,0,NA
2106080_2,2023-01-04 19:56:11.954676,CLO,2106080.jpg,2106080,2,0,NA
2106067_2,2023-01-04 19:56:11.314054,CLO,2106067.jpg,2106067,2,0,NA
2106387_2,2023-01-04 19:56:10.673429,CLO,2106387.jpg,2106387,2,0,NA
2106389_2,2023-01-04 19:56:09.986028,CLO,2106389.jpg,2106389,2,0,NA
2106480_2,2023-01-04 19:56:09.314044,CLO,2106480.jpg,2106480,2,0,NA
2106636_2,2023-01-04 19:56:08.720313,CLO,2106636.jpg,2106636,2,0,NA
2106764_2,2023-01-04 19:56:08.110939,CLO,2106764.jpg,2106764,2,0,NA
2106837_2,2023-01-04 19:56:07.235945,CLO,2106837.jpg,2106837,2,0,NA
2106884_2,2023-01-04 19:56:06.548470,CLO,2106884.jpg,2106884,2,0,NA
2107011_2,2023-01-04 19:56:05.751555,CLO,2107011.jpg,2107011,2,0,NA
2107074_2,2023-01-04 19:56:04.657810,CLO,2107074.jpg,2107074,2,0,NA
2107092_2,2023-01-04 19:56:03.970343,CLO,2107092.jpg,2107092,2,0,NA
2107093_2,2023-01-04 19:56:03.001583,CLO,2107093.jpg,2107093,2,0,NA
2107100_2,2023-01-04 19:56:02.376566,CLO,2107100.jpg,2107100,2,0,NA
2107102_2,2023-01-04 19:56:01.376731,CLO,2107102.jpg,2107102,2,0,NA
2107202_2,2023-01-04 19:56:00.657824,CLO,2107202.jpg,2107202,2,0,NA
2107105_2,2023-01-04 19:55:59.845340,CLO,2107105.jpg,2107105,2,0,NA
2107370_2,2023-01-04 19:55:59.204722,CLO,2107370.jpg,2107370,2,0,NA
2107422_2,2023-01-04 19:55:58.501686,CLO,2107422.jpg,2107422,2,0,NA
2107374_2,2023-01-04 19:55:57.814103,CLO,2107374.jpg,2107374,2,0,NA
2107433_2,2023-01-04 19:55:48.251844,CLO,2107433.jpg,2107433,2,0,NA
2107481_2,2023-01-04 19:55:47.267265,CLO,2107481.jpg,2107481,2,0,NA
2107490_2,2023-01-04 19:55:46.345418,CLO,2107490.jpg,2107490,2,0,NA
2107496_2,2023-01-04 19:55:45.673556,CLO,2107496.jpg,2107496,2,0,NA
2107511_2,2023-01-04 19:55:44.595400,CLO,2107511.jpg,2107511,2,0,NA
2107541_2,2023-01-04 19:55:43.673505,CLO,2107541.jpg,2107541,2,0,NA
2107613_2,2023-01-04 19:55:42.829796,CLO,2107613.jpg,2107613,2,0,NA
2107622_2,2023-01-04 19:55:42.173530,CLO,2107622.jpg,2107622,2,0,NA
2107627_2,2023-01-04 19:55:41.298541,CLO,2107627.jpg,2107627,2,0,NA
2107629_2,2023-01-04 19:55:40.704792,CLO,2107629.jpg,2107629,2,0,NA
2107644_2,2023-01-04 19:55:39.892284,CLO,2107644.jpg,2107644,2,0,NA
2107650_2,2023-01-04 19:55:39.204925,CLO,2107650.jpg,2107650,2,0,NA
2107682_2,2023-01-04 19:55:38.486244,CLO,2107682.jpg,2107682,2,0,NA
2107687_2,2023-01-04 19:55:37.657933,CLO,2107687.jpg,2107687,2,0,NA
2107695_2,2023-01-04 19:55:37.001722,CLO,2107695.jpg,2107695,2,0,NA
2107717_2,2023-01-04 19:55:36.204818,CLO,2107717.jpg,2107717,2,0,NA
2107721_2,2023-01-04 19:55:35.282937,CLO,2107721.jpg,2107721,2,0,NA
2107722_2,2023-01-04 19:55:34.626719,CLO,2107722.jpg,2107722,2,0,NA
2107751_2,2023-01-04 19:55:33.861068,CLO,2107751.jpg,2107751,2,0,NA
2107752_2,2023-01-04 19:55:33.142319,CLO,2107752.jpg,2107752,2,0,NA
2107753_2,2023-01-04 19:55:32.392307,CLO,2107753.jpg,2107753,2,0,NA
2107764_2,2023-01-04 19:55:31.470433,CLO,2107764.jpg,2107764,2,0,NA
2107827_2,2023-01-04 19:55:30.642326,CLO,2107827.jpg,2107827,2,0,NA
2107834_2,2023-01-04 19:55:29.861174,CLO,2107834.jpg,2107834,2,0,NA
2107842_2,2023-01-04 19:55:28.923701,CLO,2107842.jpg,2107842,2,0,NA
2107871_2,2023-01-04 19:55:27.907961,CLO,2107871.jpg,2107871,2,0,NA
2107884_2,2023-01-04 19:55:27.126714,CLO,2107884.jpg,2107884,2,0,NA
2107909_2,2023-01-04 19:55:26.314334,CLO,2107909.jpg,2107909,2,0,NA
2107918_2,2023-01-04 19:55:25.658080,CLO,2107918.jpg,2107918,2,0,NA
2107946_2,2023-01-04 19:55:25.017386,CLO,2107946.jpg,2107946,2,0,NA
2107964_2,2023-01-04 19:55:24.111103,CLO,2107964.jpg,2107964,2,0,NA
2107968_2,2023-01-04 19:55:23.532969,CLO,2107968.jpg,2107968,2,0,NA
2107969_2,2023-01-04 19:55:22.876726,CLO,2107969.jpg,2107969,2,0,NA
2108006_2,2023-01-04 19:55:22.220485,CLO,2108006.jpg,2108006,2,0,NA
2108014_2,2023-01-04 19:55:21.032989,CLO,2108014.jpg,2108014,2,0,NA
2108180_2,2023-01-04 19:55:20.095493,CLO,2108180.jpg,2108180,2,0,NA
2108269_2,2023-01-04 19:55:19.173655,CLO,2108269.jpg,2108269,2,0,NA
2108274_2,2023-01-04 19:55:18.486111,CLO,2108274.jpg,2108274,2,0,NA
2108392_2,2023-01-04 19:55:17.189380,CLO,2108392.jpg,2108392,2,0,NA
2108521_2,2023-01-04 19:55:16.454890,CLO,2108521.jpg,2108521,2,0,NA
2007950_2,2023-01-04 19:55:15.408007,CLO,2007950.jpg,2007950,2,0,NA
1700490_1,2023-01-04 19:55:12.079885,CLO,1700490.jpg,1700490,1,0,NA
2100736_2,2023-01-04 19:55:07.330099,CLO,2100736.jpg,2100736,2,0,NA
2100817_2,2023-01-04 19:55:01.205000,CLO,2100817.jpg,2100817,2,0,NA
2111317_2,2023-01-04 19:54:56.704952,CLO,2111317.jpg,2111317,2,0,NA
2101207_2,2023-01-04 19:54:47.095636,CLO,2101207.jpg,2101207,2,0,NA
2102362_2,2023-01-04 19:54:40.392506,CLO,2102362.jpg,2102362,2,0,NA
2102381_2,2023-01-04 19:54:35.820141,CLO,2102381.jpg,2102381,2,0,NA
2102952_2,2023-01-04 19:54:28.033186,CLO,2102952.jpg,2102952,2,0,NA
2103000_2,2023-01-04 19:54:19.877067,CLO,2103000.jpg,2103000,2,0,NA
2103312_2,2023-01-04 19:54:13.705131,CLO,2103312.jpg,2103312,2,0,NA
2103872_2,2023-01-04 19:54:07.642643,CLO,2103872.jpg,2103872,2,0,NA
2104459_2,2023-01-04 19:54:01.455168,CLO,2104459.jpg,2104459,2,0,NA
2104519_2,2023-01-04 19:53:56.470806,CLO,2104519.jpg,2104519,2,0,NA
2104615_2,2023-01-04 19:53:50.830346,CLO,2104615.jpg,2104615,2,0,NA
2105216_2,2023-01-04 19:53:45.783362,CLO,2105216.jpg,2105216,2,0,NA
2105377_2,2023-01-04 19:53:39.377281,CLO,2105377.jpg,2105377,2,0,NA
2105391_2,2023-01-04 19:53:34.111530,CLO,2105391.jpg,2105391,2,0,NA
2106408_2,2023-01-04 19:53:28.111555,CLO,2106408.jpg,2106408,2,0,NA
2106770_2,2023-01-04 19:53:23.252323,CLO,2106770.jpg,2106770,2,0,NA
2106771_2,2023-01-04 19:53:19.127230,CLO,2106771.jpg,2106771,2,0,NA
2106893_2,2023-01-04 19:53:14.439717,CLO,2106893.jpg,2106893,2,0,NA
2106959_2,2023-01-04 19:53:09.392869,CLO,2106959.jpg,2106959,2,0,NA
2107096_2,2023-01-04 19:53:03.314901,CLO,2107096.jpg,2107096,2,0,NA
2107122_2,2023-01-04 19:52:58.486665,CLO,2107122.jpg,2107122,2,0,NA
2107283_2,2023-01-04 19:52:53.455416,CLO,2107283.jpg,2107283,2,0,NA
2107414_2,2023-01-04 19:52:46.221074,CLO,2107414.jpg,2107414,2,0,NA
2107479_2,2023-01-04 19:52:41.299225,CLO,2107479.jpg,2107479,2,0,NA
2107510_2,2023-01-04 19:52:33.361778,CLO,2107510.jpg,2107510,2,0,NA
2107532_2,2023-01-04 19:52:28.736784,CLO,2107532.jpg,2107532,2,0,NA
2107701_2,2023-01-04 19:52:20.877434,CLO,2107701.jpg,2107701,2,0,NA
2107707_2,2023-01-04 19:52:14.705578,CLO,2107707.jpg,2107707,2,0,NA
2107712_2,2023-01-04 19:52:08.080598,CLO,2107712.jpg,2107712,2,0,NA
2107829_2,2023-01-04 19:52:04.205615,CLO,2107829.jpg,2107829,2,0,NA
2107837_2,2023-01-04 19:52:00.158769,CLO,2107837.jpg,2107837,2,0,NA
2107883_2,2023-01-04 19:51:54.924408,CLO,2107883.jpg,2107883,2,0,NA
2107886_2,2023-01-04 19:51:49.486932,CLO,2107886.jpg,2107886,2,0,NA
2107896_2,2023-01-04 19:51:43.987040,CLO,2107896.jpg,2107896,2,0,NA
2108136_2,2023-01-04 19:51:38.471341,CLO,2108136.jpg,2108136,2,0,NA
2100960_2,2023-01-04 19:51:28.955873,CLO,2100960.jpg,2100960,2,0,NA
2104062_2,2023-01-04 19:51:27.487003,CLO,2104062.jpg,2104062,2,0,NA
2104400_2,2023-01-04 19:51:26.596389,CLO,2104400.jpg,2104400,2,0,NA
2104850_2,2023-01-04 19:51:25.862004,CLO,2104850.jpg,2104850,2,0,NA
2104851_2,2023-01-04 19:51:25.268374,CLO,2104851.jpg,2104851,2,0,NA
2104852_2,2023-01-04 19:51:24.658894,CLO,2104852.jpg,2104852,2,0,NA
2104853_2,2023-01-04 19:51:24.049522,CLO,2104853.jpg,2104853,2,0,NA
2105212_2,2023-01-04 19:51:23.440166,CLO,2105212.jpg,2105212,2,0,NA
2105373_2,2023-01-04 19:51:22.659100,CLO,2105373.jpg,2105373,2,0,NA
2106384_2,2023-01-04 19:51:21.908911,CLO,2106384.jpg,2106384,2,0,NA
2106825_2,2023-01-04 19:51:21.377736,CLO,2106825.jpg,2106825,2,0,NA
2106874_2,2023-01-04 19:51:20.752644,CLO,2106874.jpg,2106874,2,0,NA
2106875_2,2023-01-04 19:51:20.033926,CLO,2106875.jpg,2106875,2,0,NA
2107152_2,2023-01-04 19:51:19.346406,CLO,2107152.jpg,2107152,2,0,NA
2107157_2,2023-01-04 19:51:18.674570,CLO,2107157.jpg,2107157,2,0,NA
2107358_2,2023-01-04 19:51:18.080796,CLO,2107358.jpg,2107358,2,0,NA
2107389_2,2023-01-04 19:51:17.424543,CLO,2107389.jpg,2107389,2,0,NA
2107428_2,2023-01-04 19:51:16.768297,CLO,2107428.jpg,2107428,2,0,NA
2107480_2,2023-01-04 19:50:10.252915,CLO,2107480.jpg,2107480,2,0,NA
2107505_2,2023-01-04 19:48:25.019025,CLO,2107505.jpg,2107505,2,0,NA
2107518_2,2023-01-04 19:48:24.362703,CLO,2107518.jpg,2107518,2,0,NA
2107520_2,2023-01-04 19:48:23.706456,CLO,2107520.jpg,2107520,2,0,NA
2107534_2,2023-01-04 19:48:22.987713,CLO,2107534.jpg,2107534,2,0,NA
2107633_2,2023-01-04 19:48:22.300223,CLO,2107633.jpg,2107633,2,0,NA
2107649_2,2023-01-04 19:48:21.659570,CLO,2107649.jpg,2107649,2,0,NA
2107671_2,2023-01-04 19:48:20.972203,CLO,2107671.jpg,2107671,2,0,NA
2107684_2,2023-01-04 19:48:20.269112,CLO,2107684.jpg,2107684,2,0,NA
2107713_2,2023-01-04 19:48:19.550330,CLO,2107713.jpg,2107713,2,0,NA
2107739_2,2023-01-04 19:48:18.862708,CLO,2107739.jpg,2107739,2,0,NA
2107742_2,2023-01-04 19:48:17.956934,CLO,2107742.jpg,2107742,2,0,NA
2107754_2,2023-01-04 19:48:17.268985,CLO,2107754.jpg,2107754,2,0,NA
2107792_2,2023-01-04 19:48:16.472097,CLO,2107792.jpg,2107792,2,0,NA
2107797_2,2023-01-04 19:48:15.206496,CLO,2107797.jpg,2107797,2,0,NA
2107852_2,2023-01-04 19:48:14.550243,CLO,2107852.jpg,2107852,2,0,NA
2107889_2,2023-01-04 19:48:13.706480,CLO,2107889.jpg,2107889,2,0,NA
2107891_2,2023-01-04 19:48:12.909633,CLO,2107891.jpg,2107891,2,0,NA
2107895_2,2023-01-04 19:48:12.222144,CLO,2107895.jpg,2107895,2,0,NA
2107897_2,2023-01-04 19:48:11.425287,CLO,2107897.jpg,2107897,2,0,NA
2107977_2,2023-01-04 19:48:10.784629,CLO,2107977.jpg,2107977,2,0,NA
2108101_2,2023-01-04 19:48:10.065879,CLO,2108101.jpg,2108101,2,0,NA
2108480_2,2023-01-04 19:48:09.456519,CLO,2108480.jpg,2108480,2,0,NA
1609803_1,2023-01-04 19:48:08.753381,CLO,1609803.jpg,1609803,1,0,NA
2007455_2,2023-01-04 19:48:07.972149,CLO,2007455.jpg,2007455,2,0,NA
2103715_2,2023-01-04 19:48:07.190886,CLO,2103715.jpg,2103715,2,0,NA
2104515_2,2023-01-04 19:48:06.456507,CLO,2104515.jpg,2104515,2,0,NA
2104524_2,2023-01-04 19:48:05.316039,CLO,2104524.jpg,2104524,2,0,NA
2105363_2,2023-01-04 19:48:04.487788,CLO,2105363.jpg,2105363,2,0,NA
2105471_2,2023-01-04 19:48:03.722326,CLO,2105471.jpg,2105471,2,0,NA
2106474_2,2023-01-04 19:48:02.800411,CLO,2106474.jpg,2106474,2,0,NA
2106638_2,2023-01-04 19:48:01.894053,CLO,2106638.jpg,2106638,2,0,NA
2106706_2,2023-01-04 19:48:00.769049,CLO,2106706.jpg,2106706,2,0,NA
2106709_2,2023-01-04 19:47:59.878443,CLO,2106709.jpg,2106709,2,0,NA
2107071_2,2023-01-04 19:47:59.097182,CLO,2107071.jpg,2107071,2,0,NA
2107087_2,2023-01-04 19:47:58.128624,CLO,2107087.jpg,2107087,2,0,NA
2107091_2,2023-01-04 19:47:57.097182,CLO,2107091.jpg,2107091,2,0,NA
2107094_2,2023-01-04 19:47:56.034700,CLO,2107094.jpg,2107094,2,0,NA
2107204_2,2023-01-04 19:47:54.862980,CLO,2107204.jpg,2107204,2,0,NA
2107398_2,2023-01-04 19:47:53.894074,CLO,2107398.jpg,2107398,2,0,NA
2107399_2,2023-01-04 19:47:53.112834,CLO,2107399.jpg,2107399,2,0,NA
2107543_2,2023-01-04 19:47:52.331643,CLO,2107543.jpg,2107543,2,0,NA
2107546_2,2023-01-04 19:47:51.503467,CLO,2107546.jpg,2107546,2,0,NA
2107548_2,2023-01-04 19:47:50.565959,CLO,2107548.jpg,2107548,2,0,NA
2107656_2,2023-01-04 19:47:49.706596,CLO,2107656.jpg,2107656,2,0,NA
2107657_2,2023-01-04 19:47:48.862828,CLO,2107657.jpg,2107657,2,0,NA
2107663_2,2023-01-04 19:47:48.081595,CLO,2107663.jpg,2107663,2,0,NA
2107690_2,2023-01-04 19:47:47.112954,CLO,2107690.jpg,2107690,2,0,NA
2107830_2,2023-01-04 19:47:46.300358,CLO,2107830.jpg,2107830,2,0,NA
2107836_2,2023-01-04 19:47:45.456598,CLO,2107836.jpg,2107836,2,0,NA
2107838_2,2023-01-04 19:47:44.097235,CLO,2107838.jpg,2107838,2,0,NA
2107888_2,2023-01-04 19:47:43.253477,CLO,2107888.jpg,2107888,2,0,NA
2107901_2,2023-01-04 19:47:42.503495,CLO,2107901.jpg,2107901,2,0,NA
2107905_2,2023-01-04 19:47:41.566004,CLO,2107905.jpg,2107905,2,0,NA
2107949_2,2023-01-04 19:47:40.769127,CLO,2107949.jpg,2107949,2,0,NA
2107950_2,2023-01-04 19:47:39.862937,CLO,2107950.jpg,2107950,2,0,NA
2107951_2,2023-01-04 19:47:38.894131,CLO,2107951.jpg,2107951,2,0,NA
2107952_2,2023-01-04 19:47:37.894126,CLO,2107952.jpg,2107952,2,0,NA
2107956_2,2023-01-04 19:47:37.019136,CLO,2107956.jpg,2107956,2,0,NA
2107960_2,2023-01-04 19:47:36.175506,CLO,2107960.jpg,2107960,2,0,NA
2107974_2,2023-01-04 19:47:35.425412,CLO,2107974.jpg,2107974,2,0,NA
2108106_2,2023-01-04 19:47:34.487884,CLO,2108106.jpg,2108106,2,0,NA
2108119_2,2023-01-04 19:47:33.675396,CLO,2108119.jpg,2108119,2,0,NA
2108124_2,2023-01-04 19:47:32.644165,CLO,2108124.jpg,2108124,2,0,NA
2108135_2,2023-01-04 19:47:31.863173,CLO,2108135.jpg,2108135,2,0,NA
2108143_2,2023-01-04 19:47:31.097283,CLO,2108143.jpg,2108143,2,0,NA
2108145_2,2023-01-04 19:47:30.237969,CLO,2108145.jpg,2108145,2,0,NA
2108188_2,2023-01-04 19:47:29.362904,CLO,2108188.jpg,2108188,2,0,NA
2108189_2,2023-01-04 19:47:28.441046,CLO,2108189.jpg,2108189,2,0,NA
2108255_2,2023-01-04 19:47:27.691157,CLO,2108255.jpg,2108255,2,0,NA
2108455_2,2023-01-04 19:47:26.831942,CLO,2108455.jpg,2108455,2,0,NA
2108459_2,2023-01-04 19:47:25.956702,CLO,2108459.jpg,2108459,2,0,NA
2108529_2,2023-01-04 19:47:25.128563,CLO,2108529.jpg,2108529,2,0,NA
2108666_2,2023-01-04 19:47:24.331844,CLO,2108666.jpg,2108666,2,0,NA
2108869_2,2023-01-04 19:47:23.503566,CLO,2108869.jpg,2108869,2,0,NA
2006101_2,2023-01-04 19:47:22.691059,CLO,2006101.jpg,2006101,2,0,NA
2104763_2,2023-01-04 19:47:21.534817,CLO,2104763.jpg,2104763,2,0,NA
2105134_2,2023-01-04 19:47:20.644282,ACC,2105134.jpg,2105134,2,0,NA
2105142_2,2023-01-04 19:47:19.769207,ACC,2105142.jpg,2105142,2,0,NA
2105560_2,2023-01-04 19:47:18.659820,CLO,2105560.jpg,2105560,2,0,NA
2105582_2,2023-01-04 19:47:17.503592,CLO,2105582.jpg,2105582,2,0,NA
2106896_2,2023-01-04 19:47:16.753581,CLO,2106896.jpg,2106896,2,0,NA
2106957_2,2023-01-04 19:47:15.894213,CLO,2106957.jpg,2106957,2,0,NA
2106958_2,2023-01-04 19:47:14.987970,CLO,2106958.jpg,2106958,2,0,NA
2106988_2,2023-01-04 19:47:13.909850,ACC,2106988.jpg,2106988,2,0,NA
2107022_2,2023-01-04 19:47:12.956877,CLO,2107022.jpg,2107022,2,0,NA
2107072_2,2023-01-04 19:47:12.128619,CLO,2107072.jpg,2107072,2,0,NA
2107077_2,2023-01-04 19:47:11.253608,CLO,2107077.jpg,2107077,2,0,NA
2107099_2,2023-01-04 19:47:10.222368,CLO,2107099.jpg,2107099,2,0,NA
2107276_2,2023-01-04 19:47:09.425491,CLO,2107276.jpg,2107276,2,0,NA
2107277_2,2023-01-04 19:47:08.519245,CLO,2107277.jpg,2107277,2,0,NA
2107278_2,2023-01-04 19:47:07.722378,CLO,2107278.jpg,2107278,2,0,NA
2107388_2,2023-01-04 19:47:06.753625,CLO,2107388.jpg,2107388,2,0,NA
2107419_2,2023-01-04 19:47:05.847493,CLO,2107419.jpg,2107419,2,0,NA
2107693_2,2023-01-04 19:47:04.987987,CLO,2107693.jpg,2107693,2,0,NA
2107731_2,2023-01-04 19:47:04.128641,CLO,2107731.jpg,2107731,2,0,NA
2107735_2,2023-01-04 19:47:03.097390,CLO,2107735.jpg,2107735,2,0,NA
2107755_2,2023-01-04 19:47:02.347397,CLO,2107755.jpg,2107755,2,0,NA
2107881_2,2023-01-04 19:47:01.503644,CLO,2107881.jpg,2107881,2,0,NA
2107908_2,2023-01-04 19:47:00.659892,CLO,2107908.jpg,2107908,2,0,NA
2108013_2,2023-01-04 19:46:59.738031,CLO,2108013.jpg,2108013,2,0,NA
2108050_2,2023-01-04 19:46:58.784910,CLO,2108050.jpg,2108050,2,0,NA
2108103_2,2023-01-04 19:46:57.847416,CLO,2108103.jpg,2108103,2,0,NA
2108104_2,2023-01-04 19:46:57.050541,CLO,2108104.jpg,2108104,2,0,NA
2108108_2,2023-01-04 19:46:56.191183,CLO,2108108.jpg,2108108,2,0,NA
2108125_2,2023-01-04 19:46:55.410043,CLO,2108125.jpg,2108125,2,0,NA
2108127_2,2023-01-04 19:46:54.613148,CLO,2108127.jpg,2108127,2,0,NA
2108130_2,2023-01-04 19:46:53.659917,CLO,2108130.jpg,2108130,2,0,NA
2108131_2,2023-01-04 19:46:52.831810,CLO,2108131.jpg,2108131,2,0,NA
2108144_2,2023-01-04 19:46:52.019300,CLO,2108144.jpg,2108144,2,0,NA
2108151_2,2023-01-04 19:46:51.097440,CLO,2108151.jpg,2108151,2,0,NA
2108152_2,2023-01-04 19:46:50.222437,CLO,2108152.jpg,2108152,2,0,NA
2108153_2,2023-01-04 19:46:49.316217,CLO,2108153.jpg,2108153,2,0,NA
2108170_2,2023-01-04 19:46:48.503702,CLO,2108170.jpg,2108170,2,0,NA
2108213_2,2023-01-04 19:46:47.628707,CLO,2108213.jpg,2108213,2,0,NA
2108214_2,2023-01-04 19:46:46.847563,CLO,2108214.jpg,2108214,2,0,NA
2108222_2,2023-01-04 19:46:45.972449,CLO,2108222.jpg,2108222,2,0,NA
2108232_2,2023-01-04 19:46:44.988101,CLO,2108232.jpg,2108232,2,0,NA
2108275_2,2023-01-04 19:46:44.097601,CLO,2108275.jpg,2108275,2,0,NA
2108383_2,2023-01-04 19:46:43.300591,CLO,2108383.jpg,2108383,2,0,NA
2108384_2,2023-01-04 19:46:42.519504,CLO,2108384.jpg,2108384,2,0,NA
2108496_2,2023-01-04 19:46:41.675598,CLO,2108496.jpg,2108496,2,0,NA
2108499_2,2023-01-04 19:46:40.347476,CLO,2108499.jpg,2108499,2,0,NA
2108522_2,2023-01-04 19:46:39.472477,CLO,2108522.jpg,2108522,2,0,NA
2108523_2,2023-01-04 19:46:38.597485,CLO,2108523.jpg,2108523,2,0,NA
2108623_2,2023-01-04 19:46:37.831956,CLO,2108623.jpg,2108623,2,0,NA
2108624_2,2023-01-04 19:46:36.941231,CLO,2108624.jpg,2108624,2,0,NA
2108625_2,2023-01-04 19:46:36.206875,CLO,2108625.jpg,2108625,2,0,NA
2108644_2,2023-01-04 19:46:35.269377,CLO,2108644.jpg,2108644,2,0,NA
2108652_2,2023-01-04 19:46:34.472603,CLO,2108652.jpg,2108652,2,0,NA
2108656_2,2023-01-04 19:46:33.472494,CLO,2108656.jpg,2108656,2,0,NA
2108659_2,2023-01-04 19:46:32.613151,CLO,2108659.jpg,2108659,2,0,NA
2108885_2,2023-01-04 19:46:31.691269,CLO,2108885.jpg,2108885,2,0,NA
2108951_2,2023-01-04 19:46:30.785009,CLO,2108951.jpg,2108951,2,0,NA
2109119_2,2023-01-04 19:46:29.831893,CLO,2109119.jpg,2109119,2,0,NA
2109124_2,2023-01-04 19:46:28.972546,CLO,2109124.jpg,2109124,2,0,NA
2109125_2,2023-01-04 19:46:28.035087,CLO,2109125.jpg,2109125,2,0,NA
2109129_2,2023-01-04 19:46:27.253767,CLO,2109129.jpg,2109129,2,0,NA
2109134_2,2023-01-04 19:46:26.410040,CLO,2109134.jpg,2109134,2,0,NA
2109143_2,2023-01-04 19:46:25.581911,CLO,2109143.jpg,2109143,2,0,NA
2109144_2,2023-01-04 19:46:24.628795,CLO,2109144.jpg,2109144,2,0,NA
2109145_2,2023-01-04 19:46:23.785068,CLO,2109145.jpg,2109145,2,0,NA
2109149_2,2023-01-04 19:46:22.894709,CLO,2109149.jpg,2109149,2,0,NA
2109152_2,2023-01-04 19:46:21.863177,CLO,2109152.jpg,2109152,2,0,NA
2109163_2,2023-01-04 19:46:21.003795,CLO,2109163.jpg,2109163,2,0,NA
2109164_2,2023-01-04 19:46:20.144447,CLO,2109164.jpg,2109164,2,0,NA
1805244_1,2023-01-04 19:46:19.300675,CLO,1805244.jpg,1805244,1,0,NA
1910258_1,2023-01-04 19:46:18.660063,CLO,1910258.jpg,1910258,1,0,NA
2101456_2,2023-01-04 19:46:18.035076,CLO,2101456.jpg,2101456,2,0,NA
2101462_2,2023-01-04 19:46:16.972548,CLO,2101462.jpg,2101462,2,0,NA
2102287_2,2023-01-04 19:46:16.206955,CLO,2102287.jpg,2102287,2,0,NA
2102403_2,2023-01-04 19:46:15.519440,CLO,2102403.jpg,2102403,2,0,NA
2102897_2,2023-01-04 19:46:14.753823,CLO,2102897.jpg,2102897,2,0,NA
2103763_2,2023-01-04 19:46:14.035080,CLO,2103763.jpg,2103763,2,0,NA
2103967_2,2023-01-04 19:46:13.331981,CLO,2103967.jpg,2103967,2,0,NA
2104220_2,2023-01-04 19:46:12.660086,CLO,2104220.jpg,2104220,2,0,NA
2104219_2,2023-01-04 19:46:11.894526,CLO,2104219.jpg,2104219,2,0,NA
2101447_2,2023-01-04 19:46:11.441343,CLO,2101447.jpg,2101447,2,0,NA
2104393_2,2023-01-04 19:46:10.785095,CLO,2104393.jpg,2104393,2,0,NA
2104538_2,2023-01-04 19:46:09.800721,CLO,2104538.jpg,2104538,2,0,NA
2104674_2,2023-01-04 19:46:09.081975,CLO,2104674.jpg,2104674,2,0,NA
2104677_2,2023-01-04 19:46:08.363224,CLO,2104677.jpg,2104677,2,0,NA
2104848_2,2023-01-04 19:46:07.238235,CLO,2104848.jpg,2104848,2,0,NA
2105009_2,2023-01-04 19:46:06.535120,CLO,2105009.jpg,2105009,2,0,NA
2103239_2,2023-01-04 19:46:06.144728,CLO,2103239.jpg,2103239,2,0,NA
2105153_2,2023-01-04 19:46:05.581992,CLO,2105153.jpg,2105153,2,0,NA
2105559_2,2023-01-04 19:46:04.863250,CLO,2105559.jpg,2105559,2,0,NA
2105561_2,2023-01-04 19:46:04.207121,CLO,2105561.jpg,2105561,2,0,NA
2106390_2,2023-01-04 19:46:03.503867,CLO,2106390.jpg,2106390,2,0,NA
2106477_2,2023-01-04 19:46:02.863240,CLO,2106477.jpg,2106477,2,0,NA
2106639_2,2023-01-04 19:46:02.207020,CLO,2106639.jpg,2106639,2,0,NA
2106873_2,2023-01-04 19:46:01.550750,CLO,2106873.jpg,2106873,2,0,NA
2106881_2,2023-01-04 19:46:00.894508,CLO,2106881.jpg,2106881,2,0,NA
2107478_2,2023-01-04 19:46:00.253982,CLO,2107478.jpg,2107478,2,0,NA
2107533_2,2023-01-04 19:45:59.566383,CLO,2107533.jpg,2107533,2,0,NA
2107655_2,2023-01-04 19:45:58.941405,CLO,2107655.jpg,2107655,2,0,NA
2107670_2,2023-01-04 19:45:58.238288,CLO,2107670.jpg,2107670,2,0,NA
2107672_2,2023-01-04 19:45:57.472632,CLO,2107672.jpg,2107672,2,0,NA
2107708_2,2023-01-04 19:45:56.816395,CLO,2107708.jpg,2107708,2,0,NA
2107715_2,2023-01-04 19:45:56.207018,CLO,2107715.jpg,2107715,2,0,NA
2107831_2,2023-01-04 19:45:55.441401,CLO,2107831.jpg,2107831,2,0,NA
2107835_2,2023-01-04 19:45:54.691417,CLO,2107835.jpg,2107835,2,0,NA
2107851_2,2023-01-04 19:45:54.035224,CLO,2107851.jpg,2107851,2,0,NA
2107874_2,2023-01-04 19:45:53.332066,CLO,2107874.jpg,2107874,2,0,NA
2107875_2,2023-01-04 19:45:52.660187,CLO,2107875.jpg,2107875,2,0,NA
2107890_2,2023-01-04 19:45:51.832042,CLO,2107890.jpg,2107890,2,0,NA
2107970_2,2023-01-04 19:45:51.160161,CLO,2107970.jpg,2107970,2,0,NA
2107971_2,2023-01-04 19:45:50.457042,CLO,2107971.jpg,2107971,2,0,NA
2107981_2,2023-01-04 19:45:49.738297,CLO,2107981.jpg,2107981,2,0,NA
2107983_2,2023-01-04 19:45:49.082055,CLO,2107983.jpg,2107983,2,0,NA
2108005_2,2023-01-04 19:45:48.191431,CLO,2108005.jpg,2108005,2,0,NA
2108007_2,2023-01-04 19:45:47.160184,CLO,2108007.jpg,2108007,2,0,NA
2108016_2,2023-01-04 19:45:46.472686,CLO,2108016.jpg,2108016,2,0,NA
2108047_2,2023-01-04 19:45:45.801041,CLO,2108047.jpg,2108047,2,0,NA
2108070_2,2023-01-04 19:45:44.925893,CLO,2108070.jpg,2108070,2,0,NA
2108122_2,2023-01-04 19:45:44.097703,CLO,2108122.jpg,2108122,2,0,NA
2108123_2,2023-01-04 19:45:43.441439,CLO,2108123.jpg,2108123,2,0,NA
2108132_2,2023-01-04 19:45:42.707072,CLO,2108132.jpg,2108132,2,0,NA
2108134_2,2023-01-04 19:45:42.035215,CLO,2108134.jpg,2108134,2,0,NA
2108137_2,2023-01-04 19:45:41.238331,CLO,2108137.jpg,2108137,2,0,NA
2108138_2,2023-01-04 19:45:40.519580,CLO,2108138.jpg,2108138,2,0,NA
2108147_2,2023-01-04 19:45:39.738473,CLO,2108147.jpg,2108147,2,0,NA
2108154_2,2023-01-04 19:45:39.019610,CLO,2108154.jpg,2108154,2,0,NA
2108256_2,2023-01-04 19:45:38.379212,CLO,2108256.jpg,2108256,2,0,NA
2108467_2,2023-01-04 19:45:37.660221,CLO,2108467.jpg,2108467,2,0,NA
2108453_2,2023-01-04 19:45:37.003968,CLO,2108453.jpg,2108453,2,0,NA
2108471_2,2023-01-04 19:45:36.285241,CLO,2108471.jpg,2108471,2,0,NA
2108473_2,2023-01-04 19:45:35.644603,CLO,2108473.jpg,2108473,2,0,NA
2108501_2,2023-01-04 19:45:34.988364,CLO,2108501.jpg,2108501,2,0,NA
2108520_2,2023-01-04 19:45:34.316484,CLO,2108520.jpg,2108520,2,0,NA
2108528_2,2023-01-04 19:45:33.582097,CLO,2108528.jpg,2108528,2,0,NA
2108530_2,2023-01-04 19:45:32.941487,CLO,2108530.jpg,2108530,2,0,NA
2108531_2,2023-01-04 19:45:32.222742,CLO,2108531.jpg,2108531,2,0,NA
2108557_2,2023-01-04 19:45:31.566588,CLO,2108557.jpg,2108557,2,0,NA
2108558_2,2023-01-04 19:45:30.879010,CLO,2108558.jpg,2108558,2,0,NA
2108629_2,2023-01-04 19:45:30.175861,CLO,2108629.jpg,2108629,2,0,NA
2108630_2,2023-01-04 19:45:29.347843,CLO,2108630.jpg,2108630,2,0,NA
2108634_2,2023-01-04 19:45:28.691501,CLO,2108634.jpg,2108634,2,0,NA
2108642_2,2023-01-04 19:45:28.019646,CLO,2108642.jpg,2108642,2,0,NA
2108646_2,2023-01-04 19:45:27.441509,CLO,2108646.jpg,2108646,2,0,NA
2108647_2,2023-01-04 19:45:26.769645,CLO,2108647.jpg,2108647,2,0,NA
2108653_2,2023-01-04 19:45:25.613388,CLO,2108653.jpg,2108653,2,0,NA
2108657_2,2023-01-04 19:45:24.863402,CLO,2108657.jpg,2108657,2,0,NA
2108668_2,2023-01-04 19:45:24.097805,CLO,2108668.jpg,2108668,2,0,NA
2108669_2,2023-01-04 19:45:23.332155,CLO,2108669.jpg,2108669,2,0,NA
2108671_2,2023-01-04 19:45:22.675910,CLO,2108671.jpg,2108671,2,0,NA
2108674_2,2023-01-04 19:45:21.894661,CLO,2108674.jpg,2108674,2,0,NA
2108675_2,2023-01-04 19:45:21.207286,CLO,2108675.jpg,2108675,2,0,NA
2108684_2,2023-01-04 19:45:20.129026,CLO,2108684.jpg,2108684,2,0,NA
2108897_2,2023-01-04 19:45:19.457156,CLO,2108897.jpg,2108897,2,0,NA
2109139_2,2023-01-04 19:45:18.754041,CLO,2109139.jpg,2109139,2,0,NA
2108938_2,2023-01-04 19:45:18.097782,CLO,2108938.jpg,2108938,2,0,NA
2109142_2,2023-01-04 19:45:17.300920,CLO,2109142.jpg,2109142,2,0,NA
2109046_2,2023-01-04 19:45:16.644789,ACC,2109046.jpg,2109046,2,0,NA
2014057_2,2023-01-04 19:45:16.019851,BEAUTY,2014057.jpg,2014057,2,0,NA
2101677_2,2023-01-04 19:45:15.441544,JEW,2101677.jpg,2101677,2,0,NA
2101989_2,2023-01-04 19:45:14.801008,ACC,2101989.jpg,2101989,2,0,NA
2108461_2,2023-01-04 19:45:14.175924,BEAUTY,2108461.jpg,2108461,2,0,NA
2105128_2,2023-01-04 19:45:13.504061,ACC,2105128.jpg,2105128,2,0,NA
2106029_2,2023-01-04 19:45:12.832194,JEW,2106029.jpg,2106029,2,0,NA
2104470_2,2023-01-04 19:45:12.129075,JEW,2104470.jpg,2104470,2,0,NA
1804832_1,2023-01-04 19:45:11.457186,JEW,1804832.jpg,1804832,1,0,NA
2102580_2,2023-01-04 19:45:10.769700,JEW,2102580.jpg,2102580,2,0,NA
2109879_2,2023-01-04 19:45:10.129229,BEAUTY,2109879.jpg,2109879,2,0,NA
2103844_2,2023-01-04 19:45:09.410562,JEW,2103844.jpg,2103844,2,0,NA
2108456_2,2023-01-04 19:45:08.785354,BEAUTY,2108456.jpg,2108456,2,0,NA
2014772_2,2023-01-04 19:45:08.113643,ACC,2014772.jpg,2014772,2,0,NA
2109105_2,2023-01-04 19:45:07.472982,ACC,2109105.jpg,2109105,2,0,NA
2103132_2,2023-01-04 19:45:06.785498,JEW,2103132.jpg,2103132,2,0,NA
2109883_2,2023-01-04 19:45:06.144721,BEAUTY,2109883.jpg,2109883,2,0,NA
2109878_2,2023-01-04 19:45:05.410515,BEAUTY,2109878.jpg,2109878,2,0,NA
2106473_2,2023-01-04 19:45:04.769744,BEAUTY,2106473.jpg,2106473,2,0,NA
2101787_2,2023-01-04 19:45:04.129120,JEW,2101787.jpg,2101787,2,0,NA
2109804_2,2023-01-04 19:45:03.457250,ACC,2109804.jpg,2109804,2,0,NA
2101550_2,2023-01-04 19:45:02.754095,JEW,2101550.jpg,2101550,2,0,NA
2104342_2,2023-01-04 19:45:02.269730,JEW,2104342.jpg,2104342,2,0,NA
2105568_2,2023-01-04 19:45:01.785335,JEW,2105568.jpg,2105568,2,0,NA
2108056_2,2023-01-04 19:45:01.082232,BEAUTY,2108056.jpg,2108056,2,0,NA
2108428_2,2023-01-04 19:45:00.425964,ACC,2108428.jpg,2108428,2,0,NA
2110116_2,2023-01-04 19:44:59.785374,ACC,2110116.jpg,2110116,2,0,NA
2110111_2,2023-01-04 19:44:59.144744,ACC,2110111.jpg,2110111,2,0,NA
2103821_2,2023-01-04 19:44:58.473040,JEW,2103821.jpg,2103821,2,0,NA
2106178_2,2023-01-04 19:44:57.769746,JEW,2106178.jpg,2106178,2,0,NA
2103822_2,2023-01-04 19:44:57.066611,JEW,2103822.jpg,2103822,2,0,NA
2101823_2,2023-01-04 19:44:56.301121,JEW,2101823.jpg,2101823,2,0,NA
2109882_2,2023-01-04 19:44:55.613505,BEAUTY,2109882.jpg,2109882,2,0,NA
2105832_2,2023-01-04 19:44:54.957264,ACC,2105832.jpg,2105832,2,0,NA
2106186_2,2023-01-04 19:44:54.316638,JEW,2106186.jpg,2106186,2,0,NA
2103818_2,2023-01-04 19:44:53.582246,JEW,2103818.jpg,2103818,2,0,NA
2101789_2,2023-01-04 19:44:52.910390,JEW,2101789.jpg,2101789,2,0,NA
2106172_2,2023-01-04 19:44:52.222885,JEW,2106172.jpg,2106172,2,0,NA
2101795_2,2023-01-04 19:44:51.129159,JEW,2101795.jpg,2101795,2,0,NA
2103817_2,2023-01-04 19:44:50.394793,JEW,2103817.jpg,2103817,2,0,NA
2101968_2,2023-01-04 19:44:49.769783,JEW,2101968.jpg,2101968,2,0,NA
2106180_2,2023-01-04 19:44:49.082277,JEW,2106180.jpg,2106180,2,0,NA
2106543_2,2023-01-04 19:44:48.472916,BEAUTY,2106543.jpg,2106543,2,0,NA
2103820_2,2023-01-04 19:44:47.754160,JEW,2103820.jpg,2103820,2,0,NA
2103819_2,2023-01-04 19:44:47.082464,JEW,2103819.jpg,2103819,2,0,NA
2106170_2,2023-01-04 19:44:46.379167,JEW,2106170.jpg,2106170,2,0,NA
2103862_2,2023-01-04 19:44:45.582291,JEW,2103862.jpg,2103862,2,0,NA
2103860_2,2023-01-04 19:44:44.957307,JEW,2103860.jpg,2103860,2,0,NA
2103914_2,2023-01-04 19:44:44.332307,JEW,2103914.jpg,2103914,2,0,NA
2110121_2,2023-01-04 19:44:43.660534,ACC,2110121.jpg,2110121,2,0,NA
2013386_2,2023-01-04 19:44:42.972941,JEW,2013386.jpg,2013386,2,0,NA
2005782_2,2023-01-04 19:44:42.301127,CLO,2005782.jpg,2005782,2,0,NA
2101186_2,2023-01-04 19:44:41.613644,CLO,2101186.jpg,2101186,2,0,NA
2103309_2,2023-01-04 19:44:40.722921,CLO,2103309.jpg,2103309,2,0,NA
2103313_2,2023-01-04 19:44:39.769791,CLO,2103313.jpg,2103313,2,0,NA
2103316_2,2023-01-04 19:44:38.894907,CLO,2103316.jpg,2103316,2,0,NA
2103624_2,2023-01-04 19:44:38.097932,CLO,2103624.jpg,2103624,2,0,NA
2106637_2,2023-01-04 19:44:37.379212,CLO,2106637.jpg,2106637,2,0,NA
2106821_2,2023-01-04 19:44:36.644857,CLO,2106821.jpg,2106821,2,0,NA
2106943_2,2023-01-04 19:44:35.910444,CLO,2106943.jpg,2106943,2,0,NA
2107031_2,2023-01-04 19:44:35.176078,CLO,2107031.jpg,2107031,2,0,NA
2107034_2,2023-01-04 19:44:34.363589,CLO,2107034.jpg,2107034,2,0,NA
2107041_2,2023-01-04 19:44:33.551271,CLO,2107041.jpg,2107041,2,0,NA
2107387_2,2023-01-04 19:44:32.832479,CLO,2107387.jpg,2107387,2,0,NA
2107484_2,2023-01-04 19:44:32.176331,CLO,2107484.jpg,2107484,2,0,NA
2107516_2,2023-01-04 19:44:31.472984,CLO,2107516.jpg,2107516,2,0,NA
2107530_2,2023-01-04 19:44:30.769841,CLO,2107530.jpg,2107530,2,0,NA
2107542_2,2023-01-04 19:44:30.113630,CLO,2107542.jpg,2107542,2,0,NA
2107550_2,2023-01-04 19:44:29.238601,CLO,2107550.jpg,2107550,2,0,NA
2107798_2,2023-01-04 19:44:28.472997,CLO,2107798.jpg,2107798,2,0,NA
2107819_2,2023-01-04 19:44:27.629235,CLO,2107819.jpg,2107819,2,0,NA
2107821_2,2023-01-04 19:44:26.879240,CLO,2107821.jpg,2107821,2,0,NA
2107822_2,2023-01-04 19:44:26.160485,CLO,2107822.jpg,2107822,2,0,NA
2107824_2,2023-01-04 19:44:25.488634,CLO,2107824.jpg,2107824,2,0,NA
2107914_2,2023-01-04 19:44:24.691740,CLO,2107914.jpg,2107914,2,0,NA
2107915_2,2023-01-04 19:44:23.816894,CLO,2107915.jpg,2107915,2,0,NA
2107984_2,2023-01-04 19:44:23.051126,CLO,2107984.jpg,2107984,2,0,NA
2107917_2,2023-01-04 19:44:22.316759,CLO,2107917.jpg,2107917,2,0,NA
2108002_2,2023-01-04 19:44:21.644917,CLO,2108002.jpg,2108002,2,0,NA
2108008_2,2023-01-04 19:44:20.676157,CLO,2108008.jpg,2108008,2,0,NA
2108009_2,2023-01-04 19:44:19.723018,CLO,2108009.jpg,2108009,2,0,NA
2108010_2,2023-01-04 19:44:18.957393,CLO,2108010.jpg,2108010,2,0,NA
2108017_2,2023-01-04 19:44:18.160546,CLO,2108017.jpg,2108017,2,0,NA
2108156_2,2023-01-04 19:44:17.254313,CLO,2108156.jpg,2108156,2,0,NA
2108157_2,2023-01-04 19:44:16.613847,CLO,2108157.jpg,2108157,2,0,NA
2108162_2,2023-01-04 19:44:15.926180,CLO,2108162.jpg,2108162,2,0,NA
2108207_2,2023-01-04 19:44:15.129393,CLO,2108207.jpg,2108207,2,0,NA
2108209_2,2023-01-04 19:44:14.316798,CLO,2108209.jpg,2108209,2,0,NA
2108208_2,2023-01-04 19:44:13.441800,CLO,2108208.jpg,2108208,2,0,NA
2108266_2,2023-01-04 19:44:12.738689,CLO,2108266.jpg,2108266,2,0,NA
2108267_2,2023-01-04 19:44:11.988859,CLO,2108267.jpg,2108267,2,0,NA
2108268_2,2023-01-04 19:44:11.223058,CLO,2108268.jpg,2108268,2,0,NA
2108468_2,2023-01-04 19:44:10.223172,CLO,2108468.jpg,2108468,2,0,NA
2108469_2,2023-01-04 19:44:09.488697,CLO,2108469.jpg,2108469,2,0,NA
2108489_2,2023-01-04 19:44:08.254305,CLO,2108489.jpg,2108489,2,0,NA
2108533_2,2023-01-04 19:44:07.473063,CLO,2108533.jpg,2108533,2,0,NA
2108595_2,2023-01-04 19:44:06.723064,CLO,2108595.jpg,2108595,2,0,NA
2108645_2,2023-01-04 19:44:06.035588,CLO,2108645.jpg,2108645,2,0,NA
2108860_2,2023-01-04 19:44:05.238707,CLO,2108860.jpg,2108860,2,0,NA
2108870_2,2023-01-04 19:44:04.457567,CLO,2108870.jpg,2108870,2,0,NA
2108907_2,2023-01-04 19:44:03.707468,CLO,2108907.jpg,2108907,2,0,NA
2108940_2,2023-01-04 19:44:02.973089,CLO,2108940.jpg,2108940,2,0,NA
2108946_2,2023-01-04 19:44:02.223185,CLO,2108946.jpg,2108946,2,0,NA
2108947_2,2023-01-04 19:44:01.488720,CLO,2108947.jpg,2108947,2,0,NA
2108948_2,2023-01-04 19:44:00.520145,CLO,2108948.jpg,2108948,2,0,NA
2108949_2,2023-01-04 19:43:59.629373,CLO,2108949.jpg,2108949,2,0,NA
2108954_2,2023-01-04 19:43:58.816863,CLO,2108954.jpg,2108954,2,0,NA
2108959_2,2023-01-04 19:43:58.145108,CLO,2108959.jpg,2108959,2,0,NA
2108961_2,2023-01-04 19:43:57.363739,CLO,2108961.jpg,2108961,2,0,NA
2108972_2,2023-01-04 19:43:56.566862,CLO,2108972.jpg,2108972,2,0,NA
2108964_2,2023-01-04 19:43:55.723116,CLO,2108964.jpg,2108964,2,0,NA
2108987_2,2023-01-04 19:43:54.863733,CLO,2108987.jpg,2108987,2,0,NA
2109001_2,2023-01-04 19:43:54.019999,CLO,2109001.jpg,2109001,2,0,NA
2109008_2,2023-01-04 19:43:53.301248,CLO,2109008.jpg,2109008,2,0,NA
2109034_2,2023-01-04 19:43:52.457496,CLO,2109034.jpg,2109034,2,0,NA
2109120_2,2023-01-04 19:43:51.832489,CLO,2109120.jpg,2109120,2,0,NA
2109062_2,2023-01-04 19:43:51.113750,CLO,2109062.jpg,2109062,2,0,NA
2109187_2,2023-01-04 19:43:50.191879,CLO,2109187.jpg,2109187,2,0,NA
2109194_2,2023-01-04 19:43:49.395004,CLO,2109194.jpg,2109194,2,0,NA
2109203_2,2023-01-04 19:43:48.645010,CLO,2109203.jpg,2109203,2,0,NA
2109206_2,2023-01-04 19:43:47.801263,CLO,2109206.jpg,2109206,2,0,NA
2109208_2,2023-01-04 19:43:47.004389,CLO,2109208.jpg,2109208,2,0,NA
2109212_2,2023-01-04 19:43:46.223149,CLO,2109212.jpg,2109212,2,0,NA
2109294_2,2023-01-04 19:43:45.473155,CLO,2109294.jpg,2109294,2,0,NA
2109295_2,2023-01-04 19:43:44.707535,CLO,2109295.jpg,2109295,2,0,NA
2109296_2,2023-01-04 19:43:43.988783,CLO,2109296.jpg,2109296,2,0,NA
2109299_2,2023-01-04 19:43:43.051283,CLO,2109299.jpg,2109299,2,0,NA
2109300_2,2023-01-04 19:43:42.176291,CLO,2109300.jpg,2109300,2,0,NA
2109310_2,2023-01-04 19:43:41.348178,CLO,2109310.jpg,2109310,2,0,NA
2109314_2,2023-01-04 19:43:40.676304,CLO,2109314.jpg,2109314,2,0,NA
2109316_2,2023-01-04 19:43:39.879426,CLO,2109316.jpg,2109316,2,0,NA
2109320_2,2023-01-04 19:43:39.160931,CLO,2109320.jpg,2109320,2,0,NA
2109323_2,2023-01-04 19:43:38.379416,CLO,2109323.jpg,2109323,2,0,NA
2109345_2,2023-01-04 19:43:37.692075,CLO,2109345.jpg,2109345,2,0,NA
2109346_2,2023-01-04 19:43:36.941937,CLO,2109346.jpg,2109346,2,0,NA
2109412_2,2023-01-04 19:43:36.051314,CLO,2109412.jpg,2109412,2,0,NA
2109446_2,2023-01-04 19:43:35.348186,CLO,2109446.jpg,2109446,2,0,NA
2109588_2,2023-01-04 19:43:34.645073,CLO,2109588.jpg,2109588,2,0,NA
2109589_2,2023-01-04 19:43:33.879440,CLO,2109589.jpg,2109589,2,0,NA
2109597_2,2023-01-04 19:43:33.238833,CLO,2109597.jpg,2109597,2,0,NA
2109766_2,2023-01-04 19:43:32.363831,CLO,2109766.jpg,2109766,2,0,NA
2109771_2,2023-01-04 19:43:31.676342,CLO,2109771.jpg,2109771,2,0,NA
2109769_2,2023-01-04 19:43:30.957635,CLO,2109769.jpg,2109769,2,0,NA
2109245_2,2023-01-04 19:43:30.239006,CLO,2109245.jpg,2109245,2,0,NA
2109248_2,2023-01-04 19:43:29.520104,CLO,2109248.jpg,2109248,2,0,NA
2109252_2,2023-01-04 19:43:28.754460,CLO,2109252.jpg,2109252,2,0,NA
2109265_2,2023-01-04 19:43:27.863981,CLO,2109265.jpg,2109265,2,0,NA
2109271_2,2023-01-04 19:43:27.066991,CLO,2109271.jpg,2109271,2,0,NA
2109272_2,2023-01-04 19:43:26.238846,CLO,2109272.jpg,2109272,2,0,NA
2106999_2,2023-01-04 19:43:25.535730,CLO,2106999.jpg,2106999,2,0,NA
2107347_2,2023-01-04 19:43:24.613862,CLO,2107347.jpg,2107347,2,0,NA
2107349_2,2023-01-04 19:43:23.191987,CLO,2107349.jpg,2107349,2,0,NA
2107979_2,2023-01-04 19:43:21.598238,CLO,2107979.jpg,2107979,2,0,NA
2108028_2,2023-01-04 19:43:20.535759,CLO,2108028.jpg,2108028,2,0,NA
2108029_2,2023-01-04 19:43:19.520136,CLO,2108029.jpg,2108029,2,0,NA
2108030_2,2023-01-04 19:43:18.801363,CLO,2108030.jpg,2108030,2,0,NA
2108031_2,2023-01-04 19:43:17.895108,CLO,2108031.jpg,2108031,2,0,NA
2108032_2,2023-01-04 19:43:17.145370,CLO,2108032.jpg,2108032,2,0,NA
2108033_2,2023-01-04 19:43:16.317008,CLO,2108033.jpg,2108033,2,0,NA
2108094_2,2023-01-04 19:43:15.504634,CLO,2108094.jpg,2108094,2,0,NA
2108095_2,2023-01-04 19:43:14.660881,CLO,2108095.jpg,2108095,2,0,NA
2108097_2,2023-01-04 19:43:13.863883,CLO,2108097.jpg,2108097,2,0,NA
2108098_2,2023-01-04 19:43:12.910760,CLO,2108098.jpg,2108098,2,0,NA
2108099_2,2023-01-04 19:43:12.113912,CLO,2108099.jpg,2108099,2,0,NA
2108100_2,2023-01-04 19:43:11.332652,CLO,2108100.jpg,2108100,2,0,NA
2108228_2,2023-01-04 19:43:10.332665,CLO,2108228.jpg,2108228,2,0,NA
2108229_2,2023-01-04 19:43:09.379538,CLO,2108229.jpg,2108229,2,0,NA
2108450_2,2023-01-04 19:43:08.551427,CLO,2108450.jpg,2108450,2,0,NA
2108477_2,2023-01-04 19:43:07.910791,CLO,2108477.jpg,2108477,2,0,NA
2108478_2,2023-01-04 19:43:07.082674,CLO,2108478.jpg,2108478,2,0,NA
2108479_2,2023-01-04 19:43:06.176405,CLO,2108479.jpg,2108479,2,0,NA
2108481_2,2023-01-04 19:43:05.379555,CLO,2108481.jpg,2108481,2,0,NA
2108586_2,2023-01-04 19:43:04.504547,CLO,2108586.jpg,2108586,2,0,NA
2108587_2,2023-01-04 19:43:03.707683,CLO,2108587.jpg,2108587,2,0,NA
2108588_2,2023-01-04 19:43:02.863930,CLO,2108588.jpg,2108588,2,0,NA
2108589_2,2023-01-04 19:43:02.004575,CLO,2108589.jpg,2108589,2,0,NA
2108590_2,2023-01-04 19:43:00.988942,CLO,2108590.jpg,2108590,2,0,NA
2108592_2,2023-01-04 19:43:00.145198,CLO,2108592.jpg,2108592,2,0,NA
2108608_2,2023-01-04 19:42:59.035825,CLO,2108608.jpg,2108608,2,0,NA
2108609_2,2023-01-04 19:42:58.270212,CLO,2108609.jpg,2108609,2,0,NA
2108927_2,2023-01-04 19:42:57.457712,CLO,2108927.jpg,2108927,2,0,NA
2108931_2,2023-01-04 19:42:56.660857,CLO,2108931.jpg,2108931,2,0,NA
2108933_2,2023-01-04 19:42:55.848352,CLO,2108933.jpg,2108933,2,0,NA
2108934_2,2023-01-04 19:42:55.051550,CLO,2108934.jpg,2108934,2,0,NA
2108935_2,2023-01-04 19:42:54.113975,CLO,2108935.jpg,2108935,2,0,NA
2010366_2,2023-01-04 19:42:53.395229,CLO,2010366.jpg,2010366,2,0,NA
2101188_2,2023-01-04 19:42:52.629609,CLO,2101188.jpg,2101188,2,0,NA
2102291_2,2023-01-04 19:42:51.754597,CLO,2102291.jpg,2102291,2,0,NA
2103082_2,2023-01-04 19:42:50.910887,CLO,2103082.jpg,2103082,2,0,NA
2103308_2,2023-01-04 19:42:50.067106,CLO,2103308.jpg,2103308,2,0,NA
2103311_2,2023-01-04 19:42:49.254599,CLO,2103311.jpg,2103311,2,0,NA
2103627_2,2023-01-04 19:42:48.426506,CLO,2103627.jpg,2103627,2,0,NA
2103626_2,2023-01-04 19:42:47.692122,CLO,2103626.jpg,2103626,2,0,NA
2103634_2,2023-01-04 19:42:46.817129,CLO,2103634.jpg,2103634,2,0,NA
2104575_2,2023-01-04 19:42:46.035872,CLO,2104575.jpg,2104575,2,0,NA
2104582_2,2023-01-04 19:42:45.192116,CLO,2104582.jpg,2104582,2,0,NA
2104586_2,2023-01-04 19:42:44.504638,CLO,2104586.jpg,2104586,2,0,NA
2104587_2,2023-01-04 19:42:43.723392,CLO,2104587.jpg,2104587,2,0,NA
2104659_2,2023-01-04 19:42:43.020256,CLO,2104659.jpg,2104659,2,0,NA
2104660_2,2023-01-04 19:42:41.989015,CLO,2104660.jpg,2104660,2,0,NA
2104661_2,2023-01-04 19:42:41.285892,CLO,2104661.jpg,2104661,2,0,NA
2104698_2,2023-01-04 19:42:40.535908,CLO,2104698.jpg,2104698,2,0,NA
2104701_2,2023-01-04 19:42:39.317282,CLO,2104701.jpg,2104701,2,0,NA
2104702_2,2023-01-04 19:42:38.551512,CLO,2104702.jpg,2104702,2,0,NA
2105338_2,2023-01-04 19:42:37.879664,CLO,2105338.jpg,2105338,2,0,NA
2105376_2,2023-01-04 19:42:37.254652,CLO,2105376.jpg,2105376,2,0,NA
2105618_2,2023-01-04 19:42:36.660924,CLO,2105618.jpg,2105618,2,0,NA
2105622_2,2023-01-04 19:42:35.957925,CLO,2105622.jpg,2105622,2,0,NA
2105626_2,2023-01-04 19:42:35.317187,CLO,2105626.jpg,2105626,2,0,NA
2107018_2,2023-01-04 19:42:34.239037,CLO,2107018.jpg,2107018,2,0,NA
2107108_2,2023-01-04 19:42:33.473424,CLO,2107108.jpg,2107108,2,0,NA
2107119_2,2023-01-04 19:42:32.723418,CLO,2107119.jpg,2107119,2,0,NA
2107120_2,2023-01-04 19:42:32.035928,CLO,2107120.jpg,2107120,2,0,NA
2107123_2,2023-01-04 19:42:31.145288,CLO,2107123.jpg,2107123,2,0,NA
2107726_2,2023-01-04 19:42:30.457800,CLO,2107726.jpg,2107726,2,0,NA
2107833_2,2023-01-04 19:42:29.739062,CLO,2107833.jpg,2107833,2,0,NA
2107796_2,2023-01-04 19:42:28.520319,CLO,2107796.jpg,2107796,2,0,NA
2107870_2,2023-01-04 19:42:27.551581,CLO,2107870.jpg,2107870,2,0,NA
2107872_2,2023-01-04 19:42:26.801580,CLO,2107872.jpg,2107872,2,0,NA
2107878_2,2023-01-04 19:42:26.082826,CLO,2107878.jpg,2107878,2,0,NA
2108126_2,2023-01-04 19:42:25.332821,CLO,2108126.jpg,2108126,2,0,NA
2108146_2,2023-01-04 19:42:24.598449,CLO,2108146.jpg,2108146,2,0,NA
2108129_2,2023-01-04 19:42:23.848464,CLO,2108129.jpg,2108129,2,0,NA
2108149_2,2023-01-04 19:42:23.114091,CLO,2108149.jpg,2108149,2,0,NA
2108161_2,2023-01-04 19:42:22.348476,CLO,2108161.jpg,2108161,2,0,NA
2108160_2,2023-01-04 19:42:21.598482,CLO,2108160.jpg,2108160,2,0,NA
2108237_2,2023-01-04 19:42:21.020346,CLO,2108237.jpg,2108237,2,0,NA
2108258_2,2023-01-04 19:42:20.317225,CLO,2108258.jpg,2108258,2,0,NA
2108449_2,2023-01-04 19:42:19.457848,CLO,2108449.jpg,2108449,2,0,NA
2108464_2,2023-01-04 19:42:18.739102,CLO,2108464.jpg,2108464,2,0,NA
2108484_2,2023-01-04 19:42:18.036082,CLO,2108484.jpg,2108484,2,0,NA
2108518_2,2023-01-04 19:42:17.317217,CLO,2108518.jpg,2108518,2,0,NA
2108524_2,2023-01-04 19:42:16.598620,CLO,2108524.jpg,2108524,2,0,NA
2108626_2,2023-01-04 19:42:15.801624,CLO,2108626.jpg,2108626,2,0,NA
2108635_2,2023-01-04 19:42:15.035974,CLO,2108635.jpg,2108635,2,0,NA
2108637_2,2023-01-04 19:42:14.239116,CLO,2108637.jpg,2108637,2,0,NA
2108639_2,2023-01-04 19:42:12.926637,CLO,2108639.jpg,2108639,2,0,NA
2108640_2,2023-01-04 19:42:12.145382,CLO,2108640.jpg,2108640,2,0,NA
2108643_2,2023-01-04 19:42:11.504762,CLO,2108643.jpg,2108643,2,0,NA
2108649_2,2023-01-04 19:42:10.723651,CLO,2108649.jpg,2108649,2,0,NA
2108651_2,2023-01-04 19:42:09.864132,CLO,2108651.jpg,2108651,2,0,NA
2108660_2,2023-01-04 19:42:09.129766,CLO,2108660.jpg,2108660,2,0,NA
2108665_2,2023-01-04 19:42:08.332907,CLO,2108665.jpg,2108665,2,0,NA
2108676_2,2023-01-04 19:42:07.458007,CLO,2108676.jpg,2108676,2,0,NA
2108686_2,2023-01-04 19:42:06.739155,CLO,2108686.jpg,2108686,2,0,NA
2108685_2,2023-01-04 19:42:05.833062,CLO,2108685.jpg,2108685,2,0,NA
2108687_2,2023-01-04 19:42:05.161028,CLO,2108687.jpg,2108687,2,0,NA
2108889_2,2023-01-04 19:42:04.395393,CLO,2108889.jpg,2108889,2,0,NA
2108896_2,2023-01-04 19:42:03.661037,CLO,2108896.jpg,2108896,2,0,NA
2108900_2,2023-01-04 19:42:02.942442,CLO,2108900.jpg,2108900,2,0,NA
2108903_2,2023-01-04 19:42:02.223543,CLO,2108903.jpg,2108903,2,0,NA
2108904_2,2023-01-04 19:42:01.473544,CLO,2108904.jpg,2108904,2,0,NA
2108906_2,2023-01-04 19:42:00.692297,CLO,2108906.jpg,2108906,2,0,NA
2108915_2,2023-01-04 19:41:59.832926,CLO,2108915.jpg,2108915,2,0,NA
2108918_2,2023-01-04 19:41:59.098757,CLO,2108918.jpg,2108918,2,0,NA
2108919_2,2023-01-04 19:41:58.270447,CLO,2108919.jpg,2108919,2,0,NA
2108920_2,2023-01-04 19:41:57.567298,CLO,2108920.jpg,2108920,2,0,NA
2108921_2,2023-01-04 19:41:56.864415,CLO,2108921.jpg,2108921,2,0,NA
2108924_2,2023-01-04 19:41:56.004817,CLO,2108924.jpg,2108924,2,0,NA
2108979_2,2023-01-04 19:41:55.239192,CLO,2108979.jpg,2108979,2,0,NA
2108925_2,2023-01-04 19:41:54.520447,CLO,2108925.jpg,2108925,2,0,NA
2108980_2,2023-01-04 19:41:53.692327,CLO,2108980.jpg,2108980,2,0,NA
2108981_2,2023-01-04 19:41:52.879835,CLO,2108981.jpg,2108981,2,0,NA
2108984_2,2023-01-04 19:41:52.082954,CLO,2108984.jpg,2108984,2,0,NA
2109002_2,2023-01-04 19:41:51.379837,CLO,2109002.jpg,2109002,2,0,NA
2109003_2,2023-01-04 19:41:50.364215,CLO,2109003.jpg,2109003,2,0,NA
2109115_2,2023-01-04 19:41:49.645471,CLO,2109115.jpg,2109115,2,0,NA
2109116_2,2023-01-04 19:41:48.879858,CLO,2109116.jpg,2109116,2,0,NA
2109117_2,2023-01-04 19:41:48.098601,CLO,2109117.jpg,2109117,2,0,NA
2109118_2,2023-01-04 19:41:47.317347,CLO,2109118.jpg,2109118,2,0,NA
2109197_2,2023-01-04 19:41:46.614233,CLO,2109197.jpg,2109197,2,0,NA
2109189_2,2023-01-04 19:41:45.786111,CLO,2109189.jpg,2109189,2,0,NA
2109199_2,2023-01-04 19:41:45.067348,CLO,2109199.jpg,2109199,2,0,NA
2109214_2,2023-01-04 19:41:44.254851,CLO,2109214.jpg,2109214,2,0,NA
2109288_2,2023-01-04 19:41:43.551745,CLO,2109288.jpg,2109288,2,0,NA
2104699_2,2023-01-04 19:41:42.723608,CLO,2104699.jpg,2104699,2,0,NA
1909101_1,2023-01-04 19:41:42.004875,CLO,1909101.jpg,1909101,1,0,NA
2014596_2,2023-01-04 19:41:41.083029,CLO,2014596.jpg,2014596,2,0,NA
2014598_2,2023-01-04 19:41:40.395665,CLO,2014598.jpg,2014598,2,0,NA
2014600_2,2023-01-04 19:41:39.442383,CLO,2014600.jpg,2014600,2,0,NA
2014602_2,2023-01-04 19:41:38.536148,CLO,2014602.jpg,2014602,2,0,NA
2100912_2,2023-01-04 19:41:37.598639,CLO,2100912.jpg,2100912,2,0,NA
2104597_2,2023-01-04 19:41:36.848656,CLO,2104597.jpg,2104597,2,0,NA
2104594_2,2023-01-04 19:41:35.848751,CLO,2104594.jpg,2104594,2,0,NA
2104602_2,2023-01-04 19:41:35.020527,CLO,2104602.jpg,2104602,2,0,NA
2104603_2,2023-01-04 19:41:33.895525,CLO,2104603.jpg,2104603,2,0,NA
2104606_2,2023-01-04 19:41:32.958036,CLO,2104606.jpg,2104606,2,0,NA
2104610_2,2023-01-04 19:41:32.067415,CLO,2104610.jpg,2104610,2,0,NA
2104609_2,2023-01-04 19:41:31.333027,CLO,2104609.jpg,2104609,2,0,NA
2104630_2,2023-01-04 19:41:30.379918,CLO,2104630.jpg,2104630,2,0,NA
2104632_2,2023-01-04 19:41:29.598665,CLO,2104632.jpg,2104632,2,0,NA
2104633_2,2023-01-04 19:41:28.661194,CLO,2104633.jpg,2104633,2,0,NA
2104639_2,2023-01-04 19:41:27.676802,CLO,2104639.jpg,2104639,2,0,NA
2104640_2,2023-01-04 19:41:26.614314,CLO,2104640.jpg,2104640,2,0,NA
2106102_2,2023-01-04 19:41:25.614296,CLO,2106102.jpg,2106102,2,0,NA
2106107_2,2023-01-04 19:41:24.661178,CLO,2106107.jpg,2106107,2,0,NA
2106112_2,2023-01-04 19:41:23.801934,CLO,2106112.jpg,2106112,2,0,NA
2106115_2,2023-01-04 19:41:22.864306,CLO,2106115.jpg,2106115,2,0,NA
2106121_2,2023-01-04 19:41:21.926812,CLO,2106121.jpg,2106121,2,0,NA
2106123_2,2023-01-04 19:41:20.926816,CLO,2106123.jpg,2106123,2,0,NA
2106926_2,2023-01-04 19:41:20.176825,CLO,2106926.jpg,2106926,2,0,NA
2107350_2,2023-01-04 19:41:19.192465,CLO,2107350.jpg,2107350,2,0,NA
2107351_2,2023-01-04 19:41:18.364330,CLO,2107351.jpg,2107351,2,0,NA
2107352_2,2023-01-04 19:41:17.520602,CLO,2107352.jpg,2107352,2,0,NA
2107353_2,2023-01-04 19:41:16.520581,CLO,2107353.jpg,2107353,2,0,NA
2107615_2,2023-01-04 19:41:15.723717,CLO,2107615.jpg,2107615,2,0,NA
2107616_2,2023-01-04 19:41:14.848722,CLO,2107616.jpg,2107616,2,0,NA
2107617_2,2023-01-04 19:41:14.067475,CLO,2107617.jpg,2107617,2,0,NA
2107619_2,2023-01-04 19:41:13.239360,CLO,2107619.jpg,2107619,2,0,NA
2107620_2,2023-01-04 19:41:12.317476,CLO,2107620.jpg,2107620,2,0,NA
2107972_2,2023-01-04 19:41:11.442516,CLO,2107972.jpg,2107972,2,0,NA
2107973_2,2023-01-04 19:41:10.286238,CLO,2107973.jpg,2107973,2,0,NA
2107976_2,2023-01-04 19:41:09.192488,CLO,2107976.jpg,2107976,2,0,NA
2108096_2,2023-01-04 19:41:08.426886,CLO,2108096.jpg,2108096,2,0,NA
2108192_2,2023-01-04 19:41:07.614451,CLO,2108192.jpg,2108192,2,0,NA
2108475_2,2023-01-04 19:41:06.614392,CLO,2108475.jpg,2108475,2,0,NA
2108476_2,2023-01-04 19:41:05.770770,CLO,2108476.jpg,2108476,2,0,NA
2014541_2,2023-01-04 19:41:04.864503,ACC,2014541.jpg,2014541,2,0,NA
2102326_2,2023-01-04 19:41:04.286417,ACC,2102326.jpg,2102326,2,0,NA
2103194_2,2023-01-04 19:41:03.567534,ACC,2103194.jpg,2103194,2,0,NA
2105237_2,2023-01-04 19:41:02.911260,ACC,2105237.jpg,2105237,2,0,NA
2105238_2,2023-01-04 19:41:02.223774,ACC,2105238.jpg,2105238,2,0,NA
2105243_2,2023-01-04 19:41:01.598893,ACC,2105243.jpg,2105243,2,0,NA
2105362_2,2023-01-04 19:41:00.911290,ACC,2105362.jpg,2105362,2,0,NA
2105711_2,2023-01-04 19:41:00.301914,ACC,2105711.jpg,2105711,2,0,NA
2105717_2,2023-01-04 19:40:59.473786,ACC,2105717.jpg,2105717,2,0,NA
2105743_2,2023-01-04 19:40:58.614411,ACC,2105743.jpg,2105743,2,0,NA
2105744_2,2023-01-04 19:40:57.864415,ACC,2105744.jpg,2105744,2,0,NA
2105745_2,2023-01-04 19:40:57.255028,ACC,2105745.jpg,2105745,2,0,NA
2106021_2,2023-01-04 19:40:56.505064,ACC,2106021.jpg,2106021,2,0,NA
2106023_2,2023-01-04 19:40:55.848777,ACC,2106023.jpg,2106023,2,0,NA
2106024_2,2023-01-04 19:40:55.145666,ACC,2106024.jpg,2106024,2,0,NA
2106025_2,2023-01-04 19:40:54.520681,ACC,2106025.jpg,2106025,2,0,NA
2106082_2,2023-01-04 19:40:53.895669,BEAUTY,2106082.jpg,2106082,2,0,NA
2106085_2,2023-01-04 19:40:53.270682,BEAUTY,2106085.jpg,2106085,2,0,NA
2106314_2,2023-01-04 19:40:52.551936,ACC,2106314.jpg,2106314,2,0,NA
2106504_2,2023-01-04 19:40:51.926946,BEAUTY,2106504.jpg,2106504,2,0,NA
2106503_2,2023-01-04 19:40:51.286319,BEAUTY,2106503.jpg,2106503,2,0,NA
2109082_2,2023-01-04 19:40:50.645711,BEAUTY,2109082.jpg,2109082,2,0,NA
2104442_2,2023-01-04 19:40:49.958204,SHO,2104442.jpg,2104442,2,0,NA
2105032_2,2023-01-04 19:40:49.223840,SHO,2105032.jpg,2105032,2,0,NA
2105037_2,2023-01-04 19:40:48.567578,SHO,2105037.jpg,2105037,2,0,NA
2105038_2,2023-01-04 19:40:47.395708,SHO,2105038.jpg,2105038,2,0,NA
2105040_2,2023-01-04 19:40:46.801957,SHO,2105040.jpg,2105040,2,0,NA
2105041_2,2023-01-04 19:40:45.989670,SHO,2105041.jpg,2105041,2,0,NA
2105042_2,2023-01-04 19:40:45.348843,SHO,2105042.jpg,2105042,2,0,NA
2105086_2,2023-01-04 19:40:44.739479,JEW,2105086.jpg,2105086,2,0,NA
2105214_2,2023-01-04 19:40:44.067594,SHO,2105214.jpg,2105214,2,0,NA
2106048_2,2023-01-04 19:40:43.473861,JEW,2106048.jpg,2106048,2,0,NA
2106555_2,2023-01-04 19:40:42.770714,JEW,2106555.jpg,2106555,2,0,NA
2108142_2,2023-01-04 19:40:42.098855,ACC,2108142.jpg,2108142,2,0,NA
2108504_2,2023-01-04 19:40:41.489598,JEW,2108504.jpg,2108504,2,0,NA
2108543_2,2023-01-04 19:40:40.864484,ACC,2108543.jpg,2108543,2,0,NA
2108544_2,2023-01-04 19:40:40.208234,ACC,2108544.jpg,2108544,2,0,NA
2105687_2,2023-01-04 19:40:39.630127,ACC,2105687.jpg,2105687,2,0,NA
2106031_2,2023-01-04 19:40:38.926992,JEW,2106031.jpg,2106031,2,0,NA
2106043_2,2023-01-04 19:40:38.333341,JEW,2106043.jpg,2106043,2,0,NA
2106655_2,2023-01-04 19:40:37.630155,JEW,2106655.jpg,2106655,2,0,NA
2101552_2,2023-01-04 19:40:37.177003,JEW,2101552.jpg,2101552,2,0,NA
2109339_2,2023-01-04 19:40:36.458241,ACC,2109339.jpg,2109339,2,0,NA
2109375_2,2023-01-04 19:40:35.755116,ACC,2109375.jpg,2109375,2,0,NA
2109377_2,2023-01-04 19:40:35.161456,ACC,2109377.jpg,2109377,2,0,NA
2109796_2,2023-01-04 19:40:34.474043,ACC,2109796.jpg,2109796,2,0,NA
2109797_2,2023-01-04 19:40:33.864496,ACC,2109797.jpg,2109797,2,0,NA
2109799_2,2023-01-04 19:40:33.239523,ACC,2109799.jpg,2109799,2,0,NA
2110357_2,2023-01-04 19:40:32.677003,BEAUTY,2110357.jpg,2110357,2,0,NA
2110360_2,2023-01-04 19:40:31.770776,BEAUTY,2110360.jpg,2110360,2,0,NA
2105028_2,2023-01-04 19:40:31.145780,SHO,2105028.jpg,2105028,2,0,NA
2105030_2,2023-01-04 19:40:30.505166,SHO,2105030.jpg,2105030,2,0,NA
2105031_2,2023-01-04 19:40:29.864514,SHO,2105031.jpg,2105031,2,0,NA
2105035_2,2023-01-04 19:40:29.239529,SHO,2105035.jpg,2105035,2,0,NA
2105215_2,2023-01-04 19:40:28.552018,SHO,2105215.jpg,2105215,2,0,NA
2106804_2,2023-01-04 19:40:27.848988,SHO,2106804.jpg,2106804,2,0,NA
2106833_2,2023-01-04 19:40:27.208288,SHO,2106833.jpg,2106833,2,0,NA
2108605_2,2023-01-04 19:40:26.505330,SHO,2108605.jpg,2108605,2,0,NA
2109475_2,2023-01-04 19:40:25.895784,SHO,2109475.jpg,2109475,2,0,NA
2109478_2,2023-01-04 19:40:25.270864,SHO,2109478.jpg,2109478,2,0,NA
2109479_2,2023-01-04 19:40:24.677064,SHO,2109479.jpg,2109479,2,0,NA
2109483_2,2023-01-04 19:40:24.052191,SHO,2109483.jpg,2109483,2,0,NA
2109543_2,2023-01-04 19:40:23.411493,SHO,2109543.jpg,2109543,2,0,NA
2109545_2,2023-01-04 19:40:22.802083,SHO,2109545.jpg,2109545,2,0,NA
2109546_2,2023-01-04 19:40:22.177182,SHO,2109546.jpg,2109546,2,0,NA
2109548_2,2023-01-04 19:40:21.520882,SHO,2109548.jpg,2109548,2,0,NA
1910663_1,2023-01-04 19:40:20.630208,CLO,1910663.jpg,1910663,1,0,NA
2104665_2,2023-01-04 19:40:19.427095,CLO,2104665.jpg,2104665,2,0,NA
2107196_2,2023-01-04 19:40:17.583335,CLO,2107196.jpg,2107196,2,0,NA
2107198_2,2023-01-04 19:40:15.864574,CLO,2107198.jpg,2107198,2,0,NA
2107474_2,2023-01-04 19:40:15.083335,CLO,2107474.jpg,2107474,2,0,NA
2107517_2,2023-01-04 19:40:14.395836,CLO,2107517.jpg,2107517,2,0,NA
2107509_2,2023-01-04 19:40:13.724079,CLO,2107509.jpg,2107509,2,0,NA
2107685_2,2023-01-04 19:40:11.598955,CLO,2107685.jpg,2107685,2,0,NA
2107686_2,2023-01-04 19:40:10.567708,CLO,2107686.jpg,2107686,2,0,NA
2107680_2,2023-01-04 19:40:08.848995,CLO,2107680.jpg,2107680,2,0,NA
2107727_2,2023-01-04 19:40:05.036493,CLO,2107727.jpg,2107727,2,0,NA
2107691_2,2023-01-04 19:40:04.270968,CLO,2107691.jpg,2107691,2,0,NA
2108619_2,2023-01-04 19:40:03.458377,CLO,2108619.jpg,2108619,2,0,NA
2108620_2,2023-01-04 19:40:02.755253,CLO,2108620.jpg,2108620,2,0,NA
2108901_2,2023-01-04 19:40:02.052136,CLO,2108901.jpg,2108901,2,0,NA
2108910_2,2023-01-04 19:40:01.348986,CLO,2108910.jpg,2108910,2,0,NA
2108912_2,2023-01-04 19:40:00.177137,CLO,2108912.jpg,2108912,2,0,NA
2108917_2,2023-01-04 19:39:59.052140,CLO,2108917.jpg,2108917,2,0,NA
2108955_2,2023-01-04 19:39:57.817793,CLO,2108955.jpg,2108955,2,0,NA
2108965_2,2023-01-04 19:39:56.083427,CLO,2108965.jpg,2108965,2,0,NA
2108966_2,2023-01-04 19:39:55.349030,CLO,2108966.jpg,2108966,2,0,NA
2108967_2,2023-01-04 19:39:54.567924,CLO,2108967.jpg,2108967,2,0,NA
2109148_2,2023-01-04 19:39:53.802382,CLO,2109148.jpg,2109148,2,0,NA
2109151_2,2023-01-04 19:39:52.974046,CLO,2109151.jpg,2109151,2,0,NA
2109186_2,2023-01-04 19:39:51.567800,CLO,2109186.jpg,2109186,2,0,NA
2109188_2,2023-01-04 19:39:50.895988,CLO,2109188.jpg,2109188,2,0,NA
2109264_2,2023-01-04 19:39:49.989684,CLO,2109264.jpg,2109264,2,0,NA
2109266_2,2023-01-04 19:39:48.489671,CLO,2109266.jpg,2109266,2,0,NA
2109291_2,2023-01-04 19:39:47.661696,CLO,2109291.jpg,2109291,2,0,NA
2109312_2,2023-01-04 19:39:46.927259,CLO,2109312.jpg,2109312,2,0,NA
2109354_2,2023-01-04 19:39:46.270941,CLO,2109354.jpg,2109354,2,0,NA
2109443_2,2023-01-04 19:39:45.114694,CLO,2109443.jpg,2109443,2,0,NA
2109459_2,2023-01-04 19:39:44.255423,CLO,2109459.jpg,2109459,2,0,NA
2109522_2,2023-01-04 19:39:42.849071,CLO,2109522.jpg,2109522,2,0,NA
2109547_2,2023-01-04 19:39:42.099061,CLO,2109547.jpg,2109547,2,0,NA
2109571_2,2023-01-04 19:39:40.739688,CLO,2109571.jpg,2109571,2,0,NA
2109573_2,2023-01-04 19:39:38.474119,CLO,2109573.jpg,2109573,2,0,NA
2109572_2,2023-01-04 19:39:37.661585,CLO,2109572.jpg,2109572,2,0,NA
2109581_2,2023-01-04 19:39:36.927227,CLO,2109581.jpg,2109581,2,0,NA
2109603_2,2023-01-04 19:39:35.380361,CLO,2109603.jpg,2109603,2,0,NA
2109587_2,2023-01-04 19:39:34.583473,CLO,2109587.jpg,2109587,2,0,NA
2109647_2,2023-01-04 19:39:14.489797,CLO,2109647.jpg,2109647,2,0,NA
2109655_2,2023-01-04 19:39:13.771173,CLO,2109655.jpg,2109655,2,0,NA
2109660_2,2023-01-04 19:39:13.052306,CLO,2109660.jpg,2109660,2,0,NA
2109687_2,2023-01-04 19:39:11.911710,CLO,2109687.jpg,2109687,2,0,NA
1910664_1,2023-01-04 19:39:10.911716,CLO,1910664.jpg,1910664,1,0,NA
2008101_2,2023-01-04 19:39:10.286681,CLO,2008101.jpg,2008101,2,0,NA
2103305_2,2023-01-04 19:39:09.474189,CLO,2103305.jpg,2103305,2,0,NA
2106813_2,2023-01-04 19:39:08.568097,CLO,2106813.jpg,2106813,2,0,NA
2106824_2,2023-01-04 19:39:07.677326,CLO,2106824.jpg,2106824,2,0,NA
2106826_2,2023-01-04 19:39:06.755471,CLO,2106826.jpg,2106826,2,0,NA
2107589_2,2023-01-04 19:39:06.083583,CLO,2107589.jpg,2107589,2,0,NA
2107683_2,2023-01-04 19:39:05.114827,CLO,2107683.jpg,2107683,2,0,NA
2107750_2,2023-01-04 19:39:04.442980,CLO,2107750.jpg,2107750,2,0,NA
2108158_2,2023-01-04 19:39:03.630669,CLO,2108158.jpg,2108158,2,0,NA
2108532_2,2023-01-04 19:39:02.817994,CLO,2108532.jpg,2108532,2,0,NA
2108894_2,2023-01-04 19:39:02.036735,CLO,2108894.jpg,2108894,2,0,NA
2108899_2,2023-01-04 19:39:01.333614,CLO,2108899.jpg,2108899,2,0,NA
2108908_2,2023-01-04 19:39:00.599233,CLO,2108908.jpg,2108908,2,0,NA
2108913_2,2023-01-04 19:38:59.833631,CLO,2108913.jpg,2108913,2,0,NA
2108914_2,2023-01-04 19:38:59.114858,CLO,2108914.jpg,2108914,2,0,NA
2108916_2,2023-01-04 19:38:58.427508,CLO,2108916.jpg,2108916,2,0,NA
2108923_2,2023-01-04 19:38:57.568011,CLO,2108923.jpg,2108923,2,0,NA
2108926_2,2023-01-04 19:38:56.942982,CLO,2108926.jpg,2108926,2,0,NA
2108929_2,2023-01-04 19:38:56.130814,CLO,2108929.jpg,2108929,2,0,NA
2108958_2,2023-01-04 19:38:55.364883,CLO,2108958.jpg,2108958,2,0,NA
2108973_2,2023-01-04 19:38:54.568006,CLO,2108973.jpg,2108973,2,0,NA
2108982_2,2023-01-04 19:38:53.911789,CLO,2108982.jpg,2108982,2,0,NA
2108990_2,2023-01-04 19:38:53.052396,CLO,2108990.jpg,2108990,2,0,NA
2108994_2,2023-01-04 19:38:52.396137,CLO,2108994.jpg,2108994,2,0,NA
2109191_2,2023-01-04 19:38:51.739912,CLO,2109191.jpg,2109191,2,0,NA
2109193_2,2023-01-04 19:38:50.802402,CLO,2109193.jpg,2109193,2,0,NA
2109262_2,2023-01-04 19:38:49.911787,CLO,2109262.jpg,2109262,2,0,NA
2109269_2,2023-01-04 19:38:48.958687,CLO,2109269.jpg,2109269,2,0,NA
2109287_2,2023-01-04 19:38:48.286796,CLO,2109287.jpg,2109287,2,0,NA
2109298_2,2023-01-04 19:38:47.536793,CLO,2109298.jpg,2109298,2,0,NA
2109305_2,2023-01-04 19:38:46.630541,CLO,2109305.jpg,2109305,2,0,NA
2109306_2,2023-01-04 19:38:45.974275,CLO,2109306.jpg,2109306,2,0,NA
2109308_2,2023-01-04 19:38:45.271180,CLO,2109308.jpg,2109308,2,0,NA
2109311_2,2023-01-04 19:38:44.599302,CLO,2109311.jpg,2109311,2,0,NA
2109315_2,2023-01-04 19:38:43.911802,CLO,2109315.jpg,2109315,2,0,NA
2109317_2,2023-01-04 19:38:43.239958,CLO,2109317.jpg,2109317,2,0,NA
2109318_2,2023-01-04 19:38:42.490054,CLO,2109318.jpg,2109318,2,0,NA
2109324_2,2023-01-04 19:38:41.708695,CLO,2109324.jpg,2109324,2,0,NA
2109326_2,2023-01-04 19:38:40.818065,CLO,2109326.jpg,2109326,2,0,NA
2109327_2,2023-01-04 19:38:39.989930,CLO,2109327.jpg,2109327,2,0,NA
2109344_2,2023-01-04 19:38:39.255561,CLO,2109344.jpg,2109344,2,0,NA
2109341_2,2023-01-04 19:38:38.583696,CLO,2109341.jpg,2109341,2,0,NA
2109351_2,2023-01-04 19:38:37.896292,CLO,2109351.jpg,2109351,2,0,NA
2109356_2,2023-01-04 19:38:36.708716,CLO,2109356.jpg,2109356,2,0,NA
2109357_2,2023-01-04 19:38:35.880573,CLO,2109357.jpg,2109357,2,0,NA
2109360_2,2023-01-04 19:38:35.146220,CLO,2109360.jpg,2109360,2,0,NA
2109361_2,2023-01-04 19:38:34.286836,CLO,2109361.jpg,2109361,2,0,NA
2109364_2,2023-01-04 19:38:33.364957,CLO,2109364.jpg,2109364,2,0,NA
2109455_2,2023-01-04 19:38:32.255587,CLO,2109455.jpg,2109455,2,0,NA
2109512_2,2023-01-04 19:38:31.521229,CLO,2109512.jpg,2109512,2,0,NA
2109520_2,2023-01-04 19:38:30.833742,CLO,2109520.jpg,2109520,2,0,NA
2109531_2,2023-01-04 19:38:30.177661,CLO,2109531.jpg,2109531,2,0,NA
2109570_2,2023-01-04 19:38:29.490097,CLO,2109570.jpg,2109570,2,0,NA
2109584_2,2023-01-04 19:38:28.740283,CLO,2109584.jpg,2109584,2,0,NA
2109591_2,2023-01-04 19:38:27.974353,CLO,2109591.jpg,2109591,2,0,NA
2109594_2,2023-01-04 19:38:27.209024,CLO,2109594.jpg,2109594,2,0,NA
2109606_2,2023-01-04 19:38:26.458737,CLO,2109606.jpg,2109606,2,0,NA
2109609_2,2023-01-04 19:38:25.786871,CLO,2109609.jpg,2109609,2,0,NA
2109616_2,2023-01-04 19:38:25.083753,CLO,2109616.jpg,2109616,2,0,NA
2109619_2,2023-01-04 19:38:24.364990,CLO,2109619.jpg,2109619,2,0,NA
2109620_2,2023-01-04 19:38:23.568131,CLO,2109620.jpg,2109620,2,0,NA
2109639_2,2023-01-04 19:37:47.740156,CLO,2109639.jpg,2109639,2,0,NA
1808679_1,2023-01-04 19:37:47.365243,CLO,1808679.jpg,1808679,1,0,NA
2109648_2,2023-01-04 19:37:46.630782,CLO,2109648.jpg,2109648,2,0,NA
2109653_2,2023-01-04 19:37:45.974527,CLO,2109653.jpg,2109653,2,0,NA
2109654_2,2023-01-04 19:37:45.052655,CLO,2109654.jpg,2109654,2,0,NA
2109685_2,2023-01-04 19:37:44.349544,CLO,2109685.jpg,2109685,2,0,NA
2109686_2,2023-01-04 19:37:43.552661,CLO,2109686.jpg,2109686,2,0,NA
2109696_2,2023-01-04 19:37:42.771471,CLO,2109696.jpg,2109696,2,0,NA
2109697_2,2023-01-04 19:37:41.880791,CLO,2109697.jpg,2109697,2,0,NA
2109723_2,2023-01-04 19:37:41.115193,CLO,2109723.jpg,2109723,2,0,NA
2109757_2,2023-01-04 19:37:40.427681,CLO,2109757.jpg,2109757,2,0,NA
2109782_2,2023-01-04 19:37:39.521425,CLO,2109782.jpg,2109782,2,0,NA
2109839_2,2023-01-04 19:37:38.818316,CLO,2109839.jpg,2109839,2,0,NA
2109843_2,2023-01-04 19:37:38.037072,CLO,2109843.jpg,2109843,2,0,NA
2109844_2,2023-01-04 19:37:36.943293,CLO,2109844.jpg,2109844,2,0,NA
2109847_2,2023-01-04 19:37:36.005804,CLO,2109847.jpg,2109847,2,0,NA
2110309_2,2023-01-04 19:37:35.083930,CLO,2110309.jpg,2110309,2,0,NA
2109730_2,2023-01-04 19:37:34.130823,CLO,2109730.jpg,2109730,2,0,NA
2109743_2,2023-01-04 19:37:33.443436,CLO,2109743.jpg,2109743,2,0,NA
2109802_2,2023-01-04 19:37:32.740190,CLO,2109802.jpg,2109802,2,0,NA
2109758_2,2023-01-04 19:37:32.021456,CLO,2109758.jpg,2109758,2,0,NA
2109806_2,2023-01-04 19:37:31.130944,CLO,2109806.jpg,2109806,2,0,NA
2109808_2,2023-01-04 19:37:30.458948,CLO,2109808.jpg,2109808,2,0,NA
2109816_2,2023-01-04 19:37:29.693334,CLO,2109816.jpg,2109816,2,0,NA
2109823_2,2023-01-04 19:37:29.037102,CLO,2109823.jpg,2109823,2,0,NA
2109825_2,2023-01-04 19:37:28.208972,CLO,2109825.jpg,2109825,2,0,NA
2109827_2,2023-01-04 19:37:27.505860,CLO,2109827.jpg,2109827,2,0,NA
2109829_2,2023-01-04 19:37:26.833974,CLO,2109829.jpg,2109829,2,0,NA
2109838_2,2023-01-04 19:37:25.771481,CLO,2109838.jpg,2109838,2,0,NA
2109850_2,2023-01-04 19:37:24.865231,CLO,2109850.jpg,2109850,2,0,NA
2109846_2,2023-01-04 19:37:24.146508,CLO,2109846.jpg,2109846,2,0,NA
2109851_2,2023-01-04 19:37:23.115237,CLO,2109851.jpg,2109851,2,0,NA
2109852_2,2023-01-04 19:37:22.458992,CLO,2109852.jpg,2109852,2,0,NA
2109854_2,2023-01-04 19:37:21.693375,CLO,2109854.jpg,2109854,2,0,NA
2109857_2,2023-01-04 19:37:20.912131,CLO,2109857.jpg,2109857,2,0,NA
2109860_2,2023-01-04 19:37:20.099640,CLO,2109860.jpg,2109860,2,0,NA
2109861_2,2023-01-04 19:37:19.412131,CLO,2109861.jpg,2109861,2,0,NA
2109862_2,2023-01-04 19:37:18.662131,CLO,2109862.jpg,2109862,2,0,NA
2109863_2,2023-01-04 19:37:17.755874,CLO,2109863.jpg,2109863,2,0,NA
2109864_2,2023-01-04 19:37:17.099662,CLO,2109864.jpg,2109864,2,0,NA
2109865_2,2023-01-04 19:37:16.318391,CLO,2109865.jpg,2109865,2,0,NA
2109868_2,2023-01-04 19:37:15.552755,CLO,2109868.jpg,2109868,2,0,NA
2109870_2,2023-01-04 19:37:14.865274,CLO,2109870.jpg,2109870,2,0,NA
2109871_2,2023-01-04 19:37:14.084030,CLO,2109871.jpg,2109871,2,0,NA
2109872_2,2023-01-04 19:37:13.380904,CLO,2109872.jpg,2109872,2,0,NA
2109873_2,2023-01-04 19:37:12.662160,CLO,2109873.jpg,2109873,2,0,NA
2109874_2,2023-01-04 19:37:11.927797,CLO,2109874.jpg,2109874,2,0,NA
2109875_2,2023-01-04 19:37:11.240448,CLO,2109875.jpg,2109875,2,0,NA
2109899_2,2023-01-04 19:37:10.474660,CLO,2109899.jpg,2109899,2,0,NA
2109903_2,2023-01-04 19:37:09.537172,CLO,2109903.jpg,2109903,2,0,NA
2109902_2,2023-01-04 19:37:08.677791,CLO,2109902.jpg,2109902,2,0,NA
2109906_2,2023-01-04 19:37:07.849707,CLO,2109906.jpg,2109906,2,0,NA
2110312_2,2023-01-04 19:37:07.068414,CLO,2110312.jpg,2110312,2,0,NA
2110315_2,2023-01-04 19:37:05.927910,CLO,2110315.jpg,2110315,2,0,NA
2110316_2,2023-01-04 19:37:05.146557,CLO,2110316.jpg,2110316,2,0,NA
2110341_2,2023-01-04 19:37:04.255923,CLO,2110341.jpg,2110341,2,0,NA
2104588_2,2023-01-04 19:37:03.334064,CLO,2104588.jpg,2104588,2,0,NA
2104944_2,2023-01-04 19:37:02.490323,CLO,2104944.jpg,2104944,2,0,NA
2104947_2,2023-01-04 19:37:01.834223,CLO,2104947.jpg,2104947,2,0,NA
2106782_2,2023-01-04 19:37:01.084069,CLO,2106782.jpg,2106782,2,0,NA
2106811_2,2023-01-04 19:37:00.365314,CLO,2106811.jpg,2106811,2,0,NA
2107539_2,2023-01-04 19:36:59.615329,CLO,2107539.jpg,2107539,2,0,NA
2107587_2,2023-01-04 19:36:58.959146,CLO,2107587.jpg,2107587,2,0,NA
2107588_2,2023-01-04 19:36:58.255948,CLO,2107588.jpg,2107588,2,0,NA
2107652_2,2023-01-04 19:36:57.084085,CLO,2107652.jpg,2107652,2,0,NA
2107738_2,2023-01-04 19:36:56.255954,CLO,2107738.jpg,2107738,2,0,NA
2107748_2,2023-01-04 19:36:55.537220,CLO,2107748.jpg,2107748,2,0,NA
2107793_2,2023-01-04 19:36:54.256286,CLO,2107793.jpg,2107793,2,0,NA
2107791_2,2023-01-04 19:36:53.568465,CLO,2107791.jpg,2107791,2,0,NA
2108048_2,2023-01-04 19:36:52.865351,CLO,2108048.jpg,2108048,2,0,NA
2108259_2,2023-01-04 19:36:52.193482,CLO,2108259.jpg,2108259,2,0,NA
2108578_2,2023-01-04 19:36:51.365367,CLO,2108578.jpg,2108578,2,0,NA
2108580_2,2023-01-04 19:36:50.521611,CLO,2108580.jpg,2108580,2,0,NA
2108633_2,2023-01-04 19:36:49.755984,CLO,2108633.jpg,2108633,2,0,NA
2108631_2,2023-01-04 19:36:48.927874,CLO,2108631.jpg,2108631,2,0,NA
2108950_2,2023-01-04 19:36:48.146619,CLO,2108950.jpg,2108950,2,0,NA
2108952_2,2023-01-04 19:36:47.443502,CLO,2108952.jpg,2108952,2,0,NA
2108976_2,2023-01-04 19:36:46.709122,CLO,2108976.jpg,2108976,2,0,NA
2108974_2,2023-01-04 19:36:46.006006,CLO,2108974.jpg,2108974,2,0,NA
2108983_2,2023-01-04 19:36:45.037263,CLO,2108983.jpg,2108983,2,0,NA
2108991_2,2023-01-04 19:36:44.271854,CLO,2108991.jpg,2108991,2,0,NA
2109065_2,2023-01-04 19:36:43.599763,CLO,2109065.jpg,2109065,2,0,NA
2109067_2,2023-01-04 19:36:42.912282,CLO,2109067.jpg,2109067,2,0,NA
2109070_2,2023-01-04 19:36:42.146645,CLO,2109070.jpg,2109070,2,0,NA
2109072_2,2023-01-04 19:36:41.506021,CLO,2109072.jpg,2109072,2,0,NA
2109073_2,2023-01-04 19:36:40.818527,CLO,2109073.jpg,2109073,2,0,NA
2109192_2,2023-01-04 19:36:40.177967,CLO,2109192.jpg,2109192,2,0,NA
2109150_2,2023-01-04 19:36:39.412268,CLO,2109150.jpg,2109150,2,0,NA
2109204_2,2023-01-04 19:36:38.724788,CLO,2109204.jpg,2109204,2,0,NA
2109285_2,2023-01-04 19:36:37.927913,CLO,2109285.jpg,2109285,2,0,NA
2109297_2,2023-01-04 19:36:37.256029,CLO,2109297.jpg,2109297,2,0,NA
2109301_2,2023-01-04 19:36:36.521810,CLO,2109301.jpg,2109301,2,0,NA
2109319_2,2023-01-04 19:36:35.771668,CLO,2109319.jpg,2109319,2,0,NA
2109321_2,2023-01-04 19:36:34.896663,CLO,2109321.jpg,2109321,2,0,NA
2109322_2,2023-01-04 19:36:34.209165,CLO,2109322.jpg,2109322,2,0,NA
2109325_2,2023-01-04 19:36:33.240447,CLO,2109325.jpg,2109325,2,0,NA
2109328_2,2023-01-04 19:36:32.412317,CLO,2109328.jpg,2109328,2,0,NA
2109330_2,2023-01-04 19:36:31.740428,CLO,2109330.jpg,2109330,2,0,NA
2109331_2,2023-01-04 19:36:31.006054,CLO,2109331.jpg,2109331,2,0,NA
2109342_2,2023-01-04 19:36:30.131069,CLO,2109342.jpg,2109342,2,0,NA
2109343_2,2023-01-04 19:36:29.396690,CLO,2109343.jpg,2109343,2,0,NA
2109353_2,2023-01-04 19:36:28.584187,CLO,2109353.jpg,2109353,2,0,NA
2109363_2,2023-01-04 19:36:27.881064,CLO,2109363.jpg,2109363,2,0,NA
2109365_2,2023-01-04 19:36:27.162323,CLO,2109365.jpg,2109365,2,0,NA
2109368_2,2023-01-04 19:36:26.193579,CLO,2109368.jpg,2109368,2,0,NA
2109448_2,2023-01-04 19:36:25.474842,CLO,2109448.jpg,2109448,2,0,NA
2109583_2,2023-01-04 19:36:24.724899,CLO,2109583.jpg,2109583,2,0,NA
2109590_2,2023-01-04 19:36:23.959213,CLO,2109590.jpg,2109590,2,0,NA
2109605_2,2023-01-04 19:36:23.240447,CLO,2109605.jpg,2109605,2,0,NA
2109612_2,2023-01-04 19:36:22.427967,CLO,2109612.jpg,2109612,2,0,NA
2109651_2,2023-01-04 19:36:21.771719,CLO,2109651.jpg,2109651,2,0,NA
2109661_2,2023-01-04 19:36:20.974865,CLO,2109661.jpg,2109661,2,0,NA
2109662_2,2023-01-04 19:36:20.271729,CLO,2109662.jpg,2109662,2,0,NA
2109744_2,2023-01-04 19:36:19.490500,CLO,2109744.jpg,2109744,2,0,NA
2109712_2,2023-01-04 19:36:18.849862,CLO,2109712.jpg,2109712,2,0,NA
2109805_2,2023-01-04 19:36:18.068603,CLO,2109805.jpg,2109805,2,0,NA
2109807_2,2023-01-04 19:36:17.396847,CLO,2109807.jpg,2109807,2,0,NA
2109813_2,2023-01-04 19:36:16.568604,CLO,2109813.jpg,2109813,2,0,NA
2109820_2,2023-01-04 19:36:15.865483,CLO,2109820.jpg,2109820,2,0,NA
2109826_2,2023-01-04 19:36:15.146748,CLO,2109826.jpg,2109826,2,0,NA
2109828_2,2023-01-04 19:36:14.490507,CLO,2109828.jpg,2109828,2,0,NA
2109845_2,2023-01-04 19:36:13.568639,CLO,2109845.jpg,2109845,2,0,NA
2109848_2,2023-01-04 19:36:12.896765,CLO,2109848.jpg,2109848,2,0,NA
2109858_2,2023-01-04 19:36:12.068648,CLO,2109858.jpg,2109858,2,0,NA
2109855_2,2023-01-04 19:36:11.365505,CLO,2109855.jpg,2109855,2,0,NA
2109859_2,2023-01-04 19:36:10.521765,CLO,2109859.jpg,2109859,2,0,NA
2109898_2,2023-01-04 19:36:09.881143,CLO,2109898.jpg,2109898,2,0,NA
2110308_2,2023-01-04 19:36:09.053120,CLO,2110308.jpg,2110308,2,0,NA
2110313_2,2023-01-04 19:36:08.053038,CLO,2110313.jpg,2110313,2,0,NA
2010607_2,2023-01-04 19:36:07.349902,ACC,2010607.jpg,2010607,2,0,NA
2010604_2,2023-01-04 19:36:06.709287,ACC,2010604.jpg,2010604,2,0,NA
2010895_2,2023-01-04 19:36:05.990638,BEAUTY,2010895.jpg,2010895,2,0,NA
2011085_2,2023-01-04 19:36:05.146787,ACC,2011085.jpg,2011085,2,0,NA
2011647_2,2023-01-04 19:36:04.162410,BEAUTY,2011647.jpg,2011647,2,0,NA
2012149_2,2023-01-04 19:35:28.584434,BEAUTY,2012149.jpg,2012149,2,0,NA
2009652_2,2023-01-04 19:35:28.115686,BEAUTY,2009652.jpg,2009652,2,0,NA
2014578_2,2023-01-04 19:35:26.943801,ACC,2014578.jpg,2014578,2,0,NA
2010565_2,2023-01-04 19:35:26.256296,ACC,2010565.jpg,2010565,2,0,NA
2010569_2,2023-01-04 19:35:25.553197,ACC,2010569.jpg,2010569,2,0,NA
2010575_2,2023-01-04 19:35:24.943820,ACC,2010575.jpg,2010575,2,0,NA
2010868_2,2023-01-04 19:35:24.350076,BEAUTY,2010868.jpg,2010868,2,0,NA
2011025_2,2023-01-04 19:35:23.756306,ACC,2011025.jpg,2011025,2,0,NA
2011143_2,2023-01-04 19:35:23.193822,ACC,2011143.jpg,2011143,2,0,NA
2011178_2,2023-01-04 19:35:22.631313,ACC,2011178.jpg,2011178,2,0,NA
2011173_2,2023-01-04 19:35:22.021952,ACC,2011173.jpg,2011173,2,0,NA
2011179_2,2023-01-04 19:35:21.443829,ACC,2011179.jpg,2011179,2,0,NA
2011176_2,2023-01-04 19:35:20.709547,ACC,2011176.jpg,2011176,2,0,NA
2011283_2,2023-01-04 19:35:20.115715,ACC,2011283.jpg,2011283,2,0,NA
2011372_2,2023-01-04 19:35:19.365728,JEW,2011372.jpg,2011372,2,0,NA
2011613_2,2023-01-04 19:35:18.631339,SHO,2011613.jpg,2011613,2,0,NA
2011618_2,2023-01-04 19:35:17.818837,SHO,2011618.jpg,2011618,2,0,NA
2011614_2,2023-01-04 19:35:17.178220,SHO,2011614.jpg,2011614,2,0,NA
2011615_2,2023-01-04 19:35:16.568850,SHO,2011615.jpg,2011615,2,0,NA
2011693_2,2023-01-04 19:35:15.975101,JEW,2011693.jpg,2011693,2,0,NA
2012150_2,2023-01-04 19:35:15.381424,BEAUTY,2012150.jpg,2012150,2,0,NA
2012659_2,2023-01-04 19:35:14.756471,ACC,2012659.jpg,2012659,2,0,NA
2012696_2,2023-01-04 19:35:14.193868,ACC,2012696.jpg,2012696,2,0,NA
2013806_2,2023-01-04 19:35:13.631356,SHO,2013806.jpg,2013806,2,0,NA
2013807_2,2023-01-04 19:35:12.943984,SHO,2013807.jpg,2013807,2,0,NA
2013824_2,2023-01-04 19:35:12.287618,SHO,2013824.jpg,2013824,2,0,NA
2013844_2,2023-01-04 19:35:11.600194,SHO,2013844.jpg,2013844,2,0,NA
2013854_2,2023-01-04 19:35:10.990730,SHO,2013854.jpg,2013854,2,0,NA
2013853_2,2023-01-04 19:35:10.318870,SHO,2013853.jpg,2013853,2,0,NA
2013861_2,2023-01-04 19:35:09.615749,SHO,2013861.jpg,2013861,2,0,NA
2013862_2,2023-01-04 19:35:08.928241,SHO,2013862.jpg,2013862,2,0,NA
2013910_2,2023-01-04 19:35:08.193874,SHO,2013910.jpg,2013910,2,0,NA
2013912_2,2023-01-04 19:35:07.522005,SHO,2013912.jpg,2013912,2,0,NA
2014405_2,2023-01-04 19:35:06.881497,ACC,2014405.jpg,2014405,2,0,NA
2014925_2,2023-01-04 19:35:06.178261,CLO,2014925.jpg,2014925,2,0,NA
2014924_2,2023-01-04 19:35:05.600137,CLO,2014924.jpg,2014924,2,0,NA
2102386_2,2023-01-04 19:35:05.022053,BEAUTY,2102386.jpg,2102386,2,0,NA
2003562_2,2023-01-04 19:35:04.193897,CLO,2003562.jpg,2003562,2,0,NA
1802335_1,2023-01-04 19:35:03.475151,CLO,1802335.jpg,1802335,1,0,NA
1806581_1,2023-01-04 19:35:02.943898,ACC,1806581.jpg,1806581,1,0,NA
1903165_1,2023-01-04 19:35:02.397027,JEW,1903165.jpg,1903165,1,0,NA
1907825_1,2023-01-04 19:35:01.881407,ACC,1907825.jpg,1907825,1,0,NA
1910553_1,2023-01-04 19:35:01.350353,CLO,1910553.jpg,1910553,1,0,NA
2001116_2,2023-01-04 19:35:00.647045,ACC,2001116.jpg,2001116,2,0,NA
2001215_2,2023-01-04 19:35:00.100162,ACC,2001215.jpg,2001215,2,0,NA
2006118_2,2023-01-04 19:34:59.522040,SHO,2006118.jpg,2006118,2,0,NA
2006009_2,2023-01-04 19:34:58.881401,JEW,2006009.jpg,2006009,2,0,NA
2001494_2,2023-01-04 19:34:58.506425,JEW,2001494.jpg,2001494,2,0,NA
2006340_2,2023-01-04 19:34:57.803292,JEW,2006340.jpg,2006340,2,0,NA
2006415_2,2023-01-04 19:34:57.178296,JEW,2006415.jpg,2006415,2,0,NA
2006271_2,2023-01-04 19:34:56.600178,JEW,2006271.jpg,2006271,2,0,NA
2006404_2,2023-01-04 19:34:55.959912,JEW,2006404.jpg,2006404,2,0,NA
2006457_2,2023-01-04 19:34:55.412673,JEW,2006457.jpg,2006457,2,0,NA
2006775_2,2023-01-04 19:34:54.834552,ACC,2006775.jpg,2006775,2,0,NA
2007182_2,2023-01-04 19:34:54.053310,ACC,2007182.jpg,2007182,2,0,NA
2007181_2,2023-01-04 19:34:53.537687,ACC,2007181.jpg,2007181,2,0,NA
2007948_2,2023-01-04 19:34:52.990802,JEW,2007948.jpg,2007948,2,0,NA
2004761_2,2023-01-04 19:34:52.600292,JEW,2004761.jpg,2004761,2,0,NA
2007972_2,2023-01-04 19:34:51.943950,SHO,2007972.jpg,2007972,2,0,NA
2008040_2,2023-01-04 19:34:51.381432,SHO,2008040.jpg,2008040,2,0,NA
2008124_2,2023-01-04 19:34:50.787719,SHO,2008124.jpg,2008124,2,0,NA
2008125_2,2023-01-04 19:34:50.162685,SHO,2008125.jpg,2008125,2,0,NA
2009153_2,2023-01-04 19:34:49.506438,SHO,2009153.jpg,2009153,2,0,NA
2009155_2,2023-01-04 19:34:48.928314,SHO,2009155.jpg,2009155,2,0,NA
2009383_2,2023-01-04 19:34:48.365835,ACC,2009383.jpg,2009383,2,0,NA
2011134_2,2023-01-04 19:34:47.678334,ACC,2011134.jpg,2011134,2,0,NA
2009387_2,2023-01-04 19:34:47.006458,ACC,2009387.jpg,2009387,2,0,NA
2011250_2,2023-01-04 19:34:46.350209,BEAUTY,2011250.jpg,2011250,2,0,NA
2009629_2,2023-01-04 19:34:45.678353,BEAUTY,2009629.jpg,2009629,2,0,NA
2011252_2,2023-01-04 19:34:44.865854,BEAUTY,2011252.jpg,2011252,2,0,NA
2011797_2,2023-01-04 19:34:44.178360,ACC,2011797.jpg,2011797,2,0,NA
2012741_2,2023-01-04 19:34:43.584600,ACC,2012741.jpg,2012741,2,0,NA
1903231_1,2023-01-04 19:34:43.053351,JEW,1903231.jpg,1903231,1,0,NA
2004533_2,2023-01-04 19:34:42.522215,JEW,2004533.jpg,2004533,2,0,NA
2011169_2,2023-01-04 19:34:41.928422,ACC,2011169.jpg,2011169,2,0,NA
2011950_2,2023-01-04 19:34:41.365909,CLO,2011950.jpg,2011950,2,0,NA
1206956_1,2023-01-04 19:34:40.600222,BEAUTY,1206956.jpg,1206956,1,0,NA
2218405_2,2023-01-04 19:34:40.022098,BEAUTY,2218405.jpg,2218405,2,0,NA
1500281_1,2023-01-04 19:34:39.334592,CLO,1500281.jpg,1500281,1,0,NA
1507988_1,2023-01-04 19:34:38.365847,ACC,1507988.jpg,1507988,1,0,NA
1508020_1,2023-01-04 19:34:37.772100,ACC,1508020.jpg,1508020,1,0,NA
1508076_1,2023-01-04 19:34:37.007031,ACC,1508076.jpg,1508076,1,0,NA
1508067_1,2023-01-04 19:34:36.413242,ACC,1508067.jpg,1508067,1,0,NA
1508078_1,2023-01-04 19:34:35.740990,ACC,1508078.jpg,1508078,1,0,NA
1608531_1,2023-01-04 19:34:35.193980,ACC,1608531.jpg,1608531,1,0,NA
1607063_1,2023-01-04 19:34:34.600240,JEW,1607063.jpg,1607063,1,0,NA
1608677_1,2023-01-04 19:34:34.037763,ACC,1608677.jpg,1608677,1,0,NA
1608902_1,2023-01-04 19:34:33.397117,ACC,1608902.jpg,1608902,1,0,NA
1703148_1,2023-01-04 19:34:32.803388,CLO,1703148.jpg,1703148,1,0,NA
1706269_1,2023-01-04 19:34:32.147124,ACC,1706269.jpg,1706269,1,0,NA
1706692_1,2023-01-04 19:34:31.600266,ACC,1706692.jpg,1706692,1,0,NA
1707217_1,2023-01-04 19:34:31.006509,SHO,1707217.jpg,1707217,1,0,NA
1708642_1,2023-01-04 19:34:30.334630,ACC,1708642.jpg,1708642,1,0,NA
1709025_1,2023-01-04 19:34:29.772155,ACC,1709025.jpg,1709025,1,0,NA
1708987_1,2023-01-04 19:34:29.053393,ACC,1708987.jpg,1708987,1,0,NA
1800638_1,2023-01-04 19:34:28.365885,JEW,1800638.jpg,1800638,1,0,NA
1800936_1,2023-01-04 19:34:27.678385,ACC,1800936.jpg,1800936,1,0,NA
1802296_1,2023-01-04 19:34:27.147161,SHO,1802296.jpg,1802296,1,0,NA
1803862_1,2023-01-04 19:34:26.569015,JEW,1803862.jpg,1803862,1,0,NA
1804255_1,2023-01-04 19:34:26.006517,BEAUTY,1804255.jpg,1804255,1,0,NA
1804357_1,2023-01-04 19:34:25.428397,JEW,1804357.jpg,1804357,1,0,NA
1804957_1,2023-01-04 19:34:24.772177,ACC,1804957.jpg,1804957,1,0,NA
1805121_1,2023-01-04 19:34:24.147182,JEW,1805121.jpg,1805121,1,0,NA
1805370_1,2023-01-04 19:34:23.537794,SHO,1805370.jpg,1805370,1,0,NA
1802351_1,2023-01-04 19:34:22.865916,JEW,1802351.jpg,1802351,1,0,NA
1805516_1,2023-01-04 19:34:22.475300,JEW,1805516.jpg,1805516,1,0,NA
2008955_2,2023-01-04 19:34:21.834681,ACC,2008955.jpg,2008955,2,0,NA
1807148_1,2023-01-04 19:34:21.459690,ACC,1807148.jpg,1807148,1,0,NA
1807174_1,2023-01-04 19:34:20.647185,ACC,1807174.jpg,1807174,1,0,NA
1807238_1,2023-01-04 19:34:20.069063,ACC,1807238.jpg,1807238,1,0,NA
1807279_1,2023-01-04 19:34:19.303440,ACC,1807279.jpg,1807279,1,0,NA
1809725_1,2023-01-04 19:34:18.647192,ACC,1809725.jpg,1809725,1,0,NA
1810401_1,2023-01-04 19:34:17.990954,ACC,1810401.jpg,1810401,1,0,NA
1810433_1,2023-01-04 19:34:17.225324,JEW,1810433.jpg,1810433,1,0,NA
1810402_1,2023-01-04 19:34:16.615948,ACC,1810402.jpg,1810402,1,0,NA
1810554_1,2023-01-04 19:34:15.912832,BEAUTY,1810554.jpg,1810554,1,0,NA
1810501_1,2023-01-04 19:34:15.256581,JEW,1810501.jpg,1810501,1,0,NA
1811122_1,2023-01-04 19:34:14.709750,JEW,1811122.jpg,1811122,1,0,NA
1811641_1,2023-01-04 19:34:14.131562,JEW,1811641.jpg,1811641,1,0,NA
1900043_1,2023-01-04 19:34:13.506594,JEW,1900043.jpg,1900043,1,0,NA
1900405_1,2023-01-04 19:34:12.959709,ACC,1900405.jpg,1900405,1,0,NA
1900553_1,2023-01-04 19:34:12.381593,ACC,1900553.jpg,1900553,1,0,NA
1900482_1,2023-01-04 19:34:11.740965,ACC,1900482.jpg,1900482,1,0,NA
1900968_1,2023-01-04 19:34:11.178471,JEW,1900968.jpg,1900968,1,0,NA
1901106_1,2023-01-04 19:34:10.615970,ACC,1901106.jpg,1901106,1,0,NA
1901319_1,2023-01-04 19:34:10.022215,ACC,1901319.jpg,1901319,1,0,NA
1901188_1,2023-01-04 19:34:09.428477,ACC,1901188.jpg,1901188,1,0,NA
1901321_1,2023-01-04 19:34:08.803501,ACC,1901321.jpg,1901321,1,0,NA
2011053_2,2023-01-04 19:34:08.256594,JEW,2011053.jpg,2011053,2,0,NA
1901904_1,2023-01-04 19:34:07.881634,ACC,1901904.jpg,1901904,1,0,NA
1901765_1,2023-01-04 19:34:07.209740,JEW,1901765.jpg,1901765,1,0,NA
1901941_1,2023-01-04 19:34:06.616016,JEW,1901941.jpg,1901941,1,0,NA
1903015_1,2023-01-04 19:34:06.006627,JEW,1903015.jpg,1903015,1,0,NA
1903527_1,2023-01-04 19:33:50.834799,JEW,1903527.jpg,1903527,1,0,NA
2005274_2,2023-01-04 19:33:50.459798,JEW,2005274.jpg,2005274,2,0,NA
1903695_1,2023-01-04 19:33:50.069224,JEW,1903695.jpg,1903695,1,0,NA
1901660_1,2023-01-04 19:33:49.537922,JEW,1901660.jpg,1901660,1,0,NA
1903735_1,2023-01-04 19:33:49.006672,JEW,1903735.jpg,1903735,1,0,NA
1904235_1,2023-01-04 19:33:48.397330,JEW,1904235.jpg,1904235,1,0,NA
1904500_1,2023-01-04 19:33:47.772309,JEW,1904500.jpg,1904500,1,0,NA
1904533_1,2023-01-04 19:33:47.209816,ACC,1904533.jpg,1904533,1,0,NA
1904598_1,2023-01-04 19:33:46.506691,JEW,1904598.jpg,1904598,1,0,NA
2218309_2,2023-01-04 19:33:45.928672,JEW,2218309.jpg,2218309,2,0,NA
1904609_1,2023-01-04 19:33:45.334820,ACC,1904609.jpg,1904609,1,0,NA
1905179_1,2023-01-04 19:33:44.678844,BEAUTY,1905179.jpg,1905179,1,0,NA
2218413_2,2023-01-04 19:33:44.131852,BEAUTY,2218413.jpg,2218413,2,0,NA
1905320_1,2023-01-04 19:33:43.537948,ACC,1905320.jpg,1905320,1,0,NA
1905676_1,2023-01-04 19:33:42.959894,ACC,1905676.jpg,1905676,1,0,NA
1905571_1,2023-01-04 19:33:42.412961,JEW,1905571.jpg,1905571,1,0,NA
1905619_1,2023-01-04 19:33:41.741086,ACC,1905619.jpg,1905619,1,0,NA
1906110_1,2023-01-04 19:33:41.147731,JEW,1906110.jpg,1906110,1,0,NA
1906310_1,2023-01-04 19:33:40.756707,SHO,1906310.jpg,1906310,1,0,NA
1903292_1,2023-01-04 19:33:39.991333,JEW,1903292.jpg,1903292,1,0,NA
2218354_2,2023-01-04 19:33:39.428601,JEW,2218354.jpg,2218354,2,0,NA
1906558_1,2023-01-04 19:33:38.834845,ACC,1906558.jpg,1906558,1,0,NA
1906561_1,2023-01-04 19:33:37.912979,ACC,1906561.jpg,1906561,1,0,NA
1906703_1,2023-01-04 19:33:37.366102,ACC,1906703.jpg,1906703,1,0,NA
1906830_1,2023-01-04 19:33:36.787976,ACC,1906830.jpg,1906830,1,0,NA
1906728_1,2023-01-04 19:33:36.194234,ACC,1906728.jpg,1906728,1,0,NA
1906903_1,2023-01-04 19:33:35.678618,JEW,1906903.jpg,1906903,1,0,NA
1906898_1,2023-01-04 19:33:35.147388,JEW,1906898.jpg,1906898,1,0,NA
1906914_1,2023-01-04 19:33:34.600495,BEAUTY,1906914.jpg,1906914,1,0,NA
1907000_1,2023-01-04 19:33:34.037987,JEW,1907000.jpg,1907000,1,0,NA
1906998_1,2023-01-04 19:33:33.459862,JEW,1906998.jpg,1906998,1,0,NA
1811250_1,2023-01-04 19:33:32.725486,JEW,1811250.jpg,1811250,1,0,NA
1907123_1,2023-01-04 19:33:32.350507,JEW,1907123.jpg,1907123,1,0,NA
1907185_1,2023-01-04 19:33:31.819250,ACC,1907185.jpg,1907185,1,0,NA
1907424_1,2023-01-04 19:33:31.194241,JEW,1907424.jpg,1907424,1,0,NA
1907445_1,2023-01-04 19:33:30.647395,BEAUTY,1907445.jpg,1907445,1,0,NA
1907446_1,2023-01-04 19:33:29.928631,ACC,1907446.jpg,1907446,1,0,NA
1907492_1,2023-01-04 19:33:29.350532,ACC,1907492.jpg,1907492,1,0,NA
1907464_1,2023-01-04 19:33:28.834883,JEW,1907464.jpg,1907464,1,0,NA
1907483_1,2023-01-04 19:33:28.225514,JEW,1907483.jpg,1907483,1,0,NA
1907484_1,2023-01-04 19:33:27.631902,ACC,1907484.jpg,1907484,1,0,NA
1907513_1,2023-01-04 19:33:27.006768,ACC,1907513.jpg,1907513,1,0,NA
1907561_1,2023-01-04 19:33:26.319248,ACC,1907561.jpg,1907561,1,0,NA
1907566_1,2023-01-04 19:33:25.756910,ACC,1907566.jpg,1907566,1,0,NA
1907564_1,2023-01-04 19:33:25.194364,ACC,1907564.jpg,1907564,1,0,NA
1907584_1,2023-01-04 19:33:24.569275,ACC,1907584.jpg,1907584,1,0,NA
1907596_1,2023-01-04 19:33:23.288069,ACC,1907596.jpg,1907596,1,0,NA
1907609_1,2023-01-04 19:33:22.350695,JEW,1907609.jpg,1907609,1,0,NA
1907624_1,2023-01-04 19:33:21.819288,BEAUTY,1907624.jpg,1907624,1,0,NA
1907783_1,2023-01-04 19:33:21.241180,JEW,1907783.jpg,1907783,1,0,NA
1907772_1,2023-01-04 19:33:20.600549,JEW,1907772.jpg,1907772,1,0,NA
1908042_1,2023-01-04 19:33:19.881828,ACC,1908042.jpg,1908042,1,0,NA
1907935_1,2023-01-04 19:33:19.303711,BEAUTY,1907935.jpg,1907935,1,0,NA
1908055_1,2023-01-04 19:33:18.600563,ACC,1908055.jpg,1908055,1,0,NA
1908079_1,2023-01-04 19:33:17.522429,CLO,1908079.jpg,1908079,1,0,NA
1908081_1,2023-01-04 19:33:16.491271,CLO,1908081.jpg,1908081,1,0,NA
1908125_1,2023-01-04 19:33:15.522427,ACC,1908125.jpg,1908125,1,0,NA
1908133_1,2023-01-04 19:33:15.006816,ACC,1908133.jpg,1908133,1,0,NA
1908184_1,2023-01-04 19:33:14.350672,ACC,1908184.jpg,1908184,1,0,NA
1908186_1,2023-01-04 19:33:13.803704,ACC,1908186.jpg,1908186,1,0,NA
1908229_1,2023-01-04 19:33:13.100586,CLO,1908229.jpg,1908229,1,0,NA
1908235_1,2023-01-04 19:33:12.131897,ACC,1908235.jpg,1908235,1,0,NA
1908302_1,2023-01-04 19:33:11.428715,ACC,1908302.jpg,1908302,1,0,NA
1908797_1,2023-01-04 19:33:10.803707,JEW,1908797.jpg,1908797,1,0,NA
1908803_1,2023-01-04 19:33:10.116208,JEW,1908803.jpg,1908803,1,0,NA
1908927_1,2023-01-04 19:33:09.569507,ACC,1908927.jpg,1908927,1,0,NA
1908976_1,2023-01-04 19:33:09.006869,ACC,1908976.jpg,1908976,1,0,NA
1908850_1,2023-01-04 19:33:08.428711,ACC,1908850.jpg,1908850,1,0,NA
1909055_1,2023-01-04 19:33:07.772472,SHO,1909055.jpg,1909055,1,0,NA
1909517_1,2023-01-04 19:33:07.225571,JEW,1909517.jpg,1909517,1,0,NA
1908966_1,2023-01-04 19:33:06.288099,JEW,1908966.jpg,1908966,1,0,NA
1909557_1,2023-01-04 19:33:05.897482,JEW,1909557.jpg,1909557,1,0,NA
1909767_1,2023-01-04 19:33:04.116249,JEW,1909767.jpg,1909767,1,0,NA
1912811_1,2023-01-04 19:33:03.725608,JEW,1912811.jpg,1912811,1,0,NA
2005589_2,2023-01-04 19:33:03.334994,JEW,2005589.jpg,2005589,2,0,NA
1909924_1,2023-01-04 19:33:02.678751,JEW,1909924.jpg,1909924,1,0,NA
1910538_1,2023-01-04 19:33:02.084974,JEW,1910538.jpg,1910538,1,0,NA
1811119_1,2023-01-04 19:33:01.694360,JEW,1811119.jpg,1811119,1,0,NA
1910156_1,2023-01-04 19:33:01.131881,JEW,1910156.jpg,1910156,1,0,NA
1910654_1,2023-01-04 19:33:00.569349,CLO,1910654.jpg,1910654,1,0,NA
1909861_1,2023-01-04 19:32:32.069485,JEW,1909861.jpg,1909861,1,0,NA
1910732_1,2023-01-04 19:32:31.678841,JEW,1910732.jpg,1910732,1,0,NA
1910865_1,2023-01-04 19:32:31.303990,JEW,1910865.jpg,1910865,1,0,NA
1912640_1,2023-01-04 19:32:30.663218,JEW,1912640.jpg,1912640,1,0,NA
1910698_1,2023-01-04 19:32:30.147617,BEAUTY,1910698.jpg,1910698,1,0,NA
1910889_1,2023-01-04 19:32:29.413250,JEW,1910889.jpg,1910889,1,0,NA
1911057_1,2023-01-04 19:32:28.897604,JEW,1911057.jpg,1911057,1,0,NA
1911090_1,2023-01-04 19:32:28.257040,JEW,1911090.jpg,1911090,1,0,NA
1911133_1,2023-01-04 19:32:27.678888,ACC,1911133.jpg,1911133,1,0,NA
1911060_1,2023-01-04 19:32:27.116374,JEW,1911060.jpg,1911060,1,0,NA
1911124_1,2023-01-04 19:32:26.585131,JEW,1911124.jpg,1911124,1,0,NA
1911180_1,2023-01-04 19:32:26.007095,JEW,1911180.jpg,1911180,1,0,NA
1911255_1,2023-01-04 19:32:25.397629,JEW,1911255.jpg,1911255,1,0,NA
1911269_1,2023-01-04 19:32:24.819503,JEW,1911269.jpg,1911269,1,0,NA
1911277_1,2023-01-04 19:32:24.178990,BEAUTY,1911277.jpg,1911277,1,0,NA
1911464_1,2023-01-04 19:32:23.569516,ACC,1911464.jpg,1911464,1,0,NA
1911530_1,2023-01-04 19:32:23.007011,ACC,1911530.jpg,1911530,1,0,NA
1911531_1,2023-01-04 19:32:22.397795,ACC,1911531.jpg,1911531,1,0,NA
1911517_1,2023-01-04 19:32:21.882006,ACC,1911517.jpg,1911517,1,0,NA
1911540_1,2023-01-04 19:32:21.210144,ACC,1911540.jpg,1911540,1,0,NA
1911603_1,2023-01-04 19:32:20.678899,ACC,1911603.jpg,1911603,1,0,NA
1911615_1,2023-01-04 19:32:20.116375,ACC,1911615.jpg,1911615,1,0,NA
1911618_1,2023-01-04 19:32:19.522653,ACC,1911618.jpg,1911618,1,0,NA
1911635_1,2023-01-04 19:32:18.960243,ACC,1911635.jpg,1911635,1,0,NA
1911611_1,2023-01-04 19:32:18.397665,ACC,1911611.jpg,1911611,1,0,NA
1911665_1,2023-01-04 19:32:17.741402,JEW,1911665.jpg,1911665,1,0,NA
1911650_1,2023-01-04 19:32:17.007051,JEW,1911650.jpg,1911650,1,0,NA
1911667_1,2023-01-04 19:32:16.475787,JEW,1911667.jpg,1911667,1,0,NA
1911670_1,2023-01-04 19:32:15.803918,ACC,1911670.jpg,1911670,1,0,NA
1911671_1,2023-01-04 19:32:15.163303,ACC,1911671.jpg,1911671,1,0,NA
1911679_1,2023-01-04 19:32:14.585166,ACC,1911679.jpg,1911679,1,0,NA
1911696_1,2023-01-04 19:32:13.991423,ACC,1911696.jpg,1911696,1,0,NA
1911713_1,2023-01-04 19:32:13.413397,ACC,1911713.jpg,1911713,1,0,NA
1911712_1,2023-01-04 19:32:12.835174,ACC,1911712.jpg,1911712,1,0,NA
1911720_1,2023-01-04 19:32:12.257041,ACC,1911720.jpg,1911720,1,0,NA
1912075_1,2023-01-04 19:32:11.553954,ACC,1912075.jpg,1912075,1,0,NA
1912152_1,2023-01-04 19:32:10.960196,JEW,1912152.jpg,1912152,1,0,NA
1912747_1,2023-01-04 19:32:10.413314,CLO,1912747.jpg,1912747,1,0,NA
2002073_2,2023-01-04 19:32:10.038314,CLO,2002073.jpg,2002073,2,0,NA
1912709_1,2023-01-04 19:32:09.460176,CLO,1912709.jpg,1912709,1,0,NA
1912816_1,2023-01-04 19:32:08.850816,JEW,1912816.jpg,1912816,1,0,NA
1912814_1,2023-01-04 19:32:08.288323,JEW,1912814.jpg,1912814,1,0,NA
1912993_1,2023-01-04 19:32:07.663324,BEAUTY,1912993.jpg,1912993,1,0,NA
1912963_1,2023-01-04 19:32:07.069586,ACC,1912963.jpg,1912963,1,0,NA
1910107_1,2023-01-04 19:32:06.647691,ACC,1910107.jpg,1910107,1,0,NA
1912986_1,2023-01-04 19:32:06.053955,BEAUTY,1912986.jpg,1912986,1,0,NA
1913034_1,2023-01-04 19:32:05.382190,JEW,1913034.jpg,1913034,1,0,NA
1913038_1,2023-01-04 19:32:04.694573,JEW,1913038.jpg,1913038,1,0,NA
1912204_1,2023-01-04 19:32:04.085275,ACC,1912204.jpg,1912204,1,0,NA
1913085_1,2023-01-04 19:32:03.694753,ACC,1913085.jpg,1913085,1,0,NA
1913050_1,2023-01-04 19:32:03.085204,ACC,1913050.jpg,1913050,1,0,NA
1913116_1,2023-01-04 19:32:02.507090,ACC,1913116.jpg,1913116,1,0,NA
1913129_1,2023-01-04 19:32:01.928977,ACC,1913129.jpg,1913129,1,0,NA
1913132_1,2023-01-04 19:32:01.303957,ACC,1913132.jpg,1913132,1,0,NA
1913131_1,2023-01-04 19:32:00.725860,ACC,1913131.jpg,1913131,1,0,NA
2000071_2,2023-01-04 19:32:00.069639,CLO,2000071.jpg,2000071,2,0,NA
1913143_1,2023-01-04 19:31:59.507105,SHO,1913143.jpg,1913143,1,0,NA
2000157_2,2023-01-04 19:31:58.897837,JEW,2000157.jpg,2000157,2,0,NA
2000265_2,2023-01-04 19:31:58.303974,ACC,2000265.jpg,2000265,2,0,NA
2000288_2,2023-01-04 19:31:57.725856,JEW,2000288.jpg,2000288,2,0,NA
2000355_2,2023-01-04 19:31:56.913390,JEW,2000355.jpg,2000355,2,0,NA
2000388_2,2023-01-04 19:31:56.288370,ACC,2000388.jpg,2000388,2,0,NA
2000392_2,2023-01-04 19:31:55.491492,JEW,2000392.jpg,2000392,2,0,NA
2000438_2,2023-01-04 19:31:54.850870,JEW,2000438.jpg,2000438,2,0,NA
2000446_2,2023-01-04 19:31:53.851005,CLO,2000446.jpg,2000446,2,0,NA
2000433_2,2023-01-04 19:31:53.225895,BEAUTY,2000433.jpg,2000433,2,0,NA
2000492_2,2023-01-04 19:31:52.632150,JEW,2000492.jpg,2000492,2,0,NA
2000553_2,2023-01-04 19:31:51.897756,JEW,2000553.jpg,2000553,2,0,NA
2000528_2,2023-01-04 19:31:51.304010,CLO,2000528.jpg,2000528,2,0,NA
2000728_2,2023-01-04 19:31:50.444643,JEW,2000728.jpg,2000728,2,0,NA
2000784_2,2023-01-04 19:31:49.679021,CLO,2000784.jpg,2000784,2,0,NA
1910242_1,2023-01-04 19:31:49.288393,CLO,1910242.jpg,1910242,1,0,NA
2000877_2,2023-01-04 19:31:48.647892,JEW,2000877.jpg,2000877,2,0,NA
2218312_2,2023-01-04 19:31:48.100895,JEW,2218312.jpg,2218312,2,0,NA
2000897_2,2023-01-04 19:31:47.554029,CLO,2000897.jpg,2000897,2,0,NA
2000896_2,2023-01-04 19:31:46.788415,CLO,2000896.jpg,2000896,2,0,NA
2000940_2,2023-01-04 19:31:46.069817,BEAUTY,2000940.jpg,2000940,2,0,NA
2000953_2,2023-01-04 19:31:45.460283,BEAUTY,2000953.jpg,2000953,2,0,NA
2000964_2,2023-01-04 19:31:44.897788,BEAUTY,2000964.jpg,2000964,2,0,NA
2000965_2,2023-01-04 19:31:44.288410,BEAUTY,2000965.jpg,2000965,2,0,NA
2000969_2,2023-01-04 19:31:43.710295,BEAUTY,2000969.jpg,2000969,2,0,NA
2000979_2,2023-01-04 19:31:42.944670,BEAUTY,2000979.jpg,2000979,2,0,NA
2000987_2,2023-01-04 19:31:42.397790,ACC,2000987.jpg,2000987,2,0,NA
2000994_2,2023-01-04 19:31:41.835292,ACC,2000994.jpg,2000994,2,0,NA
2001014_2,2023-01-04 19:31:41.288423,ACC,2001014.jpg,2001014,2,0,NA
2001000_2,2023-01-04 19:31:40.616548,ACC,2001000.jpg,2001000,2,0,NA
2001016_2,2023-01-04 19:31:40.085324,ACC,2001016.jpg,2001016,2,0,NA
2001020_2,2023-01-04 19:31:39.335320,ACC,2001020.jpg,2001020,2,0,NA
2001040_2,2023-01-04 19:31:38.585549,ACC,2001040.jpg,2001040,2,0,NA
2001046_2,2023-01-04 19:31:37.835642,ACC,2001046.jpg,2001046,2,0,NA
2001076_2,2023-01-04 19:31:37.147813,SHO,2001076.jpg,2001076,2,0,NA
2001049_2,2023-01-04 19:31:36.460314,ACC,2001049.jpg,2001049,2,0,NA
2001047_2,2023-01-04 19:31:35.647815,ACC,2001047.jpg,2001047,2,0,NA
2001111_2,2023-01-04 19:31:34.960342,ACC,2001111.jpg,2001111,2,0,NA
2001104_2,2023-01-04 19:31:34.397820,ACC,2001104.jpg,2001104,2,0,NA
2001145_2,2023-01-04 19:31:33.835342,ACC,2001145.jpg,2001145,2,0,NA
2001117_2,2023-01-04 19:31:33.163453,ACC,2001117.jpg,2001117,2,0,NA
2001157_2,2023-01-04 19:31:32.554086,ACC,2001157.jpg,2001157,2,0,NA
2001158_2,2023-01-04 19:31:31.913452,ACC,2001158.jpg,2001158,2,0,NA
2001159_2,2023-01-04 19:31:30.710379,ACC,2001159.jpg,2001159,2,0,NA
2001165_2,2023-01-04 19:31:30.100971,ACC,2001165.jpg,2001165,2,0,NA
2001166_2,2023-01-04 19:31:29.460333,ACC,2001166.jpg,2001166,2,0,NA
2001170_2,2023-01-04 19:31:28.819723,ACC,2001170.jpg,2001170,2,0,NA
2001171_2,2023-01-04 19:31:28.132233,ACC,2001171.jpg,2001171,2,0,NA
2001172_2,2023-01-04 19:31:27.366603,ACC,2001172.jpg,2001172,2,0,NA
2001175_2,2023-01-04 19:31:26.647856,ACC,2001175.jpg,2001175,2,0,NA
2001214_2,2023-01-04 19:31:25.944725,ACC,2001214.jpg,2001214,2,0,NA
2001206_2,2023-01-04 19:31:24.929137,ACC,2001206.jpg,2001206,2,0,NA
2001193_2,2023-01-04 19:31:24.335368,ACC,2001193.jpg,2001193,2,0,NA
2001228_2,2023-01-04 19:31:23.804113,BEAUTY,2001228.jpg,2001228,2,0,NA
2001189_2,2023-01-04 19:31:23.179236,ACC,2001189.jpg,2001189,2,0,NA
2001229_2,2023-01-04 19:31:22.585385,BEAUTY,2001229.jpg,2001229,2,0,NA
2001262_2,2023-01-04 19:31:21.929122,ACC,2001262.jpg,2001262,2,0,NA
2001278_2,2023-01-04 19:31:21.288498,SHO,2001278.jpg,2001278,2,0,NA
2001264_2,2023-01-04 19:31:20.554132,ACC,2001264.jpg,2001264,2,0,NA
2001473_2,2023-01-04 19:31:19.944744,CLO,2001473.jpg,2001473,2,0,NA
2001495_2,2023-01-04 19:31:19.319761,JEW,2001495.jpg,2001495,2,0,NA
2001489_2,2023-01-04 19:31:18.085383,ACC,2001489.jpg,2001489,2,0,NA
2001500_2,2023-01-04 19:31:17.272895,JEW,2001500.jpg,2001500,2,0,NA
2001529_2,2023-01-04 19:31:16.522888,ACC,2001529.jpg,2001529,2,0,NA
2001650_2,2023-01-04 19:31:15.663522,JEW,2001650.jpg,2001650,2,0,NA
2001651_2,2023-01-04 19:31:15.288526,ACC,2001651.jpg,2001651,2,0,NA
1906809_1,2023-01-04 19:31:14.601028,JEW,1906809.jpg,1906809,1,0,NA
2001691_2,2023-01-04 19:31:14.007358,ACC,2001691.jpg,2001691,2,0,NA
1805155_1,2023-01-04 19:31:13.632276,ACC,1805155.jpg,1805155,1,0,NA
1912177_1,2023-01-04 19:31:13.241658,ACC,1912177.jpg,1912177,1,0,NA
1802581_1,2023-01-04 19:31:12.851033,ACC,1802581.jpg,1802581,1,0,NA
1913033_1,2023-01-04 19:31:10.179163,JEW,1913033.jpg,1913033,1,0,NA
2001747_2,2023-01-04 19:31:09.757278,JEW,2001747.jpg,2001747,2,0,NA
2001746_2,2023-01-04 19:31:09.054179,JEW,2001746.jpg,2001746,2,0,NA
2001810_2,2023-01-04 19:31:08.272935,JEW,2001810.jpg,2001810,2,0,NA
2002192_2,2023-01-04 19:31:07.647926,ACC,2002192.jpg,2002192,2,0,NA
2002227_2,2023-01-04 19:31:06.929246,ACC,2002227.jpg,2002227,2,0,NA
2002274_2,2023-01-04 19:31:06.132322,JEW,2002274.jpg,2002274,2,0,NA
1910436_1,2023-01-04 19:30:46.507384,JEW,1910436.jpg,1910436,1,0,NA
2002279_2,2023-01-04 19:30:46.116915,ACC,2002279.jpg,2002279,2,0,NA
1906808_1,2023-01-04 19:30:45.726149,ACC,1906808.jpg,1906808,1,0,NA
2002317_2,2023-01-04 19:30:45.132389,CLO,2002317.jpg,2002317,2,0,NA
2002277_2,2023-01-04 19:30:44.476124,JEW,2002277.jpg,2002277,2,0,NA
2002328_2,2023-01-04 19:30:43.944954,ACC,2002328.jpg,2002328,2,0,NA
2002334_2,2023-01-04 19:30:43.241751,ACC,2002334.jpg,2002334,2,0,NA
2002330_2,2023-01-04 19:30:42.632376,ACC,2002330.jpg,2002330,2,0,NA
2002333_2,2023-01-04 19:30:42.085552,ACC,2002333.jpg,2002333,2,0,NA
2002347_2,2023-01-04 19:30:41.491757,CLO,2002347.jpg,2002347,2,0,NA
2002337_2,2023-01-04 19:30:40.741763,CLO,2002337.jpg,2002337,2,0,NA
2002340_2,2023-01-04 19:30:40.148026,CLO,2002340.jpg,2002340,2,0,NA
2002350_2,2023-01-04 19:30:39.445113,CLO,2002350.jpg,2002350,2,0,NA
2002371_2,2023-01-04 19:30:39.069954,SHO,2002371.jpg,2002371,2,0,NA
2005762_2,2023-01-04 19:30:38.366792,CLO,2005762.jpg,2005762,2,0,NA
2002420_2,2023-01-04 19:30:37.726143,ACC,2002420.jpg,2002420,2,0,NA
2002522_2,2023-01-04 19:30:37.148023,SHO,2002522.jpg,2002522,2,0,NA
2002529_2,2023-01-04 19:30:36.382431,SHO,2002529.jpg,2002529,2,0,NA
2002531_2,2023-01-04 19:30:35.757397,SHO,2002531.jpg,2002531,2,0,NA
2002530_2,2023-01-04 19:30:35.116780,SHO,2002530.jpg,2002530,2,0,NA
2002540_2,2023-01-04 19:30:34.460542,SHO,2002540.jpg,2002540,2,0,NA
2002644_2,2023-01-04 19:30:33.882470,BEAUTY,2002644.jpg,2002644,2,0,NA
2002651_2,2023-01-04 19:30:33.226161,ACC,2002651.jpg,2002651,2,0,NA
2002657_2,2023-01-04 19:30:32.648039,SHO,2002657.jpg,2002657,2,0,NA
2002661_2,2023-01-04 19:30:31.960545,SHO,2002661.jpg,2002661,2,0,NA
2002709_2,2023-01-04 19:30:31.273056,ACC,2002709.jpg,2002709,2,0,NA
2002711_2,2023-01-04 19:30:30.460570,ACC,2002711.jpg,2002711,2,0,NA
2002712_2,2023-01-04 19:30:29.679299,ACC,2002712.jpg,2002712,2,0,NA
2002713_2,2023-01-04 19:30:28.882450,ACC,2002713.jpg,2002713,2,0,NA
2003105_2,2023-01-04 19:30:28.179307,CLO,2003105.jpg,2003105,2,0,NA
2002751_2,2023-01-04 19:30:27.569942,ACC,2002751.jpg,2002751,2,0,NA
2002744_2,2023-01-04 19:30:26.960595,JEW,2002744.jpg,2002744,2,0,NA
2003140_2,2023-01-04 19:30:26.351245,JEW,2003140.jpg,2003140,2,0,NA
2003158_2,2023-01-04 19:30:25.788713,BEAUTY,2003158.jpg,2003158,2,0,NA
2003156_2,2023-01-04 19:30:25.226235,BEAUTY,2003156.jpg,2003156,2,0,NA
2003194_2,2023-01-04 19:30:24.632466,ACC,2003194.jpg,2003194,2,0,NA
2003403_2,2023-01-04 19:30:24.007448,CLO,2003403.jpg,2003403,2,0,NA
2003420_2,2023-01-04 19:30:23.398073,CLO,2003420.jpg,2003420,2,0,NA
2218281_2,2023-01-04 19:30:22.819952,JEW,2218281.jpg,2218281,2,0,NA
2003550_2,2023-01-04 19:30:22.273083,CLO,2003550.jpg,2003550,2,0,NA
2003552_2,2023-01-04 19:30:21.663732,CLO,2003552.jpg,2003552,2,0,NA
2003551_2,2023-01-04 19:30:21.069980,CLO,2003551.jpg,2003551,2,0,NA
2003555_2,2023-01-04 19:30:20.460582,CLO,2003555.jpg,2003555,2,0,NA
2003553_2,2023-01-04 19:30:19.741848,CLO,2003553.jpg,2003553,2,0,NA
2003556_2,2023-01-04 19:30:19.101218,CLO,2003556.jpg,2003556,2,0,NA
2003557_2,2023-01-04 19:30:18.288723,CLO,2003557.jpg,2003557,2,0,NA
2003558_2,2023-01-04 19:30:17.710618,CLO,2003558.jpg,2003558,2,0,NA
2003619_2,2023-01-04 19:30:17.085643,CLO,2003619.jpg,2003619,2,0,NA
2003620_2,2023-01-04 19:30:16.523102,CLO,2003620.jpg,2003620,2,0,NA
2003610_2,2023-01-04 19:30:15.898125,JEW,2003610.jpg,2003610,2,0,NA
2003685_2,2023-01-04 19:30:15.288783,SHO,2003685.jpg,2003685,2,0,NA
2003716_2,2023-01-04 19:30:14.648140,SHO,2003716.jpg,2003716,2,0,NA
2003710_2,2023-01-04 19:30:14.023131,ACC,2003710.jpg,2003710,2,0,NA
2003841_2,2023-01-04 19:30:13.429363,SHO,2003841.jpg,2003841,2,0,NA
2003852_2,2023-01-04 19:30:12.773336,CLO,2003852.jpg,2003852,2,0,NA
2004021_2,2023-01-04 19:30:11.991893,BEAUTY,2004021.jpg,2004021,2,0,NA
2006809_2,2023-01-04 19:30:11.429366,JEW,2006809.jpg,2006809,2,0,NA
2004016_2,2023-01-04 19:30:11.054375,JEW,2004016.jpg,2004016,2,0,NA
2004192_2,2023-01-04 19:30:10.476254,JEW,2004192.jpg,2004192,2,0,NA
2004200_2,2023-01-04 19:30:09.913773,JEW,2004200.jpg,2004200,2,0,NA
2004335_2,2023-01-04 19:30:09.101254,SHO,2004335.jpg,2004335,2,0,NA
2004022_2,2023-01-04 19:30:08.460631,BEAUTY,2004022.jpg,2004022,2,0,NA
2004347_2,2023-01-04 19:30:07.835685,SHO,2004347.jpg,2004347,2,0,NA
2004391_2,2023-01-04 19:30:07.179404,ACC,2004391.jpg,2004391,2,0,NA
2004537_2,2023-01-04 19:30:06.601263,JEW,2004537.jpg,2004537,2,0,NA
2004797_2,2023-01-04 19:30:05.960644,JEW,2004797.jpg,2004797,2,0,NA
2004828_2,2023-01-04 19:30:05.585642,JEW,2004828.jpg,2004828,2,0,NA
2004535_2,2023-01-04 19:30:04.945019,JEW,2004535.jpg,2004535,2,0,NA
2002863_2,2023-01-04 19:30:04.382522,JEW,2002863.jpg,2002863,2,0,NA
2004830_2,2023-01-04 19:30:03.757525,JEW,2004830.jpg,2004830,2,0,NA
2004880_2,2023-01-04 19:30:03.148154,JEW,2004880.jpg,2004880,2,0,NA
2004962_2,2023-01-04 19:30:02.491907,ACC,2004962.jpg,2004962,2,0,NA
2004967_2,2023-01-04 19:30:01.757550,SHO,2004967.jpg,2004967,2,0,NA
2005052_2,2023-01-04 19:30:01.148170,ACC,2005052.jpg,2005052,2,0,NA
2005045_2,2023-01-04 19:30:00.320070,ACC,2005045.jpg,2005045,2,0,NA
2005055_2,2023-01-04 19:29:59.616920,ACC,2005055.jpg,2005055,2,0,NA
2005061_2,2023-01-04 19:29:58.960848,ACC,2005061.jpg,2005061,2,0,NA
2005140_2,2023-01-04 19:29:58.241928,ACC,2005140.jpg,2005140,2,0,NA
2005136_2,2023-01-04 19:29:57.241934,ACC,2005136.jpg,2005136,2,0,NA
2100561_2,2023-01-04 19:29:56.851344,ACC,2100561.jpg,2100561,2,0,NA
2005221_2,2023-01-04 19:29:56.257592,SHO,2005221.jpg,2005221,2,0,NA
2005238_2,2023-01-04 19:29:55.648185,SHO,2005238.jpg,2005238,2,0,NA
2005265_2,2023-01-04 19:29:54.835684,JEW,2005265.jpg,2005265,2,0,NA
2005266_2,2023-01-04 19:29:54.445064,JEW,2005266.jpg,2005266,2,0,NA
2001511_2,2023-01-04 19:29:54.070091,JEW,2001511.jpg,2001511,2,0,NA
2002787_2,2023-01-04 19:29:53.523190,JEW,2002787.jpg,2002787,2,0,NA
2002975_2,2023-01-04 19:29:52.820069,JEW,2002975.jpg,2002975,2,0,NA
2002974_2,2023-01-04 19:29:52.429462,JEW,2002974.jpg,2002974,2,0,NA
2005281_2,2023-01-04 19:29:52.054466,JEW,2005281.jpg,2005281,2,0,NA
2005280_2,2023-01-04 19:29:51.304471,JEW,2005280.jpg,2005280,2,0,NA
1907207_1,2023-01-04 19:29:49.991957,JEW,1907207.jpg,1907207,1,0,NA
2005392_2,2023-01-04 19:29:49.601330,JEW,2005392.jpg,2005392,2,0,NA
2005380_2,2023-01-04 19:29:48.991957,JEW,2005380.jpg,2005380,2,0,NA
2002977_2,2023-01-04 19:29:48.195084,JEW,2002977.jpg,2002977,2,0,NA
2005393_2,2023-01-04 19:29:47.788855,JEW,2005393.jpg,2005393,2,0,NA
2002815_2,2023-01-04 19:29:46.898214,JEW,2002815.jpg,2002815,2,0,NA
2005400_2,2023-01-04 19:29:46.523258,JEW,2005400.jpg,2005400,2,0,NA
2002819_2,2023-01-04 19:29:45.460722,ACC,2002819.jpg,2002819,2,0,NA
2005398_2,2023-01-04 19:29:45.070203,ACC,2005398.jpg,2005398,2,0,NA
2005465_2,2023-01-04 19:29:44.304475,JEW,2005465.jpg,2005465,2,0,NA
2005587_2,2023-01-04 19:29:40.226370,JEW,2005587.jpg,2005587,2,0,NA
2003198_2,2023-01-04 19:29:39.851369,JEW,2003198.jpg,2003198,2,0,NA
2005404_2,2023-01-04 19:29:39.273268,JEW,2005404.jpg,2005404,2,0,NA
2002042_2,2023-01-04 19:29:38.898241,JEW,2002042.jpg,2002042,2,0,NA
2005615_2,2023-01-04 19:29:38.195122,JEW,2005615.jpg,2005615,2,0,NA
2005637_2,2023-01-04 19:29:37.585752,SHO,2005637.jpg,2005637,2,0,NA
2005638_2,2023-01-04 19:29:36.820132,SHO,2005638.jpg,2005638,2,0,NA
2005750_2,2023-01-04 19:29:36.148278,BEAUTY,2005750.jpg,2005750,2,0,NA
2005773_2,2023-01-04 19:29:35.335766,CLO,2005773.jpg,2005773,2,0,NA
2005861_2,2023-01-04 19:29:34.601402,CLO,2005861.jpg,2005861,2,0,NA
2005879_2,2023-01-04 19:29:33.820143,ACC,2005879.jpg,2005879,2,0,NA
2005884_2,2023-01-04 19:29:33.195183,ACC,2005884.jpg,2005884,2,0,NA
2005883_2,2023-01-04 19:29:32.601412,ACC,2005883.jpg,2005883,2,0,NA
2005885_2,2023-01-04 19:29:31.913923,ACC,2005885.jpg,2005885,2,0,NA
2005886_2,2023-01-04 19:29:31.288903,ACC,2005886.jpg,2005886,2,0,NA
2005887_2,2023-01-04 19:29:30.585776,ACC,2005887.jpg,2005887,2,0,NA
2005890_2,2023-01-04 19:29:29.992038,ACC,2005890.jpg,2005890,2,0,NA
2005957_2,2023-01-04 19:29:28.835803,JEW,2005957.jpg,2005957,2,0,NA
2005963_2,2023-01-04 19:29:28.195186,JEW,2005963.jpg,2005963,2,0,NA
2005997_2,2023-01-04 19:29:27.210885,JEW,2005997.jpg,2005997,2,0,NA
2002821_2,2023-01-04 19:29:26.820171,JEW,2002821.jpg,2002821,2,0,NA
2006000_2,2023-01-04 19:29:25.976508,JEW,2006000.jpg,2006000,2,0,NA
2006002_2,2023-01-04 19:29:25.163947,JEW,2006002.jpg,2006002,2,0,NA
2006005_2,2023-01-04 19:29:24.757677,CLO,2006005.jpg,2006005,2,0,NA
2003631_2,2023-01-04 19:29:24.382675,CLO,2003631.jpg,2003631,2,0,NA
2002938_2,2023-01-04 19:29:23.757679,JEW,2002938.jpg,2002938,2,0,NA
1911962_1,2023-01-04 19:29:22.992117,JEW,1911962.jpg,1911962,1,0,NA
2006001_2,2023-01-04 19:29:22.601452,JEW,2006001.jpg,2006001,2,0,NA
2003950_2,2023-01-04 19:29:21.570204,JEW,2003950.jpg,2003950,2,0,NA
2006012_2,2023-01-04 19:29:21.195190,JEW,2006012.jpg,2006012,2,0,NA
2006043_2,2023-01-04 19:29:20.460816,SHO,2006043.jpg,2006043,2,0,NA
2002739_2,2023-01-04 19:29:19.288947,JEW,2002739.jpg,2002739,2,0,NA
2006025_2,2023-01-04 19:29:18.913968,JEW,2006025.jpg,2006025,2,0,NA
2006073_2,2023-01-04 19:29:18.242078,SHO,2006073.jpg,2006073,2,0,NA
2006104_2,2023-01-04 19:29:02.382762,SHO,2006104.jpg,2006104,2,0,NA
2006109_2,2023-01-04 19:29:01.179638,CLO,2006109.jpg,2006109,2,0,NA
2006132_2,2023-01-04 19:29:00.226580,SHO,2006132.jpg,2006132,2,0,NA
2006202_2,2023-01-04 19:28:59.382790,JEW,2006202.jpg,2006202,2,0,NA
2006178_2,2023-01-04 19:28:58.726547,JEW,2006178.jpg,2006178,2,0,NA
2006209_2,2023-01-04 19:28:58.023405,JEW,2006209.jpg,2006209,2,0,NA
2006183_2,2023-01-04 19:28:57.476528,JEW,2006183.jpg,2006183,2,0,NA
2006225_2,2023-01-04 19:28:56.914048,JEW,2006225.jpg,2006225,2,0,NA
2006243_2,2023-01-04 19:28:56.304684,JEW,2006243.jpg,2006243,2,0,NA
2003921_2,2023-01-04 19:28:55.914059,JEW,2003921.jpg,2003921,2,0,NA
2006227_2,2023-01-04 19:28:54.726567,JEW,2006227.jpg,2006227,2,0,NA
2006248_2,2023-01-04 19:28:54.070309,JEW,2006248.jpg,2006248,2,0,NA
2006339_2,2023-01-04 19:28:53.273432,JEW,2006339.jpg,2006339,2,0,NA
2006476_2,2023-01-04 19:28:52.710923,BEAUTY,2006476.jpg,2006476,2,0,NA
2006519_2,2023-01-04 19:28:52.164062,JEW,2006519.jpg,2006519,2,0,NA
2006525_2,2023-01-04 19:28:51.617177,JEW,2006525.jpg,2006525,2,0,NA
2006505_2,2023-01-04 19:28:51.054684,CLO,2006505.jpg,2006505,2,0,NA
2006572_2,2023-01-04 19:28:50.085948,BEAUTY,2006572.jpg,2006572,2,0,NA
2006533_2,2023-01-04 19:28:49.445333,JEW,2006533.jpg,2006533,2,0,NA
2006524_2,2023-01-04 19:28:48.898439,JEW,2006524.jpg,2006524,2,0,NA
2006627_2,2023-01-04 19:28:47.742191,CLO,2006627.jpg,2006627,2,0,NA
2006620_2,2023-01-04 19:28:47.148444,SHO,2006620.jpg,2006620,2,0,NA
2006634_2,2023-01-04 19:28:46.492196,ACC,2006634.jpg,2006634,2,0,NA
2006635_2,2023-01-04 19:28:45.867218,ACC,2006635.jpg,2006635,2,0,NA
2006641_2,2023-01-04 19:28:45.304737,CLO,2006641.jpg,2006641,2,0,NA
2006653_2,2023-01-04 19:28:44.648453,CLO,2006653.jpg,2006653,2,0,NA
2011622_2,2023-01-04 19:28:44.273461,CLO,2011622.jpg,2011622,2,0,NA
2006677_2,2023-01-04 19:28:43.617225,SHO,2006677.jpg,2006677,2,0,NA
2006680_2,2023-01-04 19:28:42.961016,SHO,2006680.jpg,2006680,2,0,NA
2006719_2,2023-01-04 19:28:42.382835,ACC,2006719.jpg,2006719,2,0,NA
2006729_2,2023-01-04 19:28:41.835966,ACC,2006729.jpg,2006729,2,0,NA
2006732_2,2023-01-04 19:28:41.289108,ACC,2006732.jpg,2006732,2,0,NA
2006738_2,2023-01-04 19:28:40.648465,ACC,2006738.jpg,2006738,2,0,NA
2006751_2,2023-01-04 19:28:40.101617,ACC,2006751.jpg,2006751,2,0,NA
2006755_2,2023-01-04 19:28:39.539114,ACC,2006755.jpg,2006755,2,0,NA
2006773_2,2023-01-04 19:28:38.976598,ACC,2006773.jpg,2006773,2,0,NA
2006760_2,2023-01-04 19:28:38.382854,ACC,2006760.jpg,2006760,2,0,NA
2006790_2,2023-01-04 19:28:37.820355,JEW,2006790.jpg,2006790,2,0,NA
2004123_2,2023-01-04 19:28:37.445354,JEW,2004123.jpg,2004123,2,0,NA
2006794_2,2023-01-04 19:28:36.882856,SHO,2006794.jpg,2006794,2,0,NA
2006810_2,2023-01-04 19:28:36.320405,ACC,2006810.jpg,2006810,2,0,NA
2006799_2,2023-01-04 19:28:35.804736,SHO,2006799.jpg,2006799,2,0,NA
2006823_2,2023-01-04 19:28:35.226617,ACC,2006823.jpg,2006823,2,0,NA
2006815_2,2023-01-04 19:28:34.601617,ACC,2006815.jpg,2006815,2,0,NA
2006824_2,2023-01-04 19:28:34.039132,ACC,2006824.jpg,2006824,2,0,NA
2006840_2,2023-01-04 19:28:33.398499,JEW,2006840.jpg,2006840,2,0,NA
2006844_2,2023-01-04 19:28:32.836045,ACC,2006844.jpg,2006844,2,0,NA
2006845_2,2023-01-04 19:28:32.257873,JEW,2006845.jpg,2006845,2,0,NA
2003939_2,2023-01-04 19:28:31.882875,JEW,2003939.jpg,2003939,2,0,NA
2006860_2,2023-01-04 19:28:31.320378,ACC,2006860.jpg,2006860,2,0,NA
2006849_2,2023-01-04 19:28:30.742254,ACC,2006849.jpg,2006849,2,0,NA
2002857_2,2023-01-04 19:28:30.226789,JEW,2002857.jpg,2002857,2,0,NA
2006846_2,2023-01-04 19:28:29.836015,JEW,2006846.jpg,2006846,2,0,NA
2006861_2,2023-01-04 19:28:29.273511,ACC,2006861.jpg,2006861,2,0,NA
2006865_2,2023-01-04 19:28:28.695410,ACC,2006865.jpg,2006865,2,0,NA
2006873_2,2023-01-04 19:28:28.132891,ACC,2006873.jpg,2006873,2,0,NA
2006876_2,2023-01-04 19:28:27.601644,ACC,2006876.jpg,2006876,2,0,NA
2006877_2,2023-01-04 19:28:27.054795,ACC,2006877.jpg,2006877,2,0,NA
2006878_2,2023-01-04 19:28:26.429772,ACC,2006878.jpg,2006878,2,0,NA
2006881_2,2023-01-04 19:28:25.757921,ACC,2006881.jpg,2006881,2,0,NA
2006883_2,2023-01-04 19:28:25.132925,ACC,2006883.jpg,2006883,2,0,NA
2006890_2,2023-01-04 19:28:24.461223,ACC,2006890.jpg,2006890,2,0,NA
2006885_2,2023-01-04 19:28:23.804804,ACC,2006885.jpg,2006885,2,0,NA
2003613_2,2023-01-04 19:27:48.726795,JEW,2003613.jpg,2003613,2,0,NA
2003615_2,2023-01-04 19:27:48.320696,JEW,2003615.jpg,2003615,2,0,NA
2006905_2,2023-01-04 19:27:47.914305,JEW,2006905.jpg,2006905,2,0,NA
2006902_2,2023-01-04 19:27:47.273673,JEW,2006902.jpg,2006902,2,0,NA
2004010_2,2023-01-04 19:27:46.648674,ACC,2004010.jpg,2004010,2,0,NA
2006915_2,2023-01-04 19:27:46.273672,ACC,2006915.jpg,2006915,2,0,NA
2006912_2,2023-01-04 19:27:45.726805,ACC,2006912.jpg,2006912,2,0,NA
2006920_2,2023-01-04 19:27:45.195570,JEW,2006920.jpg,2006920,2,0,NA
2006922_2,2023-01-04 19:27:44.586228,JEW,2006922.jpg,2006922,2,0,NA
2006945_2,2023-01-04 19:27:44.039310,JEW,2006945.jpg,2006945,2,0,NA
2006925_2,2023-01-04 19:27:43.445562,JEW,2006925.jpg,2006925,2,0,NA
2006951_2,2023-01-04 19:27:42.898721,BEAUTY,2006951.jpg,2006951,2,0,NA
2006952_2,2023-01-04 19:27:42.258066,ACC,2006952.jpg,2006952,2,0,NA
2006956_2,2023-01-04 19:27:41.586217,ACC,2006956.jpg,2006956,2,0,NA
2006953_2,2023-01-04 19:27:40.992448,BEAUTY,2006953.jpg,2006953,2,0,NA
2006954_2,2023-01-04 19:27:40.429949,ACC,2006954.jpg,2006954,2,0,NA
2006959_2,2023-01-04 19:27:39.836228,ACC,2006959.jpg,2006959,2,0,NA
2006961_2,2023-01-04 19:27:39.164332,ACC,2006961.jpg,2006961,2,0,NA
2006976_2,2023-01-04 19:27:38.476833,ACC,2006976.jpg,2006976,2,0,NA
2006986_2,2023-01-04 19:27:37.898778,ACC,2006986.jpg,2006986,2,0,NA
2006982_2,2023-01-04 19:27:37.383106,ACC,2006982.jpg,2006982,2,0,NA
2006987_2,2023-01-04 19:27:36.539339,ACC,2006987.jpg,2006987,2,0,NA
2006988_2,2023-01-04 19:27:36.008106,ACC,2006988.jpg,2006988,2,0,NA
2006996_2,2023-01-04 19:27:35.414368,ACC,2006996.jpg,2006996,2,0,NA
2007003_2,2023-01-04 19:27:34.851849,ACC,2007003.jpg,2007003,2,0,NA
2007007_2,2023-01-04 19:27:34.211243,ACC,2007007.jpg,2007007,2,0,NA
2007010_2,2023-01-04 19:27:33.617476,ACC,2007010.jpg,2007010,2,0,NA
2007016_2,2023-01-04 19:27:33.008203,ACC,2007016.jpg,2007016,2,0,NA
2007012_2,2023-01-04 19:27:32.242490,ACC,2007012.jpg,2007012,2,0,NA
2007018_2,2023-01-04 19:27:31.008143,ACC,2007018.jpg,2007018,2,0,NA
2007023_2,2023-01-04 19:27:30.351870,ACC,2007023.jpg,2007023,2,0,NA
2007019_2,2023-01-04 19:27:29.789514,ACC,2007019.jpg,2007019,2,0,NA
2007022_2,2023-01-04 19:27:29.180023,ACC,2007022.jpg,2007022,2,0,NA
2007032_2,2023-01-04 19:27:28.523747,ACC,2007032.jpg,2007032,2,0,NA
2007034_2,2023-01-04 19:27:27.976873,ACC,2007034.jpg,2007034,2,0,NA
2007035_2,2023-01-04 19:27:27.398746,ACC,2007035.jpg,2007035,2,0,NA
2007036_2,2023-01-04 19:27:26.758173,ACC,2007036.jpg,2007036,2,0,NA
2007065_2,2023-01-04 19:27:26.180010,ACC,2007065.jpg,2007065,2,0,NA
2007046_2,2023-01-04 19:27:25.461252,JEW,2007046.jpg,2007046,2,0,NA
2007066_2,2023-01-04 19:27:24.867507,ACC,2007066.jpg,2007066,2,0,NA
2007067_2,2023-01-04 19:27:24.320637,ACC,2007067.jpg,2007067,2,0,NA
2007070_2,2023-01-04 19:27:23.742512,ACC,2007070.jpg,2007070,2,0,NA
2007092_2,2023-01-04 19:27:23.211269,ACC,2007092.jpg,2007092,2,0,NA
2007094_2,2023-01-04 19:27:22.617537,ACC,2007094.jpg,2007094,2,0,NA
2007091_2,2023-01-04 19:27:22.023786,ACC,2007091.jpg,2007091,2,0,NA
2007099_2,2023-01-04 19:27:21.273773,ACC,2007099.jpg,2007099,2,0,NA
2007100_2,2023-01-04 19:27:20.648791,ACC,2007100.jpg,2007100,2,0,NA
2007101_2,2023-01-04 19:27:20.101905,ACC,2007101.jpg,2007101,2,0,NA
2007109_2,2023-01-04 19:27:19.555053,ACC,2007109.jpg,2007109,2,0,NA
2007108_2,2023-01-04 19:27:18.914414,ACC,2007108.jpg,2007108,2,0,NA
2007132_2,2023-01-04 19:27:18.305051,JEW,2007132.jpg,2007132,2,0,NA
2007110_2,2023-01-04 19:27:17.742558,ACC,2007110.jpg,2007110,2,0,NA
2007114_2,2023-01-04 19:27:17.195663,ACC,2007114.jpg,2007114,2,0,NA
2007137_2,2023-01-04 19:27:16.555055,JEW,2007137.jpg,2007137,2,0,NA
2007166_2,2023-01-04 19:27:15.992576,JEW,2007166.jpg,2007166,2,0,NA
2007170_2,2023-01-04 19:27:15.367541,JEW,2007170.jpg,2007170,2,0,NA
2007163_2,2023-01-04 19:27:14.867555,JEW,2007163.jpg,2007163,2,0,NA
2007171_2,2023-01-04 19:27:14.273801,ACC,2007171.jpg,2007171,2,0,NA
2007172_2,2023-01-04 19:27:13.695694,JEW,2007172.jpg,2007172,2,0,NA
2007191_2,2023-01-04 19:27:13.133217,BEAUTY,2007191.jpg,2007191,2,0,NA
2007186_2,2023-01-04 19:27:12.523805,ACC,2007186.jpg,2007186,2,0,NA
2007197_2,2023-01-04 19:27:11.961316,BEAUTY,2007197.jpg,2007197,2,0,NA
2007194_2,2023-01-04 19:27:11.383196,ACC,2007194.jpg,2007194,2,0,NA
2007198_2,2023-01-04 19:27:10.851949,BEAUTY,2007198.jpg,2007198,2,0,NA
2007206_2,2023-01-04 19:27:10.258196,ACC,2007206.jpg,2007206,2,0,NA
2007205_2,2023-01-04 19:27:09.180069,BEAUTY,2007205.jpg,2007205,2,0,NA
2007209_2,2023-01-04 19:27:08.601944,ACC,2007209.jpg,2007209,2,0,NA
2007207_2,2023-01-04 19:27:07.976969,BEAUTY,2007207.jpg,2007207,2,0,NA
2007211_2,2023-01-04 19:27:07.367573,ACC,2007211.jpg,2007211,2,0,NA
2007210_2,2023-01-04 19:27:06.773827,ACC,2007210.jpg,2007210,2,0,NA
2007212_2,2023-01-04 19:27:06.101954,ACC,2007212.jpg,2007212,2,0,NA
2007213_2,2023-01-04 19:27:05.492611,ACC,2007213.jpg,2007213,2,0,NA
2007216_2,2023-01-04 19:27:04.992587,ACC,2007216.jpg,2007216,2,0,NA
2007214_2,2023-01-04 19:27:04.445712,ACC,2007214.jpg,2007214,2,0,NA
2007219_2,2023-01-04 19:27:03.898838,ACC,2007219.jpg,2007219,2,0,NA
2007218_2,2023-01-04 19:27:03.305108,ACC,2007218.jpg,2007218,2,0,NA
2007225_2,2023-01-04 19:27:02.742593,ACC,2007225.jpg,2007225,2,0,NA
2007230_2,2023-01-04 19:27:02.070744,ACC,2007230.jpg,2007230,2,0,NA
2007224_2,2023-01-04 19:27:01.492599,BEAUTY,2007224.jpg,2007224,2,0,NA
2007234_2,2023-01-04 19:27:00.898869,ACC,2007234.jpg,2007234,2,0,NA
2007249_2,2023-01-04 19:27:00.273856,BEAUTY,2007249.jpg,2007249,2,0,NA
2007258_2,2023-01-04 19:26:59.680130,ACC,2007258.jpg,2007258,2,0,NA
2007260_2,2023-01-04 19:26:59.117608,BEAUTY,2007260.jpg,2007260,2,0,NA
2007277_2,2023-01-04 19:26:58.523862,BEAUTY,2007277.jpg,2007277,2,0,NA
2007365_2,2023-01-04 19:26:57.961368,JEW,2007365.jpg,2007365,2,0,NA
2007377_2,2023-01-04 19:26:57.414493,ACC,2007377.jpg,2007377,2,0,NA
2007379_2,2023-01-04 19:26:56.742985,ACC,2007379.jpg,2007379,2,0,NA
2007383_2,2023-01-04 19:26:56.242619,ACC,2007383.jpg,2007383,2,0,NA
2007394_2,2023-01-04 19:26:55.648872,JEW,2007394.jpg,2007394,2,0,NA
2007403_2,2023-01-04 19:26:54.836378,ACC,2007403.jpg,2007403,2,0,NA
2007404_2,2023-01-04 19:26:54.289593,ACC,2007404.jpg,2007404,2,0,NA
2007405_2,2023-01-04 19:26:53.773877,ACC,2007405.jpg,2007405,2,0,NA
2007406_2,2023-01-04 19:26:53.195891,ACC,2007406.jpg,2007406,2,0,NA
2007407_2,2023-01-04 19:26:52.633283,ACC,2007407.jpg,2007407,2,0,NA
2007420_2,2023-01-04 19:26:51.602010,ACC,2007420.jpg,2007420,2,0,NA
2007481_2,2023-01-04 19:26:51.008263,CLO,2007481.jpg,2007481,2,0,NA
2007531_2,2023-01-04 19:26:50.445763,ACC,2007531.jpg,2007531,2,0,NA
2007534_2,2023-01-04 19:26:49.883271,ACC,2007534.jpg,2007534,2,0,NA
2007542_2,2023-01-04 19:26:49.086391,ACC,2007542.jpg,2007542,2,0,NA
2007535_2,2023-01-04 19:26:48.477042,ACC,2007535.jpg,2007535,2,0,NA
2007546_2,2023-01-04 19:26:47.773900,ACC,2007546.jpg,2007546,2,0,NA
2007555_2,2023-01-04 19:26:47.008278,SHO,2007555.jpg,2007555,2,0,NA
2007547_2,2023-01-04 19:26:46.399015,ACC,2007547.jpg,2007547,2,0,NA
2007560_2,2023-01-04 19:26:45.727049,ACC,2007560.jpg,2007560,2,0,NA
2007556_2,2023-01-04 19:26:45.039635,JEW,2007556.jpg,2007556,2,0,NA
2007572_2,2023-01-04 19:26:44.508302,CLO,2007572.jpg,2007572,2,0,NA
2007585_2,2023-01-04 19:26:43.898953,ACC,2007585.jpg,2007585,2,0,NA
2007586_2,2023-01-04 19:26:42.805169,ACC,2007586.jpg,2007586,2,0,NA
2007587_2,2023-01-04 19:26:42.211421,ACC,2007587.jpg,2007587,2,0,NA
2007589_2,2023-01-04 19:26:41.617686,ACC,2007589.jpg,2007589,2,0,NA
2007598_2,2023-01-04 19:26:40.867680,ACC,2007598.jpg,2007598,2,0,NA
2007616_2,2023-01-04 19:26:40.289570,ACC,2007616.jpg,2007616,2,0,NA
2007631_2,2023-01-04 19:26:39.695806,SHO,2007631.jpg,2007631,2,0,NA
2007633_2,2023-01-04 19:26:39.070832,SHO,2007633.jpg,2007633,2,0,NA
2007634_2,2023-01-04 19:26:38.477061,SHO,2007634.jpg,2007634,2,0,NA
2007643_2,2023-01-04 19:26:37.820862,ACC,2007643.jpg,2007643,2,0,NA
2007666_2,2023-01-04 19:26:37.227067,SHO,2007666.jpg,2007666,2,0,NA
2007667_2,2023-01-04 19:26:36.633314,SHO,2007667.jpg,2007667,2,0,NA
2007670_2,2023-01-04 19:26:36.086447,ACC,2007670.jpg,2007670,2,0,NA
2007674_2,2023-01-04 19:26:35.445847,ACC,2007674.jpg,2007674,2,0,NA
2007676_2,2023-01-04 19:26:34.914574,ACC,2007676.jpg,2007676,2,0,NA
2007677_2,2023-01-04 19:26:34.398952,ACC,2007677.jpg,2007677,2,0,NA
2007680_2,2023-01-04 19:26:33.789580,ACC,2007680.jpg,2007680,2,0,NA
2007681_2,2023-01-04 19:26:33.070839,ACC,2007681.jpg,2007681,2,0,NA
2007686_2,2023-01-04 19:26:32.305209,ACC,2007686.jpg,2007686,2,0,NA
2007689_2,2023-01-04 19:26:31.680211,SHO,2007689.jpg,2007689,2,0,NA
2007692_2,2023-01-04 19:26:31.071009,SHO,2007692.jpg,2007692,2,0,NA
2007694_2,2023-01-04 19:26:30.399068,SHO,2007694.jpg,2007694,2,0,NA
2007696_2,2023-01-04 19:26:29.789609,SHO,2007696.jpg,2007696,2,0,NA
2007697_2,2023-01-04 19:26:29.227099,SHO,2007697.jpg,2007697,2,0,NA
2007699_2,2023-01-04 19:26:28.586474,SHO,2007699.jpg,2007699,2,0,NA
2007702_2,2023-01-04 19:26:28.039600,BEAUTY,2007702.jpg,2007702,2,0,NA
2007705_2,2023-01-04 19:26:27.445879,SHO,2007705.jpg,2007705,2,0,NA
2007710_2,2023-01-04 19:26:26.461477,SHO,2007710.jpg,2007710,2,0,NA
2007716_2,2023-01-04 19:26:25.617734,ACC,2007716.jpg,2007716,2,0,NA
2007717_2,2023-01-04 19:26:25.055246,ACC,2007717.jpg,2007717,2,0,NA
2007719_2,2023-01-04 19:26:24.430260,SHO,2007719.jpg,2007719,2,0,NA
2007721_2,2023-01-04 19:26:23.898993,SHO,2007721.jpg,2007721,2,0,NA
2007722_2,2023-01-04 19:26:23.336495,SHO,2007722.jpg,2007722,2,0,NA
2007726_2,2023-01-04 19:26:22.758397,SHO,2007726.jpg,2007726,2,0,NA
2007723_2,2023-01-04 19:26:22.133416,SHO,2007723.jpg,2007723,2,0,NA
2007728_2,2023-01-04 19:26:21.508412,SHO,2007728.jpg,2007728,2,0,NA
2007730_2,2023-01-04 19:26:20.914628,CLO,2007730.jpg,2007730,2,0,NA
2007732_2,2023-01-04 19:26:15.055291,JEW,2007732.jpg,2007732,2,0,NA
2004767_2,2023-01-04 19:26:14.555345,JEW,2004767.jpg,2004767,2,0,NA
2007734_2,2023-01-04 19:26:14.164652,JEW,2007734.jpg,2007734,2,0,NA
2004768_2,2023-01-04 19:26:13.602156,JEW,2004768.jpg,2004768,2,0,NA
2007736_2,2023-01-04 19:26:12.852182,SHO,2007736.jpg,2007736,2,0,NA
2007735_2,2023-01-04 19:26:12.289666,SHO,2007735.jpg,2007735,2,0,NA
2007738_2,2023-01-04 19:26:11.570938,SHO,2007738.jpg,2007738,2,0,NA
2007739_2,2023-01-04 19:26:10.961592,SHO,2007739.jpg,2007739,2,0,NA
2007741_2,2023-01-04 19:26:10.352226,SHO,2007741.jpg,2007741,2,0,NA
2007742_2,2023-01-04 19:26:09.789691,SHO,2007742.jpg,2007742,2,0,NA
2007743_2,2023-01-04 19:26:09.242820,SHO,2007743.jpg,2007743,2,0,NA
2007746_2,2023-01-04 19:26:08.133430,SHO,2007746.jpg,2007746,2,0,NA
2007747_2,2023-01-04 19:26:07.102211,SHO,2007747.jpg,2007747,2,0,NA
2007748_2,2023-01-04 19:26:06.430329,SHO,2007748.jpg,2007748,2,0,NA
2007753_2,2023-01-04 19:26:05.836584,SHO,2007753.jpg,2007753,2,0,NA
2007750_2,2023-01-04 19:26:05.195940,SHO,2007750.jpg,2007750,2,0,NA
2007758_2,2023-01-04 19:26:04.571019,CLO,2007758.jpg,2007758,2,0,NA
2007783_2,2023-01-04 19:26:04.008449,SHO,2007783.jpg,2007783,2,0,NA
2007811_2,2023-01-04 19:26:03.414694,SHO,2007811.jpg,2007811,2,0,NA
2007830_2,2023-01-04 19:26:02.836592,SHO,2007830.jpg,2007830,2,0,NA
2007841_2,2023-01-04 19:26:02.195977,CLO,2007841.jpg,2007841,2,0,NA
2007871_2,2023-01-04 19:26:01.414722,CLO,2007871.jpg,2007871,2,0,NA
2007911_2,2023-01-04 19:26:00.836589,SHO,2007911.jpg,2007911,2,0,NA
2007913_2,2023-01-04 19:26:00.258454,SHO,2007913.jpg,2007913,2,0,NA
2007914_2,2023-01-04 19:25:59.664715,SHO,2007914.jpg,2007914,2,0,NA
1909218_1,2023-01-04 19:25:58.430357,SHO,1909218.jpg,1909218,1,0,NA
2007915_2,2023-01-04 19:25:57.977217,SHO,2007915.jpg,2007915,2,0,NA
2007917_2,2023-01-04 19:25:57.305365,SHO,2007917.jpg,2007917,2,0,NA
2007968_2,2023-01-04 19:25:56.399103,ACC,2007968.jpg,2007968,2,0,NA
2007986_2,2023-01-04 19:25:55.367850,SHO,2007986.jpg,2007986,2,0,NA
2005249_2,2023-01-04 19:25:46.867919,JEW,2005249.jpg,2005249,2,0,NA
2005478_2,2023-01-04 19:25:46.492885,JEW,2005478.jpg,2005478,2,0,NA
2008148_2,2023-01-04 19:25:46.086661,JEW,2008148.jpg,2008148,2,0,NA
2004589_2,2023-01-04 19:25:45.539763,JEW,2004589.jpg,2004589,2,0,NA
2008149_2,2023-01-04 19:25:45.149237,JEW,2008149.jpg,2008149,2,0,NA
2008150_2,2023-01-04 19:25:44.602391,JEW,2008150.jpg,2008150,2,0,NA
2006067_2,2023-01-04 19:25:44.039770,JEW,2006067.jpg,2006067,2,0,NA
2008325_2,2023-01-04 19:25:43.664785,ACC,2008325.jpg,2008325,2,0,NA
2008312_2,2023-01-04 19:25:43.117898,JEW,2008312.jpg,2008312,2,0,NA
2008446_2,2023-01-04 19:25:42.555403,JEW,2008446.jpg,2008446,2,0,NA
2008517_2,2023-01-04 19:25:41.992903,JEW,2008517.jpg,2008517,2,0,NA
2008529_2,2023-01-04 19:25:41.399179,JEW,2008529.jpg,2008529,2,0,NA
2008546_2,2023-01-04 19:25:40.836659,ACC,2008546.jpg,2008546,2,0,NA
2008545_2,2023-01-04 19:25:40.149159,ACC,2008545.jpg,2008545,2,0,NA
2008547_2,2023-01-04 19:25:39.586662,ACC,2008547.jpg,2008547,2,0,NA
2008591_2,2023-01-04 19:25:38.961669,SHO,2008591.jpg,2008591,2,0,NA
2008605_2,2023-01-04 19:25:38.336671,ACC,2008605.jpg,2008605,2,0,NA
2008606_2,2023-01-04 19:25:37.680419,ACC,2008606.jpg,2008606,2,0,NA
2008608_2,2023-01-04 19:25:37.039795,ACC,2008608.jpg,2008608,2,0,NA
2008613_2,2023-01-04 19:25:36.492950,ACC,2008613.jpg,2008613,2,0,NA
2008682_2,2023-01-04 19:25:35.977305,ACC,2008682.jpg,2008682,2,0,NA
2008693_2,2023-01-04 19:25:35.383552,BEAUTY,2008693.jpg,2008693,2,0,NA
2008691_2,2023-01-04 19:25:34.742931,SHO,2008691.jpg,2008691,2,0,NA
2008712_2,2023-01-04 19:25:34.180440,JEW,2008712.jpg,2008712,2,0,NA
2003887_2,2023-01-04 19:25:33.774234,JEW,2003887.jpg,2003887,2,0,NA
2008856_2,2023-01-04 19:25:33.165056,SHO,2008856.jpg,2008856,2,0,NA
2008867_2,2023-01-04 19:25:32.586701,SHO,2008867.jpg,2008867,2,0,NA
2008870_2,2023-01-04 19:25:31.977314,BEAUTY,2008870.jpg,2008870,2,0,NA
2008869_2,2023-01-04 19:25:31.383605,BEAUTY,2008869.jpg,2008869,2,0,NA
2008873_2,2023-01-04 19:25:30.805456,BEAUTY,2008873.jpg,2008873,2,0,NA
2008871_2,2023-01-04 19:25:30.274215,BEAUTY,2008871.jpg,2008871,2,0,NA
2008874_2,2023-01-04 19:25:29.696108,BEAUTY,2008874.jpg,2008874,2,0,NA
2008912_2,2023-01-04 19:25:29.086793,BEAUTY,2008912.jpg,2008912,2,0,NA
2008913_2,2023-01-04 19:25:27.977326,BEAUTY,2008913.jpg,2008913,2,0,NA
2009033_2,2023-01-04 19:25:27.336709,BEAUTY,2009033.jpg,2009033,2,0,NA
2009050_2,2023-01-04 19:24:59.227437,ACC,2009050.jpg,2009050,2,0,NA
2008941_2,2023-01-04 19:24:58.352445,CLO,2008941.jpg,2008941,2,0,NA
1913104_1,2023-01-04 19:24:57.961830,CLO,1913104.jpg,1913104,1,0,NA
2009060_2,2023-01-04 19:24:57.368187,ACC,2009060.jpg,2009060,2,0,NA
2009061_2,2023-01-04 19:24:56.727449,ACC,2009061.jpg,2009061,2,0,NA
2009062_2,2023-01-04 19:24:56.118078,ACC,2009062.jpg,2009062,2,0,NA
2009070_2,2023-01-04 19:24:55.414954,BEAUTY,2009070.jpg,2009070,2,0,NA
2009066_2,2023-01-04 19:24:54.852458,ACC,2009066.jpg,2009066,2,0,NA
2009122_2,2023-01-04 19:24:54.289992,CLO,2009122.jpg,2009122,2,0,NA
2009129_2,2023-01-04 19:24:53.696269,CLO,2009129.jpg,2009129,2,0,NA
2009141_2,2023-01-04 19:24:52.946216,SHO,2009141.jpg,2009141,2,0,NA
2009160_2,2023-01-04 19:24:52.352468,CLO,2009160.jpg,2009160,2,0,NA
2009159_2,2023-01-04 19:24:51.790015,CLO,2009159.jpg,2009159,2,0,NA
2009240_2,2023-01-04 19:24:51.164985,SHO,2009240.jpg,2009240,2,0,NA
2009242_2,2023-01-04 19:24:50.602473,SHO,2009242.jpg,2009242,2,0,NA
2009241_2,2023-01-04 19:24:49.993115,SHO,2009241.jpg,2009241,2,0,NA
2009246_2,2023-01-04 19:24:49.336867,ACC,2009246.jpg,2009246,2,0,NA
2009252_2,2023-01-04 19:24:48.539988,CLO,2009252.jpg,2009252,2,0,NA
2009325_2,2023-01-04 19:24:48.024368,SHO,2009325.jpg,2009325,2,0,NA
2009333_2,2023-01-04 19:24:47.461856,SHO,2009333.jpg,2009333,2,0,NA
2009339_2,2023-01-04 19:24:46.790117,SHO,2009339.jpg,2009339,2,0,NA
2009381_2,2023-01-04 19:24:46.180669,CLO,2009381.jpg,2009381,2,0,NA
2009380_2,2023-01-04 19:24:45.571252,CLO,2009380.jpg,2009380,2,0,NA
2009386_2,2023-01-04 19:24:44.993141,ACC,2009386.jpg,2009386,2,0,NA
2009385_2,2023-01-04 19:24:44.383752,ACC,2009385.jpg,2009385,2,0,NA
2009404_2,2023-01-04 19:24:43.790042,BEAUTY,2009404.jpg,2009404,2,0,NA
2009435_2,2023-01-04 19:24:43.227497,ACC,2009435.jpg,2009435,2,0,NA
2009438_2,2023-01-04 19:24:42.586900,ACC,2009438.jpg,2009438,2,0,NA
2009439_2,2023-01-04 19:24:41.711883,ACC,2009439.jpg,2009439,2,0,NA
2009453_2,2023-01-04 19:24:40.915100,ACC,2009453.jpg,2009453,2,0,NA
2009440_2,2023-01-04 19:24:40.336903,ACC,2009440.jpg,2009440,2,0,NA
2009441_2,2023-01-04 19:24:39.743140,ACC,2009441.jpg,2009441,2,0,NA
2009459_2,2023-01-04 19:24:39.133781,CLO,2009459.jpg,2009459,2,0,NA
2009460_2,2023-01-04 19:24:38.336898,CLO,2009460.jpg,2009460,2,0,NA
2009461_2,2023-01-04 19:24:37.727523,CLO,2009461.jpg,2009461,2,0,NA
2009492_2,2023-01-04 19:24:37.055664,CLO,2009492.jpg,2009492,2,0,NA
2009493_2,2023-01-04 19:24:36.461902,CLO,2009493.jpg,2009493,2,0,NA
2009494_2,2023-01-04 19:24:35.852530,CLO,2009494.jpg,2009494,2,0,NA
2009520_2,2023-01-04 19:24:35.274417,JEW,2009520.jpg,2009520,2,0,NA
2009547_2,2023-01-04 19:24:34.727529,ACC,2009547.jpg,2009547,2,0,NA
2009565_2,2023-01-04 19:24:34.133786,ACC,2009565.jpg,2009565,2,0,NA
2009593_2,2023-01-04 19:24:33.540038,JEW,2009593.jpg,2009593,2,0,NA
2009614_2,2023-01-04 19:24:32.868161,BEAUTY,2009614.jpg,2009614,2,0,NA
2009616_2,2023-01-04 19:24:32.290089,BEAUTY,2009616.jpg,2009616,2,0,NA
2009628_2,2023-01-04 19:24:31.665056,BEAUTY,2009628.jpg,2009628,2,0,NA
2009626_2,2023-01-04 19:24:31.024447,CLO,2009626.jpg,2009626,2,0,NA
2009617_2,2023-01-04 19:24:30.415056,BEAUTY,2009617.jpg,2009617,2,0,NA
2009630_2,2023-01-04 19:24:29.321319,BEAUTY,2009630.jpg,2009630,2,0,NA
2009664_2,2023-01-04 19:24:28.743205,SHO,2009664.jpg,2009664,2,0,NA
2009678_2,2023-01-04 19:24:28.149438,BEAUTY,2009678.jpg,2009678,2,0,NA
2009677_2,2023-01-04 19:24:27.571318,BEAUTY,2009677.jpg,2009677,2,0,NA
2009720_2,2023-01-04 19:24:27.024487,SHO,2009720.jpg,2009720,2,0,NA
2009722_2,2023-01-04 19:24:26.180746,SHO,2009722.jpg,2009722,2,0,NA
2009751_2,2023-01-04 19:24:25.649444,ACC,2009751.jpg,2009751,2,0,NA
2009752_2,2023-01-04 19:24:25.118196,CLO,2009752.jpg,2009752,2,0,NA
2009753_2,2023-01-04 19:24:24.571324,ACC,2009753.jpg,2009753,2,0,NA
2009922_2,2023-01-04 19:24:24.071345,JEW,2009922.jpg,2009922,2,0,NA
2009822_2,2023-01-04 19:24:23.508845,ACC,2009822.jpg,2009822,2,0,NA
2009989_2,2023-01-04 19:24:22.915076,SHO,2009989.jpg,2009989,2,0,NA
2009990_2,2023-01-04 19:24:22.336957,SHO,2009990.jpg,2009990,2,0,NA
2009992_2,2023-01-04 19:24:21.571360,SHO,2009992.jpg,2009992,2,0,NA
2009993_2,2023-01-04 19:24:20.961961,SHO,2009993.jpg,2009993,2,0,NA
2010114_2,2023-01-04 19:24:20.321355,SHO,2010114.jpg,2010114,2,0,NA
2010117_2,2023-01-04 19:24:19.758862,SHO,2010117.jpg,2010117,2,0,NA
2010116_2,2023-01-04 19:24:19.165117,SHO,2010116.jpg,2010116,2,0,NA
2010119_2,2023-01-04 19:24:18.602597,SHO,2010119.jpg,2010119,2,0,NA
2010128_2,2023-01-04 19:24:18.024476,ACC,2010128.jpg,2010128,2,0,NA
2010130_2,2023-01-04 19:24:17.352603,ACC,2010130.jpg,2010130,2,0,NA
2010162_2,2023-01-04 19:24:16.555737,JEW,2010162.jpg,2010162,2,0,NA
2010161_2,2023-01-04 19:24:16.040105,JEW,2010161.jpg,2010161,2,0,NA
2010164_2,2023-01-04 19:24:15.477619,JEW,2010164.jpg,2010164,2,0,NA
2010163_2,2023-01-04 19:24:14.946360,JEW,2010163.jpg,2010163,2,0,NA
2010167_2,2023-01-04 19:24:14.446362,JEW,2010167.jpg,2010167,2,0,NA
2010166_2,2023-01-04 19:24:13.883873,JEW,2010166.jpg,2010166,2,0,NA
2010165_2,2023-01-04 19:24:13.336991,JEW,2010165.jpg,2010165,2,0,NA
2010169_2,2023-01-04 19:24:12.790117,JEW,2010169.jpg,2010169,2,0,NA
2010168_2,2023-01-04 19:24:12.243241,JEW,2010168.jpg,2010168,2,0,NA
2010170_2,2023-01-04 19:24:11.680750,JEW,2010170.jpg,2010170,2,0,NA
2010172_2,2023-01-04 19:24:11.118269,JEW,2010172.jpg,2010172,2,0,NA
2010173_2,2023-01-04 19:24:10.555748,JEW,2010173.jpg,2010173,2,0,NA
2010171_2,2023-01-04 19:24:10.024530,JEW,2010171.jpg,2010171,2,0,NA
2010174_2,2023-01-04 19:24:09.462018,JEW,2010174.jpg,2010174,2,0,NA
2010526_2,2023-01-04 19:24:08.868264,ACC,2010526.jpg,2010526,2,0,NA
2010540_2,2023-01-04 19:24:08.274534,ACC,2010540.jpg,2010540,2,0,NA
2010417_2,2023-01-04 19:24:07.352696,JEW,2010417.jpg,2010417,2,0,NA
2010319_2,2023-01-04 19:24:06.852633,BEAUTY,2010319.jpg,2010319,2,0,NA
2010545_2,2023-01-04 19:24:06.180771,ACC,2010545.jpg,2010545,2,0,NA
2010547_2,2023-01-04 19:24:05.587020,ACC,2010547.jpg,2010547,2,0,NA
2010566_2,2023-01-04 19:24:05.008889,ACC,2010566.jpg,2010566,2,0,NA
2010567_2,2023-01-04 19:24:04.383902,ACC,2010567.jpg,2010567,2,0,NA
2010568_2,2023-01-04 19:24:03.806161,ACC,2010568.jpg,2010568,2,0,NA
2010570_2,2023-01-04 19:24:03.243307,ACC,2010570.jpg,2010570,2,0,NA
2010571_2,2023-01-04 19:24:02.680783,ACC,2010571.jpg,2010571,2,0,NA
2010572_2,2023-01-04 19:24:02.133910,ACC,2010572.jpg,2010572,2,0,NA
2010577_2,2023-01-04 19:24:01.383947,ACC,2010577.jpg,2010577,2,0,NA
2010573_2,2023-01-04 19:24:00.837040,ACC,2010573.jpg,2010573,2,0,NA
2010583_2,2023-01-04 19:24:00.290190,ACC,2010583.jpg,2010583,2,0,NA
2010587_2,2023-01-04 19:23:59.665203,ACC,2010587.jpg,2010587,2,0,NA
2010594_2,2023-01-04 19:23:59.055796,ACC,2010594.jpg,2010594,2,0,NA
2010602_2,2023-01-04 19:23:58.508946,ACC,2010602.jpg,2010602,2,0,NA
2010600_2,2023-01-04 19:23:57.962078,ACC,2010600.jpg,2010600,2,0,NA
2010638_2,2023-01-04 19:23:57.383930,ACC,2010638.jpg,2010638,2,0,NA
2010641_2,2023-01-04 19:23:56.790181,ACC,2010641.jpg,2010641,2,0,NA
2010652_2,2023-01-04 19:23:56.165180,ACC,2010652.jpg,2010652,2,0,NA
2010657_2,2023-01-04 19:23:55.555828,ACC,2010657.jpg,2010657,2,0,NA
2010660_2,2023-01-04 19:23:55.008960,ACC,2010660.jpg,2010660,2,0,NA
2010664_2,2023-01-04 19:23:54.415186,BEAUTY,2010664.jpg,2010664,2,0,NA
2010666_2,2023-01-04 19:23:53.837073,ACC,2010666.jpg,2010666,2,0,NA
2010670_2,2023-01-04 19:23:53.227702,ACC,2010670.jpg,2010670,2,0,NA
2010671_2,2023-01-04 19:23:52.524565,ACC,2010671.jpg,2010671,2,0,NA
2010672_2,2023-01-04 19:23:51.899562,ACC,2010672.jpg,2010672,2,0,NA
2010675_2,2023-01-04 19:23:51.258938,ACC,2010675.jpg,2010675,2,0,NA
2010678_2,2023-01-04 19:23:50.524571,ACC,2010678.jpg,2010678,2,0,NA
2010681_2,2023-01-04 19:23:49.883925,BEAUTY,2010681.jpg,2010681,2,0,NA
2010689_2,2023-01-04 19:23:49.321435,BEAUTY,2010689.jpg,2010689,2,0,NA
2010688_2,2023-01-04 19:23:48.758933,ACC,2010688.jpg,2010688,2,0,NA
2010692_2,2023-01-04 19:23:48.149547,ACC,2010692.jpg,2010692,2,0,NA
2010694_2,2023-01-04 19:23:47.587049,ACC,2010694.jpg,2010694,2,0,NA
2010693_2,2023-01-04 19:23:14.055739,ACC,2010693.jpg,2010693,2,0,NA
2010696_2,2023-01-04 19:23:13.477594,ACC,2010696.jpg,2010696,2,0,NA
2010695_2,2023-01-04 19:23:12.930716,BEAUTY,2010695.jpg,2010695,2,0,NA
2010698_2,2023-01-04 19:23:12.352593,BEAUTY,2010698.jpg,2010698,2,0,NA
2010699_2,2023-01-04 19:23:11.790092,ACC,2010699.jpg,2010699,2,0,NA
2010700_2,2023-01-04 19:23:11.243216,BEAUTY,2010700.jpg,2010700,2,0,NA
2010703_2,2023-01-04 19:23:10.680713,CLO,2010703.jpg,2010703,2,0,NA
2010702_2,2023-01-04 19:23:09.868209,CLO,2010702.jpg,2010702,2,0,NA
2010701_2,2023-01-04 19:23:08.899459,CLO,2010701.jpg,2010701,2,0,NA
2010704_2,2023-01-04 19:23:08.336966,CLO,2010704.jpg,2010704,2,0,NA
2010709_2,2023-01-04 19:23:07.758832,BEAUTY,2010709.jpg,2010709,2,0,NA
2010737_2,2023-01-04 19:23:07.180709,JEW,2010737.jpg,2010737,2,0,NA
2010750_2,2023-01-04 19:23:06.633829,BEAUTY,2010750.jpg,2010750,2,0,NA
2010749_2,2023-01-04 19:23:06.024451,BEAUTY,2010749.jpg,2010749,2,0,NA
2010756_2,2023-01-04 19:23:05.415077,BEAUTY,2010756.jpg,2010756,2,0,NA
2010752_2,2023-01-04 19:23:04.883822,BEAUTY,2010752.jpg,2010752,2,0,NA
2010753_2,2023-01-04 19:23:04.321345,BEAUTY,2010753.jpg,2010753,2,0,NA
2010751_2,2023-01-04 19:23:03.774470,BEAUTY,2010751.jpg,2010751,2,0,NA
2010754_2,2023-01-04 19:23:03.165110,BEAUTY,2010754.jpg,2010754,2,0,NA
2010758_2,2023-01-04 19:23:02.618194,BEAUTY,2010758.jpg,2010758,2,0,NA
2010757_2,2023-01-04 19:23:02.086972,BEAUTY,2010757.jpg,2010757,2,0,NA
2010763_2,2023-01-04 19:23:01.524473,BEAUTY,2010763.jpg,2010763,2,0,NA
2010810_2,2023-01-04 19:23:00.977604,SHO,2010810.jpg,2010810,2,0,NA
2010821_2,2023-01-04 19:23:00.384260,BEAUTY,2010821.jpg,2010821,2,0,NA
2010811_2,2023-01-04 19:22:59.758845,SHO,2010811.jpg,2010811,2,0,NA
2010822_2,2023-01-04 19:22:59.102562,BEAUTY,2010822.jpg,2010822,2,0,NA
2010830_2,2023-01-04 19:22:58.508813,BEAUTY,2010830.jpg,2010830,2,0,NA
2010823_2,2023-01-04 19:22:57.977562,ACC,2010823.jpg,2010823,2,0,NA
2010834_2,2023-01-04 19:22:57.399435,BEAUTY,2010834.jpg,2010834,2,0,NA
2010837_2,2023-01-04 19:22:56.836950,BEAUTY,2010837.jpg,2010837,2,0,NA
2010839_2,2023-01-04 19:22:56.243178,BEAUTY,2010839.jpg,2010839,2,0,NA
2010840_2,2023-01-04 19:22:55.680706,BEAUTY,2010840.jpg,2010840,2,0,NA
2010838_2,2023-01-04 19:22:55.024424,BEAUTY,2010838.jpg,2010838,2,0,NA
2010842_2,2023-01-04 19:22:54.446297,BEAUTY,2010842.jpg,2010842,2,0,NA
2010844_2,2023-01-04 19:22:53.883822,BEAUTY,2010844.jpg,2010844,2,0,NA
2010850_2,2023-01-04 19:22:53.258801,ACC,2010850.jpg,2010850,2,0,NA
2010857_2,2023-01-04 19:22:52.711923,BEAUTY,2010857.jpg,2010857,2,0,NA
2010854_2,2023-01-04 19:22:51.930669,BEAUTY,2010854.jpg,2010854,2,0,NA
2010872_2,2023-01-04 19:22:51.321295,BEAUTY,2010872.jpg,2010872,2,0,NA
2010859_2,2023-01-04 19:22:50.774451,BEAUTY,2010859.jpg,2010859,2,0,NA
2010887_2,2023-01-04 19:22:50.227607,BEAUTY,2010887.jpg,2010887,2,0,NA
2010893_2,2023-01-04 19:22:49.602542,ACC,2010893.jpg,2010893,2,0,NA
2010898_2,2023-01-04 19:22:48.821292,BEAUTY,2010898.jpg,2010898,2,0,NA
2010896_2,2023-01-04 19:22:48.321287,ACC,2010896.jpg,2010896,2,0,NA
2010901_2,2023-01-04 19:22:47.696287,ACC,2010901.jpg,2010901,2,0,NA
2010902_2,2023-01-04 19:22:47.149410,ACC,2010902.jpg,2010902,2,0,NA
2010903_2,2023-01-04 19:22:46.602550,ACC,2010903.jpg,2010903,2,0,NA
2010904_2,2023-01-04 19:22:46.040057,ACC,2010904.jpg,2010904,2,0,NA
2010907_2,2023-01-04 19:22:45.399422,ACC,2010907.jpg,2010907,2,0,NA
2010906_2,2023-01-04 19:22:44.790059,ACC,2010906.jpg,2010906,2,0,NA
2010926_2,2023-01-04 19:22:44.243155,ACC,2010926.jpg,2010926,2,0,NA
2010975_2,2023-01-04 19:22:43.758796,ACC,2010975.jpg,2010975,2,0,NA
2011014_2,2023-01-04 19:22:43.196299,ACC,2011014.jpg,2011014,2,0,NA
2011015_2,2023-01-04 19:22:42.586901,ACC,2011015.jpg,2011015,2,0,NA
2011017_2,2023-01-04 19:22:42.040051,ACC,2011017.jpg,2011017,2,0,NA
2011020_2,2023-01-04 19:22:41.493143,ACC,2011020.jpg,2011020,2,0,NA
2011021_2,2023-01-04 19:22:40.930642,ACC,2011021.jpg,2011021,2,0,NA
2011018_2,2023-01-04 19:22:40.399393,ACC,2011018.jpg,2011018,2,0,NA
2011023_2,2023-01-04 19:22:39.821267,ACC,2011023.jpg,2011023,2,0,NA
2011022_2,2023-01-04 19:22:39.243148,ACC,2011022.jpg,2011022,2,0,NA
2011024_2,2023-01-04 19:22:38.665044,ACC,2011024.jpg,2011024,2,0,NA
2008539_2,2023-01-04 19:22:38.102516,JEW,2008539.jpg,2008539,2,0,NA
2011051_2,2023-01-04 19:22:37.711900,JEW,2011051.jpg,2011051,2,0,NA
2011055_2,2023-01-04 19:22:37.102514,ACC,2011055.jpg,2011055,2,0,NA
2008533_2,2023-01-04 19:22:36.571268,JEW,2008533.jpg,2008533,2,0,NA
2011064_2,2023-01-04 19:22:36.165019,ACC,2011064.jpg,2011064,2,0,NA
2011052_2,2023-01-04 19:22:35.586889,JEW,2011052.jpg,2011052,2,0,NA
2011062_2,2023-01-04 19:22:34.946260,ACC,2011062.jpg,2011062,2,0,NA
2011063_2,2023-01-04 19:22:34.290009,ACC,2011063.jpg,2011063,2,0,NA
2011067_2,2023-01-04 19:22:33.712198,ACC,2011067.jpg,2011067,2,0,NA
2011074_2,2023-01-04 19:22:33.133791,ACC,2011074.jpg,2011074,2,0,NA
2011087_2,2023-01-04 19:22:32.602505,ACC,2011087.jpg,2011087,2,0,NA
2011088_2,2023-01-04 19:22:32.008751,ACC,2011088.jpg,2011088,2,0,NA
2011089_2,2023-01-04 19:22:31.461958,ACC,2011089.jpg,2011089,2,0,NA
2011090_2,2023-01-04 19:22:30.868222,CLO,2011090.jpg,2011090,2,0,NA
2011091_2,2023-01-04 19:22:30.258746,ACC,2011091.jpg,2011091,2,0,NA
2011093_2,2023-01-04 19:22:29.633747,ACC,2011093.jpg,2011093,2,0,NA
2011097_2,2023-01-04 19:22:29.133748,CLO,2011097.jpg,2011097,2,0,NA
2011100_2,2023-01-04 19:22:28.602494,CLO,2011100.jpg,2011100,2,0,NA
2011099_2,2023-01-04 19:22:27.852520,CLO,2011099.jpg,2011099,2,0,NA
2011102_2,2023-01-04 19:22:27.258765,ACC,2011102.jpg,2011102,2,0,NA
2011105_2,2023-01-04 19:22:26.664984,ACC,2011105.jpg,2011105,2,0,NA
2011113_2,2023-01-04 19:22:26.040007,ACC,2011113.jpg,2011113,2,0,NA
2011111_2,2023-01-04 19:22:25.430615,ACC,2011111.jpg,2011111,2,0,NA
2011114_2,2023-01-04 19:22:24.868119,ACC,2011114.jpg,2011114,2,0,NA
2011116_2,2023-01-04 19:22:24.274362,ACC,2011116.jpg,2011116,2,0,NA
2011115_2,2023-01-04 19:22:23.727485,ACC,2011115.jpg,2011115,2,0,NA
2011120_2,2023-01-04 19:22:23.086876,ACC,2011120.jpg,2011120,2,0,NA
2011122_2,2023-01-04 19:22:22.508730,ACC,2011122.jpg,2011122,2,0,NA
2011121_2,2023-01-04 19:22:21.914991,ACC,2011121.jpg,2011121,2,0,NA
2011124_2,2023-01-04 19:22:21.368141,ACC,2011124.jpg,2011124,2,0,NA
2011125_2,2023-01-04 19:22:20.758751,ACC,2011125.jpg,2011125,2,0,NA
2011132_2,2023-01-04 19:22:20.196238,ACC,2011132.jpg,2011132,2,0,NA
2011127_2,2023-01-04 19:22:19.696240,ACC,2011127.jpg,2011127,2,0,NA
2011137_2,2023-01-04 19:22:19.133726,ACC,2011137.jpg,2011137,2,0,NA
2011142_2,2023-01-04 19:22:18.524346,ACC,2011142.jpg,2011142,2,0,NA
2011144_2,2023-01-04 19:22:17.930590,ACC,2011144.jpg,2011144,2,0,NA
2011145_2,2023-01-04 19:22:17.336847,ACC,2011145.jpg,2011145,2,0,NA
2011151_2,2023-01-04 19:22:16.758730,ACC,2011151.jpg,2011151,2,0,NA
2011168_2,2023-01-04 19:22:16.180588,ACC,2011168.jpg,2011168,2,0,NA
2011170_2,2023-01-04 19:22:15.633746,ACC,2011170.jpg,2011170,2,0,NA
2011156_2,2023-01-04 19:22:15.118098,ACC,2011156.jpg,2011156,2,0,NA
2011165_2,2023-01-04 19:22:14.477479,JEW,2011165.jpg,2011165,2,0,NA
2011172_2,2023-01-04 19:22:13.508712,ACC,2011172.jpg,2011172,2,0,NA
2011202_2,2023-01-04 19:22:12.961844,ACC,2011202.jpg,2011202,2,0,NA
2011201_2,2023-01-04 19:22:12.477570,ACC,2011201.jpg,2011201,2,0,NA
2011203_2,2023-01-04 19:22:11.946208,ACC,2011203.jpg,2011203,2,0,NA
2011205_2,2023-01-04 19:22:11.399399,ACC,2011205.jpg,2011205,2,0,NA
2011207_2,2023-01-04 19:22:10.836836,ACC,2011207.jpg,2011207,2,0,NA
2011215_2,2023-01-04 19:22:10.289953,ACC,2011215.jpg,2011215,2,0,NA
2011216_2,2023-01-04 19:22:09.243077,ACC,2011216.jpg,2011216,2,0,NA
2011227_2,2023-01-04 19:22:08.680609,ACC,2011227.jpg,2011227,2,0,NA
2011220_2,2023-01-04 19:22:08.039971,ACC,2011220.jpg,2011220,2,0,NA
2011233_2,2023-01-04 19:22:07.477554,ACC,2011233.jpg,2011233,2,0,NA
2011228_2,2023-01-04 19:22:06.899334,ACC,2011228.jpg,2011228,2,0,NA
2011235_2,2023-01-04 19:22:06.180571,ACC,2011235.jpg,2011235,2,0,NA
2011237_2,2023-01-04 19:22:05.633695,ACC,2011237.jpg,2011237,2,0,NA
2011238_2,2023-01-04 19:22:05.055593,ACC,2011238.jpg,2011238,2,0,NA
2011239_2,2023-01-04 19:22:04.352440,ACC,2011239.jpg,2011239,2,0,NA
2011242_2,2023-01-04 19:22:03.774326,ACC,2011242.jpg,2011242,2,0,NA
2011243_2,2023-01-04 19:22:03.211824,ACC,2011243.jpg,2011243,2,0,NA
2011244_2,2023-01-04 19:22:02.461828,ACC,2011244.jpg,2011244,2,0,NA
2011245_2,2023-01-04 19:22:01.883685,ACC,2011245.jpg,2011245,2,0,NA
2011246_2,2023-01-04 19:22:01.133684,ACC,2011246.jpg,2011246,2,0,NA
2011247_2,2023-01-04 19:22:00.493072,ACC,2011247.jpg,2011247,2,0,NA
2011248_2,2023-01-04 19:21:59.899302,ACC,2011248.jpg,2011248,2,0,NA
2011253_2,2023-01-04 19:21:59.243054,BEAUTY,2011253.jpg,2011253,2,0,NA
2011275_2,2023-01-04 19:21:58.664943,ACC,2011275.jpg,2011275,2,0,NA
2011254_2,2023-01-04 19:21:58.024302,BEAUTY,2011254.jpg,2011254,2,0,NA
2011276_2,2023-01-04 19:21:57.446176,ACC,2011276.jpg,2011276,2,0,NA
2011281_2,2023-01-04 19:21:56.664951,ACC,2011281.jpg,2011281,2,0,NA
2011284_2,2023-01-04 19:21:56.071198,ACC,2011284.jpg,2011284,2,0,NA
2011286_2,2023-01-04 19:21:55.508699,ACC,2011286.jpg,2011286,2,0,NA
2011315_2,2023-01-04 19:21:54.852426,ACC,2011315.jpg,2011315,2,0,NA
2011288_2,2023-01-04 19:21:53.274328,ACC,2011288.jpg,2011288,2,0,NA
2011324_2,2023-01-04 19:21:52.727414,BEAUTY,2011324.jpg,2011324,2,0,NA
2011326_2,2023-01-04 19:21:52.133692,BEAUTY,2011326.jpg,2011326,2,0,NA
2207498_2,2023-01-04 19:21:51.508687,BEAUTY,2207498.jpg,2207498,2,0,NA
1606534_1,2023-01-04 19:21:51.071205,BEAUTY,1606534.jpg,1606534,1,0,NA
1805629_1,2023-01-04 19:21:50.696187,BEAUTY,1805629.jpg,1805629,1,0,NA
2011327_2,2023-01-04 19:21:50.305564,BEAUTY,2011327.jpg,2011327,2,0,NA
1805620_1,2023-01-04 19:21:48.711776,BEAUTY,1805620.jpg,1805620,1,0,NA
1705664_1,2023-01-04 19:21:48.305535,BEAUTY,1705664.jpg,1705664,1,0,NA
1912434_1,2023-01-04 19:21:47.899344,BEAUTY,1912434.jpg,1912434,1,0,NA
1805002_1,2023-01-04 19:21:47.508710,BEAUTY,1805002.jpg,1805002,1,0,NA
1707803_1,2023-01-04 19:21:47.118047,BEAUTY,1707803.jpg,1707803,1,0,NA
2011329_2,2023-01-04 19:21:46.711781,BEAUTY,2011329.jpg,2011329,2,0,NA
2002632_2,2023-01-04 19:21:46.336776,BEAUTY,2002632.jpg,2002632,2,0,NA
2011325_2,2023-01-04 19:21:45.930522,BEAUTY,2011325.jpg,2011325,2,0,NA
2011330_2,2023-01-04 19:21:45.383659,BEAUTY,2011330.jpg,2011330,2,0,NA
1606531_1,2023-01-04 19:21:44.836805,BEAUTY,1606531.jpg,1606531,1,0,NA
2011363_2,2023-01-04 19:21:44.227415,BEAUTY,2011363.jpg,2011363,2,0,NA
2011331_2,2023-01-04 19:21:43.602395,BEAUTY,2011331.jpg,2011331,2,0,NA
2008390_2,2023-01-04 19:21:43.055530,JEW,2008390.jpg,2008390,2,0,NA
2011368_2,2023-01-04 19:21:42.649278,JEW,2011368.jpg,2011368,2,0,NA
2011374_2,2023-01-04 19:21:41.993016,JEW,2011374.jpg,2011374,2,0,NA
2011435_2,2023-01-04 19:21:41.414897,ACC,2011435.jpg,2011435,2,0,NA
2011474_2,2023-01-04 19:21:40.789918,ACC,2011474.jpg,2011474,2,0,NA
2011436_2,2023-01-04 19:21:40.180681,ACC,2011436.jpg,2011436,2,0,NA
2011475_2,2023-01-04 19:21:39.571149,ACC,2011475.jpg,2011475,2,0,NA
2011486_2,2023-01-04 19:21:38.680523,JEW,2011486.jpg,2011486,2,0,NA
2008920_2,2023-01-04 19:21:38.305507,JEW,2008920.jpg,2008920,2,0,NA
2011485_2,2023-01-04 19:21:36.008637,JEW,2011485.jpg,2011485,2,0,NA
2008919_2,2023-01-04 19:21:35.633621,JEW,2008919.jpg,2008919,2,0,NA
2008921_2,2023-01-04 19:21:35.258645,JEW,2008921.jpg,2008921,2,0,NA
2011487_2,2023-01-04 19:21:34.414872,JEW,2011487.jpg,2011487,2,0,NA
2011488_2,2023-01-04 19:21:33.617996,JEW,2011488.jpg,2011488,2,0,NA
2008925_2,2023-01-04 19:21:33.242994,JEW,2008925.jpg,2008925,2,0,NA
2011568_2,2023-01-04 19:21:32.680496,SHO,2011568.jpg,2011568,2,0,NA
2011571_2,2023-01-04 19:21:32.133618,ACC,2011571.jpg,2011571,2,0,NA
2011569_2,2023-01-04 19:21:31.524358,ACC,2011569.jpg,2011569,2,0,NA
2011575_2,2023-01-04 19:21:30.883647,ACC,2011575.jpg,2011575,2,0,NA
2011574_2,2023-01-04 19:21:12.649209,ACC,2011574.jpg,2011574,2,0,NA
2103218_2,2023-01-04 19:21:12.258574,ACC,2103218.jpg,2103218,2,0,NA
2011576_2,2023-01-04 19:21:11.649195,ACC,2011576.jpg,2011576,2,0,NA
2011586_2,2023-01-04 19:21:11.086715,ACC,2011586.jpg,2011586,2,0,NA
2103221_2,2023-01-04 19:21:10.399219,ACC,2103221.jpg,2103221,2,0,NA
2011577_2,2023-01-04 19:21:10.008590,ACC,2011577.jpg,2011577,2,0,NA
2011589_2,2023-01-04 19:21:09.461703,ACC,2011589.jpg,2011589,2,0,NA
2011590_2,2023-01-04 19:21:08.821066,ACC,2011590.jpg,2011590,2,0,NA
2011591_2,2023-01-04 19:21:08.227316,ACC,2011591.jpg,2011591,2,0,NA
2011594_2,2023-01-04 19:21:07.586688,ACC,2011594.jpg,2011594,2,0,NA
2014786_2,2023-01-04 19:21:06.961689,ACC,2014786.jpg,2014786,2,0,NA
2011596_2,2023-01-04 19:21:06.555435,ACC,2011596.jpg,2011596,2,0,NA
2011598_2,2023-01-04 19:21:05.883561,ACC,2011598.jpg,2011598,2,0,NA
2011617_2,2023-01-04 19:21:05.258563,SHO,2011617.jpg,2011617,2,0,NA
2011634_2,2023-01-04 19:21:04.649186,CLO,2011634.jpg,2011634,2,0,NA
2006655_2,2023-01-04 19:21:04.274220,CLO,2006655.jpg,2006655,2,0,NA
2011669_2,2023-01-04 19:21:03.664799,SHO,2011669.jpg,2011669,2,0,NA
2011644_2,2023-01-04 19:21:03.117943,ACC,2011644.jpg,2011644,2,0,NA
2003954_2,2023-01-04 19:21:02.508552,JEW,2003954.jpg,2003954,2,0,NA
2011721_2,2023-01-04 19:21:02.071062,BEAUTY,2011721.jpg,2011721,2,0,NA
2011694_2,2023-01-04 19:21:00.899175,JEW,2011694.jpg,2011694,2,0,NA
2011720_2,2023-01-04 19:21:00.258583,BEAUTY,2011720.jpg,2011720,2,0,NA
2011739_2,2023-01-04 19:20:59.680421,CLO,2011739.jpg,2011739,2,0,NA
2011740_2,2023-01-04 19:20:58.992924,ACC,2011740.jpg,2011740,2,0,NA
2011741_2,2023-01-04 19:20:58.305426,CLO,2011741.jpg,2011741,2,0,NA
2011743_2,2023-01-04 19:20:57.758576,CLO,2011743.jpg,2011743,2,0,NA
2011742_2,2023-01-04 19:20:57.039789,CLO,2011742.jpg,2011742,2,0,NA
2011756_2,2023-01-04 19:20:56.446040,CLO,2011756.jpg,2011756,2,0,NA
2011758_2,2023-01-04 19:20:55.852283,CLO,2011758.jpg,2011758,2,0,NA
2004194_2,2023-01-04 19:20:55.274162,JEW,2004194.jpg,2004194,2,0,NA
2011759_2,2023-01-04 19:20:54.883557,JEW,2011759.jpg,2011759,2,0,NA
2011760_2,2023-01-04 19:20:54.133549,ACC,2011760.jpg,2011760,2,0,NA
2011761_2,2023-01-04 19:20:53.492927,JEW,2011761.jpg,2011761,2,0,NA
2011762_2,2023-01-04 19:20:52.883530,ACC,2011762.jpg,2011762,2,0,NA
2011763_2,2023-01-04 19:20:52.102479,ACC,2011763.jpg,2011763,2,0,NA
2008495_2,2023-01-04 19:20:51.508573,JEW,2008495.jpg,2008495,2,0,NA
2011764_2,2023-01-04 19:20:51.117903,JEW,2011764.jpg,2011764,2,0,NA
2011765_2,2023-01-04 19:20:50.539776,CLO,2011765.jpg,2011765,2,0,NA
2011767_2,2023-01-04 19:20:49.867918,CLO,2011767.jpg,2011767,2,0,NA
2011766_2,2023-01-04 19:20:49.274148,CLO,2011766.jpg,2011766,2,0,NA
2011770_2,2023-01-04 19:20:48.633539,CLO,2011770.jpg,2011770,2,0,NA
2011771_2,2023-01-04 19:20:47.821078,BEAUTY,2011771.jpg,2011771,2,0,NA
2011769_2,2023-01-04 19:20:47.211675,CLO,2011769.jpg,2011769,2,0,NA
2011777_2,2023-01-04 19:20:46.461638,BEAUTY,2011777.jpg,2011777,2,0,NA
2011778_2,2023-01-04 19:20:45.805400,BEAUTY,2011778.jpg,2011778,2,0,NA
2011779_2,2023-01-04 19:20:45.180404,BEAUTY,2011779.jpg,2011779,2,0,NA
2011780_2,2023-01-04 19:20:44.586796,BEAUTY,2011780.jpg,2011780,2,0,NA
2011786_2,2023-01-04 19:20:43.992884,CLO,2011786.jpg,2011786,2,0,NA
2011787_2,2023-01-04 19:20:43.446080,CLO,2011787.jpg,2011787,2,0,NA
2011792_2,2023-01-04 19:20:42.914759,CLO,2011792.jpg,2011792,2,0,NA
2011789_2,2023-01-04 19:20:42.367876,CLO,2011789.jpg,2011789,2,0,NA
2011798_2,2023-01-04 19:20:41.805402,ACC,2011798.jpg,2011798,2,0,NA
2011803_2,2023-01-04 19:20:41.133512,JEW,2011803.jpg,2011803,2,0,NA
2011806_2,2023-01-04 19:20:40.571000,CLO,2011806.jpg,2011806,2,0,NA
2011804_2,2023-01-04 19:20:39.992918,ACC,2011804.jpg,2011804,2,0,NA
2011808_2,2023-01-04 19:20:39.414751,CLO,2011808.jpg,2011808,2,0,NA
2011807_2,2023-01-04 19:20:38.836623,CLO,2011807.jpg,2011807,2,0,NA
2011812_2,2023-01-04 19:20:38.274121,ACC,2011812.jpg,2011812,2,0,NA
2011817_2,2023-01-04 19:20:37.617886,ACC,2011817.jpg,2011817,2,0,NA
2011855_2,2023-01-04 19:20:37.008503,CLO,2011855.jpg,2011855,2,0,NA
2011820_2,2023-01-04 19:20:36.430370,BEAUTY,2011820.jpg,2011820,2,0,NA
2011857_2,2023-01-04 19:20:35.946057,CLO,2011857.jpg,2011857,2,0,NA
2011856_2,2023-01-04 19:20:35.367872,CLO,2011856.jpg,2011856,2,0,NA
2011858_2,2023-01-04 19:20:34.821011,CLO,2011858.jpg,2011858,2,0,NA
2011859_2,2023-01-04 19:20:34.274155,CLO,2011859.jpg,2011859,2,0,NA
2011860_2,2023-01-04 19:20:33.289774,CLO,2011860.jpg,2011860,2,0,NA
2011861_2,2023-01-04 19:20:32.711619,CLO,2011861.jpg,2011861,2,0,NA
2011862_2,2023-01-04 19:20:32.086650,CLO,2011862.jpg,2011862,2,0,NA
2011863_2,2023-01-04 19:20:31.508499,CLO,2011863.jpg,2011863,2,0,NA
2011891_2,2023-01-04 19:20:30.945998,JEW,2011891.jpg,2011891,2,0,NA
2011963_2,2023-01-04 19:20:30.383600,CLO,2011963.jpg,2011963,2,0,NA
2011976_2,2023-01-04 19:20:29.789747,SHO,2011976.jpg,2011976,2,0,NA
2011961_2,2023-01-04 19:20:29.227229,ACC,2011961.jpg,2011961,2,0,NA
2005981_2,2023-01-04 19:20:28.508476,CLO,2005981.jpg,2005981,2,0,NA
2012057_2,2023-01-04 19:20:28.133474,CLO,2012057.jpg,2012057,2,0,NA
2012076_2,2023-01-04 19:20:27.477242,ACC,2012076.jpg,2012076,2,0,NA
2012077_2,2023-01-04 19:20:26.820974,ACC,2012077.jpg,2012077,2,0,NA
2012078_2,2023-01-04 19:20:26.258470,ACC,2012078.jpg,2012078,2,0,NA
2009277_2,2023-01-04 19:20:25.008494,JEW,2009277.jpg,2009277,2,0,NA
2012141_2,2023-01-04 19:20:24.617842,JEW,2012141.jpg,2012141,2,0,NA
2012139_2,2023-01-04 19:20:24.258466,JEW,2012139.jpg,2012139,2,0,NA
2009278_2,2023-01-04 19:20:23.711618,JEW,2009278.jpg,2009278,2,0,NA
1909097_1,2023-01-04 19:19:58.570925,ACC,1909097.jpg,1909097,1,0,NA
1702097_1,2023-01-04 19:19:58.195907,ACC,1702097.jpg,1702097,1,0,NA
2012147_2,2023-01-04 19:19:57.789676,ACC,2012147.jpg,2012147,2,0,NA
2012166_2,2023-01-04 19:19:56.977161,ACC,2012166.jpg,2012166,2,0,NA
2009253_2,2023-01-04 19:19:56.445899,JEW,2009253.jpg,2009253,2,0,NA
2012221_2,2023-01-04 19:19:56.070924,JEW,2012221.jpg,2012221,2,0,NA
2012230_2,2023-01-04 19:19:55.493131,JEW,2012230.jpg,2012230,2,0,NA
2009184_2,2023-01-04 19:19:55.102154,JEW,2009184.jpg,2009184,2,0,NA
2012387_2,2023-01-04 19:19:54.539654,CLO,2012387.jpg,2012387,2,0,NA
2012439_2,2023-01-04 19:19:53.977149,BEAUTY,2012439.jpg,2012439,2,0,NA
2012506_2,2023-01-04 19:19:53.430289,ACC,2012506.jpg,2012506,2,0,NA
2012507_2,2023-01-04 19:19:52.414646,ACC,2012507.jpg,2012507,2,0,NA
2012543_2,2023-01-04 19:19:51.852184,ACC,2012543.jpg,2012543,2,0,NA
2012518_2,2023-01-04 19:19:51.117771,JEW,2012518.jpg,2012518,2,0,NA
2012521_2,2023-01-04 19:19:50.539683,ACC,2012521.jpg,2012521,2,0,NA
2012680_2,2023-01-04 19:19:50.008409,ACC,2012680.jpg,2012680,2,0,NA
2012694_2,2023-01-04 19:19:49.461518,CLO,2012694.jpg,2012694,2,0,NA
2012682_2,2023-01-04 19:19:48.883385,ACC,2012682.jpg,2012682,2,0,NA
2012695_2,2023-01-04 19:19:48.305305,CLO,2012695.jpg,2012695,2,0,NA
2012740_2,2023-01-04 19:19:47.727135,ACC,2012740.jpg,2012740,2,0,NA
2011131_2,2023-01-04 19:19:47.133391,JEW,2011131.jpg,2011131,2,0,NA
2012742_2,2023-01-04 19:19:46.742774,JEW,2012742.jpg,2012742,2,0,NA
2012757_2,2023-01-04 19:19:46.117767,BEAUTY,2012757.jpg,2012757,2,0,NA
2012751_2,2023-01-04 19:19:45.539623,ACC,2012751.jpg,2012751,2,0,NA
2012758_2,2023-01-04 19:19:44.883413,BEAUTY,2012758.jpg,2012758,2,0,NA
2012752_2,2023-01-04 19:19:44.305274,ACC,2012752.jpg,2012752,2,0,NA
2012772_2,2023-01-04 19:19:43.508373,ACC,2012772.jpg,2012772,2,0,NA
2012780_2,2023-01-04 19:19:42.945877,ACC,2012780.jpg,2012780,2,0,NA
2012773_2,2023-01-04 19:19:42.383371,ACC,2012773.jpg,2012773,2,0,NA
2012778_2,2023-01-04 19:19:41.836494,ACC,2012778.jpg,2012778,2,0,NA
2012779_2,2023-01-04 19:19:41.273994,ACC,2012779.jpg,2012779,2,0,NA
2012792_2,2023-01-04 19:19:40.695868,ACC,2012792.jpg,2012792,2,0,NA
2012793_2,2023-01-04 19:19:39.820910,ACC,2012793.jpg,2012793,2,0,NA
2012799_2,2023-01-04 19:19:39.258379,ACC,2012799.jpg,2012799,2,0,NA
2012795_2,2023-01-04 19:19:38.617730,ACC,2012795.jpg,2012795,2,0,NA
2012823_2,2023-01-04 19:19:38.023986,ACC,2012823.jpg,2012823,2,0,NA
2012822_2,2023-01-04 19:19:37.383377,ACC,2012822.jpg,2012822,2,0,NA
2012824_2,2023-01-04 19:19:36.821206,ACC,2012824.jpg,2012824,2,0,NA
2012826_2,2023-01-04 19:19:35.977109,ACC,2012826.jpg,2012826,2,0,NA
2012828_2,2023-01-04 19:19:35.414610,ACC,2012828.jpg,2012828,2,0,NA
2012827_2,2023-01-04 19:19:34.852134,ACC,2012827.jpg,2012827,2,0,NA
2012831_2,2023-01-04 19:19:34.273996,ACC,2012831.jpg,2012831,2,0,NA
2012832_2,2023-01-04 19:19:33.742732,ACC,2012832.jpg,2012832,2,0,NA
2012850_2,2023-01-04 19:19:33.164640,ACC,2012850.jpg,2012850,2,0,NA
2012851_2,2023-01-04 19:19:32.508403,ACC,2012851.jpg,2012851,2,0,NA
2012852_2,2023-01-04 19:19:31.977091,ACC,2012852.jpg,2012852,2,0,NA
2012854_2,2023-01-04 19:19:31.414597,ACC,2012854.jpg,2012854,2,0,NA
2012853_2,2023-01-04 19:19:30.852113,ACC,2012853.jpg,2012853,2,0,NA
2012855_2,2023-01-04 19:19:30.242747,ACC,2012855.jpg,2012855,2,0,NA
2012856_2,2023-01-04 19:19:29.539593,ACC,2012856.jpg,2012856,2,0,NA
2012858_2,2023-01-04 19:19:28.945861,ACC,2012858.jpg,2012858,2,0,NA
2012859_2,2023-01-04 19:19:28.399016,ACC,2012859.jpg,2012859,2,0,NA
2012860_2,2023-01-04 19:19:27.836497,ACC,2012860.jpg,2012860,2,0,NA
2012861_2,2023-01-04 19:19:27.305228,ACC,2012861.jpg,2012861,2,0,NA
2012862_2,2023-01-04 19:19:26.773962,ACC,2012862.jpg,2012862,2,0,NA
2012863_2,2023-01-04 19:19:26.211486,ACC,2012863.jpg,2012863,2,0,NA
2012864_2,2023-01-04 19:19:25.648986,ACC,2012864.jpg,2012864,2,0,NA
2012868_2,2023-01-04 19:19:25.070878,ACC,2012868.jpg,2012868,2,0,NA
2012870_2,2023-01-04 19:19:24.492861,ACC,2012870.jpg,2012870,2,0,NA
2012865_2,2023-01-04 19:19:23.773981,ACC,2012865.jpg,2012865,2,0,NA
2012871_2,2023-01-04 19:19:23.164584,ACC,2012871.jpg,2012871,2,0,NA
2010726_2,2023-01-04 19:19:22.617703,JEW,2010726.jpg,2010726,2,0,NA
2012880_2,2023-01-04 19:19:22.242723,JEW,2012880.jpg,2012880,2,0,NA
2012872_2,2023-01-04 19:19:21.680212,ACC,2012872.jpg,2012872,2,0,NA
2012883_2,2023-01-04 19:19:21.117835,ACC,2012883.jpg,2012883,2,0,NA
2012885_2,2023-01-04 19:19:20.539605,ACC,2012885.jpg,2012885,2,0,NA
2012884_2,2023-01-04 19:19:19.883352,ACC,2012884.jpg,2012884,2,0,NA
2012886_2,2023-01-04 19:19:19.274006,ACC,2012886.jpg,2012886,2,0,NA
2012964_2,2023-01-04 19:19:18.727429,ACC,2012964.jpg,2012964,2,0,NA
2012962_2,2023-01-04 19:19:18.149079,ACC,2012962.jpg,2012962,2,0,NA
2012966_2,2023-01-04 19:19:17.602136,ACC,2012966.jpg,2012966,2,0,NA
2013008_2,2023-01-04 19:19:17.008318,ACC,2013008.jpg,2013008,2,0,NA
2100872_2,2023-01-04 19:19:16.633312,ACC,2100872.jpg,2100872,2,0,NA
2012975_2,2023-01-04 19:19:16.023949,ACC,2012975.jpg,2012975,2,0,NA
2013018_2,2023-01-04 19:19:15.461439,ACC,2013018.jpg,2013018,2,0,NA
2013010_2,2023-01-04 19:19:14.914564,ACC,2013010.jpg,2013010,2,0,NA
2013022_2,2023-01-04 19:19:14.305186,ACC,2013022.jpg,2013022,2,0,NA
2013021_2,2023-01-04 19:19:13.773954,ACC,2013021.jpg,2013021,2,0,NA
2013019_2,2023-01-04 19:19:13.133319,ACC,2013019.jpg,2013019,2,0,NA
2013024_2,2023-01-04 19:19:12.523931,ACC,2013024.jpg,2013024,2,0,NA
2013025_2,2023-01-04 19:19:11.977069,ACC,2013025.jpg,2013025,2,0,NA
2013075_2,2023-01-04 19:19:11.367677,BEAUTY,2013075.jpg,2013075,2,0,NA
2013146_2,2023-01-04 19:19:10.852055,SHO,2013146.jpg,2013146,2,0,NA
2013147_2,2023-01-04 19:19:10.227049,SHO,2013147.jpg,2013147,2,0,NA
2013203_2,2023-01-04 19:19:09.602049,SHO,2013203.jpg,2013203,2,0,NA
2011433_2,2023-01-04 19:19:09.008306,JEW,2011433.jpg,2011433,2,0,NA
2013678_2,2023-01-04 19:19:08.617668,JEW,2013678.jpg,2013678,2,0,NA
2014103_2,2023-01-04 19:19:08.039560,ACC,2014103.jpg,2014103,2,0,NA
2014138_2,2023-01-04 19:19:07.461445,ACC,2014138.jpg,2014138,2,0,NA
2014169_2,2023-01-04 19:19:06.898917,ACC,2014169.jpg,2014169,2,0,NA
2014175_2,2023-01-04 19:19:06.148917,ACC,2014175.jpg,2014175,2,0,NA
2102161_2,2023-01-04 19:19:05.773914,ACC,2102161.jpg,2102161,2,0,NA
2014282_2,2023-01-04 19:19:05.148980,ACC,2014282.jpg,2014282,2,0,NA
2014284_2,2023-01-04 19:19:04.586433,ACC,2014284.jpg,2014284,2,0,NA
2014283_2,2023-01-04 19:19:03.977057,ACC,2014283.jpg,2014283,2,0,NA
2014568_2,2023-01-04 19:19:03.336410,ACC,2014568.jpg,2014568,2,0,NA
2014285_2,2023-01-04 19:19:02.758280,ACC,2014285.jpg,2014285,2,0,NA
2014287_2,2023-01-04 19:19:02.102045,JEW,2014287.jpg,2014287,2,0,NA
2014570_2,2023-01-04 19:19:01.539526,ACC,2014570.jpg,2014570,2,0,NA
2014571_2,2023-01-04 19:19:00.961430,ACC,2014571.jpg,2014571,2,0,NA
2014573_2,2023-01-04 19:19:00.383278,ACC,2014573.jpg,2014573,2,0,NA
2014574_2,2023-01-04 19:18:59.774012,ACC,2014574.jpg,2014574,2,0,NA
2014576_2,2023-01-04 19:18:59.070803,ACC,2014576.jpg,2014576,2,0,NA
2014577_2,2023-01-04 19:18:58.508275,ACC,2014577.jpg,2014577,2,0,NA
2014579_2,2023-01-04 19:18:57.930146,ACC,2014579.jpg,2014579,2,0,NA
2014717_2,2023-01-04 19:18:57.383278,ACC,2014717.jpg,2014717,2,0,NA
2014715_2,2023-01-04 19:18:56.695773,ACC,2014715.jpg,2014715,2,0,NA
2014720_2,2023-01-04 19:18:56.133294,ACC,2014720.jpg,2014720,2,0,NA
2014721_2,2023-01-04 19:18:55.539518,ACC,2014721.jpg,2014721,2,0,NA
2014722_2,2023-01-04 19:18:54.977035,ACC,2014722.jpg,2014722,2,0,NA
2011955_2,2023-01-04 19:18:54.336389,CLO,2011955.jpg,2011955,2,0,NA
2007164_2,2023-01-04 19:18:53.477036,JEW,2007164.jpg,2007164,2,0,NA
2011060_2,2023-01-04 19:18:52.711385,ACC,2011060.jpg,2011060,2,0,NA
2110679_2,2023-01-04 19:18:52.086384,ACC,2110679.jpg,2110679,2,0,NA
2005078_2,2023-01-04 19:18:50.477039,CLO,2005078.jpg,2005078,2,0,NA
2009284_2,2023-01-04 19:18:49.586378,CLO,2009284.jpg,2009284,2,0,NA
2011502_2,2023-01-04 19:18:48.023896,CLO,2011502.jpg,2011502,2,0,NA
2103310_2,2023-01-04 19:18:46.102051,CLO,2103310.jpg,2103310,2,0,NA
2103486_2,2023-01-04 19:18:45.086396,CLO,2103486.jpg,2103486,2,0,NA
2103563_2,2023-01-04 19:18:44.195741,CLO,2103563.jpg,2103563,2,0,NA
2103625_2,2023-01-04 19:18:43.258239,CLO,2103625.jpg,2103625,2,0,NA
2103686_2,2023-01-04 19:18:41.852001,CLO,2103686.jpg,2103686,2,0,NA
2104282_2,2023-01-04 19:18:40.836377,CLO,2104282.jpg,2104282,2,0,NA
2104721_2,2023-01-04 19:18:39.336376,CLO,2104721.jpg,2104721,2,0,NA
2105358_2,2023-01-04 19:18:37.633244,CLO,2105358.jpg,2105358,2,0,NA
2105369_2,2023-01-04 19:18:30.445826,CLO,2105369.jpg,2105369,2,0,NA
2105374_2,2023-01-04 19:18:29.633212,CLO,2105374.jpg,2105374,2,0,NA
2106784_2,2023-01-04 19:18:25.398816,CLO,2106784.jpg,2106784,2,0,NA
2106945_2,2023-01-04 19:18:24.664451,CLO,2106945.jpg,2106945,2,0,NA
2107055_2,2023-01-04 19:18:23.867681,CLO,2107055.jpg,2107055,2,0,NA
2107057_2,2023-01-04 19:18:23.086339,CLO,2107057.jpg,2107057,2,0,NA
2107544_2,2023-01-04 19:18:22.226960,CLO,2107544.jpg,2107544,2,0,NA
2108871_2,2023-01-04 19:18:21.476935,CLO,2108871.jpg,2108871,2,0,NA
2109032_2,2023-01-04 19:18:20.711314,CLO,2109032.jpg,2109032,2,0,NA
2109038_2,2023-01-04 19:18:19.898810,CLO,2109038.jpg,2109038,2,0,NA
2109039_2,2023-01-04 19:18:19.133185,CLO,2109039.jpg,2109039,2,0,NA
2109157_2,2023-01-04 19:18:18.398807,CLO,2109157.jpg,2109157,2,0,NA
2109615_2,2023-01-04 19:18:17.195682,CLO,2109615.jpg,2109615,2,0,NA
2109617_2,2023-01-04 19:18:16.555057,CLO,2109617.jpg,2109617,2,0,NA
2109631_2,2023-01-04 19:18:15.680072,CLO,2109631.jpg,2109631,2,0,NA
2109702_2,2023-01-04 19:18:14.726936,CLO,2109702.jpg,2109702,2,0,NA
2109711_2,2023-01-04 19:18:13.523841,CLO,2109711.jpg,2109711,2,0,NA
2109713_2,2023-01-04 19:18:12.414422,CLO,2109713.jpg,2109713,2,0,NA
2109714_2,2023-01-04 19:18:10.898803,CLO,2109714.jpg,2109714,2,0,NA
2109716_2,2023-01-04 19:18:09.555044,CLO,2109716.jpg,2109716,2,0,NA
2109718_2,2023-01-04 19:18:08.742539,CLO,2109718.jpg,2109718,2,0,NA
2109728_2,2023-01-04 19:18:07.461291,CLO,2109728.jpg,2109728,2,0,NA
2109740_2,2023-01-04 19:18:05.945677,CLO,2109740.jpg,2109740,2,0,NA
2109745_2,2023-01-04 19:18:04.289401,CLO,2109745.jpg,2109745,2,0,NA
2109753_2,2023-01-04 19:18:03.523775,CLO,2109753.jpg,2109753,2,0,NA
2109767_2,2023-01-04 19:18:02.742539,CLO,2109767.jpg,2109767,2,0,NA
2109779_2,2023-01-04 19:18:01.851897,CLO,2109779.jpg,2109779,2,0,NA
2109876_2,2023-01-04 19:18:00.945647,CLO,2109876.jpg,2109876,2,0,NA
2109897_2,2023-01-04 19:17:59.273766,CLO,2109897.jpg,2109897,2,0,NA
2110039_2,2023-01-04 19:17:58.445644,CLO,2110039.jpg,2110039,2,0,NA
2113343_2,2023-01-04 19:17:56.836277,CLO,2113343.jpg,2113343,2,0,NA
2110043_2,2023-01-04 19:17:56.414384,CLO,2110043.jpg,2110043,2,0,NA
2110048_2,2023-01-04 19:17:55.695677,CLO,2110048.jpg,2110048,2,0,NA
2110060_2,2023-01-04 19:17:54.070744,CLO,2110060.jpg,2110060,2,0,NA
2110084_2,2023-01-04 19:17:53.305007,CLO,2110084.jpg,2110084,2,0,NA
2110344_2,2023-01-04 19:17:52.117529,CLO,2110344.jpg,2110344,2,0,NA
2110367_2,2023-01-04 19:17:51.289374,CLO,2110367.jpg,2110367,2,0,NA
2110371_2,2023-01-04 19:17:50.398747,CLO,2110371.jpg,2110371,2,0,NA
2110376_2,2023-01-04 19:17:43.133129,CLO,2110376.jpg,2110376,2,0,NA
2110379_2,2023-01-04 19:17:42.133105,CLO,2110379.jpg,2110379,2,0,NA
2110397_2,2023-01-04 19:17:41.367493,CLO,2110397.jpg,2110397,2,0,NA
2110404_2,2023-01-04 19:17:40.617473,CLO,2110404.jpg,2110404,2,0,NA
2110418_2,2023-01-04 19:17:39.758116,CLO,2110418.jpg,2110418,2,0,NA
2110422_2,2023-01-04 19:17:38.929962,CLO,2110422.jpg,2110422,2,0,NA
2110424_2,2023-01-04 19:17:38.070605,CLO,2110424.jpg,2110424,2,0,NA
2110430_2,2023-01-04 19:17:37.258132,CLO,2110430.jpg,2110430,2,0,NA
2110438_2,2023-01-04 19:17:36.445596,CLO,2110438.jpg,2110438,2,0,NA
2110448_2,2023-01-04 19:17:35.633087,CLO,2110448.jpg,2110448,2,0,NA
2110453_2,2023-01-04 19:17:34.836221,CLO,2110453.jpg,2110453,2,0,NA
2110457_2,2023-01-04 19:17:34.023726,CLO,2110457.jpg,2110457,2,0,NA
2110459_2,2023-01-04 19:17:33.133084,CLO,2110459.jpg,2110459,2,0,NA
2110480_2,2023-01-04 19:17:32.258097,CLO,2110480.jpg,2110480,2,0,NA
2110484_2,2023-01-04 19:17:31.523703,CLO,2110484.jpg,2110484,2,0,NA
2110507_2,2023-01-04 19:17:30.820631,CLO,2110507.jpg,2110507,2,0,NA
2110516_2,2023-01-04 19:17:29.851858,CLO,2110516.jpg,2110516,2,0,NA
2110517_2,2023-01-04 19:17:29.148701,CLO,2110517.jpg,2110517,2,0,NA
2110687_2,2023-01-04 19:17:28.070583,CLO,2110687.jpg,2110687,2,0,NA
2110716_2,2023-01-04 19:17:26.992462,CLO,2110716.jpg,2110716,2,0,NA
2110723_2,2023-01-04 19:17:26.258086,CLO,2110723.jpg,2110723,2,0,NA
2110749_2,2023-01-04 19:17:25.570575,CLO,2110749.jpg,2110749,2,0,NA
2110761_2,2023-01-04 19:17:24.773711,CLO,2110761.jpg,2110761,2,0,NA
2110780_2,2023-01-04 19:17:23.742438,CLO,2110780.jpg,2110780,2,0,NA
2110818_2,2023-01-04 19:17:23.023708,CLO,2110818.jpg,2110818,2,0,NA
2110867_2,2023-01-04 19:17:22.211199,CLO,2110867.jpg,2110867,2,0,NA
2110874_2,2023-01-04 19:17:21.195693,CLO,2110874.jpg,2110874,2,0,NA
2111230_2,2023-01-04 19:17:18.523761,CLO,2111230.jpg,2111230,2,0,NA
2111232_2,2023-01-04 19:17:16.961194,CLO,2111232.jpg,2111232,2,0,NA
2111862_2,2023-01-04 19:17:16.195540,CLO,2111862.jpg,2111862,2,0,NA
2004801_2,2023-01-04 19:17:15.320566,CLO,2004801.jpg,2004801,2,0,NA
2100201_2,2023-01-04 19:17:07.758027,CLO,2100201.jpg,2100201,2,0,NA
2005819_2,2023-01-04 19:17:07.008022,CLO,2005819.jpg,2005819,2,0,NA
2007495_2,2023-01-04 19:17:06.304931,CLO,2007495.jpg,2007495,2,0,NA
2008644_2,2023-01-04 19:17:05.570518,CLO,2008644.jpg,2008644,2,0,NA
2007771_2,2023-01-04 19:17:04.820518,CLO,2007771.jpg,2007771,2,0,NA
2011299_2,2023-01-04 19:17:04.054912,CLO,2011299.jpg,2011299,2,0,NA
2012251_2,2023-01-04 19:17:03.273641,CLO,2012251.jpg,2012251,2,0,NA
2013028_2,2023-01-04 19:17:02.492417,CLO,2013028.jpg,2013028,2,0,NA
2101262_2,2023-01-04 19:17:01.617437,CLO,2101262.jpg,2101262,2,0,NA
2014860_2,2023-01-04 19:17:00.867386,CLO,2014860.jpg,2014860,2,0,NA
2103040_2,2023-01-04 19:17:00.398633,ACC,2103040.jpg,2103040,2,0,NA
2103545_2,2023-01-04 19:16:59.570505,CLO,2103545.jpg,2103545,2,0,NA
2103761_2,2023-01-04 19:16:58.804919,CLO,2103761.jpg,2103761,2,0,NA
2104223_2,2023-01-04 19:16:58.039285,CLO,2104223.jpg,2104223,2,0,NA
2104657_2,2023-01-04 19:16:57.117380,CLO,2104657.jpg,2104657,2,0,NA
2107040_2,2023-01-04 19:16:56.445518,CLO,2107040.jpg,2107040,2,0,NA
2107039_2,2023-01-04 19:16:55.633002,CLO,2107039.jpg,2107039,2,0,NA
2107042_2,2023-01-04 19:16:54.742374,CLO,2107042.jpg,2107042,2,0,NA
2107049_2,2023-01-04 19:16:53.914242,CLO,2107049.jpg,2107049,2,0,NA
2107070_2,2023-01-04 19:16:53.132993,CLO,2107070.jpg,2107070,2,0,NA
2107390_2,2023-01-04 19:16:52.383012,SHO,2107390.jpg,2107390,2,0,NA
2107129_2,2023-01-04 19:16:51.508007,CLO,2107129.jpg,2107129,2,0,NA
2107391_2,2023-01-04 19:16:50.351793,SHO,2107391.jpg,2107391,2,0,NA
2102506_2,2023-01-04 19:16:42.070480,CLO,2102506.jpg,2102506,2,0,NA
2107987_2,2023-01-04 19:16:41.570461,CLO,2107987.jpg,2107987,2,0,NA
2108003_2,2023-01-04 19:16:40.961119,CLO,2108003.jpg,2108003,2,0,NA
2108015_2,2023-01-04 19:16:40.039214,CLO,2108015.jpg,2108015,2,0,NA
2108503_2,2023-01-04 19:16:39.320471,CLO,2108503.jpg,2108503,2,0,NA
2108648_2,2023-01-04 19:16:38.398593,CLO,2108648.jpg,2108648,2,0,NA
2108650_2,2023-01-04 19:16:37.101714,CLO,2108650.jpg,2108650,2,0,NA
2108661_2,2023-01-04 19:16:36.273621,CLO,2108661.jpg,2108661,2,0,NA
2108905_2,2023-01-04 19:16:35.429832,CLO,2108905.jpg,2108905,2,0,NA
2108890_2,2023-01-04 19:16:34.320478,CLO,2108890.jpg,2108890,2,0,NA
2108944_2,2023-01-04 19:16:33.648598,CLO,2108944.jpg,2108944,2,0,NA
2108988_2,2023-01-04 19:16:32.992319,CLO,2108988.jpg,2108988,2,0,NA
2108993_2,2023-01-04 19:16:32.257963,CLO,2108993.jpg,2108993,2,0,NA
2109182_2,2023-01-04 19:16:30.679841,CLO,2109182.jpg,2109182,2,0,NA
2109238_2,2023-01-04 19:16:30.007943,CLO,2109238.jpg,2109238,2,0,NA
2109624_2,2023-01-04 19:16:29.164269,CLO,2109624.jpg,2109624,2,0,NA
2109715_2,2023-01-04 19:16:28.367307,CLO,2109715.jpg,2109715,2,0,NA
2109725_2,2023-01-04 19:16:27.632938,CLO,2109725.jpg,2109725,2,0,NA
2109622_2,2023-01-04 19:16:26.945432,CLO,2109622.jpg,2109622,2,0,NA
2109722_2,2023-01-04 19:16:26.117310,CLO,2109722.jpg,2109722,2,0,NA
2109853_2,2023-01-04 19:16:25.257934,CLO,2109853.jpg,2109853,2,0,NA
2110342_2,2023-01-04 19:16:24.445429,CLO,2110342.jpg,2110342,2,0,NA
2110407_2,2023-01-04 19:16:23.539177,CLO,2110407.jpg,2110407,2,0,NA
2110411_2,2023-01-04 19:16:22.773551,CLO,2110411.jpg,2110411,2,0,NA
2111275_2,2023-01-04 19:16:21.554830,CLO,2111275.jpg,2111275,2,0,NA
2111279_2,2023-01-04 19:16:20.586048,CLO,2111279.jpg,2111279,2,0,NA
2111291_2,2023-01-04 19:16:19.867291,CLO,2111291.jpg,2111291,2,0,NA
2111292_2,2023-01-04 19:16:18.914164,CLO,2111292.jpg,2111292,2,0,NA
2109706_2,2023-01-04 19:16:18.148541,SHO,2109706.jpg,2109706,2,0,NA
1507938_1,2023-01-04 19:16:17.414163,ACC,1507938.jpg,1507938,1,0,NA
2105691_2,2023-01-04 19:16:16.679915,ACC,2105691.jpg,2105691,2,0,NA
2105759_2,2023-01-04 19:16:15.945411,ACC,2105759.jpg,2105759,2,0,NA
2105899_2,2023-01-04 19:16:15.039162,SHO,2105899.jpg,2105899,2,0,NA
2012618_2,2023-01-04 19:16:14.601657,SHO,2012618.jpg,2012618,2,0,NA
2104339_2,2023-01-04 19:16:14.101825,SHO,2104339.jpg,2104339,2,0,NA
2104003_2,2023-01-04 19:16:06.429767,ACC,2104003.jpg,2104003,2,0,NA
2110554_2,2023-01-04 19:16:05.570396,ACC,2110554.jpg,2110554,2,0,NA
2109538_2,2023-01-04 19:16:04.757887,SHO,2109538.jpg,2109538,2,0,NA
2108512_2,2023-01-04 19:16:04.023552,JEW,2108512.jpg,2108512,2,0,NA
2110553_2,2023-01-04 19:16:02.820411,ACC,2110553.jpg,2110553,2,0,NA
2109709_2,2023-01-04 19:16:02.101632,SHO,2109709.jpg,2109709,2,0,NA
2109705_2,2023-01-04 19:16:01.179753,SHO,2109705.jpg,2109705,2,0,NA
2106358_2,2023-01-04 19:16:00.398684,ACC,2106358.jpg,2106358,2,0,NA
2105990_2,2023-01-04 19:15:59.460993,JEW,2105990.jpg,2105990,2,0,NA
2108426_2,2023-01-04 19:15:58.648512,ACC,2108426.jpg,2108426,2,0,NA
2105763_2,2023-01-04 19:15:57.945515,ACC,2105763.jpg,2105763,2,0,NA
2105674_2,2023-01-04 19:15:57.195382,ACC,2105674.jpg,2105674,2,0,NA
2014422_2,2023-01-04 19:15:56.445370,ACC,2014422.jpg,2014422,2,0,NA
2105677_2,2023-01-04 19:15:55.554760,ACC,2105677.jpg,2105677,2,0,NA
2109798_2,2023-01-04 19:15:54.836042,ACC,2109798.jpg,2109798,2,0,NA
2105760_2,2023-01-04 19:15:54.148510,ACC,2105760.jpg,2105760,2,0,NA
2109539_2,2023-01-04 19:15:53.304761,SHO,2109539.jpg,2109539,2,0,NA
2109707_2,2023-01-04 19:15:52.492233,SHO,2109707.jpg,2109707,2,0,NA
2108424_2,2023-01-04 19:15:51.789109,ACC,2108424.jpg,2108424,2,0,NA
2109708_2,2023-01-04 19:15:51.007874,SHO,2109708.jpg,2109708,2,0,NA
2107372_2,2023-01-04 19:15:50.210981,SHO,2107372.jpg,2107372,2,0,NA
2107577_2,2023-01-04 19:15:49.132849,CLO,2107577.jpg,2107577,2,0,NA
2110599_2,2023-01-04 19:15:42.570352,BEAUTY,2110599.jpg,2110599,2,0,NA
2109165_2,2023-01-04 19:15:41.648456,SHO,2109165.jpg,2109165,2,0,NA
2100674_2,2023-01-04 19:15:41.210992,SHO,2100674.jpg,2100674,2,0,NA
2109540_2,2023-01-04 19:15:40.523453,SHO,2109540.jpg,2109540,2,0,NA
2109417_2,2023-01-04 19:15:39.867204,SHO,2109417.jpg,2109417,2,0,NA
2109794_2,2023-01-04 19:15:39.101579,ACC,2109794.jpg,2109794,2,0,NA
2109418_2,2023-01-04 19:15:38.320325,SHO,2109418.jpg,2109418,2,0,NA
2106929_2,2023-01-04 19:15:37.632851,SHO,2106929.jpg,2106929,2,0,NA
2109347_2,2023-01-04 19:15:36.945338,SHO,2109347.jpg,2109347,2,0,NA
2109795_2,2023-01-04 19:15:36.242253,ACC,2109795.jpg,2109795,2,0,NA
2109081_2,2023-01-04 19:15:35.461009,ACC,2109081.jpg,2109081,2,0,NA
2110698_2,2023-01-04 19:15:34.789069,ACC,2110698.jpg,2110698,2,0,NA
2110707_2,2023-01-04 19:15:34.054738,ACC,2110707.jpg,2110707,2,0,NA
2110718_2,2023-01-04 19:15:33.242231,SHO,2110718.jpg,2110718,2,0,NA
2103706_2,2023-01-04 19:15:32.585961,CLO,2103706.jpg,2103706,2,0,NA
2109278_2,2023-01-04 19:15:31.789052,CLO,2109278.jpg,2109278,2,0,NA
2109703_2,2023-01-04 19:15:31.039058,CLO,2109703.jpg,2109703,2,0,NA
2109286_2,2023-01-04 19:15:30.257821,CLO,2109286.jpg,2109286,2,0,NA
2106453_2,2023-01-04 19:15:29.476557,CLO,2106453.jpg,2106453,2,0,NA
2104137_2,2023-01-04 19:15:10.570261,CLO,2104137.jpg,2104137,2,0,NA
2106444_2,2023-01-04 19:15:09.773407,CLO,2106444.jpg,2106444,2,0,NA
2104127_2,2023-01-04 19:15:09.070275,CLO,2104127.jpg,2104127,2,0,NA
2110483_2,2023-01-04 19:15:08.351509,CLO,2110483.jpg,2110483,2,0,NA
2109809_2,2023-01-04 19:15:07.601508,CLO,2109809.jpg,2109809,2,0,NA
2110478_2,2023-01-04 19:15:06.961062,CLO,2110478.jpg,2110478,2,0,NA
2105446_2,2023-01-04 19:15:06.257764,CLO,2105446.jpg,2105446,2,0,NA
2109720_2,2023-01-04 19:15:05.445294,CLO,2109720.jpg,2109720,2,0,NA
2109901_2,2023-01-04 19:15:04.757749,CLO,2109901.jpg,2109901,2,0,NA
2110398_2,2023-01-04 19:15:04.023374,CLO,2110398.jpg,2110398,2,0,NA
2110083_2,2023-01-04 19:15:03.304788,CLO,2110083.jpg,2110083,2,0,NA
2109866_2,2023-01-04 19:15:02.601585,CLO,2109866.jpg,2109866,2,0,NA
2109739_2,2023-01-04 19:15:01.820250,CLO,2109739.jpg,2109739,2,0,NA
2108264_2,2023-01-04 19:15:00.945268,CLO,2108264.jpg,2108264,2,0,NA
2106441_2,2023-01-04 19:15:00.226491,CLO,2106441.jpg,2106441,2,0,NA
2108019_2,2023-01-04 19:14:59.460937,CLO,2108019.jpg,2108019,2,0,NA
2109701_2,2023-01-04 19:14:58.539015,CLO,2109701.jpg,2109701,2,0,NA
2109035_2,2023-01-04 19:14:57.570242,CLO,2109035.jpg,2109035,2,0,NA
2008730_2,2023-01-04 19:14:56.851500,CLO,2008730.jpg,2008730,2,0,NA
2107010_2,2023-01-04 19:14:56.101481,CLO,2107010.jpg,2107010,2,0,NA
2109760_2,2023-01-04 19:14:55.382728,CLO,2109760.jpg,2109760,2,0,NA
2109528_2,2023-01-04 19:14:54.632749,CLO,2109528.jpg,2109528,2,0,NA
2110396_2,2023-01-04 19:14:53.851592,CLO,2110396.jpg,2110396,2,0,NA
2102139_2,2023-01-04 19:14:53.210851,CLO,2102139.jpg,2102139,2,0,NA
2109232_2,2023-01-04 19:14:52.382730,CLO,2109232.jpg,2109232,2,0,NA
2108314_2,2023-01-04 19:14:51.710872,CLO,2108314.jpg,2108314,2,0,NA
2109842_2,2023-01-04 19:14:50.992109,CLO,2109842.jpg,2109842,2,0,NA
2110657_2,2023-01-04 19:14:50.257735,CLO,2110657.jpg,2110657,2,0,NA
2109276_2,2023-01-04 19:14:49.367087,CLO,2109276.jpg,2109276,2,0,NA
2110364_2,2023-01-04 19:14:48.663972,CLO,2110364.jpg,2110364,2,0,NA
2104134_2,2023-01-04 19:14:47.742087,CLO,2104134.jpg,2104134,2,0,NA
2109754_2,2023-01-04 19:14:47.117086,CLO,2109754.jpg,2109754,2,0,NA
2109284_2,2023-01-04 19:14:46.304631,CLO,2109284.jpg,2109284,2,0,NA
2109566_2,2023-01-04 19:14:45.101455,CLO,2109566.jpg,2109566,2,0,NA
2110509_2,2023-01-04 19:14:44.320220,CLO,2110509.jpg,2110509,2,0,NA
2104141_2,2023-01-04 19:14:43.632751,CLO,2104141.jpg,2104141,2,0,NA
2103630_2,2023-01-04 19:14:42.710828,CLO,2103630.jpg,2103630,2,0,NA
2108895_2,2023-01-04 19:14:41.913956,CLO,2108895.jpg,2108895,2,0,NA
2109521_2,2023-01-04 19:14:41.134296,CLO,2109521.jpg,2109521,2,0,NA
2109562_2,2023-01-04 19:14:40.382696,CLO,2109562.jpg,2109562,2,0,NA
2108978_2,2023-01-04 19:14:39.538943,CLO,2108978.jpg,2108978,2,0,NA
2109366_2,2023-01-04 19:14:38.554572,CLO,2109366.jpg,2109366,2,0,NA
2110406_2,2023-01-04 19:14:37.773324,CLO,2110406.jpg,2110406,2,0,NA
2110359_2,2023-01-04 19:14:36.851443,CLO,2110359.jpg,2110359,2,0,NA
2110098_2,2023-01-04 19:14:36.117083,CLO,2110098.jpg,2110098,2,0,NA
2109195_2,2023-01-04 19:14:35.460814,CLO,2109195.jpg,2109195,2,0,NA
2113342_2,2023-01-04 19:14:35.007684,CLO,2113342.jpg,2113342,2,0,NA
2109750_2,2023-01-04 19:14:34.242058,CLO,2109750.jpg,2109750,2,0,NA
2109699_2,2023-01-04 19:14:33.507688,CLO,2109699.jpg,2109699,2,0,NA
2109280_2,2023-01-04 19:14:32.445179,CLO,2109280.jpg,2109280,2,0,NA
2110368_2,2023-01-04 19:14:31.632678,CLO,2110368.jpg,2110368,2,0,NA
2110095_2,2023-01-04 19:14:30.867071,CLO,2110095.jpg,2110095,2,0,NA
2108977_2,2023-01-04 19:14:30.070172,CLO,2108977.jpg,2108977,2,0,NA
2109856_2,2023-01-04 19:14:29.148318,CLO,2109856.jpg,2109856,2,0,NA
2109652_2,2023-01-04 19:14:28.476445,CLO,2109652.jpg,2109652,2,0,NA
2110031_2,2023-01-04 19:14:27.710813,CLO,2110031.jpg,2110031,2,0,NA
2109457_2,2023-01-04 19:14:26.820224,CLO,2109457.jpg,2109457,2,0,NA
2009464_2,2023-01-04 19:14:26.039011,CLO,2009464.jpg,2009464,2,0,NA
2104130_2,2023-01-04 19:14:25.273289,CLO,2104130.jpg,2104130,2,0,NA
2104069_2,2023-01-04 19:14:24.460785,CLO,2104069.jpg,2104069,2,0,NA
2106442_2,2023-01-04 19:14:23.632660,CLO,2106442.jpg,2106442,2,0,NA
2109037_2,2023-01-04 19:14:22.976461,CLO,2109037.jpg,2109037,2,0,NA
2106448_2,2023-01-04 19:14:22.210780,CLO,2106448.jpg,2106448,2,0,NA
2104672_2,2023-01-04 19:14:21.320152,CLO,2104672.jpg,2104672,2,0,NA
2109818_2,2023-01-04 19:14:20.663898,CLO,2109818.jpg,2109818,2,0,NA
2110515_2,2023-01-04 19:14:19.835776,CLO,2110515.jpg,2110515,2,0,NA
2109611_2,2023-01-04 19:14:14.320136,CLO,2109611.jpg,2109611,2,0,NA
2109147_2,2023-01-04 19:14:13.585790,CLO,2109147.jpg,2109147,2,0,NA
2109273_2,2023-01-04 19:14:12.820151,CLO,2109273.jpg,2109273,2,0,NA
2108836_2,2023-01-04 19:14:11.929523,CLO,2108836.jpg,2108836,2,0,NA
2110521_2,2023-01-04 19:14:10.945128,CLO,2110521.jpg,2110521,2,0,NA
2110101_2,2023-01-04 19:14:10.460750,CLO,2110101.jpg,2110101,2,0,NA
2113336_2,2023-01-04 19:14:09.742000,CLO,2113336.jpg,2113336,2,0,NA
2109122_2,2023-01-04 19:14:08.820132,CLO,2109122.jpg,2109122,2,0,NA
2109293_2,2023-01-04 19:14:07.898260,CLO,2109293.jpg,2109293,2,0,NA
2106236_2,2023-01-04 19:14:07.023243,CLO,2106236.jpg,2106236,2,0,NA
2109200_2,2023-01-04 19:14:05.945141,CLO,2109200.jpg,2109200,2,0,NA
2109156_2,2023-01-04 19:14:05.273343,CLO,2109156.jpg,2109156,2,0,NA
2109121_2,2023-01-04 19:14:04.523239,CLO,2109121.jpg,2109121,2,0,NA
2109579_2,2023-01-04 19:14:03.741997,CLO,2109579.jpg,2109579,2,0,NA
2110518_2,2023-01-04 19:14:02.726365,CLO,2110518.jpg,2110518,2,0,NA
2108963_2,2023-01-04 19:14:02.101360,CLO,2108963.jpg,2108963,2,0,NA
2110477_2,2023-01-04 19:14:01.398267,CLO,2110477.jpg,2110477,2,0,NA
2107013_2,2023-01-04 19:14:00.538888,CLO,2107013.jpg,2107013,2,0,NA
2107014_2,2023-01-04 19:13:59.710751,CLO,2107014.jpg,2107014,2,0,NA
2105448_2,2023-01-04 19:13:57.835738,CLO,2105448.jpg,2105448,2,0,NA
2109751_2,2023-01-04 19:13:57.117087,CLO,2109751.jpg,2109751,2,0,NA
2109523_2,2023-01-04 19:13:56.320096,CLO,2109523.jpg,2109523,2,0,NA
2104068_2,2023-01-04 19:13:55.054463,CLO,2104068.jpg,2104068,2,0,NA
2110725_2,2023-01-04 19:13:54.241960,CLO,2110725.jpg,2110725,2,0,NA
2109530_2,2023-01-04 19:13:43.976197,CLO,2109530.jpg,2109530,2,0,NA
2109281_2,2023-01-04 19:13:42.538658,CLO,2109281.jpg,2109281,2,0,NA
2110401_2,2023-01-04 19:13:41.757417,CLO,2110401.jpg,2110401,2,0,NA
2109449_2,2023-01-04 19:13:41.007386,CLO,2109449.jpg,2109449,2,0,NA
2106450_2,2023-01-04 19:13:40.257373,CLO,2106450.jpg,2106450,2,0,NA
2106648_2,2023-01-04 19:13:39.335485,CLO,2106648.jpg,2106648,2,0,NA
2110722_2,2023-01-04 19:13:38.679223,CLO,2110722.jpg,2110722,2,0,NA
2110355_2,2023-01-04 19:13:37.773117,CLO,2110355.jpg,2110355,2,0,NA
2105882_2,2023-01-04 19:13:37.038583,ACC,2105882.jpg,2105882,2,0,NA
2106464_2,2023-01-04 19:13:36.335465,BEAUTY,2106464.jpg,2106464,2,0,NA
2105834_2,2023-01-04 19:13:35.616698,ACC,2105834.jpg,2105834,2,0,NA
2110587_2,2023-01-04 19:13:34.726038,ACC,2110587.jpg,2110587,2,0,NA
2105819_2,2023-01-04 19:13:33.929152,ACC,2105819.jpg,2105819,2,0,NA
2108186_2,2023-01-04 19:13:33.163548,ACC,2108186.jpg,2108186,2,0,NA
2105843_2,2023-01-04 19:13:32.335379,ACC,2105843.jpg,2105843,2,0,NA
2105849_2,2023-01-04 19:13:31.585361,ACC,2105849.jpg,2105849,2,0,NA
2106418_2,2023-01-04 19:13:30.788481,ACC,2106418.jpg,2106418,2,0,NA
2106407_2,2023-01-04 19:13:30.007241,ACC,2106407.jpg,2106407,2,0,NA
2106414_2,2023-01-04 19:13:29.194709,ACC,2106414.jpg,2106414,2,0,NA
2106422_2,2023-01-04 19:13:28.413484,ACC,2106422.jpg,2106422,2,0,NA
2106195_2,2023-01-04 19:13:27.554086,ACC,2106195.jpg,2106195,2,0,NA
2106404_2,2023-01-04 19:13:26.710315,ACC,2106404.jpg,2106404,2,0,NA
2106194_2,2023-01-04 19:13:25.804038,ACC,2106194.jpg,2106194,2,0,NA
2106197_2,2023-01-04 19:13:25.022842,ACC,2106197.jpg,2106197,2,0,NA
2106406_2,2023-01-04 19:13:24.038404,ACC,2106406.jpg,2106406,2,0,NA
2106206_2,2023-01-04 19:13:23.100980,ACC,2106206.jpg,2106206,2,0,NA
2106409_2,2023-01-04 19:13:22.304510,ACC,2106409.jpg,2106409,2,0,NA
2106399_2,2023-01-04 19:13:21.522776,ACC,2106399.jpg,2106399,2,0,NA
2106193_2,2023-01-04 19:13:20.522726,ACC,2106193.jpg,2106193,2,0,NA
2106413_2,2023-01-04 19:13:19.788390,ACC,2106413.jpg,2106413,2,0,NA
2106203_2,2023-01-04 19:13:19.007070,ACC,2106203.jpg,2106203,2,0,NA
2106200_2,2023-01-04 19:13:18.225789,ACC,2106200.jpg,2106200,2,0,NA
2106202_2,2023-01-04 19:13:17.460274,ACC,2106202.jpg,2106202,2,0,NA
2108548_2,2023-01-04 19:13:16.632012,ACC,2108548.jpg,2108548,2,0,NA
2106207_2,2023-01-04 19:13:15.663274,ACC,2106207.jpg,2106207,2,0,NA
2105333_2,2023-01-04 19:13:14.991393,ACC,2105333.jpg,2105333,2,0,NA
2106396_2,2023-01-04 19:13:14.194479,ACC,2106396.jpg,2106396,2,0,NA
2106420_2,2023-01-04 19:13:13.460091,ACC,2106420.jpg,2106420,2,0,NA
2106424_2,2023-01-04 19:13:12.163199,ACC,2106424.jpg,2106424,2,0,NA
2106198_2,2023-01-04 19:13:10.710050,ACC,2106198.jpg,2106198,2,0,NA
2106209_2,2023-01-04 19:13:09.256902,ACC,2106209.jpg,2106209,2,0,NA
2106205_2,2023-01-04 19:13:08.116261,ACC,2106205.jpg,2106205,2,0,NA
2108547_2,2023-01-04 19:13:06.803737,ACC,2108547.jpg,2108547,2,0,NA
2103233_2,2023-01-04 19:13:05.131895,CLO,2103233.jpg,2103233,2,0,NA
2104096_2,2023-01-04 19:13:03.741197,CLO,2104096.jpg,2104096,2,0,NA
2103236_2,2023-01-04 19:13:02.944311,CLO,2103236.jpg,2103236,2,0,NA
2104146_2,2023-01-04 19:13:01.006783,CLO,2104146.jpg,2104146,2,0,NA
2104425_2,2023-01-04 19:13:00.256770,CLO,2104425.jpg,2104425,2,0,NA
2104949_2,2023-01-04 19:12:58.475489,CLO,2104949.jpg,2104949,2,0,NA
2115848_2,2023-01-04 19:12:57.928612,CLO,2115848.jpg,2115848,2,0,NA
2206128_2,2023-01-04 19:12:56.928603,CLO,2206128.jpg,2206128,2,0,NA
2104951_2,2023-01-04 19:12:56.491081,CLO,2104951.jpg,2104951,2,0,NA
2106649_2,2023-01-04 19:12:55.741089,CLO,2106649.jpg,2106649,2,0,NA
2106650_2,2023-01-04 19:12:54.834844,CLO,2106650.jpg,2106650,2,0,NA
2106662_2,2023-01-04 19:12:54.037918,CLO,2106662.jpg,2106662,2,0,NA
2106653_2,2023-01-04 19:12:53.209787,CLO,2106653.jpg,2106653,2,0,NA
2106665_2,2023-01-04 19:12:52.537910,CLO,2106665.jpg,2106665,2,0,NA
2106672_2,2023-01-04 19:12:51.787889,CLO,2106672.jpg,2106672,2,0,NA
2106676_2,2023-01-04 19:12:51.022251,CLO,2106676.jpg,2106676,2,0,NA
2106720_2,2023-01-04 19:12:49.490996,CLO,2106720.jpg,2106720,2,0,NA
2106723_2,2023-01-04 19:12:48.787865,CLO,2106723.jpg,2106723,2,0,NA
2106725_2,2023-01-04 19:12:48.069141,CLO,2106725.jpg,2106725,2,0,NA
2106726_2,2023-01-04 19:12:47.162815,CLO,2106726.jpg,2106726,2,0,NA
2106786_2,2023-01-04 19:12:46.100314,CLO,2106786.jpg,2106786,2,0,NA
2106911_2,2023-01-04 19:12:44.772178,CLO,2106911.jpg,2106911,2,0,NA
2107051_2,2023-01-04 19:12:42.881545,CLO,2107051.jpg,2107051,2,0,NA
2108024_2,2023-01-04 19:12:42.053381,CLO,2108024.jpg,2108024,2,0,NA
2108276_2,2023-01-04 19:12:41.240873,CLO,2108276.jpg,2108276,2,0,NA
2108277_2,2023-01-04 19:12:40.209599,CLO,2108277.jpg,2108277,2,0,NA
2108436_2,2023-01-04 19:12:39.225218,CLO,2108436.jpg,2108436,2,0,NA
2108463_2,2023-01-04 19:12:38.350185,CLO,2108463.jpg,2108463,2,0,NA
2108506_2,2023-01-04 19:12:37.428295,CLO,2108506.jpg,2108506,2,0,NA
2108515_2,2023-01-04 19:12:36.131403,CLO,2108515.jpg,2108515,2,0,NA
2108510_2,2023-01-04 19:12:35.287668,CLO,2108510.jpg,2108510,2,0,NA
2108517_2,2023-01-04 19:12:34.490759,CLO,2108517.jpg,2108517,2,0,NA
2108581_2,2023-01-04 19:12:33.678241,CLO,2108581.jpg,2108581,2,0,NA
2108599_2,2023-01-04 19:12:32.725123,CLO,2108599.jpg,2108599,2,0,NA
2108604_2,2023-01-04 19:12:31.896966,CLO,2108604.jpg,2108604,2,0,NA
2108598_2,2023-01-04 19:12:30.756343,CLO,2108598.jpg,2108598,2,0,NA
2108617_2,2023-01-04 19:12:29.256298,CLO,2108617.jpg,2108617,2,0,NA
2108621_2,2023-01-04 19:12:28.428189,CLO,2108621.jpg,2108621,2,0,NA
2108618_2,2023-01-04 19:12:27.615649,CLO,2108618.jpg,2108618,2,0,NA
2108791_2,2023-01-04 19:12:26.459383,CLO,2108791.jpg,2108791,2,0,NA
2108837_2,2023-01-04 19:12:25.099999,CLO,2108837.jpg,2108837,2,0,NA
2108992_2,2023-01-04 19:12:23.865618,CLO,2108992.jpg,2108992,2,0,NA
2109233_2,2023-01-04 19:12:23.053080,CLO,2109233.jpg,2109233,2,0,NA
2109234_2,2023-01-04 19:12:22.334316,CLO,2109234.jpg,2109234,2,0,NA
2109237_2,2023-01-04 19:12:20.959313,CLO,2109237.jpg,2109237,2,0,NA
2109289_2,2023-01-04 19:12:20.146830,CLO,2109289.jpg,2109289,2,0,NA
2109444_2,2023-01-04 19:12:18.974895,CLO,2109444.jpg,2109444,2,0,NA
2109465_2,2023-01-04 19:12:17.631141,CLO,2109465.jpg,2109465,2,0,NA
2109456_2,2023-01-04 19:12:16.209254,CLO,2109456.jpg,2109456,2,0,NA
2109470_2,2023-01-04 19:12:15.037347,CLO,2109470.jpg,2109470,2,0,NA
2109471_2,2023-01-04 19:12:13.724950,CLO,2109471.jpg,2109471,2,0,NA
2109490_2,2023-01-04 19:12:12.740442,CLO,2109490.jpg,2109490,2,0,NA
2109476_2,2023-01-04 19:12:11.599793,CLO,2109476.jpg,2109476,2,0,NA
2109495_2,2023-01-04 19:12:10.037287,CLO,2109495.jpg,2109495,2,0,NA
2109493_2,2023-01-04 19:12:09.209119,CLO,2109493.jpg,2109493,2,0,NA
2109508_2,2023-01-04 19:12:08.302866,CLO,2109508.jpg,2109508,2,0,NA
2109509_2,2023-01-04 19:12:06.630958,CLO,2109509.jpg,2109509,2,0,NA
2109527_2,2023-01-04 19:12:05.912197,CLO,2109527.jpg,2109527,2,0,NA
2109586_2,2023-01-04 19:12:05.177809,CLO,2109586.jpg,2109586,2,0,NA
2109618_2,2023-01-04 19:12:04.412174,CLO,2109618.jpg,2109618,2,0,NA
2109626_2,2023-01-04 19:12:03.209066,CLO,2109626.jpg,2109626,2,0,NA
2109634_2,2023-01-04 19:12:01.709033,CLO,2109634.jpg,2109634,2,0,NA
2109721_2,2023-01-04 19:12:00.959121,CLO,2109721.jpg,2109721,2,0,NA
2109724_2,2023-01-04 19:11:59.865232,CLO,2109724.jpg,2109724,2,0,NA
2109746_2,2023-01-04 19:11:58.583962,CLO,2109746.jpg,2109746,2,0,NA
2109780_2,2023-01-04 19:11:57.537091,CLO,2109780.jpg,2109780,2,0,NA
2109783_2,2023-01-04 19:11:55.818291,CLO,2109783.jpg,2109783,2,0,NA
2109781_2,2023-01-04 19:11:55.068566,CLO,2109781.jpg,2109781,2,0,NA
2109840_2,2023-01-04 19:11:54.162044,CLO,2109840.jpg,2109840,2,0,NA
2109841_2,2023-01-04 19:11:52.990133,CLO,2109841.jpg,2109841,2,0,NA
2110310_2,2023-01-04 19:11:51.708872,CLO,2110310.jpg,2110310,2,0,NA
2110340_2,2023-01-04 19:11:50.599465,CLO,2110340.jpg,2110340,2,0,NA
2110400_2,2023-01-04 19:11:49.224467,CLO,2110400.jpg,2110400,2,0,NA
2110403_2,2023-01-04 19:11:47.458809,CLO,2110403.jpg,2110403,2,0,NA
2110409_2,2023-01-04 19:11:46.552527,CLO,2110409.jpg,2110409,2,0,NA
2110413_2,2023-01-04 19:11:45.865038,CLO,2110413.jpg,2110413,2,0,NA
2110414_2,2023-01-04 19:11:44.489993,CLO,2110414.jpg,2110414,2,0,NA
2110437_2,2023-01-04 19:11:43.724372,CLO,2110437.jpg,2110437,2,0,NA
2110439_2,2023-01-04 19:11:42.786866,CLO,2110439.jpg,2110439,2,0,NA
2110441_2,2023-01-04 19:11:41.646221,CLO,2110441.jpg,2110441,2,0,NA
2110658_2,2023-01-04 19:11:40.489936,CLO,2110658.jpg,2110658,2,0,NA
2110667_2,2023-01-04 19:11:39.724316,CLO,2110667.jpg,2110667,2,0,NA
2110669_2,2023-01-04 19:11:38.380527,CLO,2110669.jpg,2110669,2,0,NA
2110675_2,2023-01-04 19:11:37.161757,CLO,2110675.jpg,2110675,2,0,NA
2110680_2,2023-01-04 19:11:35.661758,CLO,2110680.jpg,2110680,2,0,NA
2110721_2,2023-01-04 19:11:34.942975,CLO,2110721.jpg,2110721,2,0,NA
2110743_2,2023-01-04 19:11:33.817989,CLO,2110743.jpg,2110743,2,0,NA
2110744_2,2023-01-04 19:11:33.036728,CLO,2110744.jpg,2110744,2,0,NA
2111177_2,2023-01-04 19:11:32.396080,ACC,2111177.jpg,2111177,2,0,NA
2111185_2,2023-01-04 19:11:31.692939,CLO,2111185.jpg,2111185,2,0,NA
2110759_2,2023-01-04 19:11:30.442917,CLO,2110759.jpg,2110759,2,0,NA
2111237_2,2023-01-04 19:11:29.036639,CLO,2111237.jpg,2111237,2,0,NA
2111205_2,2023-01-04 19:11:28.239751,CLO,2111205.jpg,2111205,2,0,NA
2111256_2,2023-01-04 19:11:27.177229,CLO,2111256.jpg,2111256,2,0,NA
2111263_2,2023-01-04 19:11:26.349105,CLO,2111263.jpg,2111263,2,0,NA
2111264_2,2023-01-04 19:11:25.489711,CLO,2111264.jpg,2111264,2,0,NA
2111271_2,2023-01-04 19:11:24.645957,CLO,2111271.jpg,2111271,2,0,NA
2111272_2,2023-01-04 19:11:22.989680,CLO,2111272.jpg,2111272,2,0,NA
2111293_2,2023-01-04 19:11:22.239670,CLO,2111293.jpg,2111293,2,0,NA
2111306_2,2023-01-04 19:11:21.427148,CLO,2111306.jpg,2111306,2,0,NA
2111296_2,2023-01-04 19:11:20.645883,CLO,2111296.jpg,2111296,2,0,NA
2111308_2,2023-01-04 19:11:19.817752,CLO,2111308.jpg,2111308,2,0,NA
2111694_2,2023-01-04 19:11:18.442727,CLO,2111694.jpg,2111694,2,0,NA
2111893_2,2023-01-04 19:11:17.239605,CLO,2111893.jpg,2111893,2,0,NA
2218412_2,2023-01-04 19:11:16.036442,BEAUTY,2218412.jpg,2218412,2,0,NA
1810550_1,2023-01-04 19:11:14.708298,BEAUTY,1810550.jpg,1810550,1,0,NA
2102323_2,2023-01-04 19:11:13.411393,ACC,2102323.jpg,2102323,2,0,NA
2102731_2,2023-01-04 19:11:12.192634,ACC,2102731.jpg,2102731,2,0,NA
2105175_2,2023-01-04 19:11:10.801987,ACC,2105175.jpg,2105175,2,0,NA
2105992_2,2023-01-04 19:11:09.395714,JEW,2105992.jpg,2105992,2,0,NA
2106325_2,2023-01-04 19:11:08.098819,ACC,2106325.jpg,2106325,2,0,NA
2106303_2,2023-01-04 19:11:06.817552,ACC,2106303.jpg,2106303,2,0,NA
2106539_2,2023-01-04 19:11:05.895662,BEAUTY,2106539.jpg,2106539,2,0,NA
2106540_2,2023-01-04 19:11:04.145637,BEAUTY,2106540.jpg,2106540,2,0,NA
2106544_2,2023-01-04 19:11:03.223749,BEAUTY,2106544.jpg,2106544,2,0,NA
2106546_2,2023-01-04 19:11:02.442505,BEAUTY,2106546.jpg,2106546,2,0,NA
2108655_2,2023-01-04 19:11:01.176838,ACC,2108655.jpg,2108655,2,0,NA
2109044_2,2023-01-04 19:10:59.895589,ACC,2109044.jpg,2109044,2,0,NA
2109409_2,2023-01-04 19:10:58.536198,ACC,2109409.jpg,2109409,2,0,NA
2110681_2,2023-01-04 19:10:57.411159,ACC,2110681.jpg,2110681,2,0,NA
2109877_2,2023-01-04 19:10:56.348641,ACC,2109877.jpg,2109877,2,0,NA
2108226_2,2023-01-04 19:10:55.676749,ACC,2108226.jpg,2108226,2,0,NA
2110706_2,2023-01-04 19:10:53.676733,ACC,2110706.jpg,2110706,2,0,NA
2110708_2,2023-01-04 19:10:52.848607,ACC,2110708.jpg,2110708,2,0,NA
2110710_2,2023-01-04 19:10:52.020462,ACC,2110710.jpg,2110710,2,0,NA
2110711_2,2023-01-04 19:10:50.754827,ACC,2110711.jpg,2110711,2,0,NA
2111159_2,2023-01-04 19:10:49.457909,ACC,2111159.jpg,2111159,2,0,NA
2111162_2,2023-01-04 19:10:48.364143,ACC,2111162.jpg,2111162,2,0,NA
2007945_2,2023-01-04 19:10:47.442260,CLO,2007945.jpg,2007945,2,0,NA
2008023_2,2023-01-04 19:10:46.551618,CLO,2008023.jpg,2008023,2,0,NA
2104718_2,2023-01-04 19:10:44.989121,CLO,2104718.jpg,2104718,2,0,NA
2104723_2,2023-01-04 19:10:43.989128,CLO,2104723.jpg,2104723,2,0,NA
2104726_2,2023-01-04 19:10:42.129697,CLO,2104726.jpg,2104726,2,0,NA
2105132_2,2023-01-04 19:10:41.364052,CLO,2105132.jpg,2105132,2,0,NA
2106455_2,2023-01-04 19:10:40.114020,CLO,2106455.jpg,2106455,2,0,NA
2104717_2,2023-01-04 19:10:38.285925,CLO,2104717.jpg,2104717,2,0,NA
2107313_2,2023-01-04 19:10:37.707809,CLO,2107313.jpg,2107313,2,0,NA
2102218_2,2023-01-04 19:10:37.082787,CLO,2102218.jpg,2102218,2,0,NA
2108485_2,2023-01-04 19:10:36.035854,CLO,2108485.jpg,2108485,2,0,NA
2109131_2,2023-01-04 19:10:35.207716,CLO,2109131.jpg,2109131,2,0,NA
2109132_2,2023-01-04 19:10:34.426466,CLO,2109132.jpg,2109132,2,0,NA
2109137_2,2023-01-04 19:10:33.551455,CLO,2109137.jpg,2109137,2,0,NA
2109231_2,2023-01-04 19:10:32.301426,CLO,2109231.jpg,2109231,2,0,NA
2109462_2,2023-01-04 19:10:31.051376,CLO,2109462.jpg,2109462,2,0,NA
2109516_2,2023-01-04 19:10:29.895121,CLO,2109516.jpg,2109516,2,0,NA
2109742_2,2023-01-04 19:10:28.488847,CLO,2109742.jpg,2109742,2,0,NA
2110353_2,2023-01-04 19:10:27.082659,CLO,2110353.jpg,2110353,2,0,NA
2110361_2,2023-01-04 19:10:26.067209,CLO,2110361.jpg,2110361,2,0,NA
2110369_2,2023-01-04 19:10:25.254427,CLO,2110369.jpg,2110369,2,0,NA
2110372_2,2023-01-04 19:10:23.691911,CLO,2110372.jpg,2110372,2,0,NA
2110373_2,2023-01-04 19:10:12.676119,CLO,2110373.jpg,2110373,2,0,NA
2110375_2,2023-01-04 19:10:11.207336,CLO,2110375.jpg,2110375,2,0,NA
2110378_2,2023-01-04 19:10:10.238571,CLO,2110378.jpg,2110378,2,0,NA
2110377_2,2023-01-04 19:10:09.035451,CLO,2110377.jpg,2110377,2,0,NA
2110380_2,2023-01-04 19:10:07.832273,CLO,2110380.jpg,2110380,2,0,NA
2110383_2,2023-01-04 19:10:06.957627,CLO,2110383.jpg,2110383,2,0,NA
2110385_2,2023-01-04 19:10:05.847878,CLO,2110385.jpg,2110385,2,0,NA
2110388_2,2023-01-04 19:10:05.019760,CLO,2110388.jpg,2110388,2,0,NA
2110408_2,2023-01-04 19:10:03.863468,CLO,2110408.jpg,2110408,2,0,NA
2110421_2,2023-01-04 19:10:02.597832,CLO,2110421.jpg,2110421,2,0,NA
2110431_2,2023-01-04 19:10:01.644736,CLO,2110431.jpg,2110431,2,0,NA
2110426_2,2023-01-04 19:10:00.629065,CLO,2110426.jpg,2110426,2,0,NA
2110425_2,2023-01-04 19:09:59.754037,CLO,2110425.jpg,2110425,2,0,NA
2110468_2,2023-01-04 19:09:58.535284,CLO,2110468.jpg,2110468,2,0,NA
2110471_2,2023-01-04 19:09:57.785273,CLO,2110471.jpg,2110471,2,0,NA
2110472_2,2023-01-04 19:09:56.785239,CLO,2110472.jpg,2110472,2,0,NA
2110656_2,2023-01-04 19:09:55.691477,CLO,2110656.jpg,2110656,2,0,NA
2110753_2,2023-01-04 19:09:54.332082,CLO,2110753.jpg,2110753,2,0,NA
2110820_2,2023-01-04 19:09:53.550831,CLO,2110820.jpg,2110820,2,0,NA
2110869_2,2023-01-04 19:09:52.675811,CLO,2110869.jpg,2110869,2,0,NA
2110862_2,2023-01-04 19:09:51.441405,CLO,2110862.jpg,2110862,2,0,NA
2111222_2,2023-01-04 19:09:50.269546,CLO,2111222.jpg,2111222,2,0,NA
2111268_2,2023-01-04 19:09:49.160128,CLO,2111268.jpg,2111268,2,0,NA
2111278_2,2023-01-04 19:09:48.441400,CLO,2111278.jpg,2111278,2,0,NA
2111307_2,2023-01-04 19:09:47.644482,CLO,2111307.jpg,2111307,2,0,NA
2111305_2,2023-01-04 19:09:46.472614,CLO,2111305.jpg,2111305,2,0,NA
2111310_2,2023-01-04 19:09:45.551018,CLO,2111310.jpg,2111310,2,0,NA
2111311_2,2023-01-04 19:09:44.675700,CLO,2111311.jpg,2111311,2,0,NA
2111318_2,2023-01-04 19:09:43.816296,CLO,2111318.jpg,2111318,2,0,NA
2111386_2,2023-01-04 19:09:42.957180,CLO,2111386.jpg,2111386,2,0,NA
2111320_2,2023-01-04 19:09:41.847512,CLO,2111320.jpg,2111320,2,0,NA
2111943_2,2023-01-04 19:09:40.816258,CLO,2111943.jpg,2111943,2,0,NA
2111697_2,2023-01-04 19:09:39.550604,CLO,2111697.jpg,2111697,2,0,NA
2111987_2,2023-01-04 19:09:38.599840,CLO,2111987.jpg,2111987,2,0,NA
2112028_2,2023-01-04 19:09:37.738081,CLO,2112028.jpg,2112028,2,0,NA
2112058_2,2023-01-04 19:09:36.957813,CLO,2112058.jpg,2112058,2,0,NA
2112061_2,2023-01-04 19:09:36.144305,CLO,2112061.jpg,2112061,2,0,NA
2112093_2,2023-01-04 19:09:35.378667,CLO,2112093.jpg,2112093,2,0,NA
2112075_2,2023-01-04 19:09:34.456789,CLO,2112075.jpg,2112075,2,0,NA
2112098_2,2023-01-04 19:09:32.753629,CLO,2112098.jpg,2112098,2,0,NA
2112096_2,2023-01-04 19:09:31.753630,CLO,2112096.jpg,2112096,2,0,NA
2112119_2,2023-01-04 19:09:30.831715,CLO,2112119.jpg,2112119,2,0,NA
2112138_2,2023-01-04 19:09:29.566213,CLO,2112138.jpg,2112138,2,0,NA
2112144_2,2023-01-04 19:09:28.191105,CLO,2112144.jpg,2112144,2,0,NA
2112295_2,2023-01-04 19:09:26.566034,CLO,2112295.jpg,2112295,2,0,NA
2112148_2,2023-01-04 19:09:25.784776,CLO,2112148.jpg,2112148,2,0,NA
2112298_2,2023-01-04 19:09:24.894132,CLO,2112298.jpg,2112298,2,0,NA
2112309_2,2023-01-04 19:09:23.722261,CLO,2112309.jpg,2112309,2,0,NA
2112313_2,2023-01-04 19:09:22.503688,CLO,2112313.jpg,2112313,2,0,NA
2112314_2,2023-01-04 19:09:21.237848,CLO,2112314.jpg,2112314,2,0,NA
2112351_2,2023-01-04 19:09:19.815958,CLO,2112351.jpg,2112351,2,0,NA
2112355_2,2023-01-04 19:09:12.378341,CLO,2112355.jpg,2112355,2,0,NA
2112353_2,2023-01-04 19:09:10.996653,CLO,2112353.jpg,2112353,2,0,NA
2112386_2,2023-01-04 19:09:10.159555,CLO,2112386.jpg,2112386,2,0,NA
2112426_2,2023-01-04 19:09:09.378424,CLO,2112426.jpg,2112426,2,0,NA
2112434_2,2023-01-04 19:09:08.206466,CLO,2112434.jpg,2112434,2,0,NA
2112429_2,2023-01-04 19:09:07.050348,CLO,2112429.jpg,2112429,2,0,NA
2112435_2,2023-01-04 19:09:06.190748,CLO,2112435.jpg,2112435,2,0,NA
2112486_2,2023-01-04 19:09:05.362608,CLO,2112486.jpg,2112486,2,0,NA
2103369_2,2023-01-04 19:09:04.518827,CLO,2103369.jpg,2103369,2,0,NA
2103628_2,2023-01-04 19:09:03.581329,CLO,2103628.jpg,2103628,2,0,NA
2104070_2,2023-01-04 19:09:02.815728,CLO,2104070.jpg,2104070,2,0,NA
2104281_2,2023-01-04 19:09:02.143822,CLO,2104281.jpg,2104281,2,0,NA
2105370_2,2023-01-04 19:09:01.393811,CLO,2105370.jpg,2105370,2,0,NA
2105502_2,2023-01-04 19:09:00.690661,CLO,2105502.jpg,2105502,2,0,NA
2106211_2,2023-01-04 19:08:59.893759,CLO,2106211.jpg,2106211,2,0,NA
2106204_2,2023-01-04 19:08:59.098360,CLO,2106204.jpg,2106204,2,0,NA
2106458_2,2023-01-04 19:08:58.378141,CLO,2106458.jpg,2106458,2,0,NA
2106799_2,2023-01-04 19:08:57.503113,CLO,2106799.jpg,2106799,2,0,NA
2107910_2,2023-01-04 19:08:56.409350,CLO,2107910.jpg,2107910,2,0,NA
2108197_2,2023-01-04 19:08:55.549967,CLO,2108197.jpg,2108197,2,0,NA
2108200_2,2023-01-04 19:08:54.924948,CLO,2108200.jpg,2108200,2,0,NA
2108795_2,2023-01-04 19:08:54.190648,CLO,2108795.jpg,2108795,2,0,NA
2109242_2,2023-01-04 19:08:53.221732,CLO,2109242.jpg,2109242,2,0,NA
2109352_2,2023-01-04 19:08:52.377937,CLO,2109352.jpg,2109352,2,0,NA
2109445_2,2023-01-04 19:08:51.627931,CLO,2109445.jpg,2109445,2,0,NA
2109564_2,2023-01-04 19:08:50.596629,CLO,2109564.jpg,2109564,2,0,NA
2109458_2,2023-01-04 19:08:31.001959,CLO,2109458.jpg,2109458,2,0,NA
2109657_2,2023-01-04 19:08:30.158174,CLO,2109657.jpg,2109657,2,0,NA
2109659_2,2023-01-04 19:08:29.298795,CLO,2109659.jpg,2109659,2,0,NA
2109658_2,2023-01-04 19:08:28.408051,CLO,2109658.jpg,2109658,2,0,NA
2109663_2,2023-01-04 19:08:27.595528,CLO,2109663.jpg,2109663,2,0,NA
2109665_2,2023-01-04 19:08:26.751770,CLO,2109665.jpg,2109665,2,0,NA
2110311_2,2023-01-04 19:08:25.876683,CLO,2110311.jpg,2110311,2,0,NA
2109837_2,2023-01-04 19:08:25.064143,CLO,2109837.jpg,2109837,2,0,NA
2110339_2,2023-01-04 19:08:24.282855,CLO,2110339.jpg,2110339,2,0,NA
2110318_2,2023-01-04 19:08:23.532840,CLO,2110318.jpg,2110318,2,0,NA
2110417_2,2023-01-04 19:08:22.767210,CLO,2110417.jpg,2110417,2,0,NA
2110495_2,2023-01-04 19:08:21.939016,CLO,2110495.jpg,2110495,2,0,NA
2110497_2,2023-01-04 19:08:20.674299,CLO,2110497.jpg,2110497,2,0,NA
2110520_2,2023-01-04 19:08:19.626421,CLO,2110520.jpg,2110520,2,0,NA
2110714_2,2023-01-04 19:08:18.769884,CLO,2110714.jpg,2110714,2,0,NA
2110734_2,2023-01-04 19:08:17.938809,CLO,2110734.jpg,2110734,2,0,NA
2110803_2,2023-01-04 19:08:17.079412,CLO,2110803.jpg,2110803,2,0,NA
2110811_2,2023-01-04 19:08:15.751224,CLO,2110811.jpg,2110811,2,0,NA
2110834_2,2023-01-04 19:08:14.954314,CLO,2110834.jpg,2110834,2,0,NA
2110814_2,2023-01-04 19:08:14.016752,CLO,2110814.jpg,2110814,2,0,NA
2110844_2,2023-01-04 19:08:13.297983,CLO,2110844.jpg,2110844,2,0,NA
2110837_2,2023-01-04 19:08:12.422938,CLO,2110837.jpg,2110837,2,0,NA
2110853_2,2023-01-04 19:08:11.266674,CLO,2110853.jpg,2110853,2,0,NA
2110846_2,2023-01-04 19:08:10.297835,CLO,2110846.jpg,2110846,2,0,NA
2110860_2,2023-01-04 19:08:09.297968,CLO,2110860.jpg,2110860,2,0,NA
2110865_2,2023-01-04 19:08:08.454077,CLO,2110865.jpg,2110865,2,0,NA
2110880_2,2023-01-04 19:08:07.625881,CLO,2110880.jpg,2110880,2,0,NA
2110929_2,2023-01-04 19:08:06.703924,CLO,2110929.jpg,2110929,2,0,NA
2110933_2,2023-01-04 19:08:05.375714,CLO,2110933.jpg,2110933,2,0,NA
2111215_2,2023-01-04 19:08:04.594453,CLO,2111215.jpg,2111215,2,0,NA
2111218_2,2023-01-04 19:08:03.250610,CLO,2111218.jpg,2111218,2,0,NA
2111234_2,2023-01-04 19:08:01.875571,CLO,2111234.jpg,2111234,2,0,NA
2111239_2,2023-01-04 19:08:00.641161,CLO,2111239.jpg,2111239,2,0,NA
2111244_2,2023-01-04 19:07:59.719217,CLO,2111244.jpg,2111244,2,0,NA
2111265_2,2023-01-04 19:07:58.797299,CLO,2111265.jpg,2111265,2,0,NA
2111266_2,2023-01-04 19:07:57.984835,CLO,2111266.jpg,2111266,2,0,NA
2111267_2,2023-01-04 19:07:56.797178,CLO,2111267.jpg,2111267,2,0,NA
2111269_2,2023-01-04 19:07:55.844157,CLO,2111269.jpg,2111269,2,0,NA
2111270_2,2023-01-04 19:07:55.031481,CLO,2111270.jpg,2111270,2,0,NA
2111273_2,2023-01-04 19:07:54.109569,CLO,2111273.jpg,2111273,2,0,NA
2111274_2,2023-01-04 19:07:53.343891,CLO,2111274.jpg,2111274,2,0,NA
2111283_2,2023-01-04 19:07:52.609479,CLO,2111283.jpg,2111283,2,0,NA
2111284_2,2023-01-04 19:07:51.828206,CLO,2111284.jpg,2111284,2,0,NA
2111285_2,2023-01-04 19:07:50.906291,CLO,2111285.jpg,2111285,2,0,NA
2111343_2,2023-01-04 19:07:49.874977,CLO,2111343.jpg,2111343,2,0,NA
2111326_2,2023-01-04 19:07:49.093689,CLO,2111326.jpg,2111326,2,0,NA
2111378_2,2023-01-04 19:07:48.187397,CLO,2111378.jpg,2111378,2,0,NA
2111366_2,2023-01-04 19:07:47.265515,CLO,2111366.jpg,2111366,2,0,NA
2111387_2,2023-01-04 19:07:46.109195,CLO,2111387.jpg,2111387,2,0,NA
2111384_2,2023-01-04 19:07:45.359138,CLO,2111384.jpg,2111384,2,0,NA
2111685_2,2023-01-04 19:07:44.609126,CLO,2111685.jpg,2111685,2,0,NA
2111715_2,2023-01-04 19:07:43.640316,CLO,2111715.jpg,2111715,2,0,NA
2111841_2,2023-01-04 19:07:42.624666,CLO,2111841.jpg,2111841,2,0,NA
2111838_2,2023-01-04 19:07:41.890232,CLO,2111838.jpg,2111838,2,0,NA
2111852_2,2023-01-04 19:07:41.093402,CLO,2111852.jpg,2111852,2,0,NA
2111857_2,2023-01-04 19:07:40.062064,CLO,2111857.jpg,2111857,2,0,NA
2111865_2,2023-01-04 19:07:39.186969,CLO,2111865.jpg,2111865,2,0,NA
2111904_2,2023-01-04 19:07:38.312125,CLO,2111904.jpg,2111904,2,0,NA
2111928_2,2023-01-04 19:07:37.499394,CLO,2111928.jpg,2111928,2,0,NA
2111976_2,2023-01-04 19:07:36.702507,CLO,2111976.jpg,2111976,2,0,NA
2111975_2,2023-01-04 19:07:35.936829,CLO,2111975.jpg,2111975,2,0,NA
2111985_2,2023-01-04 19:07:35.093135,CLO,2111985.jpg,2111985,2,0,NA
2112025_2,2023-01-04 19:07:34.311740,CLO,2112025.jpg,2112025,2,0,NA
2112122_2,2023-01-04 19:07:33.405530,CLO,2112122.jpg,2112122,2,0,NA
2112126_2,2023-01-04 19:07:32.671174,CLO,2112126.jpg,2112126,2,0,NA
2112136_2,2023-01-04 19:07:31.921004,CLO,2112136.jpg,2112136,2,0,NA
2105841_2,2023-01-04 19:07:30.967838,ACC,2105841.jpg,2105841,2,0,NA
2105767_2,2023-01-04 19:07:30.045962,ACC,2105767.jpg,2105767,2,0,NA
2105766_2,2023-01-04 19:07:29.280256,ACC,2105766.jpg,2105766,2,0,NA
2105739_2,2023-01-04 19:07:28.561476,ACC,2105739.jpg,2105739,2,0,NA
2104910_2,2023-01-04 19:07:27.592690,JEW,2104910.jpg,2104910,2,0,NA
2113693_2,2023-01-04 19:07:26.702005,JEW,2113693.jpg,2113693,2,0,NA
2104908_2,2023-01-04 19:07:26.217606,JEW,2104908.jpg,2104908,2,0,NA
1912202_1,2023-01-04 19:07:25.436347,BEAUTY,1912202.jpg,1912202,1,0,NA
1701840_1,2023-01-04 19:07:25.014469,BEAUTY,1701840.jpg,1701840,1,0,NA
1811689_1,2023-01-04 19:07:24.608178,BEAUTY,1811689.jpg,1811689,1,0,NA
1608827_1,2023-01-04 19:07:23.342465,ACC,1608827.jpg,1608827,1,0,NA
1807661_1,2023-01-04 19:07:22.264349,ACC,1807661.jpg,1807661,1,0,NA
1908179_1,2023-01-04 19:07:21.170494,ACC,1908179.jpg,1908179,1,0,NA
2006472_2,2023-01-04 19:07:20.342352,BEAUTY,2006472.jpg,2006472,2,0,NA
2100751_2,2023-01-04 19:07:19.482912,SHO,2100751.jpg,2100751,2,0,NA
2104903_2,2023-01-04 19:07:18.717270,JEW,2104903.jpg,2104903,2,0,NA
2105510_2,2023-01-04 19:07:17.732827,JEW,2105510.jpg,2105510,2,0,NA
2102955_2,2023-01-04 19:07:17.232822,JEW,2102955.jpg,2102955,2,0,NA
2105737_2,2023-01-04 19:07:08.638662,ACC,2105737.jpg,2105737,2,0,NA
2105769_2,2023-01-04 19:07:07.716733,ACC,2105769.jpg,2105769,2,0,NA
2105771_2,2023-01-04 19:07:06.826081,ACC,2105771.jpg,2105771,2,0,NA
2105808_2,2023-01-04 19:07:06.013543,ACC,2105808.jpg,2105808,2,0,NA
2105818_2,2023-01-04 19:07:05.029101,ACC,2105818.jpg,2105818,2,0,NA
2105802_2,2023-01-04 19:07:03.810295,ACC,2105802.jpg,2105802,2,0,NA
2105840_2,2023-01-04 19:07:02.919624,ACC,2105840.jpg,2105840,2,0,NA
2105842_2,2023-01-04 19:07:02.294636,ACC,2105842.jpg,2105842,2,0,NA
2105815_2,2023-01-04 19:07:01.544564,ACC,2105815.jpg,2105815,2,0,NA
2105847_2,2023-01-04 19:07:00.810242,ACC,2105847.jpg,2105847,2,0,NA
2105844_2,2023-01-04 19:06:59.935106,ACC,2105844.jpg,2105844,2,0,NA
2105855_2,2023-01-04 19:06:58.950798,ACC,2105855.jpg,2105855,2,0,NA
2105858_2,2023-01-04 19:06:58.169405,ACC,2105858.jpg,2105858,2,0,NA
2105862_2,2023-01-04 19:06:57.450634,ACC,2105862.jpg,2105862,2,0,NA
2106078_2,2023-01-04 19:06:56.528712,JEW,2106078.jpg,2106078,2,0,NA
2106022_2,2023-01-04 19:06:55.794290,ACC,2106022.jpg,2106022,2,0,NA
2106169_2,2023-01-04 19:06:54.872369,ACC,2106169.jpg,2106169,2,0,NA
2106311_2,2023-01-04 19:06:54.044205,ACC,2106311.jpg,2106311,2,0,NA
2106532_2,2023-01-04 19:06:53.262918,BEAUTY,2106532.jpg,2106532,2,0,NA
2106597_2,2023-01-04 19:06:52.559826,ACC,2106597.jpg,2106597,2,0,NA
2106573_2,2023-01-04 19:06:51.934836,JEW,2106573.jpg,2106573,2,0,NA
2107932_2,2023-01-04 19:06:50.715926,SHO,2107932.jpg,2107932,2,0,NA
2108067_2,2023-01-04 19:06:49.778676,SHO,2108067.jpg,2108067,2,0,NA
2108071_2,2023-01-04 19:06:48.981462,SHO,2108071.jpg,2108071,2,0,NA
2108069_2,2023-01-04 19:06:48.137672,SHO,2108069.jpg,2108069,2,0,NA
2108594_2,2023-01-04 19:06:47.418894,BEAUTY,2108594.jpg,2108594,2,0,NA
2109275_2,2023-01-04 19:06:46.622009,ACC,2109275.jpg,2109275,2,0,NA
2109261_2,2023-01-04 19:06:45.840693,ACC,2109261.jpg,2109261,2,0,NA
2109259_2,2023-01-04 19:06:44.653145,ACC,2109259.jpg,2109259,2,0,NA
2109502_2,2023-01-04 19:06:43.699968,BEAUTY,2109502.jpg,2109502,2,0,NA
2109511_2,2023-01-04 19:06:42.871803,BEAUTY,2109511.jpg,2109511,2,0,NA
2109536_2,2023-01-04 19:06:42.121770,SHO,2109536.jpg,2109536,2,0,NA
2109549_2,2023-01-04 19:06:41.293603,SHO,2109549.jpg,2109549,2,0,NA
2109575_2,2023-01-04 19:06:40.074836,SHO,2109575.jpg,2109575,2,0,NA
2110454_2,2023-01-04 19:06:39.277951,JEW,2110454.jpg,2110454,2,0,NA
2110456_2,2023-01-04 19:06:38.559094,JEW,2110456.jpg,2110456,2,0,NA
2110546_2,2023-01-04 19:06:35.121460,SHO,2110546.jpg,2110546,2,0,NA
2111163_2,2023-01-04 19:06:34.293289,ACC,2111163.jpg,2111163,2,0,NA
2111251_2,2023-01-04 19:06:33.746377,SHO,2111251.jpg,2111251,2,0,NA
2114904_2,2023-01-04 19:06:32.918209,ACC,2114904.jpg,2114904,2,0,NA
2111253_2,2023-01-04 19:06:32.121408,SHO,2111253.jpg,2111253,2,0,NA
2111745_2,2023-01-04 19:06:31.277508,SHO,2111745.jpg,2111745,2,0,NA
2111743_2,2023-01-04 19:06:30.261947,SHO,2111743.jpg,2111743,2,0,NA
2111748_2,2023-01-04 19:06:29.402419,SHO,2111748.jpg,2111748,2,0,NA
2112491_2,2023-01-04 19:06:28.511743,BEAUTY,2112491.jpg,2112491,2,0,NA
2002065_2,2023-01-04 19:06:27.761706,CLO,2002065.jpg,2002065,2,0,NA
2103968_2,2023-01-04 19:06:27.308721,CLO,2103968.jpg,2103968,2,0,NA
2103025_2,2023-01-04 19:06:26.636675,CLO,2103025.jpg,2103025,2,0,NA
2103922_2,2023-01-04 19:06:25.933516,CLO,2103922.jpg,2103922,2,0,NA
2105016_2,2023-01-04 19:06:25.152219,CLO,2105016.jpg,2105016,2,0,NA
2107047_2,2023-01-04 19:06:24.542810,CLO,2107047.jpg,2107047,2,0,NA
2107982_2,2023-01-04 19:06:23.777148,CLO,2107982.jpg,2107982,2,0,NA
2108514_2,2023-01-04 19:06:22.995862,CLO,2108514.jpg,2108514,2,0,NA
2114483_2,2023-01-04 19:06:02.838656,CLO,2114483.jpg,2114483,2,0,NA
2108554_2,2023-01-04 19:06:02.088620,CLO,2108554.jpg,2108554,2,0,NA
2108572_2,2023-01-04 19:06:01.104231,CLO,2108572.jpg,2108572,2,0,NA
2108672_2,2023-01-04 19:06:00.307315,CLO,2108672.jpg,2108672,2,0,NA
2108682_2,2023-01-04 19:05:59.385386,CLO,2108682.jpg,2108682,2,0,NA
2108683_2,2023-01-04 19:05:58.400948,CLO,2108683.jpg,2108683,2,0,NA
2108800_2,2023-01-04 19:05:57.572806,CLO,2108800.jpg,2108800,2,0,NA
2109198_2,2023-01-04 19:05:56.932247,CLO,2109198.jpg,2109198,2,0,NA
2109602_2,2023-01-04 19:05:56.369603,CLO,2109602.jpg,2109602,2,0,NA
2109519_2,2023-01-04 19:05:55.728975,CLO,2109519.jpg,2109519,2,0,NA
2109849_2,2023-01-04 19:05:54.854047,CLO,2109849.jpg,2109849,2,0,NA
2110463_2,2023-01-04 19:05:54.072650,CLO,2110463.jpg,2110463,2,0,NA
2110464_2,2023-01-04 19:05:53.150726,CLO,2110464.jpg,2110464,2,0,NA
2110503_2,2023-01-04 19:05:52.463166,CLO,2110503.jpg,2110503,2,0,NA
2110747_2,2023-01-04 19:05:51.822535,CLO,2110747.jpg,2110747,2,0,NA
2110505_2,2023-01-04 19:05:51.181854,CLO,2110505.jpg,2110505,2,0,NA
2110870_2,2023-01-04 19:05:50.369517,CLO,2110870.jpg,2110870,2,0,NA
2110871_2,2023-01-04 19:05:49.556777,CLO,2110871.jpg,2110871,2,0,NA
2111198_2,2023-01-04 19:05:48.697356,CLO,2111198.jpg,2111198,2,0,NA
2111209_2,2023-01-04 19:05:47.884925,CLO,2111209.jpg,2111209,2,0,NA
2111202_2,2023-01-04 19:05:47.150451,CLO,2111202.jpg,2111202,2,0,NA
2111229_2,2023-01-04 19:05:46.291023,CLO,2111229.jpg,2111229,2,0,NA
2111233_2,2023-01-04 19:05:45.525332,CLO,2111233.jpg,2111233,2,0,NA
2111248_2,2023-01-04 19:05:44.869078,CLO,2111248.jpg,2111248,2,0,NA
2111294_2,2023-01-04 19:05:44.150267,CLO,2111294.jpg,2111294,2,0,NA
2111325_2,2023-01-04 19:05:43.478492,CLO,2111325.jpg,2111325,2,0,NA
2111324_2,2023-01-04 19:05:42.775209,CLO,2111324.jpg,2111324,2,0,NA
2111368_2,2023-01-04 19:05:42.197056,CLO,2111368.jpg,2111368,2,0,NA
2111688_2,2023-01-04 19:05:41.384516,CLO,2111688.jpg,2111688,2,0,NA
2111731_2,2023-01-04 19:05:40.712607,CLO,2111731.jpg,2111731,2,0,NA
2111872_2,2023-01-04 19:05:39.931320,CLO,2111872.jpg,2111872,2,0,NA
2111873_2,2023-01-04 19:05:39.290687,CLO,2111873.jpg,2111873,2,0,NA
2111946_2,2023-01-04 19:05:38.478229,CLO,2111946.jpg,2111946,2,0,NA
2111891_2,2023-01-04 19:05:37.743737,CLO,2111891.jpg,2111891,2,0,NA
2112022_2,2023-01-04 19:05:37.118689,CLO,2112022.jpg,2112022,2,0,NA
2112059_2,2023-01-04 19:05:36.509322,CLO,2112059.jpg,2112059,2,0,NA
2112062_2,2023-01-04 19:05:35.696771,CLO,2112062.jpg,2112062,2,0,NA
2112071_2,2023-01-04 19:05:34.806092,CLO,2112071.jpg,2112071,2,0,NA
2112069_2,2023-01-04 19:05:33.993539,CLO,2112069.jpg,2112069,2,0,NA
2112077_2,2023-01-04 19:05:33.368509,CLO,2112077.jpg,2112077,2,0,NA
2112073_2,2023-01-04 19:05:32.665352,CLO,2112073.jpg,2112073,2,0,NA
2112080_2,2023-01-04 19:05:31.930961,CLO,2112080.jpg,2112080,2,0,NA
2112124_2,2023-01-04 19:05:31.259054,CLO,2112124.jpg,2112124,2,0,NA
2112131_2,2023-01-04 19:05:30.555875,CLO,2112131.jpg,2112131,2,0,NA
2112141_2,2023-01-04 19:05:29.837101,CLO,2112141.jpg,2112141,2,0,NA
2112145_2,2023-01-04 19:05:29.040182,CLO,2112145.jpg,2112145,2,0,NA
2112146_2,2023-01-04 19:05:28.415149,CLO,2112146.jpg,2112146,2,0,NA
2112316_2,2023-01-04 19:05:27.711991,CLO,2112316.jpg,2112316,2,0,NA
2112315_2,2023-01-04 19:05:26.961956,CLO,2112315.jpg,2112315,2,0,NA
2112317_2,2023-01-04 19:05:25.961910,CLO,2112317.jpg,2112317,2,0,NA
2112321_2,2023-01-04 19:05:25.149366,CLO,2112321.jpg,2112321,2,0,NA
2112320_2,2023-01-04 19:05:24.086912,CLO,2112320.jpg,2112320,2,0,NA
2112322_2,2023-01-04 19:05:23.289914,CLO,2112322.jpg,2112322,2,0,NA
2112324_2,2023-01-04 19:05:22.524263,CLO,2112324.jpg,2112324,2,0,NA
2112323_2,2023-01-04 19:05:21.727358,CLO,2112323.jpg,2112323,2,0,NA
2112373_2,2023-01-04 19:05:20.555862,CLO,2112373.jpg,2112373,2,0,NA
2112360_2,2023-01-04 19:05:19.711636,CLO,2112360.jpg,2112360,2,0,NA
2112377_2,2023-01-04 19:05:18.883538,CLO,2112377.jpg,2112377,2,0,NA
2112466_2,2023-01-04 19:05:18.180309,CLO,2112466.jpg,2112466,2,0,NA
2112478_2,2023-01-04 19:05:17.461536,CLO,2112478.jpg,2112478,2,0,NA
2112476_2,2023-01-04 19:05:16.773983,CLO,2112476.jpg,2112476,2,0,NA
2112468_2,2023-01-04 19:05:15.977069,CLO,2112468.jpg,2112468,2,0,NA
2112484_2,2023-01-04 19:05:15.383285,CLO,2112484.jpg,2112484,2,0,NA
2112503_2,2023-01-04 19:05:14.555119,CLO,2112503.jpg,2112503,2,0,NA
2112554_2,2023-01-04 19:05:13.726987,CLO,2112554.jpg,2112554,2,0,NA
2112592_2,2023-01-04 19:05:12.992568,CLO,2112592.jpg,2112592,2,0,NA
2112737_2,2023-01-04 19:05:12.398776,CLO,2112737.jpg,2112737,2,0,NA
2112738_2,2023-01-04 19:05:11.133083,CLO,2112738.jpg,2112738,2,0,NA
2108065_2,2023-01-04 19:05:10.445581,SHO,2108065.jpg,2108065,2,0,NA
2109257_2,2023-01-04 19:05:09.570577,ACC,2109257.jpg,2109257,2,0,NA
2106171_2,2023-01-04 19:05:08.539243,ACC,2106171.jpg,2106171,2,0,NA
2106126_2,2023-01-04 19:05:07.757919,ACC,2106126.jpg,2106126,2,0,NA
2109776_2,2023-01-04 19:05:07.023547,CLO,2109776.jpg,2109776,2,0,NA
2109270_2,2023-01-04 19:05:06.335979,ACC,2109270.jpg,2109270,2,0,NA
2109251_2,2023-01-04 19:05:05.695325,ACC,2109251.jpg,2109251,2,0,NA
2109247_2,2023-01-04 19:05:04.976540,ACC,2109247.jpg,2109247,2,0,NA
2109243_2,2023-01-04 19:05:04.054646,ACC,2109243.jpg,2109243,2,0,NA
2107063_2,2023-01-04 19:05:02.585940,SHO,2107063.jpg,2107063,2,0,NA
2106936_2,2023-01-04 19:05:00.960759,JEW,2106936.jpg,2106936,2,0,NA
2103843_2,2023-01-04 19:05:00.210709,JEW,2103843.jpg,2103843,2,0,NA
2106163_2,2023-01-04 19:04:59.554555,ACC,2106163.jpg,2106163,2,0,NA
2106756_2,2023-01-04 19:04:58.914016,SHO,2106756.jpg,2106756,2,0,NA
2106159_2,2023-01-04 19:04:58.257480,ACC,2106159.jpg,2106159,2,0,NA
2105864_2,2023-01-04 19:04:56.413690,ACC,2105864.jpg,2105864,2,0,NA
2109997_2,2023-01-04 19:04:55.319833,CLO,2109997.jpg,2109997,2,0,NA
2109992_2,2023-01-04 19:04:54.585421,CLO,2109992.jpg,2109992,2,0,NA
1708975_1,2023-01-04 19:04:53.772888,ACC,1708975.jpg,1708975,1,0,NA
2007724_2,2023-01-04 19:04:50.116462,SHO,2007724.jpg,2007724,2,0,NA
2007590_2,2023-01-04 19:04:49.257109,ACC,2007590.jpg,2007590,2,0,NA
2007814_2,2023-01-04 19:04:48.585185,SHO,2007814.jpg,2007814,2,0,NA
2100750_2,2023-01-04 19:04:47.788243,SHO,2100750.jpg,2100750,2,0,NA
2100770_2,2023-01-04 19:04:46.975720,SHO,2100770.jpg,2100770,2,0,NA
2101152_2,2023-01-04 19:04:46.178799,CLO,2101152.jpg,2101152,2,0,NA
2101154_2,2023-01-04 19:04:45.241497,CLO,2101154.jpg,2101154,2,0,NA
2101153_2,2023-01-04 19:04:44.491220,CLO,2101153.jpg,2101153,2,0,NA
2106997_2,2023-01-04 19:04:43.538029,CLO,2106997.jpg,2106997,2,0,NA
2107626_2,2023-01-04 19:04:38.913067,CLO,2107626.jpg,2107626,2,0,NA
2107761_2,2023-01-04 19:04:37.287780,CLO,2107761.jpg,2107761,2,0,NA
2108565_2,2023-01-04 19:04:36.537926,SHO,2108565.jpg,2108565,2,0,NA
2109772_2,2023-01-04 19:04:35.772367,CLO,2109772.jpg,2109772,2,0,NA
2109774_2,2023-01-04 19:04:34.975143,CLO,2109774.jpg,2109774,2,0,NA
2109775_2,2023-01-04 19:04:34.178516,CLO,2109775.jpg,2109775,2,0,NA
2104221_2,2023-01-04 19:04:33.225044,CLO,2104221.jpg,2104221,2,0,NA
2106978_2,2023-01-04 19:04:32.475003,CLO,2106978.jpg,2106978,2,0,NA
2107043_2,2023-01-04 19:04:31.818721,CLO,2107043.jpg,2107043,2,0,NA
2107549_2,2023-01-04 19:04:31.240567,CLO,2107549.jpg,2107549,2,0,NA
2108044_2,2023-01-04 19:04:30.365570,CLO,2108044.jpg,2108044,2,0,NA
2108585_2,2023-01-04 19:04:29.615537,CLO,2108585.jpg,2108585,2,0,NA
2108957_2,2023-01-04 19:04:28.787343,CLO,2108957.jpg,2108957,2,0,NA
2109290_2,2023-01-04 19:04:27.912291,CLO,2109290.jpg,2109290,2,0,NA
2109185_2,2023-01-04 19:04:26.943761,CLO,2109185.jpg,2109185,2,0,NA
2109309_2,2023-01-04 19:04:26.193595,CLO,2109309.jpg,2109309,2,0,NA
2109569_2,2023-01-04 19:04:25.380942,CLO,2109569.jpg,2109569,2,0,NA
2109607_2,2023-01-04 19:04:23.287065,CLO,2109607.jpg,2109607,2,0,NA
2110035_2,2023-01-04 19:04:22.333910,CLO,2110035.jpg,2110035,2,0,NA
2110363_2,2023-01-04 19:04:21.630755,CLO,2110363.jpg,2110363,2,0,NA
2110713_2,2023-01-04 19:04:20.849462,CLO,2110713.jpg,2110713,2,0,NA
2110864_2,2023-01-04 19:04:19.490034,CLO,2110864.jpg,2110864,2,0,NA
2111342_2,2023-01-04 19:04:17.677433,CLO,2111342.jpg,2111342,2,0,NA
2107702_2,2023-01-04 19:04:16.599263,CLO,2107702.jpg,2107702,2,0,NA
2107723_2,2023-01-04 19:04:15.271092,CLO,2107723.jpg,2107723,2,0,NA
2013259_2,2023-01-04 19:04:13.599189,JEW,2013259.jpg,2013259,2,0,NA
2013195_2,2023-01-04 19:04:12.395930,JEW,2013195.jpg,2013195,2,0,NA
2013702_2,2023-01-04 19:04:10.270849,JEW,2013702.jpg,2013702,2,0,NA
2014544_2,2023-01-04 19:04:09.427056,ACC,2014544.jpg,2014544,2,0,NA
2100621_2,2023-01-04 19:04:08.755148,BEAUTY,2100621.jpg,2100621,2,0,NA
2101665_2,2023-01-04 19:04:07.270787,JEW,2101665.jpg,2101665,2,0,NA
2102005_2,2023-01-04 19:04:06.551913,JEW,2102005.jpg,2102005,2,0,NA
2102110_2,2023-01-04 19:04:05.239351,JEW,2102110.jpg,2102110,2,0,NA
2102116_2,2023-01-04 19:04:04.301950,JEW,2102116.jpg,2102116,2,0,NA
2102363_2,2023-01-04 19:04:03.551774,BEAUTY,2102363.jpg,2102363,2,0,NA
2102374_2,2023-01-04 19:04:02.223594,ACC,2102374.jpg,2102374,2,0,NA
2102590_2,2023-01-04 19:04:00.942291,ACC,2102590.jpg,2102590,2,0,NA
2104031_2,2023-01-04 19:03:59.785969,ACC,2104031.jpg,2104031,2,0,NA
2106574_2,2023-01-04 19:03:58.692156,JEW,2106574.jpg,2106574,2,0,NA
2107580_2,2023-01-04 19:03:57.738995,JEW,2107580.jpg,2107580,2,0,NA
2105345_2,2023-01-04 19:03:49.894407,JEW,2105345.jpg,2105345,2,0,NA
2108210_2,2023-01-04 19:03:49.441197,JEW,2108210.jpg,2108210,2,0,NA
2108408_2,2023-01-04 19:03:48.472328,ACC,2108408.jpg,2108408,2,0,NA
2011106_2,2023-01-04 19:03:47.690975,ACC,2011106.jpg,2011106,2,0,NA
2209612_2,2023-01-04 19:03:46.956484,CLO,2209612.jpg,2209612,2,0,NA
2107003_2,2023-01-04 19:03:46.518930,CLO,2107003.jpg,2107003,2,0,NA
2107212_2,2023-01-04 19:03:45.768815,CLO,2107212.jpg,2107212,2,0,NA
2109563_2,2023-01-04 19:03:45.003077,CLO,2109563.jpg,2109563,2,0,NA
2110327_2,2023-01-04 19:03:44.206193,CLO,2110327.jpg,2110327,2,0,NA
2109033_2,2023-01-04 19:03:43.377846,CLO,2109033.jpg,2109033,2,0,NA
2111195_2,2023-01-04 19:03:42.565235,CLO,2111195.jpg,2111195,2,0,NA
2111798_2,2023-01-04 19:03:41.752616,CLO,2111798.jpg,2111798,2,0,NA
2111803_2,2023-01-04 19:03:40.799351,CLO,2111803.jpg,2111803,2,0,NA
2111799_2,2023-01-04 19:03:39.471123,CLO,2111799.jpg,2111799,2,0,NA
2112043_2,2023-01-04 19:03:38.674058,CLO,2112043.jpg,2112043,2,0,NA
2112282_2,2023-01-04 19:03:37.970957,SHO,2112282.jpg,2112282,2,0,NA
2112007_2,2023-01-04 19:03:37.173830,SHO,2112007.jpg,2112007,2,0,NA
2109426_2,2023-01-04 19:03:36.486231,SHO,2109426.jpg,2109426,2,0,NA
2108077_2,2023-01-04 19:03:35.673691,SHO,2108077.jpg,2108077,2,0,NA
2108080_2,2023-01-04 19:03:34.954764,SHO,2108080.jpg,2108080,2,0,NA
2112006_2,2023-01-04 19:03:34.079640,SHO,2112006.jpg,2112006,2,0,NA
2112281_2,2023-01-04 19:03:33.282650,SHO,2112281.jpg,2112281,2,0,NA
2112283_2,2023-01-04 19:03:32.610688,SHO,2112283.jpg,2112283,2,0,NA
2112284_2,2023-01-04 19:03:31.876188,SHO,2112284.jpg,2112284,2,0,NA
2110412_2,2023-01-04 19:03:31.126096,SHO,2110412.jpg,2110412,2,0,NA
2112005_2,2023-01-04 19:03:30.297857,SHO,2112005.jpg,2112005,2,0,NA
2112045_2,2023-01-04 19:03:29.688392,CLO,2112045.jpg,2112045,2,0,NA
2110792_2,2023-01-04 19:03:28.750754,CLO,2110792.jpg,2110792,2,0,NA
2111235_2,2023-01-04 19:03:27.594324,CLO,2111235.jpg,2111235,2,0,NA
2111238_2,2023-01-04 19:03:26.531683,CLO,2111238.jpg,2111238,2,0,NA
2110329_2,2023-01-04 19:03:25.719065,CLO,2110329.jpg,2110329,2,0,NA
2107839_2,2023-01-04 19:03:24.797062,CLO,2107839.jpg,2107839,2,0,NA
2111801_2,2023-01-04 19:03:23.249954,CLO,2111801.jpg,2111801,2,0,NA
2109560_2,2023-01-04 19:03:22.484296,CLO,2109560.jpg,2109560,2,0,NA
2109557_2,2023-01-04 19:03:20.608957,CLO,2109557.jpg,2109557,2,0,NA
2110333_2,2023-01-04 19:03:19.686960,CLO,2110333.jpg,2110333,2,0,NA
2110334_2,2023-01-04 19:03:18.874330,CLO,2110334.jpg,2110334,2,0,NA
2112039_2,2023-01-04 19:03:01.559342,CLO,2112039.jpg,2112039,2,0,NA
2109277_2,2023-01-04 19:03:00.043509,CLO,2109277.jpg,2109277,2,0,NA
2109224_2,2023-01-04 19:02:59.043397,CLO,2109224.jpg,2109224,2,0,NA
2108438_2,2023-01-04 19:02:57.887118,CLO,2108438.jpg,2108438,2,0,NA
2108439_2,2023-01-04 19:02:56.668031,CLO,2108439.jpg,2108439,2,0,NA
2108534_2,2023-01-04 19:02:55.574223,CLO,2108534.jpg,2108534,2,0,NA
2108566_2,2023-01-04 19:02:54.777127,CLO,2108566.jpg,2108566,2,0,NA
2108569_2,2023-01-04 19:02:53.948999,CLO,2108569.jpg,2108569,2,0,NA
2109215_2,2023-01-04 19:02:52.979982,CLO,2109215.jpg,2109215,2,0,NA
2109235_2,2023-01-04 19:02:52.136117,CLO,2109235.jpg,2109235,2,0,NA
2109452_2,2023-01-04 19:02:51.432903,CLO,2109452.jpg,2109452,2,0,NA
2109525_2,2023-01-04 19:02:50.651552,CLO,2109525.jpg,2109525,2,0,NA
2109627_2,2023-01-04 19:02:49.354471,CLO,2109627.jpg,2109627,2,0,NA
2109747_2,2023-01-04 19:02:48.557492,CLO,2109747.jpg,2109747,2,0,NA
2109698_2,2023-01-04 19:02:47.682367,CLO,2109698.jpg,2109698,2,0,NA
2109752_2,2023-01-04 19:02:46.869738,CLO,2109752.jpg,2109752,2,0,NA
2109786_2,2023-01-04 19:02:45.603940,CLO,2109786.jpg,2109786,2,0,NA
2110314_2,2023-01-04 19:02:44.650678,CLO,2110314.jpg,2110314,2,0,NA
2110476_2,2023-01-04 19:02:43.900562,CLO,2110476.jpg,2110476,2,0,NA
2110816_2,2023-01-04 19:02:43.041072,CLO,2110816.jpg,2110816,2,0,NA
2110813_2,2023-01-04 19:02:42.072228,CLO,2110813.jpg,2110813,2,0,NA
2110838_2,2023-01-04 19:02:41.275185,CLO,2110838.jpg,2110838,2,0,NA
2110842_2,2023-01-04 19:02:40.462584,CLO,2110842.jpg,2110842,2,0,NA
2110849_2,2023-01-04 19:02:39.665578,CLO,2110849.jpg,2110849,2,0,NA
2110872_2,2023-01-04 19:02:38.774854,CLO,2110872.jpg,2110872,2,0,NA
2110882_2,2023-01-04 19:02:37.524660,CLO,2110882.jpg,2110882,2,0,NA
2111051_2,2023-01-04 19:02:36.571406,CLO,2111051.jpg,2111051,2,0,NA
2110888_2,2023-01-04 19:02:35.711893,CLO,2110888.jpg,2110888,2,0,NA
2111170_2,2023-01-04 19:02:34.930531,CLO,2111170.jpg,2111170,2,0,NA
2111168_2,2023-01-04 19:02:34.039883,CLO,2111168.jpg,2111168,2,0,NA
2111331_2,2023-01-04 19:02:33.195910,CLO,2111331.jpg,2111331,2,0,NA
2111372_2,2023-01-04 19:02:32.367676,CLO,2111372.jpg,2111372,2,0,NA
2111385_2,2023-01-04 19:02:31.523818,CLO,2111385.jpg,2111385,2,0,NA
2111704_2,2023-01-04 19:02:30.742450,CLO,2111704.jpg,2111704,2,0,NA
2111692_2,2023-01-04 19:02:29.898570,CLO,2111692.jpg,2111692,2,0,NA
2111784_2,2023-01-04 19:02:29.226732,CLO,2111784.jpg,2111784,2,0,NA
2111836_2,2023-01-04 19:02:28.367113,CLO,2111836.jpg,2111836,2,0,NA
2111834_2,2023-01-04 19:02:27.413841,CLO,2111834.jpg,2111834,2,0,NA
2111840_2,2023-01-04 19:02:26.444941,CLO,2111840.jpg,2111840,2,0,NA
2111839_2,2023-01-04 19:02:25.554182,CLO,2111839.jpg,2111839,2,0,NA
2111843_2,2023-01-04 19:02:24.741579,CLO,2111843.jpg,2111843,2,0,NA
2111846_2,2023-01-04 19:02:24.022726,CLO,2111846.jpg,2111846,2,0,NA
2111858_2,2023-01-04 19:02:23.288318,CLO,2111858.jpg,2111858,2,0,NA
2111860_2,2023-01-04 19:02:22.538235,CLO,2111860.jpg,2111860,2,0,NA
2111870_2,2023-01-04 19:02:21.663010,CLO,2111870.jpg,2111870,2,0,NA
2111874_2,2023-01-04 19:02:20.756629,CLO,2111874.jpg,2111874,2,0,NA
2111871_2,2023-01-04 19:02:19.928375,CLO,2111871.jpg,2111871,2,0,NA
2111890_2,2023-01-04 19:02:19.068887,CLO,2111890.jpg,2111890,2,0,NA
2111930_2,2023-01-04 19:02:18.209393,CLO,2111930.jpg,2111930,2,0,NA
2111984_2,2023-01-04 19:02:17.396775,CLO,2111984.jpg,2111984,2,0,NA
2111988_2,2023-01-04 19:02:16.568534,CLO,2111988.jpg,2111988,2,0,NA
2112052_2,2023-01-04 19:02:15.802796,CLO,2112052.jpg,2112052,2,0,NA
2112079_2,2023-01-04 19:02:14.927747,CLO,2112079.jpg,2112079,2,0,NA
2112085_2,2023-01-04 19:02:14.146302,CLO,2112085.jpg,2112085,2,0,NA
2112083_2,2023-01-04 19:02:13.255557,CLO,2112083.jpg,2112083,2,0,NA
2112102_2,2023-01-04 19:02:12.489810,CLO,2112102.jpg,2112102,2,0,NA
2112111_2,2023-01-04 19:02:11.317903,CLO,2112111.jpg,2112111,2,0,NA
2112113_2,2023-01-04 19:02:10.505167,CLO,2112113.jpg,2112113,2,0,NA
2112128_2,2023-01-04 19:02:09.723804,CLO,2112128.jpg,2112128,2,0,NA
2112150_2,2023-01-04 19:02:08.879927,CLO,2112150.jpg,2112150,2,0,NA
2112166_2,2023-01-04 19:02:08.145447,CLO,2112166.jpg,2112166,2,0,NA
2112155_2,2023-01-04 19:02:07.457850,CLO,2112155.jpg,2112155,2,0,NA
2112310_2,2023-01-04 19:02:06.629594,CLO,2112310.jpg,2112310,2,0,NA
2112311_2,2023-01-04 19:02:05.316924,CLO,2112311.jpg,2112311,2,0,NA
2112319_2,2023-01-04 19:01:52.033762,CLO,2112319.jpg,2112319,2,0,NA
2112344_2,2023-01-04 19:01:50.689840,CLO,2112344.jpg,2112344,2,0,NA
2112342_2,2023-01-04 19:01:49.939730,CLO,2112342.jpg,2112342,2,0,NA
2112347_2,2023-01-04 19:01:48.642663,CLO,2112347.jpg,2112347,2,0,NA
2112354_2,2023-01-04 19:01:47.923808,CLO,2112354.jpg,2112354,2,0,NA
2112371_2,2023-01-04 19:01:47.079937,CLO,2112371.jpg,2112371,2,0,NA
2112378_2,2023-01-04 19:01:46.267452,CLO,2112378.jpg,2112378,2,0,NA
2112403_2,2023-01-04 19:01:45.517401,CLO,2112403.jpg,2112403,2,0,NA
2112423_2,2023-01-04 19:01:44.751678,CLO,2112423.jpg,2112423,2,0,NA
2112437_2,2023-01-04 19:01:43.891987,CLO,2112437.jpg,2112437,2,0,NA
2112446_2,2023-01-04 19:01:42.985887,CLO,2112446.jpg,2112446,2,0,NA
2112449_2,2023-01-04 19:01:42.110544,CLO,2112449.jpg,2112449,2,0,NA
2112465_2,2023-01-04 19:01:41.157321,CLO,2112465.jpg,2112465,2,0,NA
2112464_2,2023-01-04 19:01:40.219699,CLO,2112464.jpg,2112464,2,0,NA
2112480_2,2023-01-04 19:01:38.844388,CLO,2112480.jpg,2112480,2,0,NA
2112490_2,2023-01-04 19:01:38.078669,CLO,2112490.jpg,2112490,2,0,NA
2112492_2,2023-01-04 19:01:37.250395,CLO,2112492.jpg,2112492,2,0,NA
2112501_2,2023-01-04 19:01:36.437780,CLO,2112501.jpg,2112501,2,0,NA
2112497_2,2023-01-04 19:01:35.578283,CLO,2112497.jpg,2112497,2,0,NA
2112573_2,2023-01-04 19:01:34.765675,CLO,2112573.jpg,2112573,2,0,NA
2112540_2,2023-01-04 19:01:33.906172,CLO,2112540.jpg,2112540,2,0,NA
2112664_2,2023-01-04 19:01:33.062285,CLO,2112664.jpg,2112664,2,0,NA
2112686_2,2023-01-04 19:01:32.015276,CLO,2112686.jpg,2112686,2,0,NA
2112673_2,2023-01-04 19:01:30.983872,CLO,2112673.jpg,2112673,2,0,NA
2112690_2,2023-01-04 19:01:30.124362,CLO,2112690.jpg,2112690,2,0,NA
2112725_2,2023-01-04 19:01:29.124218,CLO,2112725.jpg,2112725,2,0,NA
2112699_2,2023-01-04 19:01:28.421000,CLO,2112699.jpg,2112699,2,0,NA
2112728_2,2023-01-04 19:01:27.639638,CLO,2112728.jpg,2112728,2,0,NA
2112758_2,2023-01-04 19:01:26.733249,CLO,2112758.jpg,2112758,2,0,NA
2112756_2,2023-01-04 19:01:25.873764,CLO,2112756.jpg,2112756,2,0,NA
2112759_2,2023-01-04 19:01:25.061192,CLO,2112759.jpg,2112759,2,0,NA
2112851_2,2023-01-04 19:01:24.217430,CLO,2112851.jpg,2112851,2,0,NA
2112852_2,2023-01-04 19:01:23.170261,CLO,2112852.jpg,2112852,2,0,NA
2112863_2,2023-01-04 19:01:22.216994,CLO,2112863.jpg,2112863,2,0,NA
2112984_2,2023-01-04 19:01:21.420004,CLO,2112984.jpg,2112984,2,0,NA
2007930_2,2023-01-04 19:01:20.529239,CLO,2007930.jpg,2007930,2,0,NA
2014004_2,2023-01-04 19:01:19.575987,CLO,2014004.jpg,2014004,2,0,NA
2103360_2,2023-01-04 19:01:18.825866,CLO,2103360.jpg,2103360,2,0,NA
2103635_2,2023-01-04 19:01:17.935145,CLO,2103635.jpg,2103635,2,0,NA
2104570_2,2023-01-04 19:01:17.216274,CLO,2104570.jpg,2104570,2,0,NA
2106948_2,2023-01-04 19:01:16.403659,CLO,2106948.jpg,2106948,2,0,NA
2106949_2,2023-01-04 19:01:15.591030,CLO,2106949.jpg,2106949,2,0,NA
2107046_2,2023-01-04 19:01:14.778419,CLO,2107046.jpg,2107046,2,0,NA
2107610_2,2023-01-04 19:01:14.028322,CLO,2107610.jpg,2107610,2,0,NA
2107611_2,2023-01-04 19:01:13.309551,CLO,2107611.jpg,2107611,2,0,NA
2107612_2,2023-01-04 19:01:12.528229,CLO,2107612.jpg,2107612,2,0,NA
2108021_2,2023-01-04 19:01:10.934135,CLO,2108021.jpg,2108021,2,0,NA
2107732_2,2023-01-04 19:01:10.199651,CLO,2107732.jpg,2107732,2,0,NA
2108536_2,2023-01-04 19:01:09.308891,CLO,2108536.jpg,2108536,2,0,NA
2108887_2,2023-01-04 19:01:08.465207,CLO,2108887.jpg,2108887,2,0,NA
2108953_2,2023-01-04 19:01:07.589885,CLO,2108953.jpg,2108953,2,0,NA
2108960_2,2023-01-04 19:01:06.761638,CLO,2108960.jpg,2108960,2,0,NA
2108962_2,2023-01-04 19:01:05.730244,CLO,2108962.jpg,2108962,2,0,NA
2108968_2,2023-01-04 19:01:04.558226,CLO,2108968.jpg,2108968,2,0,NA
2109158_2,2023-01-04 19:01:03.683201,CLO,2109158.jpg,2109158,2,0,NA
2109332_2,2023-01-04 19:01:02.917356,CLO,2109332.jpg,2109332,2,0,NA
2109463_2,2023-01-04 19:01:02.042240,CLO,2109463.jpg,2109463,2,0,NA
2109800_2,2023-01-04 19:01:01.167091,CLO,2109800.jpg,2109800,2,0,NA
2109623_2,2023-01-04 19:00:59.573110,CLO,2109623.jpg,2109623,2,0,NA
2110091_2,2023-01-04 19:00:58.697981,CLO,2110091.jpg,2110091,2,0,NA
2110094_2,2023-01-04 19:00:57.838495,CLO,2110094.jpg,2110094,2,0,NA
2110317_2,2023-01-04 19:00:56.713343,CLO,2110317.jpg,2110317,2,0,NA
2110715_2,2023-01-04 19:00:54.947433,CLO,2110715.jpg,2110715,2,0,NA
2110825_2,2023-01-04 19:00:54.150455,CLO,2110825.jpg,2110825,2,0,NA
2110831_2,2023-01-04 19:00:53.244115,CLO,2110831.jpg,2110831,2,0,NA
2110828_2,2023-01-04 19:00:52.087677,CLO,2110828.jpg,2110828,2,0,NA
2110873_2,2023-01-04 19:00:51.259429,CLO,2110873.jpg,2110873,2,0,NA
2110858_2,2023-01-04 19:00:50.540595,CLO,2110858.jpg,2110858,2,0,NA
2110878_2,2023-01-04 19:00:49.024739,CLO,2110878.jpg,2110878,2,0,NA
2110884_2,2023-01-04 19:00:48.321500,CLO,2110884.jpg,2110884,2,0,NA
2111172_2,2023-01-04 19:00:47.103043,CLO,2111172.jpg,2111172,2,0,NA
2111049_2,2023-01-04 19:00:41.726798,CLO,2111049.jpg,2111049,2,0,NA
2111200_2,2023-01-04 19:00:41.023574,CLO,2111200.jpg,2111200,2,0,NA
2111228_2,2023-01-04 19:00:40.226598,CLO,2111228.jpg,2111228,2,0,NA
2111241_2,2023-01-04 19:00:39.429609,CLO,2111241.jpg,2111241,2,0,NA
2111286_2,2023-01-04 19:00:38.382912,CLO,2111286.jpg,2111286,2,0,NA
2111312_2,2023-01-04 19:00:37.429312,CLO,2111312.jpg,2111312,2,0,NA
2111298_2,2023-01-04 19:00:36.476068,CLO,2111298.jpg,2111298,2,0,NA
2111696_2,2023-01-04 19:00:35.694685,CLO,2111696.jpg,2111696,2,0,NA
2111791_2,2023-01-04 19:00:34.960329,CLO,2111791.jpg,2111791,2,0,NA
2111842_2,2023-01-04 19:00:34.085206,CLO,2111842.jpg,2111842,2,0,NA
2111829_2,2023-01-04 19:00:33.225597,CLO,2111829.jpg,2111829,2,0,NA
2111884_2,2023-01-04 19:00:32.428608,CLO,2111884.jpg,2111884,2,0,NA
2111887_2,2023-01-04 19:00:31.459719,CLO,2111887.jpg,2111887,2,0,NA
2111888_2,2023-01-04 19:00:30.553380,CLO,2111888.jpg,2111888,2,0,NA
2111986_2,2023-01-04 19:00:29.693841,CLO,2111986.jpg,2111986,2,0,NA
2112018_2,2023-01-04 19:00:28.834357,CLO,2112018.jpg,2112018,2,0,NA
2112019_2,2023-01-04 19:00:27.912336,CLO,2112019.jpg,2112019,2,0,NA
2112048_2,2023-01-04 19:00:27.084093,CLO,2112048.jpg,2112048,2,0,NA
2112076_2,2023-01-04 19:00:25.771410,CLO,2112076.jpg,2112076,2,0,NA
2112149_2,2023-01-04 19:00:24.958914,CLO,2112149.jpg,2112149,2,0,NA
2112152_2,2023-01-04 19:00:24.130543,CLO,2112152.jpg,2112152,2,0,NA
2112153_2,2023-01-04 19:00:23.005382,CLO,2112153.jpg,2112153,2,0,NA
2112318_2,2023-01-04 19:00:21.739585,CLO,2112318.jpg,2112318,2,0,NA
2112338_2,2023-01-04 19:00:20.973836,CLO,2112338.jpg,2112338,2,0,NA
2112340_2,2023-01-04 19:00:19.598650,CLO,2112340.jpg,2112340,2,0,NA
2112339_2,2023-01-04 19:00:18.285968,CLO,2112339.jpg,2112339,2,0,NA
2112349_2,2023-01-04 19:00:16.691968,CLO,2112349.jpg,2112349,2,0,NA
2112350_2,2023-01-04 19:00:15.879484,CLO,2112350.jpg,2112350,2,0,NA
2112356_2,2023-01-04 19:00:14.629175,CLO,2112356.jpg,2112356,2,0,NA
2112359_2,2023-01-04 19:00:13.816563,CLO,2112359.jpg,2112359,2,0,NA
2112364_2,2023-01-04 19:00:13.082080,CLO,2112364.jpg,2112364,2,0,NA
2112365_2,2023-01-04 19:00:07.565724,CLO,2112365.jpg,2112365,2,0,NA
2112367_2,2023-01-04 19:00:06.393636,CLO,2112367.jpg,2112367,2,0,NA
2112370_2,2023-01-04 19:00:05.268559,CLO,2112370.jpg,2112370,2,0,NA
2112369_2,2023-01-04 19:00:04.377713,CLO,2112369.jpg,2112369,2,0,NA
2112372_2,2023-01-04 19:00:03.440249,CLO,2112372.jpg,2112372,2,0,NA
2112375_2,2023-01-04 19:00:02.549454,CLO,2112375.jpg,2112375,2,0,NA
2112374_2,2023-01-04 19:00:01.611684,CLO,2112374.jpg,2112374,2,0,NA
2112376_2,2023-01-04 19:00:00.783452,CLO,2112376.jpg,2112376,2,0,NA
2112387_2,2023-01-04 18:59:59.955209,CLO,2112387.jpg,2112387,2,0,NA
2112442_2,2023-01-04 18:59:59.189622,CLO,2112442.jpg,2112442,2,0,NA
2112388_2,2023-01-04 18:59:58.502043,CLO,2112388.jpg,2112388,2,0,NA
2112495_2,2023-01-04 18:59:57.783016,CLO,2112495.jpg,2112495,2,0,NA
2112502_2,2023-01-04 18:59:57.079769,CLO,2112502.jpg,2112502,2,0,NA
2112539_2,2023-01-04 18:59:56.329685,CLO,2112539.jpg,2112539,2,0,NA
2112680_2,2023-01-04 18:58:22.443774,CLO,2112680.jpg,2112680,2,0,NA
2112726_2,2023-01-04 18:58:21.677899,CLO,2112726.jpg,2112726,2,0,NA
2112727_2,2023-01-04 18:58:20.912272,CLO,2112727.jpg,2112727,2,0,NA
2112736_2,2023-01-04 18:58:20.052908,CLO,2112736.jpg,2112736,2,0,NA
2112757_2,2023-01-04 18:58:19.256050,CLO,2112757.jpg,2112757,2,0,NA
2112789_2,2023-01-04 18:58:18.084161,CLO,2112789.jpg,2112789,2,0,NA
2112861_2,2023-01-04 18:58:17.334154,CLO,2112861.jpg,2112861,2,0,NA
2113000_2,2023-01-04 18:58:16.506041,CLO,2113000.jpg,2113000,2,0,NA
2113004_2,2023-01-04 18:58:15.662307,CLO,2113004.jpg,2113004,2,0,NA
2113005_2,2023-01-04 18:58:14.740692,CLO,2113005.jpg,2113005,2,0,NA
2113108_2,2023-01-04 18:58:13.912325,CLO,2113108.jpg,2113108,2,0,NA
2110773_2,2023-01-04 18:58:13.131043,CLO,2110773.jpg,2110773,2,0,NA
1906982_1,2023-01-04 18:58:12.443568,CLO,1906982.jpg,1906982,1,0,NA
2007545_2,2023-01-04 18:58:11.662334,ACC,2007545.jpg,2007545,2,0,NA
2007569_2,2023-01-04 18:58:10.912315,ACC,2007569.jpg,2007569,2,0,NA
2107933_2,2023-01-04 18:58:10.146728,SHO,2107933.jpg,2107933,2,0,NA
2107934_2,2023-01-04 18:58:09.381068,SHO,2107934.jpg,2107934,2,0,NA
2107935_2,2023-01-04 18:58:08.568573,SHO,2107935.jpg,2107935,2,0,NA
2107936_2,2023-01-04 18:58:07.662336,SHO,2107936.jpg,2107936,2,0,NA
2107937_2,2023-01-04 18:58:06.912314,SHO,2107937.jpg,2107937,2,0,NA
2007969_2,2023-01-04 18:58:06.209198,ACC,2007969.jpg,2007969,2,0,NA
1810388_1,2023-01-04 18:58:05.756092,ACC,1810388.jpg,1810388,1,0,NA
1811184_1,2023-01-04 18:58:05.302978,ACC,1811184.jpg,1811184,1,0,NA
1908056_1,2023-01-04 18:58:04.506193,ACC,1908056.jpg,1908056,1,0,NA
2106181_2,2023-01-04 18:58:03.802960,ACC,2106181.jpg,2106181,2,0,NA
2106496_2,2023-01-04 18:58:03.131075,BEAUTY,2106496.jpg,2106496,2,0,NA
2107322_2,2023-01-04 18:58:02.412367,BEAUTY,2107322.jpg,2107322,2,0,NA
2107368_2,2023-01-04 18:58:01.646742,ACC,2107368.jpg,2107368,2,0,NA
2107770_2,2023-01-04 18:58:00.896732,ACC,2107770.jpg,2107770,2,0,NA
2111128_2,2023-01-04 18:58:00.177982,BEAUTY,2111128.jpg,2111128,2,0,NA
2111164_2,2023-01-04 18:57:59.521736,BEAUTY,2111164.jpg,2111164,2,0,NA
2111154_2,2023-01-04 18:57:58.756119,ACC,2111154.jpg,2111154,2,0,NA
2111165_2,2023-01-04 18:57:57.912394,BEAUTY,2111165.jpg,2111165,2,0,NA
2111167_2,2023-01-04 18:57:57.256109,ACC,2111167.jpg,2111167,2,0,NA
2112008_2,2023-01-04 18:57:56.506113,SHO,2112008.jpg,2112008,2,0,NA
2112027_2,2023-01-04 18:57:55.568629,CLO,2112027.jpg,2112027,2,0,NA
2112024_2,2023-01-04 18:57:54.209244,CLO,2112024.jpg,2112024,2,0,NA
2112034_2,2023-01-04 18:57:52.959239,CLO,2112034.jpg,2112034,2,0,NA
2112029_2,2023-01-04 18:57:51.787404,CLO,2112029.jpg,2112029,2,0,NA
2112214_2,2023-01-04 18:57:50.506180,BEAUTY,2112214.jpg,2112214,2,0,NA
2112185_2,2023-01-04 18:57:49.256178,ACC,2112185.jpg,2112185,2,0,NA
2112182_2,2023-01-04 18:57:48.506305,ACC,2112182.jpg,2112182,2,0,NA
2112217_2,2023-01-04 18:57:47.740539,BEAUTY,2112217.jpg,2112217,2,0,NA
2112216_2,2023-01-04 18:57:47.053039,BEAUTY,2112216.jpg,2112216,2,0,NA
2112218_2,2023-01-04 18:57:46.396801,BEAUTY,2112218.jpg,2112218,2,0,NA
2112827_2,2023-01-04 18:57:45.724926,ACC,2112827.jpg,2112827,2,0,NA
2112951_2,2023-01-04 18:57:44.912520,ACC,2112951.jpg,2112951,2,0,NA
2112828_2,2023-01-04 18:57:44.021775,ACC,2112828.jpg,2112828,2,0,NA
2112953_2,2023-01-04 18:57:43.131174,ACC,2112953.jpg,2112953,2,0,NA
2113203_2,2023-01-04 18:57:42.099916,BEAUTY,2113203.jpg,2113203,2,0,NA
2113210_2,2023-01-04 18:57:41.209395,BEAUTY,2113210.jpg,2113210,2,0,NA
2110789_2,2023-01-04 18:57:40.506183,CLO,2110789.jpg,2110789,2,0,NA
2111806_2,2023-01-04 18:57:39.709309,CLO,2111806.jpg,2111806,2,0,NA
2111866_2,2023-01-04 18:57:38.896804,CLO,2111866.jpg,2111866,2,0,NA
2111867_2,2023-01-04 18:57:38.084312,CLO,2111867.jpg,2111867,2,0,NA
1907749_1,2023-01-04 18:57:37.303174,ACC,1907749.jpg,1907749,1,0,NA
2000682_2,2023-01-04 18:57:36.678084,JEW,2000682.jpg,2000682,2,0,NA
2001432_2,2023-01-04 18:57:36.037454,JEW,2001432.jpg,2001432,2,0,NA
2002276_2,2023-01-04 18:57:35.381190,JEW,2002276.jpg,2002276,2,0,NA
2005953_2,2023-01-04 18:57:34.678075,JEW,2005953.jpg,2005953,2,0,NA
2003964_2,2023-01-04 18:57:33.928087,JEW,2003964.jpg,2003964,2,0,NA
2006648_2,2023-01-04 18:57:33.521825,JEW,2006648.jpg,2006648,2,0,NA
2007588_2,2023-01-04 18:57:32.771828,ACC,2007588.jpg,2007588,2,0,NA
2007596_2,2023-01-04 18:57:31.897032,ACC,2007596.jpg,2007596,2,0,NA
2112983_2,2023-01-04 18:57:31.099957,ACC,2112983.jpg,2112983,2,0,NA
2107500_2,2023-01-04 18:57:30.678095,ACC,2107500.jpg,2107500,2,0,NA
2107941_2,2023-01-04 18:57:29.975072,SHO,2107941.jpg,2107941,2,0,NA
2107944_2,2023-01-04 18:57:29.256223,SHO,2107944.jpg,2107944,2,0,NA
2108046_2,2023-01-04 18:57:27.912507,SHO,2108046.jpg,2108046,2,0,NA
2108068_2,2023-01-04 18:57:26.912482,SHO,2108068.jpg,2108068,2,0,NA
2108441_2,2023-01-04 18:57:26.209372,SHO,2108441.jpg,2108441,2,0,NA
2112332_2,2023-01-04 18:57:25.474985,CLO,2112332.jpg,2112332,2,0,NA
2109501_2,2023-01-04 18:57:24.303102,SHO,2109501.jpg,2109501,2,0,NA
2108219_2,2023-01-04 18:57:23.115627,JEW,2108219.jpg,2108219,2,0,NA
2109440_2,2023-01-04 18:57:21.521887,BEAUTY,2109440.jpg,2109440,2,0,NA
2109438_2,2023-01-04 18:57:19.912516,BEAUTY,2109438.jpg,2109438,2,0,NA
2110202_2,2023-01-04 18:57:18.818767,ACC,2110202.jpg,2110202,2,0,NA
2110212_2,2023-01-04 18:57:18.053122,ACC,2110212.jpg,2110212,2,0,NA
2111725_2,2023-01-04 18:57:17.506269,ACC,2111725.jpg,2111725,2,0,NA
2113112_2,2023-01-04 18:57:16.959407,BEAUTY,2113112.jpg,2113112,2,0,NA
1911819_1,2023-01-04 18:57:16.350016,CLO,1911819.jpg,1911819,1,0,NA
2002826_2,2023-01-04 18:57:15.303134,CLO,2002826.jpg,2002826,2,0,NA
2005647_2,2023-01-04 18:57:14.584405,CLO,2005647.jpg,2005647,2,0,NA
2005855_2,2023-01-04 18:57:13.428356,CLO,2005855.jpg,2005855,2,0,NA
2007489_2,2023-01-04 18:57:12.771924,CLO,2007489.jpg,2007489,2,0,NA
2007848_2,2023-01-04 18:57:11.975041,CLO,2007848.jpg,2007848,2,0,NA
2008728_2,2023-01-04 18:57:11.365674,CLO,2008728.jpg,2008728,2,0,NA
2010917_2,2023-01-04 18:57:10.647028,CLO,2010917.jpg,2010917,2,0,NA
2011983_2,2023-01-04 18:57:10.037548,CLO,2011983.jpg,2011983,2,0,NA
2103231_2,2023-01-04 18:57:09.412571,CLO,2103231.jpg,2103231,2,0,NA
2103306_2,2023-01-04 18:57:08.803327,CLO,2103306.jpg,2103306,2,0,NA
2106447_2,2023-01-04 18:57:08.240695,CLO,2106447.jpg,2106447,2,0,NA
2106625_2,2023-01-04 18:57:07.662546,CLO,2106625.jpg,2106625,2,0,NA
2108892_2,2023-01-04 18:57:07.053192,CLO,2108892.jpg,2108892,2,0,NA
2109123_2,2023-01-04 18:57:06.396930,CLO,2109123.jpg,2109123,2,0,NA
2109140_2,2023-01-04 18:57:05.725066,CLO,2109140.jpg,2109140,2,0,NA
2109628_2,2023-01-04 18:57:05.146945,CLO,2109628.jpg,2109628,2,0,NA
2109283_2,2023-01-04 18:57:04.522036,CLO,2109283.jpg,2109283,2,0,NA
2110445_2,2023-01-04 18:57:03.115700,CLO,2110445.jpg,2110445,2,0,NA
2110434_2,2023-01-04 18:57:02.443832,CLO,2110434.jpg,2110434,2,0,NA
2110436_2,2023-01-04 18:57:01.709462,CLO,2110436.jpg,2110436,2,0,NA
2110458_2,2023-01-04 18:57:01.037594,CLO,2110458.jpg,2110458,2,0,NA
2110452_2,2023-01-04 18:57:00.381332,CLO,2110452.jpg,2110452,2,0,NA
2110460_2,2023-01-04 18:56:59.740717,CLO,2110460.jpg,2110460,2,0,NA
2110466_2,2023-01-04 18:56:59.193844,CLO,2110466.jpg,2110466,2,0,NA
2110826_2,2023-01-04 18:56:58.568852,CLO,2110826.jpg,2110826,2,0,NA
2110637_2,2023-01-04 18:56:58.006351,CLO,2110637.jpg,2110637,2,0,NA
2110852_2,2023-01-04 18:56:57.412599,CLO,2110852.jpg,2110852,2,0,NA
2110930_2,2023-01-04 18:56:56.818925,CLO,2110930.jpg,2110930,2,0,NA
2111210_2,2023-01-04 18:56:56.068851,CLO,2111210.jpg,2111210,2,0,NA
2110954_2,2023-01-04 18:56:55.428226,CLO,2110954.jpg,2110954,2,0,NA
2111245_2,2023-01-04 18:56:54.740730,CLO,2111245.jpg,2111245,2,0,NA
2111242_2,2023-01-04 18:56:54.115735,CLO,2111242.jpg,2111242,2,0,NA
2111211_2,2023-01-04 18:56:53.412620,CLO,2111211.jpg,2111211,2,0,NA
2111315_2,2023-01-04 18:56:52.725122,CLO,2111315.jpg,2111315,2,0,NA
2111250_2,2023-01-04 18:56:52.053230,CLO,2111250.jpg,2111250,2,0,NA
2111496_2,2023-01-04 18:56:51.412615,CLO,2111496.jpg,2111496,2,0,NA
2111669_2,2023-01-04 18:56:50.771990,CLO,2111669.jpg,2111669,2,0,NA
2111671_2,2023-01-04 18:56:50.115757,CLO,2111671.jpg,2111671,2,0,NA
2111833_2,2023-01-04 18:56:48.975135,CLO,2111833.jpg,2111833,2,0,NA
2111864_2,2023-01-04 18:56:48.350125,CLO,2111864.jpg,2111864,2,0,NA
2111894_2,2023-01-04 18:56:47.693885,CLO,2111894.jpg,2111894,2,0,NA
2111895_2,2023-01-04 18:56:47.068898,CLO,2111895.jpg,2111895,2,0,NA
2111897_2,2023-01-04 18:56:46.428276,CLO,2111897.jpg,2111897,2,0,NA
2111898_2,2023-01-04 18:56:45.584630,CLO,2111898.jpg,2111898,2,0,NA
2112094_2,2023-01-04 18:56:44.943907,CLO,2112094.jpg,2112094,2,0,NA
2112084_2,2023-01-04 18:56:44.318880,CLO,2112084.jpg,2112084,2,0,NA
2112134_2,2023-01-04 18:56:43.678281,CLO,2112134.jpg,2112134,2,0,NA
2112167_2,2023-01-04 18:56:43.115771,CLO,2112167.jpg,2112167,2,0,NA
2112156_2,2023-01-04 18:56:42.443907,CLO,2112156.jpg,2112156,2,0,NA
2112178_2,2023-01-04 18:56:41.553279,CLO,2112178.jpg,2112178,2,0,NA
2112201_2,2023-01-04 18:56:40.943938,CLO,2112201.jpg,2112201,2,0,NA
2112299_2,2023-01-04 18:56:40.272040,CLO,2112299.jpg,2112299,2,0,NA
2112202_2,2023-01-04 18:56:39.600343,CLO,2112202.jpg,2112202,2,0,NA
2112308_2,2023-01-04 18:56:38.881419,CLO,2112308.jpg,2112308,2,0,NA
2112336_2,2023-01-04 18:56:38.240787,CLO,2112336.jpg,2112336,2,0,NA
2112361_2,2023-01-04 18:56:37.615801,CLO,2112361.jpg,2112361,2,0,NA
2112348_2,2023-01-04 18:56:36.959548,CLO,2112348.jpg,2112348,2,0,NA
2112368_2,2023-01-04 18:56:36.240810,CLO,2112368.jpg,2112368,2,0,NA
2112380_2,2023-01-04 18:56:35.537680,CLO,2112380.jpg,2112380,2,0,NA
2112417_2,2023-01-04 18:56:34.912680,CLO,2112417.jpg,2112417,2,0,NA
2112416_2,2023-01-04 18:56:34.303299,CLO,2112416.jpg,2112416,2,0,NA
2112444_2,2023-01-04 18:56:33.662685,CLO,2112444.jpg,2112444,2,0,NA
2112430_2,2023-01-04 18:56:33.037668,CLO,2112430.jpg,2112430,2,0,NA
2112452_2,2023-01-04 18:56:32.350184,CLO,2112452.jpg,2112452,2,0,NA
2112482_2,2023-01-04 18:56:31.756448,CLO,2112482.jpg,2112482,2,0,NA
2112499_2,2023-01-04 18:56:30.600188,CLO,2112499.jpg,2112499,2,0,NA
2112504_2,2023-01-04 18:56:29.990826,CLO,2112504.jpg,2112504,2,0,NA
2112498_2,2023-01-04 18:56:29.365832,CLO,2112498.jpg,2112498,2,0,NA
2112505_2,2023-01-04 18:56:28.803324,CLO,2112505.jpg,2112505,2,0,NA
2112506_2,2023-01-04 18:56:28.209704,CLO,2112506.jpg,2112506,2,0,NA
2112512_2,2023-01-04 18:56:27.537689,CLO,2112512.jpg,2112512,2,0,NA
2112591_2,2023-01-04 18:56:26.928457,CLO,2112591.jpg,2112591,2,0,NA
2112541_2,2023-01-04 18:56:26.365845,CLO,2112541.jpg,2112541,2,0,NA
2112613_2,2023-01-04 18:56:25.240994,CLO,2112613.jpg,2112613,2,0,NA
2112677_2,2023-01-04 18:56:24.240851,CLO,2112677.jpg,2112677,2,0,NA
2112679_2,2023-01-04 18:56:23.522100,CLO,2112679.jpg,2112679,2,0,NA
2112682_2,2023-01-04 18:56:22.834625,CLO,2112682.jpg,2112682,2,0,NA
2112723_2,2023-01-04 18:56:22.256578,CLO,2112723.jpg,2112723,2,0,NA
2112722_2,2023-01-04 18:56:21.693995,CLO,2112722.jpg,2112722,2,0,NA
2112732_2,2023-01-04 18:56:21.037733,CLO,2112732.jpg,2112732,2,0,NA
2112735_2,2023-01-04 18:56:20.209613,CLO,2112735.jpg,2112735,2,0,NA
2112880_2,2023-01-04 18:56:19.444199,CLO,2112880.jpg,2112880,2,0,NA
2112887_2,2023-01-04 18:56:18.740874,CLO,2112887.jpg,2112887,2,0,NA
2112903_2,2023-01-04 18:56:18.115868,CLO,2112903.jpg,2112903,2,0,NA
2112906_2,2023-01-04 18:56:17.490877,CLO,2112906.jpg,2112906,2,0,NA
2112907_2,2023-01-04 18:56:16.881505,CLO,2112907.jpg,2112907,2,0,NA
2112920_2,2023-01-04 18:56:16.303377,CLO,2112920.jpg,2112920,2,0,NA
2112922_2,2023-01-04 18:56:15.694019,CLO,2112922.jpg,2112922,2,0,NA
2112926_2,2023-01-04 18:56:15.037750,CLO,2112926.jpg,2112926,2,0,NA
2113052_2,2023-01-04 18:56:14.412765,CLO,2113052.jpg,2113052,2,0,NA
2112931_2,2023-01-04 18:56:13.694015,CLO,2112931.jpg,2112931,2,0,NA
2113002_2,2023-01-04 18:56:12.584717,CLO,2113002.jpg,2113002,2,0,NA
2113129_2,2023-01-04 18:56:11.990885,CLO,2113129.jpg,2113129,2,0,NA
2113140_2,2023-01-04 18:56:11.397359,CLO,2113140.jpg,2113140,2,0,NA
2113131_2,2023-01-04 18:56:10.740894,CLO,2113131.jpg,2113131,2,0,NA
2112985_2,2023-01-04 18:56:10.084652,CLO,2112985.jpg,2112985,2,0,NA
2110602_2,2023-01-04 18:56:09.490910,JEW,2110602.jpg,2110602,2,0,NA
2111176_2,2023-01-04 18:56:08.944032,ACC,2111176.jpg,2111176,2,0,NA
2111861_2,2023-01-04 18:56:08.444035,JEW,2111861.jpg,2111861,2,0,NA
2014382_2,2023-01-04 18:56:07.850297,ACC,2014382.jpg,2014382,2,0,NA
2100489_2,2023-01-04 18:56:07.287785,SHO,2100489.jpg,2100489,2,0,NA
2101148_2,2023-01-04 18:56:06.709656,SHO,2101148.jpg,2101148,2,0,NA
2105389_2,2023-01-04 18:56:06.147237,SHO,2105389.jpg,2105389,2,0,NA
2105786_2,2023-01-04 18:56:05.553421,ACC,2105786.jpg,2105786,2,0,NA
1906984_1,2023-01-04 18:56:04.897167,CLO,1906984.jpg,1906984,1,0,NA
1912618_1,2023-01-04 18:56:04.506567,CLO,1912618.jpg,1912618,1,0,NA
1910671_1,2023-01-04 18:56:03.756560,CLO,1910671.jpg,1910671,1,0,NA
2007386_2,2023-01-04 18:56:03.194058,ACC,2007386.jpg,2007386,2,0,NA
2007615_2,2023-01-04 18:56:02.600292,ACC,2007615.jpg,2007615,2,0,NA
2007565_2,2023-01-04 18:56:01.459689,ACC,2007565.jpg,2007565,2,0,NA
2011098_2,2023-01-04 18:56:00.928437,CLO,2011098.jpg,2011098,2,0,NA
2014638_2,2023-01-04 18:56:00.381697,CLO,2014638.jpg,2014638,2,0,NA
2100843_2,2023-01-04 18:55:59.694075,CLO,2100843.jpg,2100843,2,0,NA
2101480_2,2023-01-04 18:55:58.959694,CLO,2101480.jpg,2101480,2,0,NA
2101460_2,2023-01-04 18:55:58.319074,CLO,2101460.jpg,2101460,2,0,NA
2101506_2,2023-01-04 18:55:57.662921,CLO,2101506.jpg,2101506,2,0,NA
2101481_2,2023-01-04 18:55:57.100327,CLO,2101481.jpg,2101481,2,0,NA
2101511_2,2023-01-04 18:55:56.444083,CLO,2101511.jpg,2101511,2,0,NA
2103473_2,2023-01-04 18:55:55.819083,CLO,2103473.jpg,2103473,2,0,NA
2103762_2,2023-01-04 18:55:55.240966,CLO,2103762.jpg,2103762,2,0,NA
2104065_2,2023-01-04 18:55:54.475336,CLO,2104065.jpg,2104065,2,0,NA
2104113_2,2023-01-04 18:55:53.834716,CLO,2104113.jpg,2104113,2,0,NA
2109667_2,2023-01-04 18:55:53.225348,SHO,2109667.jpg,2109667,2,0,NA
2112264_2,2023-01-04 18:55:52.678452,CLO,2112264.jpg,2112264,2,0,NA
2112266_2,2023-01-04 18:55:52.147228,CLO,2112266.jpg,2112266,2,0,NA
2112265_2,2023-01-04 18:55:51.631580,CLO,2112265.jpg,2112265,2,0,NA
2112267_2,2023-01-04 18:55:51.069088,CLO,2112267.jpg,2112267,2,0,NA
2112268_2,2023-01-04 18:55:50.553473,CLO,2112268.jpg,2112268,2,0,NA
2112290_2,2023-01-04 18:55:49.975406,SHO,2112290.jpg,2112290,2,0,NA
2112292_2,2023-01-04 18:55:49.365983,SHO,2112292.jpg,2112292,2,0,NA
2112293_2,2023-01-04 18:55:48.865994,SHO,2112293.jpg,2112293,2,0,NA
2112327_2,2023-01-04 18:55:48.319125,CLO,2112327.jpg,2112327,2,0,NA
2112326_2,2023-01-04 18:55:47.756612,CLO,2112326.jpg,2112326,2,0,NA
2113197_2,2023-01-04 18:55:47.209731,SHO,2113197.jpg,2113197,2,0,NA
2107758_2,2023-01-04 18:55:46.600347,CLO,2107758.jpg,2107758,2,0,NA
2107000_2,2023-01-04 18:55:45.850373,CLO,2107000.jpg,2107000,2,0,NA
2107763_2,2023-01-04 18:55:45.240978,CLO,2107763.jpg,2107763,2,0,NA
2110331_2,2023-01-04 18:55:44.584750,CLO,2110331.jpg,2110331,2,0,NA
2109558_2,2023-01-04 18:55:43.569127,CLO,2109558.jpg,2109558,2,0,NA
2112601_2,2023-01-04 18:55:42.975387,CLO,2112601.jpg,2112601,2,0,NA
2112603_2,2023-01-04 18:55:42.209768,CLO,2112603.jpg,2112603,2,0,NA
2112602_2,2023-01-04 18:55:41.662973,CLO,2112602.jpg,2112602,2,0,NA
2106996_2,2023-01-04 18:55:41.006639,CLO,2106996.jpg,2106996,2,0,NA
2107848_2,2023-01-04 18:55:40.428517,CLO,2107848.jpg,2107848,2,0,NA
2107849_2,2023-01-04 18:55:39.819124,CLO,2107849.jpg,2107849,2,0,NA
2109226_2,2023-01-04 18:55:39.162886,CLO,2109226.jpg,2109226,2,0,NA
2109225_2,2023-01-04 18:55:38.553526,CLO,2109225.jpg,2109225,2,0,NA
2109553_2,2023-01-04 18:55:37.881654,CLO,2109553.jpg,2109553,2,0,NA
2109561_2,2023-01-04 18:55:37.162922,CLO,2109561.jpg,2109561,2,0,NA
2112806_2,2023-01-04 18:55:36.475423,CLO,2112806.jpg,2112806,2,0,NA
2112807_2,2023-01-04 18:55:35.803653,CLO,2112807.jpg,2112807,2,0,NA
2110328_2,2023-01-04 18:55:35.225431,CLO,2110328.jpg,2110328,2,0,NA
2112047_2,2023-01-04 18:55:34.444197,CLO,2112047.jpg,2112047,2,0,NA
2107345_2,2023-01-04 18:55:33.694271,CLO,2107345.jpg,2107345,2,0,NA
2108470_2,2023-01-04 18:55:33.147327,CLO,2108470.jpg,2108470,2,0,NA
2112805_2,2023-01-04 18:55:32.428537,CLO,2112805.jpg,2112805,2,0,NA
2112810_2,2023-01-04 18:55:31.756672,CLO,2112810.jpg,2112810,2,0,NA
2112800_2,2023-01-04 18:55:31.178551,SHO,2112800.jpg,2112800,2,0,NA
2108081_2,2023-01-04 18:55:30.537941,SHO,2108081.jpg,2108081,2,0,NA
2105498_2,2023-01-04 18:55:29.944180,CLO,2105498.jpg,2105498,2,0,NA
2108066_2,2023-01-04 18:55:29.303626,SHO,2108066.jpg,2108066,2,0,NA
2108261_2,2023-01-04 18:55:28.662941,CLO,2108261.jpg,2108261,2,0,NA
2108265_2,2023-01-04 18:55:28.022316,CLO,2108265.jpg,2108265,2,0,NA
2108395_2,2023-01-04 18:55:27.366110,CLO,2108395.jpg,2108395,2,0,NA
2108396_2,2023-01-04 18:55:26.162958,CLO,2108396.jpg,2108396,2,0,NA
2108403_2,2023-01-04 18:55:25.569198,CLO,2108403.jpg,2108403,2,0,NA
2108511_2,2023-01-04 18:55:24.756693,CLO,2108511.jpg,2108511,2,0,NA
2109217_2,2023-01-04 18:55:24.053576,CLO,2109217.jpg,2109217,2,0,NA
2109362_2,2023-01-04 18:55:23.522355,CLO,2109362.jpg,2109362,2,0,NA
2109442_2,2023-01-04 18:55:22.506702,CLO,2109442.jpg,2109442,2,0,NA
2109650_2,2023-01-04 18:55:21.850464,CLO,2109650.jpg,2109650,2,0,NA
2110321_2,2023-01-04 18:55:21.288016,CLO,2110321.jpg,2110321,2,0,NA
2110432_2,2023-01-04 18:55:20.694218,CLO,2110432.jpg,2110432,2,0,NA
2110514_2,2023-01-04 18:55:20.116094,CLO,2110514.jpg,2110514,2,0,NA
2110720_2,2023-01-04 18:55:19.537958,CLO,2110720.jpg,2110720,2,0,NA
2111214_2,2023-01-04 18:55:18.944222,CLO,2111214.jpg,2111214,2,0,NA
2111300_2,2023-01-04 18:55:18.209843,CLO,2111300.jpg,2111300,2,0,NA
2112078_2,2023-01-04 18:55:17.569246,CLO,2112078.jpg,2112078,2,0,NA
2112088_2,2023-01-04 18:55:16.991096,CLO,2112088.jpg,2112088,2,0,NA
2112135_2,2023-01-04 18:55:16.381806,CLO,2112135.jpg,2112135,2,0,NA
2112160_2,2023-01-04 18:55:15.819237,CLO,2112160.jpg,2112160,2,0,NA
2112177_2,2023-01-04 18:55:15.162992,CLO,2112177.jpg,2112177,2,0,NA
2112337_2,2023-01-04 18:55:14.522357,CLO,2112337.jpg,2112337,2,0,NA
2112357_2,2023-01-04 18:55:13.913005,CLO,2112357.jpg,2112357,2,0,NA
2112382_2,2023-01-04 18:55:12.709861,CLO,2112382.jpg,2112382,2,0,NA
2112381_2,2023-01-04 18:55:12.037998,CLO,2112381.jpg,2112381,2,0,NA
2112383_2,2023-01-04 18:55:11.428623,CLO,2112383.jpg,2112383,2,0,NA
2112412_2,2023-01-04 18:55:10.725521,CLO,2112412.jpg,2112412,2,0,NA
2112409_2,2023-01-04 18:55:10.131776,CLO,2112409.jpg,2112409,2,0,NA
2112414_2,2023-01-04 18:55:09.506761,CLO,2112414.jpg,2112414,2,0,NA
2112420_2,2023-01-04 18:55:08.850503,CLO,2112420.jpg,2112420,2,0,NA
2112418_2,2023-01-04 18:55:08.256767,CLO,2112418.jpg,2112418,2,0,NA
2112422_2,2023-01-04 18:55:07.522398,CLO,2112422.jpg,2112422,2,0,NA
2112432_2,2023-01-04 18:55:06.928653,CLO,2112432.jpg,2112432,2,0,NA
2112485_2,2023-01-04 18:55:06.381773,CLO,2112485.jpg,2112485,2,0,NA
2112562_2,2023-01-04 18:55:05.725527,CLO,2112562.jpg,2112562,2,0,NA
2112500_2,2023-01-04 18:55:05.022446,CLO,2112500.jpg,2112500,2,0,NA
2112638_2,2023-01-04 18:55:04.069259,CLO,2112638.jpg,2112638,2,0,NA
2112652_2,2023-01-04 18:55:02.975528,CLO,2112652.jpg,2112652,2,0,NA
2112671_2,2023-01-04 18:55:02.381804,CLO,2112671.jpg,2112671,2,0,NA
2112674_2,2023-01-04 18:55:01.756783,CLO,2112674.jpg,2112674,2,0,NA
2112676_2,2023-01-04 18:55:00.928694,CLO,2112676.jpg,2112676,2,0,NA
2112675_2,2023-01-04 18:55:00.288038,CLO,2112675.jpg,2112675,2,0,NA
2112721_2,2023-01-04 18:54:59.678708,CLO,2112721.jpg,2112721,2,0,NA
2112719_2,2023-01-04 18:54:59.069300,CLO,2112719.jpg,2112719,2,0,NA
2112681_2,2023-01-04 18:54:58.459942,CLO,2112681.jpg,2112681,2,0,NA
2112730_2,2023-01-04 18:54:57.834929,CLO,2112730.jpg,2112730,2,0,NA
2112724_2,2023-01-04 18:54:57.225562,CLO,2112724.jpg,2112724,2,0,NA
2112733_2,2023-01-04 18:54:56.006804,CLO,2112733.jpg,2112733,2,0,NA
2112741_2,2023-01-04 18:54:55.428690,CLO,2112741.jpg,2112741,2,0,NA
2112739_2,2023-01-04 18:54:54.850579,CLO,2112739.jpg,2112739,2,0,NA
2112854_2,2023-01-04 18:54:53.725578,CLO,2112854.jpg,2112854,2,0,NA
2112856_2,2023-01-04 18:54:53.116248,CLO,2112856.jpg,2112856,2,0,NA
2112860_2,2023-01-04 18:54:52.428700,CLO,2112860.jpg,2112860,2,0,NA
2112884_2,2023-01-04 18:54:51.366218,CLO,2112884.jpg,2112884,2,0,NA
2112911_2,2023-01-04 18:54:50.772445,CLO,2112911.jpg,2112911,2,0,NA
2112904_2,2023-01-04 18:54:50.131837,CLO,2112904.jpg,2112904,2,0,NA
2112917_2,2023-01-04 18:54:49.491213,CLO,2112917.jpg,2112917,2,0,NA
2112930_2,2023-01-04 18:54:48.866216,CLO,2112930.jpg,2112930,2,0,NA
2112950_2,2023-01-04 18:54:48.256826,CLO,2112950.jpg,2112950,2,0,NA
2112954_2,2023-01-04 18:54:47.647476,CLO,2112954.jpg,2112954,2,0,NA
2112971_2,2023-01-04 18:54:47.022477,CLO,2112971.jpg,2112971,2,0,NA
2112970_2,2023-01-04 18:54:46.475580,CLO,2112970.jpg,2112970,2,0,NA
2112975_2,2023-01-04 18:54:45.850611,CLO,2112975.jpg,2112975,2,0,NA
2112979_2,2023-01-04 18:54:45.053741,CLO,2112979.jpg,2112979,2,0,NA
2112980_2,2023-01-04 18:54:44.475719,CLO,2112980.jpg,2112980,2,0,NA
2112981_2,2023-01-04 18:54:43.913148,CLO,2112981.jpg,2112981,2,0,NA
2113001_2,2023-01-04 18:54:43.225625,CLO,2113001.jpg,2113001,2,0,NA
2112990_2,2023-01-04 18:54:42.460212,CLO,2112990.jpg,2112990,2,0,NA
2113096_2,2023-01-04 18:54:41.881890,CLO,2113096.jpg,2113096,2,0,NA
2113107_2,2023-01-04 18:54:41.303740,CLO,2113107.jpg,2113107,2,0,NA
2113153_2,2023-01-04 18:54:40.725622,CLO,2113153.jpg,2113153,2,0,NA
2113154_2,2023-01-04 18:54:39.928728,CLO,2113154.jpg,2113154,2,0,NA
2113155_2,2023-01-04 18:54:39.334984,CLO,2113155.jpg,2113155,2,0,NA
2113157_2,2023-01-04 18:54:38.553942,CLO,2113157.jpg,2113157,2,0,NA
2113156_2,2023-01-04 18:54:37.866239,CLO,2113156.jpg,2113156,2,0,NA
2113170_2,2023-01-04 18:54:37.198624,CLO,2113170.jpg,2113170,2,0,NA
2113172_2,2023-01-04 18:54:36.444503,CLO,2113172.jpg,2113172,2,0,NA
2113174_2,2023-01-04 18:54:35.725627,CLO,2113174.jpg,2113174,2,0,NA
2113188_2,2023-01-04 18:54:35.053760,CLO,2113188.jpg,2113188,2,0,NA
2113236_2,2023-01-04 18:54:34.381904,CLO,2113236.jpg,2113236,2,0,NA
2113190_2,2023-01-04 18:54:33.741273,CLO,2113190.jpg,2113190,2,0,NA
2113250_2,2023-01-04 18:54:33.116285,CLO,2113250.jpg,2113250,2,0,NA
2113246_2,2023-01-04 18:54:32.553785,CLO,2113246.jpg,2113246,2,0,NA
2113249_2,2023-01-04 18:54:31.928888,CLO,2113249.jpg,2113249,2,0,NA
2113271_2,2023-01-04 18:54:31.241372,CLO,2113271.jpg,2113271,2,0,NA
2113255_2,2023-01-04 18:54:30.631975,CLO,2113255.jpg,2113255,2,0,NA
2113277_2,2023-01-04 18:54:29.522577,CLO,2113277.jpg,2113277,2,0,NA
2113294_2,2023-01-04 18:54:28.866288,CLO,2113294.jpg,2113294,2,0,NA
2113295_2,2023-01-04 18:54:28.194462,CLO,2113295.jpg,2113295,2,0,NA
2113297_2,2023-01-04 18:54:27.585036,CLO,2113297.jpg,2113297,2,0,NA
2113303_2,2023-01-04 18:54:26.960059,CLO,2113303.jpg,2113303,2,0,NA
2113560_2,2023-01-04 18:54:06.100738,CLO,2113560.jpg,2113560,2,0,NA
2113761_2,2023-01-04 18:54:05.507001,CLO,2113761.jpg,2113761,2,0,NA
2113769_2,2023-01-04 18:54:04.944515,CLO,2113769.jpg,2113769,2,0,NA
2113770_2,2023-01-04 18:54:04.319517,CLO,2113770.jpg,2113770,2,0,NA
2113841_2,2023-01-04 18:54:03.710154,CLO,2113841.jpg,2113841,2,0,NA
2113829_2,2023-01-04 18:54:03.116380,CLO,2113829.jpg,2113829,2,0,NA
2113945_2,2023-01-04 18:54:02.491406,CLO,2113945.jpg,2113945,2,0,NA
2114016_2,2023-01-04 18:54:01.710157,CLO,2114016.jpg,2114016,2,0,NA
2114046_2,2023-01-04 18:54:01.116399,CLO,2114046.jpg,2114046,2,0,NA
2114053_2,2023-01-04 18:54:00.538281,CLO,2114053.jpg,2114053,2,0,NA
2114050_2,2023-01-04 18:53:59.882008,CLO,2114050.jpg,2114050,2,0,NA
2114325_2,2023-01-04 18:53:59.163280,CLO,2114325.jpg,2114325,2,0,NA
2114329_2,2023-01-04 18:53:58.491387,CLO,2114329.jpg,2114329,2,0,NA
2114331_2,2023-01-04 18:53:57.882033,CLO,2114331.jpg,2114331,2,0,NA
2114357_2,2023-01-04 18:53:57.132051,CLO,2114357.jpg,2114357,2,0,NA
2006864_2,2023-01-04 18:53:56.522674,CLO,2006864.jpg,2006864,2,0,NA
2106729_2,2023-01-04 18:53:55.803921,CLO,2106729.jpg,2106729,2,0,NA
2110174_2,2023-01-04 18:53:55.194570,CLO,2110174.jpg,2110174,2,0,NA
2110175_2,2023-01-04 18:53:54.585202,CLO,2110175.jpg,2110175,2,0,NA
2110178_2,2023-01-04 18:53:53.960374,CLO,2110178.jpg,2110178,2,0,NA
2112605_2,2023-01-04 18:53:53.366426,CLO,2112605.jpg,2112605,2,0,NA
2112661_2,2023-01-04 18:53:52.803987,CLO,2112661.jpg,2112661,2,0,NA
2112662_2,2023-01-04 18:53:52.272739,CLO,2112662.jpg,2112662,2,0,NA
2102329_2,2023-01-04 18:53:51.678943,ACC,2102329.jpg,2102329,2,0,NA
2105232_2,2023-01-04 18:53:51.053951,ACC,2105232.jpg,2105232,2,0,NA
2103610_2,2023-01-04 18:53:50.350818,JEW,2103610.jpg,2103610,2,0,NA
2115006_2,2023-01-04 18:53:49.772693,BEAUTY,2115006.jpg,2115006,2,0,NA
2109498_2,2023-01-04 18:53:49.382074,BEAUTY,2109498.jpg,2109498,2,0,NA
2108822_2,2023-01-04 18:53:48.819555,JEW,2108822.jpg,2108822,2,0,NA
2109981_2,2023-01-04 18:53:48.257075,ACC,2109981.jpg,2109981,2,0,NA
2110530_2,2023-01-04 18:53:47.694576,BEAUTY,2110530.jpg,2110530,2,0,NA
2110531_2,2023-01-04 18:53:47.069822,BEAUTY,2110531.jpg,2110531,2,0,NA
2110552_2,2023-01-04 18:53:46.491539,BEAUTY,2110552.jpg,2110552,2,0,NA
2110532_2,2023-01-04 18:53:45.944603,BEAUTY,2110532.jpg,2110532,2,0,NA
2110550_2,2023-01-04 18:53:45.366458,BEAUTY,2110550.jpg,2110550,2,0,NA
2111322_2,2023-01-04 18:53:44.303958,ACC,2111322.jpg,2111322,2,0,NA
2110926_2,2023-01-04 18:53:43.741467,BEAUTY,2110926.jpg,2110926,2,0,NA
2110922_2,2023-01-04 18:53:43.194586,BEAUTY,2110922.jpg,2110922,2,0,NA
2111714_2,2023-01-04 18:53:42.632118,ACC,2111714.jpg,2111714,2,0,NA
2111732_2,2023-01-04 18:53:42.038330,ACC,2111732.jpg,2111732,2,0,NA
2111751_2,2023-01-04 18:53:41.475848,ACC,2111751.jpg,2111751,2,0,NA
2111753_2,2023-01-04 18:53:40.835225,ACC,2111753.jpg,2111753,2,0,NA
1708625_1,2023-01-04 18:53:40.272749,JEW,1708625.jpg,1708625,1,0,NA
1900607_1,2023-01-04 18:53:39.585378,ACC,1900607.jpg,1900607,1,0,NA
1911025_1,2023-01-04 18:53:39.022738,JEW,1911025.jpg,1911025,1,0,NA
1912371_1,2023-01-04 18:53:38.491487,BEAUTY,1912371.jpg,1912371,1,0,NA
1912025_1,2023-01-04 18:53:37.944607,JEW,1912025.jpg,1912025,1,0,NA
2000632_2,2023-01-04 18:53:37.397746,JEW,2000632.jpg,2000632,2,0,NA
2000283_2,2023-01-04 18:53:36.819651,JEW,2000283.jpg,2000283,2,0,NA
2000858_2,2023-01-04 18:53:36.257119,JEW,2000858.jpg,2000858,2,0,NA
2001896_2,2023-01-04 18:53:35.725876,JEW,2001896.jpg,2001896,2,0,NA
2002281_2,2023-01-04 18:53:35.163493,JEW,2002281.jpg,2002281,2,0,NA
1906806_1,2023-01-04 18:53:34.772858,JEW,1906806.jpg,1906806,1,0,NA
2003686_2,2023-01-04 18:53:34.179010,JEW,2003686.jpg,2003686,2,0,NA
2002965_2,2023-01-04 18:53:33.616515,JEW,2002965.jpg,2002965,2,0,NA
2005275_2,2023-01-04 18:53:33.225878,JEW,2005275.jpg,2005275,2,0,NA
2002813_2,2023-01-04 18:53:32.678983,JEW,2002813.jpg,2002813,2,0,NA
2005399_2,2023-01-04 18:53:32.007122,JEW,2005399.jpg,2005399,2,0,NA
2005989_2,2023-01-04 18:53:31.444623,JEW,2005989.jpg,2005989,2,0,NA
1912791_1,2023-01-04 18:53:31.042569,JEW,1912791.jpg,1912791,1,0,NA
2006176_2,2023-01-04 18:53:30.413424,JEW,2006176.jpg,2006176,2,0,NA
2006177_2,2023-01-04 18:53:29.866649,JEW,2006177.jpg,2006177,2,0,NA
2006184_2,2023-01-04 18:53:29.257123,JEW,2006184.jpg,2006184,2,0,NA
2006180_2,2023-01-04 18:53:28.538395,JEW,2006180.jpg,2006180,2,0,NA
2006403_2,2023-01-04 18:53:27.929237,JEW,2006403.jpg,2006403,2,0,NA
2006189_2,2023-01-04 18:53:27.319804,JEW,2006189.jpg,2006189,2,0,NA
2006416_2,2023-01-04 18:53:26.710282,JEW,2006416.jpg,2006416,2,0,NA
2006521_2,2023-01-04 18:53:26.147783,JEW,2006521.jpg,2006521,2,0,NA
2006838_2,2023-01-04 18:53:25.569685,JEW,2006838.jpg,2006838,2,0,NA
2004227_2,2023-01-04 18:53:25.179024,JEW,2004227.jpg,2004227,2,0,NA
2006923_2,2023-01-04 18:53:24.054062,JEW,2006923.jpg,2006923,2,0,NA
2010691_2,2023-01-04 18:53:23.460282,ACC,2010691.jpg,2010691,2,0,NA
2009254_2,2023-01-04 18:53:22.804028,JEW,2009254.jpg,2009254,2,0,NA
2010684_2,2023-01-04 18:53:22.179042,JEW,2010684.jpg,2010684,2,0,NA
2011526_2,2023-01-04 18:53:21.100935,JEW,2011526.jpg,2011526,2,0,NA
2012245_2,2023-01-04 18:53:20.522869,JEW,2012245.jpg,2012245,2,0,NA
2012673_2,2023-01-04 18:53:20.132175,JEW,2012673.jpg,2012673,2,0,NA
2009217_2,2023-01-04 18:53:19.569679,JEW,2009217.jpg,2009217,2,0,NA
2105454_2,2023-01-04 18:53:18.991549,JEW,2105454.jpg,2105454,2,0,NA
2106217_2,2023-01-04 18:53:18.429060,ACC,2106217.jpg,2106217,2,0,NA
2109669_2,2023-01-04 18:53:17.866556,ACC,2109669.jpg,2109669,2,0,NA
2108217_2,2023-01-04 18:53:17.444698,ACC,2108217.jpg,2108217,2,0,NA
2109254_2,2023-01-04 18:53:16.819691,ACC,2109254.jpg,2109254,2,0,NA
2110551_2,2023-01-04 18:53:16.179072,BEAUTY,2110551.jpg,2110551,2,0,NA
2110559_2,2023-01-04 18:53:15.632195,BEAUTY,2110559.jpg,2110559,2,0,NA
2110567_2,2023-01-04 18:53:15.100938,BEAUTY,2110567.jpg,2110567,2,0,NA
2110571_2,2023-01-04 18:53:14.507197,ACC,2110571.jpg,2110571,2,0,NA
2110682_2,2023-01-04 18:53:08.647843,BEAUTY,2110682.jpg,2110682,2,0,NA
2110678_2,2023-01-04 18:53:08.085350,BEAUTY,2110678.jpg,2110678,2,0,NA
2110868_2,2023-01-04 18:53:07.538595,BEAUTY,2110868.jpg,2110868,2,0,NA
2110876_2,2023-01-04 18:53:06.975984,BEAUTY,2110876.jpg,2110876,2,0,NA
2110879_2,2023-01-04 18:53:06.429125,BEAUTY,2110879.jpg,2110879,2,0,NA
2110885_2,2023-01-04 18:53:05.772867,BEAUTY,2110885.jpg,2110885,2,0,NA
2111863_2,2023-01-04 18:53:05.241639,JEW,2111863.jpg,2111863,2,0,NA
2112277_2,2023-01-04 18:53:04.647870,CLO,2112277.jpg,2112277,2,0,NA
2113114_2,2023-01-04 18:53:03.476156,ACC,2113114.jpg,2113114,2,0,NA
2113222_2,2023-01-04 18:53:02.929123,ACC,2113222.jpg,2113222,2,0,NA
2113116_2,2023-01-04 18:53:02.366614,ACC,2113116.jpg,2113116,2,0,NA
2113225_2,2023-01-04 18:53:01.694739,ACC,2113225.jpg,2113225,2,0,NA
2113242_2,2023-01-04 18:53:01.116629,ACC,2113242.jpg,2113242,2,0,NA
2113503_2,2023-01-04 18:53:00.554158,ACC,2113503.jpg,2113503,2,0,NA
2113502_2,2023-01-04 18:52:59.929134,ACC,2113502.jpg,2113502,2,0,NA
2113506_2,2023-01-04 18:52:59.241635,ACC,2113506.jpg,2113506,2,0,NA
2113504_2,2023-01-04 18:52:57.757299,ACC,2113504.jpg,2113504,2,0,NA
2114043_2,2023-01-04 18:52:57.147895,BEAUTY,2114043.jpg,2114043,2,0,NA
2114040_2,2023-01-04 18:52:56.288521,BEAUTY,2114040.jpg,2114040,2,0,NA
2114047_2,2023-01-04 18:52:55.647902,BEAUTY,2114047.jpg,2114047,2,0,NA
1707393_1,2023-01-04 18:52:54.991663,BEAUTY,1707393.jpg,1707393,1,0,NA
1606530_1,2023-01-04 18:52:54.601017,BEAUTY,1606530.jpg,1606530,1,0,NA
2104652_2,2023-01-04 18:52:54.210502,BEAUTY,2104652.jpg,2104652,2,0,NA
1707781_1,2023-01-04 18:52:53.788529,BEAUTY,1707781.jpg,1707781,1,0,NA
1609645_1,2023-01-04 18:52:53.382281,BEAUTY,1609645.jpg,1609645,1,0,NA
1701895_1,2023-01-04 18:52:52.788522,BEAUTY,1701895.jpg,1701895,1,0,NA
1811692_1,2023-01-04 18:52:52.179141,BEAUTY,1811692.jpg,1811692,1,0,NA
1606536_1,2023-01-04 18:52:51.772908,BEAUTY,1606536.jpg,1606536,1,0,NA
1606907_1,2023-01-04 18:52:51.382496,BEAUTY,1606907.jpg,1606907,1,0,NA
1606532_1,2023-01-04 18:52:50.976047,BEAUTY,1606532.jpg,1606532,1,0,NA
2114059_2,2023-01-04 18:52:50.585444,BEAUTY,2114059.jpg,2114059,2,0,NA
2111166_2,2023-01-04 18:52:50.179163,BEAUTY,2111166.jpg,2111166,2,0,NA
1908631_1,2023-01-04 18:52:49.788539,BEAUTY,1908631.jpg,1908631,1,0,NA
1912981_1,2023-01-04 18:52:49.397912,BEAUTY,1912981.jpg,1912981,1,0,NA
1609646_1,2023-01-04 18:52:49.007303,BEAUTY,1609646.jpg,1609646,1,0,NA
1503373_1,2023-01-04 18:52:48.601031,BEAUTY,1503373.jpg,1503373,1,0,NA
1701835_1,2023-01-04 18:52:48.179277,BEAUTY,1701835.jpg,1701835,1,0,NA
1609644_1,2023-01-04 18:52:47.772940,BEAUTY,1609644.jpg,1609644,1,0,NA
2111127_2,2023-01-04 18:52:47.382313,BEAUTY,2111127.jpg,2111127,2,0,NA
1707773_1,2023-01-04 18:52:46.976139,BEAUTY,1707773.jpg,1707773,1,0,NA
1707751_1,2023-01-04 18:52:46.585440,BEAUTY,1707751.jpg,1707751,1,0,NA
2114055_2,2023-01-04 18:52:46.194809,BEAUTY,2114055.jpg,2114055,2,0,NA
1908635_1,2023-01-04 18:51:32.945087,BEAUTY,1908635.jpg,1908635,1,0,NA
1912982_1,2023-01-04 18:51:32.554474,BEAUTY,1912982.jpg,1912982,1,0,NA
1811690_1,2023-01-04 18:51:32.163963,BEAUTY,1811690.jpg,1811690,1,0,NA
1710022_1,2023-01-04 18:51:31.773216,BEAUTY,1710022.jpg,1710022,1,0,NA
1609642_1,2023-01-04 18:51:31.382605,BEAUTY,1609642.jpg,1609642,1,0,NA
1707777_1,2023-01-04 18:51:30.960955,BEAUTY,1707777.jpg,1707777,1,0,NA
2010175_2,2023-01-04 18:51:30.413985,JEW,2010175.jpg,2010175,2,0,NA
2001903_2,2023-01-04 18:51:30.007595,JEW,2001903.jpg,2001903,2,0,NA
1908912_1,2023-01-04 18:51:29.335739,ACC,1908912.jpg,1908912,1,0,NA
1911285_1,2023-01-04 18:51:28.757604,JEW,1911285.jpg,1911285,1,0,NA
2002755_2,2023-01-04 18:51:28.210724,JEW,2002755.jpg,2002755,2,0,NA
2003696_2,2023-01-04 18:51:27.617001,JEW,2003696.jpg,2003696,2,0,NA
2003248_2,2023-01-04 18:51:27.070120,JEW,2003248.jpg,2003248,2,0,NA
2003609_2,2023-01-04 18:51:26.132623,JEW,2003609.jpg,2003609,2,0,NA
2004031_2,2023-01-04 18:51:25.507614,CLO,2004031.jpg,2004031,2,0,NA
2003688_2,2023-01-04 18:51:24.913881,JEW,2003688.jpg,2003688,2,0,NA
2004963_2,2023-01-04 18:51:24.335733,ACC,2004963.jpg,2004963,2,0,NA
2003920_2,2023-01-04 18:51:23.788877,JEW,2003920.jpg,2003920,2,0,NA
2004965_2,2023-01-04 18:51:23.195136,ACC,2004965.jpg,2004965,2,0,NA
2005047_2,2023-01-04 18:51:22.617008,ACC,2005047.jpg,2005047,2,0,NA
2005059_2,2023-01-04 18:51:21.960788,ACC,2005059.jpg,2005059,2,0,NA
2005119_2,2023-01-04 18:51:21.351389,ACC,2005119.jpg,2005119,2,0,NA
2005135_2,2023-01-04 18:51:20.757615,ACC,2005135.jpg,2005135,2,0,NA
2005120_2,2023-01-04 18:51:20.195215,ACC,2005120.jpg,2005120,2,0,NA
2005138_2,2023-01-04 18:51:19.632639,ACC,2005138.jpg,2005138,2,0,NA
2005139_2,2023-01-04 18:51:18.664148,ACC,2005139.jpg,2005139,2,0,NA
2005272_2,2023-01-04 18:51:17.851411,JEW,2005272.jpg,2005272,2,0,NA
1906061_1,2023-01-04 18:51:17.429533,JEW,1906061.jpg,1906061,1,0,NA
2006026_2,2023-01-04 18:51:16.820163,JEW,2006026.jpg,2006026,2,0,NA
2006179_2,2023-01-04 18:51:16.226393,JEW,2006179.jpg,2006179,2,0,NA
2006187_2,2023-01-04 18:51:15.695174,JEW,2006187.jpg,2006187,2,0,NA
2006199_2,2023-01-04 18:51:15.085783,JEW,2006199.jpg,2006199,2,0,NA
2006182_2,2023-01-04 18:51:14.538937,JEW,2006182.jpg,2006182,2,0,NA
2006291_2,2023-01-04 18:51:13.960899,JEW,2006291.jpg,2006291,2,0,NA
2006373_2,2023-01-04 18:51:13.398366,JEW,2006373.jpg,2006373,2,0,NA
2006382_2,2023-01-04 18:51:12.804596,JEW,2006382.jpg,2006382,2,0,NA
2006574_2,2023-01-04 18:51:12.226424,BEAUTY,2006574.jpg,2006574,2,0,NA
2003062_2,2023-01-04 18:51:11.648301,JEW,2003062.jpg,2003062,2,0,NA
2006628_2,2023-01-04 18:51:11.242050,CLO,2006628.jpg,2006628,2,0,NA
2006624_2,2023-01-04 18:51:10.148306,JEW,2006624.jpg,2006624,2,0,NA
2003933_2,2023-01-04 18:51:09.570184,JEW,2003933.jpg,2003933,2,0,NA
2006649_2,2023-01-04 18:51:09.179560,JEW,2006649.jpg,2006649,2,0,NA
2006787_2,2023-01-04 18:51:08.304545,JEW,2006787.jpg,2006787,2,0,NA
2003240_2,2023-01-04 18:51:07.882699,JEW,2003240.jpg,2003240,2,0,NA
2006724_2,2023-01-04 18:51:07.273308,BEAUTY,2006724.jpg,2006724,2,0,NA
2006806_2,2023-01-04 18:51:06.632690,JEW,2006806.jpg,2006806,2,0,NA
2006910_2,2023-01-04 18:51:06.085821,ACC,2006910.jpg,2006910,2,0,NA
2006868_2,2023-01-04 18:51:05.648418,ACC,2006868.jpg,2006868,2,0,NA
2003837_2,2023-01-04 18:51:05.070186,ACC,2003837.jpg,2003837,2,0,NA
2006916_2,2023-01-04 18:51:04.460827,JEW,2006916.jpg,2006916,2,0,NA
2003889_2,2023-01-04 18:51:04.070216,JEW,2003889.jpg,2003889,2,0,NA
2007126_2,2023-01-04 18:51:03.476468,JEW,2007126.jpg,2007126,2,0,NA
2007123_2,2023-01-04 18:51:02.851460,JEW,2007123.jpg,2007123,2,0,NA
2007149_2,2023-01-04 18:51:02.226462,JEW,2007149.jpg,2007149,2,0,NA
2007231_2,2023-01-04 18:51:01.507698,BEAUTY,2007231.jpg,2007231,2,0,NA
2007255_2,2023-01-04 18:51:00.788964,ACC,2007255.jpg,2007255,2,0,NA
2007253_2,2023-01-04 18:50:59.992108,ACC,2007253.jpg,2007253,2,0,NA
2007256_2,2023-01-04 18:50:59.413968,ACC,2007256.jpg,2007256,2,0,NA
2007254_2,2023-01-04 18:50:58.882716,ACC,2007254.jpg,2007254,2,0,NA
2007257_2,2023-01-04 18:50:58.335863,ACC,2007257.jpg,2007257,2,0,NA
2008057_2,2023-01-04 18:50:57.679600,ACC,2008057.jpg,2008057,2,0,NA
2008938_2,2023-01-04 18:50:56.960859,ACC,2008938.jpg,2008938,2,0,NA
2008884_2,2023-01-04 18:50:56.367224,ACC,2008884.jpg,2008884,2,0,NA
2009273_2,2023-01-04 18:50:55.851874,JEW,2009273.jpg,2009273,2,0,NA
2009058_2,2023-01-04 18:50:55.273358,JEW,2009058.jpg,2009058,2,0,NA
2009592_2,2023-01-04 18:50:54.663995,JEW,2009592.jpg,2009592,2,0,NA
2009384_2,2023-01-04 18:50:54.101478,ACC,2009384.jpg,2009384,2,0,NA
2009599_2,2023-01-04 18:50:53.523365,JEW,2009599.jpg,2009599,2,0,NA
2009585_2,2023-01-04 18:50:52.945253,JEW,2009585.jpg,2009585,2,0,NA
2009594_2,2023-01-04 18:50:52.304631,JEW,2009594.jpg,2009594,2,0,NA
2010227_2,2023-01-04 18:50:51.710872,JEW,2010227.jpg,2010227,2,0,NA
2011442_2,2023-01-04 18:50:51.132756,JEW,2011442.jpg,2011442,2,0,NA
2011883_2,2023-01-04 18:50:50.539002,JEW,2011883.jpg,2011883,2,0,NA
2009576_2,2023-01-04 18:50:50.164172,JEW,2009576.jpg,2009576,2,0,NA
2012051_2,2023-01-04 18:50:49.554630,ACC,2012051.jpg,2012051,2,0,NA
2012075_2,2023-01-04 18:50:48.976495,ACC,2012075.jpg,2012075,2,0,NA
2012709_2,2023-01-04 18:50:48.429641,JEW,2012709.jpg,2012709,2,0,NA
2012834_2,2023-01-04 18:50:47.820263,SHO,2012834.jpg,2012834,2,0,NA
2013369_2,2023-01-04 18:50:47.179648,JEW,2013369.jpg,2013369,2,0,NA
2100762_2,2023-01-04 18:50:46.585870,ACC,2100762.jpg,2100762,2,0,NA
2105029_2,2023-01-04 18:50:45.992160,SHO,2105029.jpg,2105029,2,0,NA
2105385_2,2023-01-04 18:50:45.460913,SHO,2105385.jpg,2105385,2,0,NA
2105806_2,2023-01-04 18:50:44.835901,ACC,2105806.jpg,2105806,2,0,NA
2106161_2,2023-01-04 18:50:44.257788,ACC,2106161.jpg,2106161,2,0,NA
2105747_2,2023-01-04 18:50:43.648499,ACC,2105747.jpg,2105747,2,0,NA
2106885_2,2023-01-04 18:50:43.070472,SHO,2106885.jpg,2106885,2,0,NA
2107779_2,2023-01-04 18:50:42.492136,ACC,2107779.jpg,2107779,2,0,NA
2107920_2,2023-01-04 18:50:41.929673,SHO,2107920.jpg,2107920,2,0,NA
2107921_2,2023-01-04 18:50:41.304669,SHO,2107921.jpg,2107921,2,0,NA
2107927_2,2023-01-04 18:50:40.695287,SHO,2107927.jpg,2107927,2,0,NA
2107923_2,2023-01-04 18:50:40.117176,SHO,2107923.jpg,2107923,2,0,NA
2107929_2,2023-01-04 18:50:39.554685,SHO,2107929.jpg,2107929,2,0,NA
2107930_2,2023-01-04 18:50:38.898435,SHO,2107930.jpg,2107930,2,0,NA
2107931_2,2023-01-04 18:50:38.257813,SHO,2107931.jpg,2107931,2,0,NA
2108076_2,2023-01-04 18:50:37.601593,SHO,2108076.jpg,2108076,2,0,NA
2108079_2,2023-01-04 18:50:36.914052,SHO,2108079.jpg,2108079,2,0,NA
2108082_2,2023-01-04 18:50:36.304702,SHO,2108082.jpg,2108082,2,0,NA
2108418_2,2023-01-04 18:50:35.710925,SHO,2108418.jpg,2108418,2,0,NA
2109250_2,2023-01-04 18:50:35.085935,ACC,2109250.jpg,2109250,2,0,NA
2109382_2,2023-01-04 18:50:34.382801,SHO,2109382.jpg,2109382,2,0,NA
2109415_2,2023-01-04 18:50:33.757816,SHO,2109415.jpg,2109415,2,0,NA
2109416_2,2023-01-04 18:50:33.039160,SHO,2109416.jpg,2109416,2,0,NA
2109995_2,2023-01-04 18:50:32.445409,CLO,2109995.jpg,2109995,2,0,NA
2110568_2,2023-01-04 18:50:31.835975,ACC,2110568.jpg,2110568,2,0,NA
2110719_2,2023-01-04 18:50:31.242280,SHO,2110719.jpg,2110719,2,0,NA
2112274_2,2023-01-04 18:50:30.679768,CLO,2112274.jpg,2112274,2,0,NA
2111734_2,2023-01-04 18:50:30.023456,SHO,2111734.jpg,2111734,2,0,NA
2112291_2,2023-01-04 18:50:29.445342,SHO,2112291.jpg,2112291,2,0,NA
2112330_2,2023-01-04 18:50:28.710974,CLO,2112330.jpg,2112330,2,0,NA
2112275_2,2023-01-04 18:50:28.070339,CLO,2112275.jpg,2112275,2,0,NA
2112752_2,2023-01-04 18:50:27.367229,SHO,2112752.jpg,2112752,2,0,NA
2112754_2,2023-01-04 18:50:26.757846,SHO,2112754.jpg,2112754,2,0,NA
2112799_2,2023-01-04 18:50:25.882853,SHO,2112799.jpg,2112799,2,0,NA
2112801_2,2023-01-04 18:50:24.882843,SHO,2112801.jpg,2112801,2,0,NA
2113103_2,2023-01-04 18:50:23.476595,SHO,2113103.jpg,2113103,2,0,NA
2113102_2,2023-01-04 18:50:22.882866,SHO,2113102.jpg,2113102,2,0,NA
2007138_2,2023-01-04 18:50:22.195369,JEW,2007138.jpg,2007138,2,0,NA
2011717_2,2023-01-04 18:50:21.648493,CLO,2011717.jpg,2011717,2,0,NA
1808967_1,2023-01-04 18:50:21.257862,CLO,1808967.jpg,1808967,1,0,NA
2010812_2,2023-01-04 18:50:20.664097,CLO,2010812.jpg,2010812,2,0,NA
2007981_2,2023-01-04 18:50:20.007875,CLO,2007981.jpg,2007981,2,0,NA
2011516_2,2023-01-04 18:50:18.914150,CLO,2011516.jpg,2011516,2,0,NA
2011505_2,2023-01-04 18:50:18.179761,CLO,2011505.jpg,2011505,2,0,NA
2103234_2,2023-01-04 18:50:17.586002,CLO,2103234.jpg,2103234,2,0,NA
2103307_2,2023-01-04 18:50:16.992265,CLO,2103307.jpg,2103307,2,0,NA
2103366_2,2023-01-04 18:50:15.789319,CLO,2103366.jpg,2103366,2,0,NA
2103367_2,2023-01-04 18:50:15.210990,CLO,2103367.jpg,2103367,2,0,NA
2105281_2,2023-01-04 18:50:14.632914,CLO,2105281.jpg,2105281,2,0,NA
2107290_2,2023-01-04 18:50:13.914137,CLO,2107290.jpg,2107290,2,0,NA
2107609_2,2023-01-04 18:50:13.289154,CLO,2107609.jpg,2107609,2,0,NA
2107740_2,2023-01-04 18:50:12.648535,CLO,2107740.jpg,2107740,2,0,NA
2108035_2,2023-01-04 18:50:11.992297,CLO,2108035.jpg,2108035,2,0,NA
2108794_2,2023-01-04 18:50:11.320414,CLO,2108794.jpg,2108794,2,0,NA
2108799_2,2023-01-04 18:50:10.632924,CLO,2108799.jpg,2108799,2,0,NA
2108893_2,2023-01-04 18:50:10.039158,CLO,2108893.jpg,2108893,2,0,NA
2109071_2,2023-01-04 18:50:09.461045,CLO,2109071.jpg,2109071,2,0,NA
2109130_2,2023-01-04 18:50:08.773550,CLO,2109130.jpg,2109130,2,0,NA
2109279_2,2023-01-04 18:50:08.086040,CLO,2109279.jpg,2109279,2,0,NA
2109535_2,2023-01-04 18:50:07.476664,CLO,2109535.jpg,2109535,2,0,NA
2109614_2,2023-01-04 18:50:06.882919,CLO,2109614.jpg,2109614,2,0,NA
2109666_2,2023-01-04 18:50:06.211038,CLO,2109666.jpg,2109666,2,0,NA
2109904_2,2023-01-04 18:50:05.445418,CLO,2109904.jpg,2109904,2,0,NA
2110370_2,2023-01-04 18:50:04.851684,CLO,2110370.jpg,2110370,2,0,NA
2110428_2,2023-01-04 18:50:04.164293,CLO,2110428.jpg,2110428,2,0,NA
2110455_2,2023-01-04 18:50:03.461048,CLO,2110455.jpg,2110455,2,0,NA
2110927_2,2023-01-04 18:50:02.804802,CLO,2110927.jpg,2110927,2,0,NA
2110931_2,2023-01-04 18:50:02.117315,CLO,2110931.jpg,2110931,2,0,NA
2110934_2,2023-01-04 18:50:01.476700,CLO,2110934.jpg,2110934,2,0,NA
2111107_2,2023-01-04 18:50:00.773575,CLO,2111107.jpg,2111107,2,0,NA
2111108_2,2023-01-04 18:50:00.086297,CLO,2111108.jpg,2111108,2,0,NA
2111193_2,2023-01-04 18:49:59.554839,CLO,2111193.jpg,2111193,2,0,NA
2111262_2,2023-01-04 18:49:58.882954,CLO,2111262.jpg,2111262,2,0,NA
2111652_2,2023-01-04 18:49:58.117337,CLO,2111652.jpg,2111652,2,0,NA
2111654_2,2023-01-04 18:49:57.476720,CLO,2111654.jpg,2111654,2,0,NA
2111686_2,2023-01-04 18:49:56.742336,CLO,2111686.jpg,2111686,2,0,NA
2111776_2,2023-01-04 18:49:56.023582,CLO,2111776.jpg,2111776,2,0,NA
2111783_2,2023-01-04 18:49:55.132966,CLO,2111783.jpg,2111783,2,0,NA
2111855_2,2023-01-04 18:49:54.523620,CLO,2111855.jpg,2111855,2,0,NA
2111972_2,2023-01-04 18:49:53.961103,CLO,2111972.jpg,2111972,2,0,NA
2112017_2,2023-01-04 18:49:53.257972,CLO,2112017.jpg,2112017,2,0,NA
2112021_2,2023-01-04 18:49:52.695474,CLO,2112021.jpg,2112021,2,0,NA
2112046_2,2023-01-04 18:49:52.007967,CLO,2112046.jpg,2112046,2,0,NA
2112050_2,2023-01-04 18:49:51.461103,CLO,2112050.jpg,2112050,2,0,NA
2112054_2,2023-01-04 18:49:50.914237,CLO,2112054.jpg,2112054,2,0,NA
2112060_2,2023-01-04 18:49:50.304846,CLO,2112060.jpg,2112060,2,0,NA
2112066_2,2023-01-04 18:49:49.211109,CLO,2112066.jpg,2112066,2,0,NA
2112082_2,2023-01-04 18:49:48.586116,CLO,2112082.jpg,2112082,2,0,NA
2112092_2,2023-01-04 18:49:47.961116,CLO,2112092.jpg,2112092,2,0,NA
2112091_2,2023-01-04 18:49:47.257992,CLO,2112091.jpg,2112091,2,0,NA
2112107_2,2023-01-04 18:49:46.664247,CLO,2112107.jpg,2112107,2,0,NA
2112123_2,2023-01-04 18:49:46.023627,CLO,2112123.jpg,2112123,2,0,NA
2112139_2,2023-01-04 18:49:45.367380,CLO,2112139.jpg,2112139,2,0,NA
2112163_2,2023-01-04 18:49:44.742380,CLO,2112163.jpg,2112163,2,0,NA
2112224_2,2023-01-04 18:49:44.101748,CLO,2112224.jpg,2112224,2,0,NA
2112297_2,2023-01-04 18:49:43.383074,CLO,2112297.jpg,2112297,2,0,NA
2112384_2,2023-01-04 18:49:42.742408,CLO,2112384.jpg,2112384,2,0,NA
2112507_2,2023-01-04 18:49:42.070644,CLO,2112507.jpg,2112507,2,0,NA
2112555_2,2023-01-04 18:49:41.367395,CLO,2112555.jpg,2112555,2,0,NA
2112617_2,2023-01-04 18:49:40.539251,CLO,2112617.jpg,2112617,2,0,NA
2112653_2,2023-01-04 18:49:39.945509,CLO,2112653.jpg,2112653,2,0,NA
2112694_2,2023-01-04 18:49:39.383006,CLO,2112694.jpg,2112694,2,0,NA
2112715_2,2023-01-04 18:49:38.258013,CLO,2112715.jpg,2112715,2,0,NA
2112742_2,2023-01-04 18:49:37.492387,CLO,2112742.jpg,2112742,2,0,NA
2112745_2,2023-01-04 18:49:36.867394,CLO,2112745.jpg,2112745,2,0,NA
2112747_2,2023-01-04 18:49:36.242422,CLO,2112747.jpg,2112747,2,0,NA
2112762_2,2023-01-04 18:49:35.570524,CLO,2112762.jpg,2112762,2,0,NA
2112766_2,2023-01-04 18:49:34.945620,CLO,2112766.jpg,2112766,2,0,NA
2112859_2,2023-01-04 18:49:34.336160,CLO,2112859.jpg,2112859,2,0,NA
2112853_2,2023-01-04 18:49:33.695540,CLO,2112853.jpg,2112853,2,0,NA
2112864_2,2023-01-04 18:49:33.070531,CLO,2112864.jpg,2112864,2,0,NA
2112885_2,2023-01-04 18:49:32.476811,CLO,2112885.jpg,2112885,2,0,NA
2112886_2,2023-01-04 18:49:31.945535,CLO,2112886.jpg,2112886,2,0,NA
2112915_2,2023-01-04 18:49:31.383036,CLO,2112915.jpg,2112915,2,0,NA
2113095_2,2023-01-04 18:49:30.695564,CLO,2113095.jpg,2113095,2,0,NA
2113109_2,2023-01-04 18:49:30.117635,CLO,2113109.jpg,2113109,2,0,NA
2113133_2,2023-01-04 18:49:29.508052,CLO,2113133.jpg,2113133,2,0,NA
2113134_2,2023-01-04 18:49:28.883063,CLO,2113134.jpg,2113134,2,0,NA
2113143_2,2023-01-04 18:49:28.289320,CLO,2113143.jpg,2113143,2,0,NA
2113243_2,2023-01-04 18:49:27.586193,CLO,2113243.jpg,2113243,2,0,NA
2113449_2,2023-01-04 18:49:26.961201,CLO,2113449.jpg,2113449,2,0,NA
2113451_2,2023-01-04 18:49:26.305008,CLO,2113451.jpg,2113451,2,0,NA
2113452_2,2023-01-04 18:49:25.586220,CLO,2113452.jpg,2113452,2,0,NA
2113453_2,2023-01-04 18:49:24.914339,CLO,2113453.jpg,2113453,2,0,NA
2113556_2,2023-01-04 18:49:23.961207,CLO,2113556.jpg,2113556,2,0,NA
2113601_2,2023-01-04 18:49:23.398707,CLO,2113601.jpg,2113601,2,0,NA
2113603_2,2023-01-04 18:49:22.679960,CLO,2113603.jpg,2113603,2,0,NA
2113604_2,2023-01-04 18:49:22.008086,CLO,2113604.jpg,2113604,2,0,NA
2113697_2,2023-01-04 18:49:21.320607,CLO,2113697.jpg,2113697,2,0,NA
2113705_2,2023-01-04 18:49:20.695605,CLO,2113705.jpg,2113705,2,0,NA
2113730_2,2023-01-04 18:49:19.976955,CLO,2113730.jpg,2113730,2,0,NA
2113760_2,2023-01-04 18:49:19.336222,CLO,2113760.jpg,2113760,2,0,NA
2113774_2,2023-01-04 18:49:18.695692,CLO,2113774.jpg,2113774,2,0,NA
2114333_2,2023-01-04 18:49:18.086245,CLO,2114333.jpg,2114333,2,0,NA
2114341_2,2023-01-04 18:49:17.054984,CLO,2114341.jpg,2114341,2,0,NA
2114381_2,2023-01-04 18:49:16.429975,CLO,2114381.jpg,2114381,2,0,NA
2114437_2,2023-01-04 18:49:15.836248,CLO,2114437.jpg,2114437,2,0,NA
2114450_2,2023-01-04 18:49:15.180001,CLO,2114450.jpg,2114450,2,0,NA
2114465_2,2023-01-04 18:49:14.461235,CLO,2114465.jpg,2114465,2,0,NA
2114514_2,2023-01-04 18:49:13.836239,CLO,2114514.jpg,2114514,2,0,NA
2114515_2,2023-01-04 18:49:13.039373,CLO,2114515.jpg,2114515,2,0,NA
2114519_2,2023-01-04 18:49:12.445619,CLO,2114519.jpg,2114519,2,0,NA
2114531_2,2023-01-04 18:49:11.867502,CLO,2114531.jpg,2114531,2,0,NA
2114565_2,2023-01-04 18:49:11.289521,CLO,2114565.jpg,2114565,2,0,NA
2113130_2,2023-01-04 18:49:10.586262,CLO,2113130.jpg,2113130,2,0,NA
2113136_2,2023-01-04 18:49:10.180013,CLO,2113136.jpg,2113136,2,0,NA
2113142_2,2023-01-04 18:49:09.492698,CLO,2113142.jpg,2113142,2,0,NA
2113192_2,2023-01-04 18:49:08.867527,CLO,2113192.jpg,2113192,2,0,NA
2113205_2,2023-01-04 18:49:08.273783,CLO,2113205.jpg,2113205,2,0,NA
2113216_2,2023-01-04 18:49:07.601892,CLO,2113216.jpg,2113216,2,0,NA
2113247_2,2023-01-04 18:49:06.992526,CLO,2113247.jpg,2113247,2,0,NA
2113248_2,2023-01-04 18:49:05.930030,CLO,2113248.jpg,2113248,2,0,NA
2113253_2,2023-01-04 18:49:05.305038,CLO,2113253.jpg,2113253,2,0,NA
2113296_2,2023-01-04 18:49:04.711271,CLO,2113296.jpg,2113296,2,0,NA
2113298_2,2023-01-04 18:49:04.070692,CLO,2113298.jpg,2113298,2,0,NA
2113299_2,2023-01-04 18:49:03.367540,CLO,2113299.jpg,2113299,2,0,NA
2113304_2,2023-01-04 18:49:02.758171,CLO,2113304.jpg,2113304,2,0,NA
2113602_2,2023-01-04 18:49:02.164418,CLO,2113602.jpg,2113602,2,0,NA
2113605_2,2023-01-04 18:49:01.570673,CLO,2113605.jpg,2113605,2,0,NA
2113609_2,2023-01-04 18:49:00.539433,CLO,2113609.jpg,2113609,2,0,NA
2113612_2,2023-01-04 18:49:00.008166,CLO,2113612.jpg,2113612,2,0,NA
2113613_2,2023-01-04 18:48:59.367556,CLO,2113613.jpg,2113613,2,0,NA
2113712_2,2023-01-04 18:48:58.773894,CLO,2113712.jpg,2113712,2,0,NA
2113764_2,2023-01-04 18:48:57.742627,CLO,2113764.jpg,2113764,2,0,NA
2113766_2,2023-01-04 18:48:57.148795,CLO,2113766.jpg,2113766,2,0,NA
2113768_2,2023-01-04 18:48:56.023806,CLO,2113768.jpg,2113768,2,0,NA
2113771_2,2023-01-04 18:48:55.398817,CLO,2113771.jpg,2113771,2,0,NA
2113772_2,2023-01-04 18:48:54.789517,CLO,2113772.jpg,2113772,2,0,NA
2113773_2,2023-01-04 18:48:54.258185,CLO,2113773.jpg,2113773,2,0,NA
2113937_2,2023-01-04 18:48:53.492671,CLO,2113937.jpg,2113937,2,0,NA
2114335_2,2023-01-04 18:48:52.820712,CLO,2114335.jpg,2114335,2,0,NA
2114340_2,2023-01-04 18:48:52.211320,CLO,2114340.jpg,2114340,2,0,NA
2114380_2,2023-01-04 18:48:51.586349,CLO,2114380.jpg,2114380,2,0,NA
2114382_2,2023-01-04 18:48:51.008217,CLO,2114382.jpg,2114382,2,0,NA
2114388_2,2023-01-04 18:48:50.430091,CLO,2114388.jpg,2114388,2,0,NA
2114389_2,2023-01-04 18:48:49.617590,CLO,2114389.jpg,2114389,2,0,NA
2114686_2,2023-01-04 18:48:49.039473,CLO,2114686.jpg,2114686,2,0,NA
2105689_2,2023-01-04 18:48:48.336343,SHO,2105689.jpg,2105689,2,0,NA
2107989_2,2023-01-04 18:48:47.773837,SHO,2107989.jpg,2107989,2,0,NA
2107992_2,2023-01-04 18:48:47.195726,SHO,2107992.jpg,2107992,2,0,NA
2107994_2,2023-01-04 18:48:46.617604,SHO,2107994.jpg,2107994,2,0,NA
2107995_2,2023-01-04 18:48:46.023855,SHO,2107995.jpg,2107995,2,0,NA
2107997_2,2023-01-04 18:48:45.476996,SHO,2107997.jpg,2107997,2,0,NA
2107999_2,2023-01-04 18:48:44.898862,SHO,2107999.jpg,2107999,2,0,NA
2108064_2,2023-01-04 18:48:44.289468,SHO,2108064.jpg,2108064,2,0,NA
2108058_2,2023-01-04 18:48:43.742627,SHO,2108058.jpg,2108058,2,0,NA
2108347_2,2023-01-04 18:48:43.055117,JEW,2108347.jpg,2108347,2,0,NA
2108452_2,2023-01-04 18:48:42.477171,SHO,2108452.jpg,2108452,2,0,NA
2109428_2,2023-01-04 18:48:41.898871,SHO,2109428.jpg,2109428,2,0,NA
2109574_2,2023-01-04 18:48:41.305136,SHO,2109574.jpg,2109574,2,0,NA
2110185_2,2023-01-04 18:48:40.711371,JEW,2110185.jpg,2110185,2,0,NA
2109577_2,2023-01-04 18:48:40.164498,SHO,2109577.jpg,2109577,2,0,NA
2110186_2,2023-01-04 18:48:39.601993,JEW,2110186.jpg,2110186,2,0,NA
2110187_2,2023-01-04 18:48:39.008436,JEW,2110187.jpg,2110187,2,0,NA
2110188_2,2023-01-04 18:48:38.446155,JEW,2110188.jpg,2110188,2,0,NA
2110189_2,2023-01-04 18:48:37.867636,JEW,2110189.jpg,2110189,2,0,NA
2110190_2,2023-01-04 18:48:37.227022,JEW,2110190.jpg,2110190,2,0,NA
2110191_2,2023-01-04 18:48:36.680151,JEW,2110191.jpg,2110191,2,0,NA
2110196_2,2023-01-04 18:48:36.133266,JEW,2110196.jpg,2110196,2,0,NA
2110198_2,2023-01-04 18:48:35.602007,JEW,2110198.jpg,2110198,2,0,NA
2110547_2,2023-01-04 18:48:34.977013,SHO,2110547.jpg,2110547,2,0,NA
2110557_2,2023-01-04 18:48:34.430149,BEAUTY,2110557.jpg,2110557,2,0,NA
2110558_2,2023-01-04 18:48:33.867743,BEAUTY,2110558.jpg,2110558,2,0,NA
2110912_2,2023-01-04 18:48:33.273908,BEAUTY,2110912.jpg,2110912,2,0,NA
2113115_2,2023-01-04 18:48:32.664532,ACC,2113115.jpg,2113115,2,0,NA
2113267_2,2023-01-04 18:48:31.898912,ACC,2113267.jpg,2113267,2,0,NA
1807277_1,2023-01-04 18:48:31.289544,ACC,1807277.jpg,1807277,1,0,NA
1907589_1,2023-01-04 18:48:30.758296,ACC,1907589.jpg,1907589,1,0,NA
2002141_2,2023-01-04 18:48:30.195804,CLO,2002141.jpg,2002141,2,0,NA
2004230_2,2023-01-04 18:48:29.649024,JEW,2004230.jpg,2004230,2,0,NA
1909502_1,2023-01-04 18:48:29.055167,ACC,1909502.jpg,1909502,1,0,NA
2103871_2,2023-01-04 18:48:28.477055,JEW,2103871.jpg,2103871,2,0,NA
2105627_2,2023-01-04 18:48:27.945786,JEW,2105627.jpg,2105627,2,0,NA
2105664_2,2023-01-04 18:48:27.258315,ACC,2105664.jpg,2105664,2,0,NA
2105663_2,2023-01-04 18:48:26.742671,ACC,2105663.jpg,2105663,2,0,NA
2106007_2,2023-01-04 18:48:26.180321,ACC,2106007.jpg,2106007,2,0,NA
2105867_2,2023-01-04 18:48:25.633403,ACC,2105867.jpg,2105867,2,0,NA
2106137_2,2023-01-04 18:48:25.070808,ACC,2106137.jpg,2106137,2,0,NA
2106146_2,2023-01-04 18:48:24.445809,ACC,2106146.jpg,2106146,2,0,NA
2106550_2,2023-01-04 18:48:23.805320,BEAUTY,2106550.jpg,2106550,2,0,NA
2106421_2,2023-01-04 18:48:23.242677,ACC,2106421.jpg,2106421,2,0,NA
2106907_2,2023-01-04 18:48:22.695827,ACC,2106907.jpg,2106907,2,0,NA
2107666_2,2023-01-04 18:47:52.180294,ACC,2107666.jpg,2107666,2,0,NA
2108447_2,2023-01-04 18:47:51.414681,ACC,2108447.jpg,2108447,2,0,NA
2107180_2,2023-01-04 18:47:50.805304,ACC,2107180.jpg,2107180,2,0,NA
2109541_2,2023-01-04 18:47:49.727196,ACC,2109541.jpg,2109541,2,0,NA
2109544_2,2023-01-04 18:47:49.133437,ACC,2109544.jpg,2109544,2,0,NA
2110016_2,2023-01-04 18:47:48.555326,JEW,2110016.jpg,2110016,2,0,NA
2109694_2,2023-01-04 18:47:47.930323,ACC,2109694.jpg,2109694,2,0,NA
2110073_2,2023-01-04 18:47:47.352231,JEW,2110073.jpg,2110073,2,0,NA
2110070_2,2023-01-04 18:47:46.789759,JEW,2110070.jpg,2110070,2,0,NA
2110149_2,2023-01-04 18:47:46.242833,JEW,2110149.jpg,2110149,2,0,NA
2110555_2,2023-01-04 18:47:45.602206,BEAUTY,2110555.jpg,2110555,2,0,NA
2110081_2,2023-01-04 18:47:45.024091,JEW,2110081.jpg,2110081,2,0,NA
2110214_2,2023-01-04 18:47:44.461590,ACC,2110214.jpg,2110214,2,0,NA
2110899_2,2023-01-04 18:47:43.914746,BEAUTY,2110899.jpg,2110899,2,0,NA
2110901_2,2023-01-04 18:47:43.399099,BEAUTY,2110901.jpg,2110901,2,0,NA
2110556_2,2023-01-04 18:47:42.820961,BEAUTY,2110556.jpg,2110556,2,0,NA
2110904_2,2023-01-04 18:47:42.180353,BEAUTY,2110904.jpg,2110904,2,0,NA
2110911_2,2023-01-04 18:47:41.649090,BEAUTY,2110911.jpg,2110911,2,0,NA
2110909_2,2023-01-04 18:47:41.117850,BEAUTY,2110909.jpg,2110909,2,0,NA
2111007_2,2023-01-04 18:47:40.602218,ACC,2111007.jpg,2111007,2,0,NA
2111708_2,2023-01-04 18:47:40.086630,ACC,2111708.jpg,2111708,2,0,NA
2111709_2,2023-01-04 18:47:39.539743,ACC,2111709.jpg,2111709,2,0,NA
2111710_2,2023-01-04 18:47:38.930358,ACC,2111710.jpg,2111710,2,0,NA
2111935_2,2023-01-04 18:47:38.321013,ACC,2111935.jpg,2111935,2,0,NA
2111932_2,2023-01-04 18:47:37.727253,ACC,2111932.jpg,2111932,2,0,NA
2111942_2,2023-01-04 18:47:37.149107,ACC,2111942.jpg,2111942,2,0,NA
2111944_2,2023-01-04 18:47:36.617867,ACC,2111944.jpg,2111944,2,0,NA
2111999_2,2023-01-04 18:47:36.070998,ACC,2111999.jpg,2111999,2,0,NA
2111915_2,2023-01-04 18:47:35.555588,ACC,2111915.jpg,2111915,2,0,NA
2113614_2,2023-01-04 18:47:34.852255,CLO,2113614.jpg,2113614,2,0,NA
2110526_2,2023-01-04 18:47:34.196006,BEAUTY,2110526.jpg,2110526,2,0,NA
2108045_2,2023-01-04 18:47:33.555371,CLO,2108045.jpg,2108045,2,0,NA
2110525_2,2023-01-04 18:47:33.024134,BEAUTY,2110525.jpg,2110525,2,0,NA
2113211_2,2023-01-04 18:47:32.446000,CLO,2113211.jpg,2113211,2,0,NA
2113567_2,2023-01-04 18:47:31.852263,CLO,2113567.jpg,2113567,2,0,NA
2110528_2,2023-01-04 18:47:31.258532,BEAUTY,2110528.jpg,2110528,2,0,NA
2113564_2,2023-01-04 18:47:30.680534,CLO,2113564.jpg,2113564,2,0,NA
2108613_2,2023-01-04 18:47:30.149149,CLO,2108613.jpg,2108613,2,0,NA
2110787_2,2023-01-04 18:47:29.571113,CLO,2110787.jpg,2110787,2,0,NA
2112940_2,2023-01-04 18:47:29.024155,CLO,2112940.jpg,2112940,2,0,NA
2112891_2,2023-01-04 18:47:28.414776,CLO,2112891.jpg,2112891,2,0,NA
2112072_2,2023-01-04 18:47:27.836654,CLO,2112072.jpg,2112072,2,0,NA
2115146_2,2023-01-04 18:47:26.992884,CLO,2115146.jpg,2115146,2,0,NA
2113570_2,2023-01-04 18:47:26.383531,CLO,2113570.jpg,2113570,2,0,NA
2107776_2,2023-01-04 18:47:25.789961,ACC,2107776.jpg,2107776,2,0,NA
2110498_2,2023-01-04 18:47:25.086675,CLO,2110498.jpg,2110498,2,0,NA
2112941_2,2023-01-04 18:47:24.367919,CLO,2112941.jpg,2112941,2,0,NA
2114487_2,2023-01-04 18:47:23.680407,CLO,2114487.jpg,2114487,2,0,NA
2112796_2,2023-01-04 18:47:23.118049,CLO,2112796.jpg,2112796,2,0,NA
2114881_2,2023-01-04 18:47:22.586700,CLO,2114881.jpg,2114881,2,0,NA
2114527_2,2023-01-04 18:47:21.992921,CLO,2114527.jpg,2114527,2,0,NA
2114516_2,2023-01-04 18:47:21.399183,CLO,2114516.jpg,2114516,2,0,NA
2114233_2,2023-01-04 18:47:20.821055,CLO,2114233.jpg,2114233,2,0,NA
2110712_2,2023-01-04 18:47:20.149160,ACC,2110712.jpg,2110712,2,0,NA
2113608_2,2023-01-04 18:47:19.524184,CLO,2113608.jpg,2113608,2,0,NA
2108257_2,2023-01-04 18:47:18.977435,CLO,2108257.jpg,2108257,2,0,NA
2113611_2,2023-01-04 18:47:18.414815,CLO,2113611.jpg,2113611,2,0,NA
2107774_2,2023-01-04 18:47:17.867961,ACC,2107774.jpg,2107774,2,0,NA
2105816_2,2023-01-04 18:47:17.289824,ACC,2105816.jpg,2105816,2,0,NA
2114289_2,2023-01-04 18:47:16.680446,CLO,2114289.jpg,2114289,2,0,NA
2110524_2,2023-01-04 18:47:15.992947,BEAUTY,2110524.jpg,2110524,2,0,NA
2105670_2,2023-01-04 18:47:15.399193,ACC,2105670.jpg,2105670,2,0,NA
2105672_2,2023-01-04 18:47:14.649214,ACC,2105672.jpg,2105672,2,0,NA
2112857_2,2023-01-04 18:47:14.086696,CLO,2112857.jpg,2112857,2,0,NA
2109196_2,2023-01-04 18:47:13.289830,CLO,2109196.jpg,2109196,2,0,NA
2113223_2,2023-01-04 18:47:12.711812,CLO,2113223.jpg,2113223,2,0,NA
2106176_2,2023-01-04 18:47:12.133593,ACC,2106176.jpg,2106176,2,0,NA
2115145_2,2023-01-04 18:47:11.524206,CLO,2115145.jpg,2115145,2,0,NA
1908190_1,2023-01-04 18:47:10.946093,ACC,1908190.jpg,1908190,1,0,NA
2112945_2,2023-01-04 18:47:10.352484,CLO,2112945.jpg,2112945,2,0,NA
2113619_2,2023-01-04 18:47:09.774297,CLO,2113619.jpg,2113619,2,0,NA
2113572_2,2023-01-04 18:47:09.133609,CLO,2113572.jpg,2113572,2,0,NA
2114408_2,2023-01-04 18:47:08.571125,CLO,2114408.jpg,2114408,2,0,NA
2112938_2,2023-01-04 18:47:07.946095,CLO,2112938.jpg,2112938,2,0,NA
2111916_2,2023-01-04 18:47:07.336739,ACC,2111916.jpg,2111916,2,0,NA
2105817_2,2023-01-04 18:47:06.696389,ACC,2105817.jpg,2105817,2,0,NA
2113054_2,2023-01-04 18:47:06.055491,CLO,2113054.jpg,2113054,2,0,NA
2114288_2,2023-01-04 18:47:05.508622,CLO,2114288.jpg,2114288,2,0,NA
2113520_2,2023-01-04 18:47:04.914856,CLO,2113520.jpg,2113520,2,0,NA
2107775_2,2023-01-04 18:47:03.883620,ACC,2107775.jpg,2107775,2,0,NA
2112946_2,2023-01-04 18:47:03.227375,CLO,2112946.jpg,2112946,2,0,NA
2114409_2,2023-01-04 18:47:02.617997,CLO,2114409.jpg,2114409,2,0,NA
2110260_2,2023-01-04 18:47:01.993002,CLO,2110260.jpg,2110260,2,0,NA
2113100_2,2023-01-04 18:47:01.446128,CLO,2113100.jpg,2113100,2,0,NA
2105768_2,2023-01-04 18:47:00.805620,ACC,2105768.jpg,2105768,2,0,NA
2110566_2,2023-01-04 18:47:00.274265,ACC,2110566.jpg,2110566,2,0,NA
2114526_2,2023-01-04 18:46:59.696115,CLO,2114526.jpg,2114526,2,0,NA
2113338_2,2023-01-04 18:46:59.102380,CLO,2113338.jpg,2113338,2,0,NA
2113185_2,2023-01-04 18:46:58.430528,CLO,2113185.jpg,2113185,2,0,NA
2112016_2,2023-01-04 18:46:57.868019,CLO,2112016.jpg,2112016,2,0,NA
2106165_2,2023-01-04 18:46:56.680528,ACC,2106165.jpg,2106165,2,0,NA
2113998_2,2023-01-04 18:46:56.102390,CLO,2113998.jpg,2113998,2,0,NA
2105813_2,2023-01-04 18:46:55.477407,ACC,2105813.jpg,2105813,2,0,NA
2113623_2,2023-01-04 18:46:54.883669,CLO,2113623.jpg,2113623,2,0,NA
2113559_2,2023-01-04 18:46:54.321153,CLO,2113559.jpg,2113559,2,0,NA
2113057_2,2023-01-04 18:46:53.711773,CLO,2113057.jpg,2113057,2,0,NA
2106196_2,2023-01-04 18:46:52.571195,ACC,2106196.jpg,2106196,2,0,NA
2105851_2,2023-01-04 18:46:51.993031,ACC,2105851.jpg,2105851,2,0,NA
2111276_2,2023-01-04 18:46:51.336808,CLO,2111276.jpg,2111276,2,0,NA
2109017_2,2023-01-04 18:46:50.696167,ACC,2109017.jpg,2109017,2,0,NA
2112300_2,2023-01-04 18:46:49.961806,CLO,2112300.jpg,2112300,2,0,NA
2111723_2,2023-01-04 18:46:49.368047,ACC,2111723.jpg,2111723,2,0,NA
2112169_2,2023-01-04 18:46:48.711792,CLO,2112169.jpg,2112169,2,0,NA
1709044_1,2023-01-04 18:46:48.149319,ACC,1709044.jpg,1709044,1,0,NA
1908193_1,2023-01-04 18:46:47.633704,ACC,1908193.jpg,1908193,1,0,NA
2001139_2,2023-01-04 18:46:47.086814,ACC,2001139.jpg,2001139,2,0,NA
2008058_2,2023-01-04 18:46:46.508675,ACC,2008058.jpg,2008058,2,0,NA
1909448_1,2023-01-04 18:46:45.915080,ACC,1909448.jpg,1909448,1,0,NA
2001210_2,2023-01-04 18:46:45.383679,ACC,2001210.jpg,2001210,2,0,NA
2105250_2,2023-01-04 18:46:44.883702,ACC,2105250.jpg,2105250,2,0,NA
2013413_2,2023-01-04 18:46:44.305594,JEW,2013413.jpg,2013413,2,0,NA
2105733_2,2023-01-04 18:46:43.711810,ACC,2105733.jpg,2105733,2,0,NA
2105770_2,2023-01-04 18:46:42.696282,ACC,2105770.jpg,2105770,2,0,NA
2105736_2,2023-01-04 18:46:42.133700,ACC,2105736.jpg,2105736,2,0,NA
2106131_2,2023-01-04 18:46:41.586829,ACC,2106131.jpg,2106131,2,0,NA
2106144_2,2023-01-04 18:46:41.071207,ACC,2106144.jpg,2106144,2,0,NA
2106154_2,2023-01-04 18:46:40.524346,ACC,2106154.jpg,2106154,2,0,NA
2107773_2,2023-01-04 18:46:39.993104,ACC,2107773.jpg,2107773,2,0,NA
2108061_2,2023-01-04 18:46:39.477449,SHO,2108061.jpg,2108061,2,0,NA
2108062_2,2023-01-04 18:46:38.930615,SHO,2108062.jpg,2108062,2,0,NA
2109369_2,2023-01-04 18:46:38.383719,SHO,2109369.jpg,2109369,2,0,NA
2110563_2,2023-01-04 18:46:37.868080,ACC,2110563.jpg,2110563,2,0,NA
1508325_1,2023-01-04 18:46:37.336836,CLO,1508325.jpg,1508325,1,0,NA
2113615_2,2023-01-04 18:46:36.774353,CLO,2113615.jpg,2113615,2,0,NA
2114343_2,2023-01-04 18:46:36.180601,CLO,2114343.jpg,2114343,2,0,NA
2012199_2,2023-01-04 18:46:35.602473,CLO,2012199.jpg,2012199,2,0,NA
2106768_2,2023-01-04 18:46:34.915153,CLO,2106768.jpg,2106768,2,0,NA
2108995_2,2023-01-04 18:46:34.321232,CLO,2108995.jpg,2108995,2,0,NA
2109621_2,2023-01-04 18:46:33.696217,CLO,2109621.jpg,2109621,2,0,NA
2109822_2,2023-01-04 18:46:33.008724,CLO,2109822.jpg,2109822,2,0,NA
2110504_2,2023-01-04 18:46:32.414977,CLO,2110504.jpg,2110504,2,0,NA
2110666_2,2023-01-04 18:46:16.696295,CLO,2110666.jpg,2110666,2,0,NA
2111576_2,2023-01-04 18:46:15.227561,CLO,2111576.jpg,2111576,2,0,NA
2111695_2,2023-01-04 18:46:14.399436,CLO,2111695.jpg,2111695,2,0,NA
2111793_2,2023-01-04 18:46:13.758810,CLO,2111793.jpg,2111793,2,0,NA
2111795_2,2023-01-04 18:46:13.102554,CLO,2111795.jpg,2111795,2,0,NA
2111901_2,2023-01-04 18:46:12.493306,CLO,2111901.jpg,2111901,2,0,NA
2112038_2,2023-01-04 18:46:11.899449,CLO,2112038.jpg,2112038,2,0,NA
2112044_2,2023-01-04 18:46:11.321397,CLO,2112044.jpg,2112044,2,0,NA
2112056_2,2023-01-04 18:46:10.680698,CLO,2112056.jpg,2112056,2,0,NA
2112057_2,2023-01-04 18:46:10.087028,CLO,2112057.jpg,2112057,2,0,NA
2112067_2,2023-01-04 18:46:09.383835,CLO,2112067.jpg,2112067,2,0,NA
2112147_2,2023-01-04 18:46:08.774564,CLO,2112147.jpg,2112147,2,0,NA
2112307_2,2023-01-04 18:46:08.133833,CLO,2112307.jpg,2112307,2,0,NA
2112510_2,2023-01-04 18:46:07.415075,CLO,2112510.jpg,2112510,2,0,NA
2112743_2,2023-01-04 18:46:06.805707,CLO,2112743.jpg,2112743,2,0,NA
2112755_2,2023-01-04 18:46:06.180839,CLO,2112755.jpg,2112755,2,0,NA
2112787_2,2023-01-04 18:46:05.555801,CLO,2112787.jpg,2112787,2,0,NA
2112889_2,2023-01-04 18:46:04.899462,CLO,2112889.jpg,2112889,2,0,NA
2112897_2,2023-01-04 18:46:04.305720,CLO,2112897.jpg,2112897,2,0,NA
2112913_2,2023-01-04 18:46:03.696350,CLO,2112913.jpg,2112913,2,0,NA
2112937_2,2023-01-04 18:46:03.118222,CLO,2112937.jpg,2112937,2,0,NA
2112939_2,2023-01-04 18:46:02.461980,CLO,2112939.jpg,2112939,2,0,NA
2112944_2,2023-01-04 18:46:01.868218,CLO,2112944.jpg,2112944,2,0,NA
2113098_2,2023-01-04 18:46:01.274502,CLO,2113098.jpg,2113098,2,0,NA
2112948_2,2023-01-04 18:46:00.665114,CLO,2112948.jpg,2112948,2,0,NA
2113110_2,2023-01-04 18:46:00.055732,CLO,2113110.jpg,2113110,2,0,NA
2113101_2,2023-01-04 18:45:59.399547,CLO,2113101.jpg,2113101,2,0,NA
2113171_2,2023-01-04 18:45:58.758878,CLO,2113171.jpg,2113171,2,0,NA
2113189_2,2023-01-04 18:45:58.133870,CLO,2113189.jpg,2113189,2,0,NA
2113213_2,2023-01-04 18:45:57.508861,CLO,2113213.jpg,2113213,2,0,NA
2113221_2,2023-01-04 18:45:56.930750,CLO,2113221.jpg,2113221,2,0,NA
2113215_2,2023-01-04 18:45:56.321374,CLO,2113215.jpg,2113215,2,0,NA
2113252_2,2023-01-04 18:45:55.665129,CLO,2113252.jpg,2113252,2,0,NA
2113450_2,2023-01-04 18:45:55.040200,CLO,2113450.jpg,2113450,2,0,NA
2113499_2,2023-01-04 18:45:54.368352,CLO,2113499.jpg,2113499,2,0,NA
2113631_2,2023-01-04 18:45:53.758899,CLO,2113631.jpg,2113631,2,0,NA
2113648_2,2023-01-04 18:45:53.102617,CLO,2113648.jpg,2113648,2,0,NA
2113635_2,2023-01-04 18:45:52.415148,CLO,2113635.jpg,2113635,2,0,NA
2113689_2,2023-01-04 18:45:51.790141,CLO,2113689.jpg,2113689,2,0,NA
2113865_2,2023-01-04 18:45:51.133899,CLO,2113865.jpg,2113865,2,0,NA
2113906_2,2023-01-04 18:45:50.555781,CLO,2113906.jpg,2113906,2,0,NA
2113911_2,2023-01-04 18:45:49.868272,CLO,2113911.jpg,2113911,2,0,NA
2114057_2,2023-01-04 18:45:49.290148,CLO,2114057.jpg,2114057,2,0,NA
2114262_2,2023-01-04 18:45:48.618284,CLO,2114262.jpg,2114262,2,0,NA
2114315_2,2023-01-04 18:45:47.977777,CLO,2114315.jpg,2114315,2,0,NA
2114322_2,2023-01-04 18:45:47.258905,CLO,2114322.jpg,2114322,2,0,NA
2114354_2,2023-01-04 18:45:46.633930,CLO,2114354.jpg,2114354,2,0,NA
2114410_2,2023-01-04 18:45:46.008906,CLO,2114410.jpg,2114410,2,0,NA
2114416_2,2023-01-04 18:45:44.524549,CLO,2114416.jpg,2114416,2,0,NA
2114533_2,2023-01-04 18:45:43.946425,CLO,2114533.jpg,2114533,2,0,NA
2114535_2,2023-01-04 18:45:43.290189,CLO,2114535.jpg,2114535,2,0,NA
2114564_2,2023-01-04 18:45:42.649554,CLO,2114564.jpg,2114564,2,0,NA
2115336_2,2023-01-04 18:45:41.993421,CLO,2115336.jpg,2115336,2,0,NA
2115340_2,2023-01-04 18:45:41.383936,CLO,2115340.jpg,2115340,2,0,NA
2106772_2,2023-01-04 18:45:40.790174,CLO,2106772.jpg,2106772,2,0,NA
2109717_2,2023-01-04 18:45:40.165194,CLO,2109717.jpg,2109717,2,0,NA
2111926_2,2023-01-04 18:45:39.571429,CLO,2111926.jpg,2111926,2,0,NA
2112641_2,2023-01-04 18:45:38.915487,CLO,2112641.jpg,2112641,2,0,NA
2113099_2,2023-01-04 18:45:38.274664,CLO,2113099.jpg,2113099,2,0,NA
1809659_1,2023-01-04 18:43:14.353249,CLO,1809659.jpg,1809659,1,0,NA
1506548_1,2023-01-04 18:43:13.962628,CLO,1506548.jpg,1506548,1,0,NA
2113649_2,2023-01-04 18:43:13.572011,CLO,2113649.jpg,2113649,2,0,NA
1502093_1,2023-01-04 18:43:13.181381,CLO,1502093.jpg,1502093,1,0,NA
1700211_1,2023-01-04 18:43:12.603407,CLO,1700211.jpg,1700211,1,0,NA
2112081_2,2023-01-04 18:43:11.962622,CLO,2112081.jpg,2112081,2,0,NA
2113454_2,2023-01-04 18:43:11.337663,CLO,2113454.jpg,2113454,2,0,NA
2113620_2,2023-01-04 18:43:10.775149,CLO,2113620.jpg,2113620,2,0,NA
2113622_2,2023-01-04 18:43:09.978268,CLO,2113622.jpg,2113622,2,0,NA
2114060_2,2023-01-04 18:43:09.337646,CLO,2114060.jpg,2114060,2,0,NA
2003021_2,2023-01-04 18:43:08.728280,CLO,2003021.jpg,2003021,2,0,NA
2107781_2,2023-01-04 18:43:08.150287,CLO,2107781.jpg,2107781,2,0,NA
2108535_2,2023-01-04 18:43:06.681472,CLO,2108535.jpg,2108535,2,0,NA
2108622_2,2023-01-04 18:43:06.103281,CLO,2108622.jpg,2108622,2,0,NA
2108911_2,2023-01-04 18:43:05.462680,CLO,2108911.jpg,2108911,2,0,NA
2108985_2,2023-01-04 18:43:04.853300,CLO,2108985.jpg,2108985,2,0,NA
2109012_2,2023-01-04 18:43:04.306419,CLO,2109012.jpg,2109012,2,0,NA
2109066_2,2023-01-04 18:43:03.790799,CLO,2109066.jpg,2109066,2,0,NA
2109526_2,2023-01-04 18:43:03.165809,CLO,2109526.jpg,2109526,2,0,NA
2109359_2,2023-01-04 18:43:02.556443,CLO,2109359.jpg,2109359,2,0,NA
2109814_2,2023-01-04 18:43:01.993942,CLO,2109814.jpg,2109814,2,0,NA
2110322_2,2023-01-04 18:43:01.384673,CLO,2110322.jpg,2110322,2,0,NA
2110323_2,2023-01-04 18:43:00.759707,CLO,2110323.jpg,2110323,2,0,NA
2110324_2,2023-01-04 18:43:00.150180,CLO,2110324.jpg,2110324,2,0,NA
2110325_2,2023-01-04 18:42:59.368957,CLO,2110325.jpg,2110325,2,0,NA
2110386_2,2023-01-04 18:42:58.743939,CLO,2110386.jpg,2110386,2,0,NA
2110508_2,2023-01-04 18:42:57.916068,CLO,2110508.jpg,2110508,2,0,NA
2110638_2,2023-01-04 18:42:57.353379,CLO,2110638.jpg,2110638,2,0,NA
2110914_2,2023-01-04 18:42:56.759577,CLO,2110914.jpg,2110914,2,0,NA
2111223_2,2023-01-04 18:42:55.947071,CLO,2111223.jpg,2111223,2,0,NA
2111225_2,2023-01-04 18:42:55.322091,CLO,2111225.jpg,2111225,2,0,NA
2111226_2,2023-01-04 18:42:54.712713,CLO,2111226.jpg,2111226,2,0,NA
2111227_2,2023-01-04 18:42:54.103315,CLO,2111227.jpg,2111227,2,0,NA
2111288_2,2023-01-04 18:42:53.478316,CLO,2111288.jpg,2111288,2,0,NA
2111289_2,2023-01-04 18:42:52.743984,CLO,2111289.jpg,2111289,2,0,NA
2111290_2,2023-01-04 18:42:51.978611,CLO,2111290.jpg,2111290,2,0,NA
2111668_2,2023-01-04 18:42:51.384598,CLO,2111668.jpg,2111668,2,0,NA
2111670_2,2023-01-04 18:42:50.759672,CLO,2111670.jpg,2111670,2,0,NA
2111673_2,2023-01-04 18:42:50.118977,CLO,2111673.jpg,2111673,2,0,NA
2111713_2,2023-01-04 18:42:49.509593,CLO,2111713.jpg,2111713,2,0,NA
2111758_2,2023-01-04 18:42:48.681547,CLO,2111758.jpg,2111758,2,0,NA
2111899_2,2023-01-04 18:42:47.931475,CLO,2111899.jpg,2111899,2,0,NA
2111925_2,2023-01-04 18:42:47.353352,CLO,2111925.jpg,2111925,2,0,NA
2112068_2,2023-01-04 18:42:46.759584,CLO,2112068.jpg,2112068,2,0,NA
2112132_2,2023-01-04 18:42:46.118992,CLO,2112132.jpg,2112132,2,0,NA
2112140_2,2023-01-04 18:42:44.962743,CLO,2112140.jpg,2112140,2,0,NA
2112162_2,2023-01-04 18:42:43.540874,CLO,2112162.jpg,2112162,2,0,NA
2112203_2,2023-01-04 18:42:42.947124,CLO,2112203.jpg,2112203,2,0,NA
2112223_2,2023-01-04 18:42:42.337744,CLO,2112223.jpg,2112223,2,0,NA
2112395_2,2023-01-04 18:42:41.790883,CLO,2112395.jpg,2112395,2,0,NA
2112385_2,2023-01-04 18:42:41.181507,CLO,2112385.jpg,2112385,2,0,NA
2112479_2,2023-01-04 18:42:40.572137,CLO,2112479.jpg,2112479,2,0,NA
2112590_2,2023-01-04 18:42:39.962900,CLO,2112590.jpg,2112590,2,0,NA
2112647_2,2023-01-04 18:42:39.244178,CLO,2112647.jpg,2112647,2,0,NA
2112716_2,2023-01-04 18:42:38.494018,CLO,2112716.jpg,2112716,2,0,NA
2112923_2,2023-01-04 18:42:37.853395,CLO,2112923.jpg,2112923,2,0,NA
2112932_2,2023-01-04 18:42:37.072136,CLO,2112932.jpg,2112932,2,0,NA
2112934_2,2023-01-04 18:42:36.447155,CLO,2112934.jpg,2112934,2,0,NA
2112933_2,2023-01-04 18:42:35.915921,CLO,2112933.jpg,2112933,2,0,NA
2112987_2,2023-01-04 18:42:35.212765,CLO,2112987.jpg,2112987,2,0,NA
2112993_2,2023-01-04 18:42:34.587786,CLO,2112993.jpg,2112993,2,0,NA
2109376_2,2023-01-04 18:42:34.009653,ACC,2109376.jpg,2109376,2,0,NA
2111090_2,2023-01-04 18:42:33.415912,JEW,2111090.jpg,2111090,2,0,NA
2110960_2,2023-01-04 18:42:32.822159,JEW,2110960.jpg,2110960,2,0,NA
2111349_2,2023-01-04 18:42:32.259665,ACC,2111349.jpg,2111349,2,0,NA
2111369_2,2023-01-04 18:42:31.728405,ACC,2111369.jpg,2111369,2,0,NA
2111213_2,2023-01-04 18:42:31.119061,BEAUTY,2111213.jpg,2111213,2,0,NA
2111381_2,2023-01-04 18:42:30.541111,ACC,2111381.jpg,2111381,2,0,NA
2111433_2,2023-01-04 18:42:29.978448,ACC,2111433.jpg,2111433,2,0,NA
2111434_2,2023-01-04 18:42:29.447157,ACC,2111434.jpg,2111434,2,0,NA
2111437_2,2023-01-04 18:42:28.869053,ACC,2111437.jpg,2111437,2,0,NA
2111436_2,2023-01-04 18:42:28.259671,ACC,2111436.jpg,2111436,2,0,NA
2111435_2,2023-01-04 18:42:27.728532,ACC,2111435.jpg,2111435,2,0,NA
2111438_2,2023-01-04 18:42:27.197284,ACC,2111438.jpg,2111438,2,0,NA
2111521_2,2023-01-04 18:42:26.634787,ACC,2111521.jpg,2111521,2,0,NA
2111461_2,2023-01-04 18:42:26.009673,ACC,2111461.jpg,2111461,2,0,NA
2111525_2,2023-01-04 18:42:25.447196,ACC,2111525.jpg,2111525,2,0,NA
2111540_2,2023-01-04 18:42:24.900290,ACC,2111540.jpg,2111540,2,0,NA
2111526_2,2023-01-04 18:42:24.369129,ACC,2111526.jpg,2111526,2,0,NA
2111534_2,2023-01-04 18:42:23.837920,ACC,2111534.jpg,2111534,2,0,NA
2111554_2,2023-01-04 18:42:23.290953,ACC,2111554.jpg,2111554,2,0,NA
2111548_2,2023-01-04 18:42:22.744185,ACC,2111548.jpg,2111548,2,0,NA
2111543_2,2023-01-04 18:42:22.165944,ACC,2111543.jpg,2111543,2,0,NA
2111558_2,2023-01-04 18:42:21.603538,ACC,2111558.jpg,2111558,2,0,NA
2111559_2,2023-01-04 18:42:20.994257,ACC,2111559.jpg,2111559,2,0,NA
2111562_2,2023-01-04 18:42:20.400343,ACC,2111562.jpg,2111562,2,0,NA
2111623_2,2023-01-04 18:42:19.900465,ACC,2111623.jpg,2111623,2,0,NA
2111613_2,2023-01-04 18:42:19.353588,ACC,2111613.jpg,2111613,2,0,NA
2111616_2,2023-01-04 18:42:18.634708,ACC,2111616.jpg,2111616,2,0,NA
2111614_2,2023-01-04 18:42:18.009954,ACC,2111614.jpg,2111614,2,0,NA
2111629_2,2023-01-04 18:42:17.478479,ACC,2111629.jpg,2111629,2,0,NA
2111627_2,2023-01-04 18:42:16.916208,ACC,2111627.jpg,2111627,2,0,NA
2111632_2,2023-01-04 18:42:16.337846,ACC,2111632.jpg,2111632,2,0,NA
2111634_2,2023-01-04 18:42:15.806601,ACC,2111634.jpg,2111634,2,0,NA
2113592_2,2023-01-04 18:42:15.275350,ACC,2113592.jpg,2113592,2,0,NA
2115756_2,2023-01-04 18:42:14.634722,ACC,2115756.jpg,2115756,2,0,NA
2110992_2,2023-01-04 18:42:14.056634,ACC,2110992.jpg,2110992,2,0,NA
2111039_2,2023-01-04 18:42:13.494109,JEW,2111039.jpg,2111039,2,0,NA
2110993_2,2023-01-04 18:42:12.900360,ACC,2110993.jpg,2110993,2,0,NA
2111086_2,2023-01-04 18:42:12.353502,JEW,2111086.jpg,2111086,2,0,NA
2111056_2,2023-01-04 18:42:11.806611,JEW,2111056.jpg,2111056,2,0,NA
2111087_2,2023-01-04 18:42:11.275398,JEW,2111087.jpg,2111087,2,0,NA
2111089_2,2023-01-04 18:42:10.728709,JEW,2111089.jpg,2111089,2,0,NA
2111541_2,2023-01-04 18:42:10.181602,ACC,2111541.jpg,2111541,2,0,NA
2111542_2,2023-01-04 18:42:09.619160,ACC,2111542.jpg,2111542,2,0,NA
2111545_2,2023-01-04 18:42:09.041000,ACC,2111545.jpg,2111545,2,0,NA
2111568_2,2023-01-04 18:42:08.478478,ACC,2111568.jpg,2111568,2,0,NA
2111561_2,2023-01-04 18:42:07.791002,ACC,2111561.jpg,2111561,2,0,NA
2111572_2,2023-01-04 18:42:07.197254,ACC,2111572.jpg,2111572,2,0,NA
2111581_2,2023-01-04 18:42:06.650374,ACC,2111581.jpg,2111581,2,0,NA
2111573_2,2023-01-04 18:42:06.087888,ACC,2111573.jpg,2111573,2,0,NA
2111598_2,2023-01-04 18:42:05.447268,ACC,2111598.jpg,2111598,2,0,NA
2111606_2,2023-01-04 18:42:04.916039,ACC,2111606.jpg,2111606,2,0,NA
2111602_2,2023-01-04 18:42:04.306627,ACC,2111602.jpg,2111602,2,0,NA
2111610_2,2023-01-04 18:42:03.697431,ACC,2111610.jpg,2111610,2,0,NA
2111633_2,2023-01-04 18:42:03.025375,ACC,2111633.jpg,2111633,2,0,NA
2111626_2,2023-01-04 18:42:02.447279,ACC,2111626.jpg,2111626,2,0,NA
2111635_2,2023-01-04 18:42:01.791042,ACC,2111635.jpg,2111635,2,0,NA
2111647_2,2023-01-04 18:42:01.228537,ACC,2111647.jpg,2111647,2,0,NA
2111645_2,2023-01-04 18:42:00.619163,ACC,2111645.jpg,2111645,2,0,NA
2111660_2,2023-01-04 18:42:00.009784,ACC,2111660.jpg,2111660,2,0,NA
2111646_2,2023-01-04 18:41:59.384791,ACC,2111646.jpg,2111646,2,0,NA
2111659_2,2023-01-04 18:41:58.759794,ACC,2111659.jpg,2111659,2,0,NA
2111733_2,2023-01-04 18:41:58.197298,ACC,2111733.jpg,2111733,2,0,NA
2111740_2,2023-01-04 18:41:57.509798,ACC,2111740.jpg,2111740,2,0,NA
2112784_2,2023-01-04 18:41:56.947324,BEAUTY,2112784.jpg,2112784,2,0,NA
2112489_2,2023-01-04 18:41:56.306869,ACC,2112489.jpg,2112489,2,0,NA
2112786_2,2023-01-04 18:41:55.728559,BEAUTY,2112786.jpg,2112786,2,0,NA
2112785_2,2023-01-04 18:41:55.056702,BEAUTY,2112785.jpg,2112785,2,0,NA
2112929_2,2023-01-04 18:41:54.462962,ACC,2112929.jpg,2112929,2,0,NA
2115748_2,2023-01-04 18:41:53.072319,ACC,2115748.jpg,2115748,2,0,NA
2109893_2,2023-01-04 18:41:52.556702,SHO,2109893.jpg,2109893,2,0,NA
2109896_2,2023-01-04 18:41:51.994202,SHO,2109896.jpg,2109896,2,0,NA
2112714_2,2023-01-04 18:41:51.322322,BEAUTY,2112714.jpg,2112714,2,0,NA
2115746_2,2023-01-04 18:41:50.759796,ACC,2115746.jpg,2115746,2,0,NA
2115836_2,2023-01-04 18:41:50.166083,ACC,2115836.jpg,2115836,2,0,NA
2115833_2,2023-01-04 18:41:49.478579,ACC,2115833.jpg,2115833,2,0,NA
2218315_2,2023-01-04 18:41:48.869244,JEW,2218315.jpg,2218315,2,0,NA
2109773_2,2023-01-04 18:41:48.275758,CLO,2109773.jpg,2109773,2,0,NA
2113149_2,2023-01-04 18:41:47.728621,ACC,2113149.jpg,2113149,2,0,NA
2115260_2,2023-01-04 18:41:47.103575,ACC,2115260.jpg,2115260,2,0,NA
2115261_2,2023-01-04 18:41:46.447361,ACC,2115261.jpg,2115261,2,0,NA
2218319_2,2023-01-04 18:41:45.837966,JEW,2218319.jpg,2218319,2,0,NA
2010291_2,2023-01-04 18:41:45.306694,CLO,2010291.jpg,2010291,2,0,NA
2010343_2,2023-01-04 18:41:44.666118,CLO,2010343.jpg,2010343,2,0,NA
2010346_2,2023-01-04 18:41:43.931698,CLO,2010346.jpg,2010346,2,0,NA
2011675_2,2023-01-04 18:41:43.322598,CLO,2011675.jpg,2011675,2,0,NA
2106994_2,2023-01-04 18:41:42.681732,CLO,2106994.jpg,2106994,2,0,NA
2106995_2,2023-01-04 18:41:41.978970,CLO,2106995.jpg,2106995,2,0,NA
2108472_2,2023-01-04 18:41:41.384862,CLO,2108472.jpg,2108472,2,0,NA
2109024_2,2023-01-04 18:41:40.728611,CLO,2109024.jpg,2109024,2,0,NA
2109027_2,2023-01-04 18:41:40.150493,CLO,2109027.jpg,2109027,2,0,NA
2109228_2,2023-01-04 18:41:39.494400,CLO,2109228.jpg,2109228,2,0,NA
2111191_2,2023-01-04 18:41:38.791108,CLO,2111191.jpg,2111191,2,0,NA
2111802_2,2023-01-04 18:41:38.197481,CLO,2111802.jpg,2111802,2,0,NA
2111804_2,2023-01-04 18:41:37.572371,CLO,2111804.jpg,2111804,2,0,NA
2112042_2,2023-01-04 18:41:36.978628,CLO,2112042.jpg,2112042,2,0,NA
2112049_2,2023-01-04 18:41:36.416128,CLO,2112049.jpg,2112049,2,0,NA
2112051_2,2023-01-04 18:41:35.681751,CLO,2112051.jpg,2112051,2,0,NA
2112053_2,2023-01-04 18:41:35.056933,CLO,2112053.jpg,2112053,2,0,NA
2112211_2,2023-01-04 18:41:34.431742,CLO,2112211.jpg,2112211,2,0,NA
2112212_2,2023-01-04 18:41:33.838071,CLO,2112212.jpg,2112212,2,0,NA
2112213_2,2023-01-04 18:41:33.213079,CLO,2112213.jpg,2112213,2,0,NA
2112215_2,2023-01-04 18:41:32.572377,CLO,2112215.jpg,2112215,2,0,NA
2112493_2,2023-01-04 18:41:31.994359,CLO,2112493.jpg,2112493,2,0,NA
2101141_2,2023-01-04 18:41:31.572388,CLO,2101141.jpg,2101141,2,0,NA
2112811_2,2023-01-04 18:41:30.994250,CLO,2112811.jpg,2112811,2,0,NA
2113164_2,2023-01-04 18:41:30.447379,CLO,2113164.jpg,2113164,2,0,NA
2113165_2,2023-01-04 18:41:29.853650,CLO,2113165.jpg,2113165,2,0,NA
2113168_2,2023-01-04 18:41:29.228692,CLO,2113168.jpg,2113168,2,0,NA
2113169_2,2023-01-04 18:41:28.588027,CLO,2113169.jpg,2113169,2,0,NA
2113195_2,2023-01-04 18:41:28.025541,CLO,2113195.jpg,2113195,2,0,NA
2113204_2,2023-01-04 18:41:27.369361,CLO,2113204.jpg,2113204,2,0,NA
2113549_2,2023-01-04 18:41:26.759915,CLO,2113549.jpg,2113549,2,0,NA
2113550_2,2023-01-04 18:41:26.166150,CLO,2113550.jpg,2113550,2,0,NA
2114216_2,2023-01-04 18:41:25.556793,CLO,2114216.jpg,2114216,2,0,NA
2109372_2,2023-01-04 18:41:24.963049,SHO,2109372.jpg,2109372,2,0,NA
2109371_2,2023-01-04 18:41:24.416168,SHO,2109371.jpg,2109371,2,0,NA
2110641_2,2023-01-04 18:41:23.791259,SHO,2110641.jpg,2110641,2,0,NA
2110647_2,2023-01-04 18:41:23.228755,SHO,2110647.jpg,2110647,2,0,NA
2110645_2,2023-01-04 18:41:22.697425,SHO,2110645.jpg,2110645,2,0,NA
2110648_2,2023-01-04 18:41:22.103668,SHO,2110648.jpg,2110648,2,0,NA
2111206_2,2023-01-04 18:41:21.525553,SHO,2111206.jpg,2111206,2,0,NA
2111207_2,2023-01-04 18:41:20.931815,SHO,2111207.jpg,2111207,2,0,NA
2111208_2,2023-01-04 18:41:20.338173,SHO,2111208.jpg,2111208,2,0,NA
2111736_2,2023-01-04 18:41:19.791205,SHO,2111736.jpg,2111736,2,0,NA
2112518_2,2023-01-04 18:41:19.150581,CLO,2112518.jpg,2112518,2,0,NA
2113261_2,2023-01-04 18:41:18.588072,CLO,2113261.jpg,2113261,2,0,NA
2113263_2,2023-01-04 18:41:17.994409,CLO,2113263.jpg,2113263,2,0,NA
2113264_2,2023-01-04 18:41:17.244328,CLO,2113264.jpg,2113264,2,0,NA
2113546_2,2023-01-04 18:41:16.525581,CLO,2113546.jpg,2113546,2,0,NA
2113704_2,2023-01-04 18:41:15.931959,CLO,2113704.jpg,2113704,2,0,NA
2114616_2,2023-01-04 18:41:15.166213,CLO,2114616.jpg,2114616,2,0,NA
2114621_2,2023-01-04 18:41:14.494330,CLO,2114621.jpg,2114621,2,0,NA
2114639_2,2023-01-04 18:41:13.759969,CLO,2114639.jpg,2114639,2,0,NA
2114648_2,2023-01-04 18:41:13.181941,CLO,2114648.jpg,2114648,2,0,NA
2007620_2,2023-01-04 18:41:12.494318,ACC,2007620.jpg,2007620,2,0,NA
2102596_2,2023-01-04 18:41:11.853702,ACC,2102596.jpg,2102596,2,0,NA
2102588_2,2023-01-04 18:41:10.494343,ACC,2102588.jpg,2102588,2,0,NA
2102732_2,2023-01-04 18:41:09.931866,ACC,2102732.jpg,2102732,2,0,NA
2102592_2,2023-01-04 18:41:09.369434,ACC,2102592.jpg,2102592,2,0,NA
2106580_2,2023-01-04 18:41:08.759975,ACC,2106580.jpg,2106580,2,0,NA
2110034_2,2023-01-04 18:41:08.197490,JEW,2110034.jpg,2110034,2,0,NA
2110830_2,2023-01-04 18:41:07.635089,BEAUTY,2110830.jpg,2110830,2,0,NA
2110821_2,2023-01-04 18:41:07.041215,BEAUTY,2110821.jpg,2110821,2,0,NA
2110974_2,2023-01-04 18:41:06.275605,JEW,2110974.jpg,2110974,2,0,NA
2111712_2,2023-01-04 18:41:05.697470,ACC,2111712.jpg,2111712,2,0,NA
2111744_2,2023-01-04 18:41:05.135129,ACC,2111744.jpg,2111744,2,0,NA
2113071_2,2023-01-04 18:41:04.556874,JEW,2113071.jpg,2113071,2,0,NA
2111980_2,2023-01-04 18:41:03.932016,JEW,2111980.jpg,2111980,2,0,NA
2113072_2,2023-01-04 18:41:03.369389,JEW,2113072.jpg,2113072,2,0,NA
2114406_2,2023-01-04 18:41:02.666250,ACC,2114406.jpg,2114406,2,0,NA
2114407_2,2023-01-04 18:41:01.963193,ACC,2114407.jpg,2114407,2,0,NA
2114442_2,2023-01-04 18:41:01.338122,ACC,2114442.jpg,2114442,2,0,NA
2114433_2,2023-01-04 18:41:00.728878,ACC,2114433.jpg,2114433,2,0,NA
2114452_2,2023-01-04 18:41:00.103752,ACC,2114452.jpg,2114452,2,0,NA
2114451_2,2023-01-04 18:40:59.510001,ACC,2114451.jpg,2114451,2,0,NA
2114445_2,2023-01-04 18:40:58.869370,ACC,2114445.jpg,2114445,2,0,NA
2114453_2,2023-01-04 18:40:58.197524,ACC,2114453.jpg,2114453,2,0,NA
2114455_2,2023-01-04 18:40:57.510011,ACC,2114455.jpg,2114455,2,0,NA
2114459_2,2023-01-04 18:40:56.854132,ACC,2114459.jpg,2114459,2,0,NA
2114501_2,2023-01-04 18:40:56.181900,ACC,2114501.jpg,2114501,2,0,NA
2114502_2,2023-01-04 18:40:55.541280,ACC,2114502.jpg,2114502,2,0,NA
2115721_2,2023-01-04 18:40:54.947532,ACC,2115721.jpg,2115721,2,0,NA
2114557_2,2023-01-04 18:40:54.416293,ACC,2114557.jpg,2114557,2,0,NA
2113206_2,2023-01-04 18:40:53.807030,CLO,2113206.jpg,2113206,2,0,NA
2105488_2,2023-01-04 18:40:53.416268,CLO,2105488.jpg,2105488,2,0,NA
2106767_2,2023-01-04 18:40:52.822768,CLO,2106767.jpg,2106767,2,0,NA
2108020_2,2023-01-04 18:40:52.244413,CLO,2108020.jpg,2108020,2,0,NA
2109704_2,2023-01-04 18:40:51.635042,CLO,2109704.jpg,2109704,2,0,NA
2110717_2,2023-01-04 18:40:51.025764,CLO,2110717.jpg,2110717,2,0,NA
2111587_2,2023-01-04 18:40:50.478789,CLO,2111587.jpg,2111587,2,0,NA
2111247_2,2023-01-04 18:40:49.916322,CLO,2111247.jpg,2111247,2,0,NA
2111667_2,2023-01-04 18:40:49.260058,CLO,2111667.jpg,2111667,2,0,NA
2111760_2,2023-01-04 18:40:48.588163,CLO,2111760.jpg,2111760,2,0,NA
2112090_2,2023-01-04 18:40:47.306927,CLO,2112090.jpg,2112090,2,0,NA
2112118_2,2023-01-04 18:40:46.713176,CLO,2112118.jpg,2112118,2,0,NA
2112127_2,2023-01-04 18:40:45.822567,CLO,2112127.jpg,2112127,2,0,NA
2112157_2,2023-01-04 18:40:45.244424,CLO,2112157.jpg,2112157,2,0,NA
2112656_2,2023-01-04 18:40:44.619455,CLO,2112656.jpg,2112656,2,0,NA
2112658_2,2023-01-04 18:40:43.932041,CLO,2112658.jpg,2112658,2,0,NA
2112793_2,2023-01-04 18:40:43.260073,CLO,2112793.jpg,2112793,2,0,NA
2112792_2,2023-01-04 18:40:42.603813,CLO,2112792.jpg,2112792,2,0,NA
2113270_2,2023-01-04 18:40:41.869458,CLO,2113270.jpg,2113270,2,0,NA
2113251_2,2023-01-04 18:40:41.260077,CLO,2113251.jpg,2113251,2,0,NA
2113273_2,2023-01-04 18:40:40.541338,CLO,2113273.jpg,2113273,2,0,NA
2113466_2,2023-01-04 18:40:39.900706,CLO,2113466.jpg,2113466,2,0,NA
2113467_2,2023-01-04 18:40:38.588228,CLO,2113467.jpg,2113467,2,0,NA
2113561_2,2023-01-04 18:40:38.010270,CLO,2113561.jpg,2113561,2,0,NA
2113568_2,2023-01-04 18:40:37.416336,CLO,2113568.jpg,2113568,2,0,NA
2113634_2,2023-01-04 18:40:36.760108,CLO,2113634.jpg,2113634,2,0,NA
2113643_2,2023-01-04 18:40:36.103842,CLO,2113643.jpg,2113643,2,0,NA
2113881_2,2023-01-04 18:40:35.447609,CLO,2113881.jpg,2113881,2,0,NA
2114307_2,2023-01-04 18:40:34.853856,CLO,2114307.jpg,2114307,2,0,NA
2113994_2,2023-01-04 18:40:34.213243,CLO,2113994.jpg,2113994,2,0,NA
2114345_2,2023-01-04 18:40:33.603864,CLO,2114345.jpg,2114345,2,0,NA
2114347_2,2023-01-04 18:40:32.869482,CLO,2114347.jpg,2114347,2,0,NA
2114348_2,2023-01-04 18:40:32.275759,CLO,2114348.jpg,2114348,2,0,NA
2114360_2,2023-01-04 18:40:31.682004,CLO,2114360.jpg,2114360,2,0,NA
2114364_2,2023-01-04 18:40:31.025766,CLO,2114364.jpg,2114364,2,0,NA
2114362_2,2023-01-04 18:40:30.463257,CLO,2114362.jpg,2114362,2,0,NA
2114413_2,2023-01-04 18:40:29.869511,CLO,2114413.jpg,2114413,2,0,NA
2114473_2,2023-01-04 18:40:29.228896,CLO,2114473.jpg,2114473,2,0,NA
2114462_2,2023-01-04 18:40:28.682014,CLO,2114462.jpg,2114462,2,0,NA
2114476_2,2023-01-04 18:40:28.119518,CLO,2114476.jpg,2114476,2,0,NA
2114488_2,2023-01-04 18:40:27.494517,CLO,2114488.jpg,2114488,2,0,NA
2114509_2,2023-01-04 18:40:26.807004,CLO,2114509.jpg,2114509,2,0,NA
2114512_2,2023-01-04 18:40:26.229033,CLO,2114512.jpg,2114512,2,0,NA
2114511_2,2023-01-04 18:40:25.619519,CLO,2114511.jpg,2114511,2,0,NA
2114520_2,2023-01-04 18:40:24.807120,CLO,2114520.jpg,2114520,2,0,NA
2114543_2,2023-01-04 18:40:24.150774,CLO,2114543.jpg,2114543,2,0,NA
2114548_2,2023-01-04 18:40:23.463277,CLO,2114548.jpg,2114548,2,0,NA
2114549_2,2023-01-04 18:40:22.838286,CLO,2114549.jpg,2114549,2,0,NA
2114567_2,2023-01-04 18:40:22.197647,CLO,2114567.jpg,2114567,2,0,NA
2114552_2,2023-01-04 18:40:21.635158,CLO,2114552.jpg,2114552,2,0,NA
2114586_2,2023-01-04 18:40:21.025799,CLO,2114586.jpg,2114586,2,0,NA
2114637_2,2023-01-04 18:40:20.447665,CLO,2114637.jpg,2114637,2,0,NA
2114646_2,2023-01-04 18:40:19.807029,CLO,2114646.jpg,2114646,2,0,NA
2114658_2,2023-01-04 18:40:19.197685,CLO,2114658.jpg,2114658,2,0,NA
2114680_2,2023-01-04 18:40:18.307166,CLO,2114680.jpg,2114680,2,0,NA
2114689_2,2023-01-04 18:40:17.619763,CLO,2114689.jpg,2114689,2,0,NA
2114696_2,2023-01-04 18:40:16.916424,CLO,2114696.jpg,2114696,2,0,NA
2114694_2,2023-01-04 18:40:16.291417,CLO,2114694.jpg,2114694,2,0,NA
2114891_2,2023-01-04 18:40:15.432060,CLO,2114891.jpg,2114891,2,0,NA
2115004_2,2023-01-04 18:40:14.603926,CLO,2115004.jpg,2115004,2,0,NA
2115113_2,2023-01-04 18:40:14.041437,CLO,2115113.jpg,2115113,2,0,NA
2115197_2,2023-01-04 18:40:13.416441,CLO,2115197.jpg,2115197,2,0,NA
2115293_2,2023-01-04 18:40:12.775837,CLO,2115293.jpg,2115293,2,0,NA
2115297_2,2023-01-04 18:40:12.182073,CLO,2115297.jpg,2115297,2,0,NA
2115301_2,2023-01-04 18:40:11.557062,CLO,2115301.jpg,2115301,2,0,NA
2115402_2,2023-01-04 18:40:10.963322,CLO,2115402.jpg,2115402,2,0,NA
2115404_2,2023-01-04 18:40:10.354060,CLO,2115404.jpg,2115404,2,0,NA
2115517_2,2023-01-04 18:40:09.775825,CLO,2115517.jpg,2115517,2,0,NA
2115510_2,2023-01-04 18:40:09.182092,CLO,2115510.jpg,2115510,2,0,NA
2115519_2,2023-01-04 18:40:08.010213,CLO,2115519.jpg,2115519,2,0,NA
2115539_2,2023-01-04 18:40:07.385216,CLO,2115539.jpg,2115539,2,0,NA
2115542_2,2023-01-04 18:40:06.760222,CLO,2115542.jpg,2115542,2,0,NA
2115615_2,2023-01-04 18:40:06.119590,CLO,2115615.jpg,2115615,2,0,NA
2115619_2,2023-01-04 18:40:05.510331,CLO,2115619.jpg,2115619,2,0,NA
2115648_2,2023-01-04 18:40:04.932144,CLO,2115648.jpg,2115648,2,0,NA
2115660_2,2023-01-04 18:40:04.260204,CLO,2115660.jpg,2115660,2,0,NA
2115671_2,2023-01-04 18:40:03.635230,CLO,2115671.jpg,2115671,2,0,NA
2115666_2,2023-01-04 18:40:03.041512,CLO,2115666.jpg,2115666,2,0,NA
2115690_2,2023-01-04 18:40:02.432115,CLO,2115690.jpg,2115690,2,0,NA
2115754_2,2023-01-04 18:40:01.791475,CLO,2115754.jpg,2115754,2,0,NA
2009572_2,2023-01-04 18:40:01.275952,BEAUTY,2009572.jpg,2009572,2,0,NA
2102406_2,2023-01-04 18:40:00.713371,BEAUTY,2102406.jpg,2102406,2,0,NA
2105183_2,2023-01-04 18:40:00.135220,ACC,2105183.jpg,2105183,2,0,NA
2108410_2,2023-01-04 18:39:59.541495,ACC,2108410.jpg,2108410,2,0,NA
2110921_2,2023-01-04 18:39:58.994739,BEAUTY,2110921.jpg,2110921,2,0,NA
2108446_2,2023-01-04 18:39:58.463370,ACC,2108446.jpg,2108446,2,0,NA
2111445_2,2023-01-04 18:39:57.838375,ACC,2111445.jpg,2111445,2,0,NA
2111184_2,2023-01-04 18:39:57.260262,ACC,2111184.jpg,2111184,2,0,NA
2111578_2,2023-01-04 18:39:56.728998,ACC,2111578.jpg,2111578,2,0,NA
2111574_2,2023-01-04 18:39:56.182134,ACC,2111574.jpg,2111574,2,0,NA
2111588_2,2023-01-04 18:39:55.650886,ACC,2111588.jpg,2111588,2,0,NA
2111599_2,2023-01-04 18:39:55.119733,ACC,2111599.jpg,2111599,2,0,NA
2111640_2,2023-01-04 18:39:54.557180,ACC,2111640.jpg,2111640,2,0,NA
2111643_2,2023-01-04 18:39:53.885361,ACC,2111643.jpg,2111643,2,0,NA
2111649_2,2023-01-04 18:39:53.307132,ACC,2111649.jpg,2111649,2,0,NA
2111650_2,2023-01-04 18:39:52.760275,ACC,2111650.jpg,2111650,2,0,NA
2111658_2,2023-01-04 18:39:52.151131,ACC,2111658.jpg,2111658,2,0,NA
2112020_2,2023-01-04 18:39:51.572764,ACC,2112020.jpg,2112020,2,0,NA
2112286_2,2023-01-04 18:39:50.994657,ACC,2112286.jpg,2112286,2,0,NA
2113029_2,2023-01-04 18:39:50.416531,JEW,2113029.jpg,2113029,2,0,NA
2113085_2,2023-01-04 18:39:49.744731,JEW,2113085.jpg,2113085,2,0,NA
2114294_2,2023-01-04 18:39:49.166539,ACC,2114294.jpg,2114294,2,0,NA
2113327_2,2023-01-04 18:39:48.619665,JEW,2113327.jpg,2113327,2,0,NA
2114504_2,2023-01-04 18:39:48.010277,ACC,2114504.jpg,2114504,2,0,NA
2114996_2,2023-01-04 18:39:47.416573,ACC,2114996.jpg,2114996,2,0,NA
2115258_2,2023-01-04 18:39:46.822965,CLO,2115258.jpg,2115258,2,0,NA
2115257_2,2023-01-04 18:39:46.151040,CLO,2115257.jpg,2115257,2,0,NA
2115256_2,2023-01-04 18:39:45.572798,CLO,2115256.jpg,2115256,2,0,NA
2115675_2,2023-01-04 18:39:44.963422,ACC,2115675.jpg,2115675,2,0,NA
2115676_2,2023-01-04 18:39:44.354059,ACC,2115676.jpg,2115676,2,0,NA
2103916_2,2023-01-04 18:39:43.682169,CLO,2103916.jpg,2103916,2,0,NA
2109069_2,2023-01-04 18:39:43.119687,CLO,2109069.jpg,2109069,2,0,NA
2110391_2,2023-01-04 18:39:42.479048,CLO,2110391.jpg,2110391,2,0,NA
2110479_2,2023-01-04 18:39:41.901088,CLO,2110479.jpg,2110479,2,0,NA
2110502_2,2023-01-04 18:39:41.213474,CLO,2110502.jpg,2110502,2,0,NA
2110755_2,2023-01-04 18:39:40.541549,CLO,2110755.jpg,2110755,2,0,NA
2111257_2,2023-01-04 18:39:39.869672,CLO,2111257.jpg,2111257,2,0,NA
2111319_2,2023-01-04 18:39:39.260310,CLO,2111319.jpg,2111319,2,0,NA
2111827_2,2023-01-04 18:39:38.447812,CLO,2111827.jpg,2111827,2,0,NA
2112100_2,2023-01-04 18:39:37.760609,CLO,2112100.jpg,2112100,2,0,NA
2112106_2,2023-01-04 18:39:37.167156,CLO,2112106.jpg,2112106,2,0,NA
2112305_2,2023-01-04 18:39:36.604118,CLO,2112305.jpg,2112305,2,0,NA
2112391_2,2023-01-04 18:39:35.994986,CLO,2112391.jpg,2112391,2,0,NA
2112392_2,2023-01-04 18:39:35.401117,CLO,2112392.jpg,2112392,2,0,NA
2112394_2,2023-01-04 18:39:34.807202,CLO,2112394.jpg,2112394,2,0,NA
2112440_2,2023-01-04 18:39:33.979091,CLO,2112440.jpg,2112440,2,0,NA
2112421_2,2023-01-04 18:39:32.885347,CLO,2112421.jpg,2112421,2,0,NA
2112552_2,2023-01-04 18:39:32.323061,CLO,2112552.jpg,2112552,2,0,NA
2112645_2,2023-01-04 18:39:31.760344,CLO,2112645.jpg,2112645,2,0,NA
2112650_2,2023-01-04 18:39:31.151250,CLO,2112650.jpg,2112650,2,0,NA
2112909_2,2023-01-04 18:39:30.619711,CLO,2112909.jpg,2112909,2,0,NA
2112943_2,2023-01-04 18:39:29.979087,CLO,2112943.jpg,2112943,2,0,NA
2113059_2,2023-01-04 18:39:29.307295,CLO,2113059.jpg,2113059,2,0,NA
2113151_2,2023-01-04 18:39:28.729361,CLO,2113151.jpg,2113151,2,0,NA
2113159_2,2023-01-04 18:39:28.150968,CLO,2113159.jpg,2113159,2,0,NA
2113212_2,2023-01-04 18:39:27.447846,CLO,2113212.jpg,2113212,2,0,NA
2113235_2,2023-01-04 18:39:26.057241,CLO,2113235.jpg,2113235,2,0,NA
2113233_2,2023-01-04 18:39:25.416614,CLO,2113233.jpg,2113233,2,0,NA
2113262_2,2023-01-04 18:39:24.729118,CLO,2113262.jpg,2113262,2,0,NA
2113276_2,2023-01-04 18:39:24.150992,CLO,2113276.jpg,2113276,2,0,NA
2113283_2,2023-01-04 18:39:23.572880,CLO,2113283.jpg,2113283,2,0,NA
2113284_2,2023-01-04 18:39:22.916634,CLO,2113284.jpg,2113284,2,0,NA
2113290_2,2023-01-04 18:39:22.307250,CLO,2113290.jpg,2113290,2,0,NA
2113522_2,2023-01-04 18:39:21.697888,CLO,2113522.jpg,2113522,2,0,NA
2113523_2,2023-01-04 18:39:21.104129,CLO,2113523.jpg,2113523,2,0,NA
2113563_2,2023-01-04 18:39:20.510394,CLO,2113563.jpg,2113563,2,0,NA
2113569_2,2023-01-04 18:39:19.979146,CLO,2113569.jpg,2113569,2,0,NA
2113606_2,2023-01-04 18:39:19.432276,CLO,2113606.jpg,2113606,2,0,NA
1506735_1,2023-01-04 18:39:18.697909,CLO,1506735.jpg,1506735,1,0,NA
2113651_2,2023-01-04 18:39:18.307279,CLO,2113651.jpg,2113651,2,0,NA
2113921_2,2023-01-04 18:39:17.697896,CLO,2113921.jpg,2113921,2,0,NA
2113985_2,2023-01-04 18:39:17.135475,CLO,2113985.jpg,2113985,2,0,NA
2114000_2,2023-01-04 18:39:16.479265,CLO,2114000.jpg,2114000,2,0,NA
2114003_2,2023-01-04 18:39:15.932275,CLO,2114003.jpg,2114003,2,0,NA
2114022_2,2023-01-04 18:39:14.510419,CLO,2114022.jpg,2114022,2,0,NA
2114024_2,2023-01-04 18:39:13.948041,CLO,2114024.jpg,2114024,2,0,NA
2114318_2,2023-01-04 18:39:13.354167,CLO,2114318.jpg,2114318,2,0,NA
2114320_2,2023-01-04 18:39:12.619799,CLO,2114320.jpg,2114320,2,0,NA
2114336_2,2023-01-04 18:39:11.947959,CLO,2114336.jpg,2114336,2,0,NA
2114379_2,2023-01-04 18:39:11.401046,CLO,2114379.jpg,2114379,2,0,NA
2114383_2,2023-01-04 18:39:10.854184,CLO,2114383.jpg,2114383,2,0,NA
2114468_2,2023-01-04 18:39:10.244981,CLO,2114468.jpg,2114468,2,0,NA
2114486_2,2023-01-04 18:39:09.526063,CLO,2114486.jpg,2114486,2,0,NA
2114489_2,2023-01-04 18:39:08.901081,CLO,2114489.jpg,2114489,2,0,NA
2114540_2,2023-01-04 18:39:08.307303,CLO,2114540.jpg,2114540,2,0,NA
2114554_2,2023-01-04 18:39:07.651070,CLO,2114554.jpg,2114554,2,0,NA
2114559_2,2023-01-04 18:39:06.932335,CLO,2114559.jpg,2114559,2,0,NA
2114568_2,2023-01-04 18:39:06.354445,CLO,2114568.jpg,2114568,2,0,NA
2114642_2,2023-01-04 18:39:05.713574,CLO,2114642.jpg,2114642,2,0,NA
2114656_2,2023-01-04 18:39:05.151173,CLO,2114656.jpg,2114656,2,0,NA
2114717_2,2023-01-04 18:39:04.541733,CLO,2114717.jpg,2114717,2,0,NA
2114813_2,2023-01-04 18:39:03.869916,CLO,2114813.jpg,2114813,2,0,NA
2114816_2,2023-01-04 18:39:03.276149,CLO,2114816.jpg,2114816,2,0,NA
2115078_2,2023-01-04 18:39:02.604190,CLO,2115078.jpg,2115078,2,0,NA
2115090_2,2023-01-04 18:39:02.010643,CLO,2115090.jpg,2115090,2,0,NA
2115117_2,2023-01-04 18:39:01.338586,CLO,2115117.jpg,2115117,2,0,NA
2115140_2,2023-01-04 18:39:00.666711,CLO,2115140.jpg,2115140,2,0,NA
2115201_2,2023-01-04 18:39:00.104352,CLO,2115201.jpg,2115201,2,0,NA
2115193_2,2023-01-04 18:38:59.385484,CLO,2115193.jpg,2115193,2,0,NA
2115289_2,2023-01-04 18:38:58.791756,CLO,2115289.jpg,2115289,2,0,NA
2115286_2,2023-01-04 18:38:58.166721,CLO,2115286.jpg,2115286,2,0,NA
2115294_2,2023-01-04 18:38:57.588604,CLO,2115294.jpg,2115294,2,0,NA
2115330_2,2023-01-04 18:38:56.979222,CLO,2115330.jpg,2115330,2,0,NA
2115502_2,2023-01-04 18:38:56.385617,CLO,2115502.jpg,2115502,2,0,NA
2115508_2,2023-01-04 18:38:55.791717,CLO,2115508.jpg,2115508,2,0,NA
2115509_2,2023-01-04 18:38:55.182362,CLO,2115509.jpg,2115509,2,0,NA
2115513_2,2023-01-04 18:38:54.494929,CLO,2115513.jpg,2115513,2,0,NA
2115520_2,2023-01-04 18:38:53.916749,CLO,2115520.jpg,2115520,2,0,NA
2115570_2,2023-01-04 18:38:52.822998,CLO,2115570.jpg,2115570,2,0,NA
2115617_2,2023-01-04 18:38:52.245090,CLO,2115617.jpg,2115617,2,0,NA
2115618_2,2023-01-04 18:38:51.604242,CLO,2115618.jpg,2115618,2,0,NA
2115689_2,2023-01-04 18:38:51.057401,CLO,2115689.jpg,2115689,2,0,NA
2115793_2,2023-01-04 18:38:50.479246,CLO,2115793.jpg,2115793,2,0,NA
2115837_2,2023-01-04 18:38:49.760515,CLO,2115837.jpg,2115837,2,0,NA
2115851_2,2023-01-04 18:38:49.151135,CLO,2115851.jpg,2115851,2,0,NA
2115852_2,2023-01-04 18:38:48.557391,CLO,2115852.jpg,2115852,2,0,NA
2115854_2,2023-01-04 18:38:47.979487,CLO,2115854.jpg,2115854,2,0,NA
2115855_2,2023-01-04 18:38:47.291769,CLO,2115855.jpg,2115855,2,0,NA
2115867_2,2023-01-04 18:38:46.666776,CLO,2115867.jpg,2115867,2,0,NA
2115875_2,2023-01-04 18:38:46.073049,CLO,2115875.jpg,2115875,2,0,NA
2115877_2,2023-01-04 18:38:45.479279,CLO,2115877.jpg,2115877,2,0,NA
2115876_2,2023-01-04 18:38:44.745007,CLO,2115876.jpg,2115876,2,0,NA
2115878_2,2023-01-04 18:38:44.057407,CLO,2115878.jpg,2115878,2,0,NA
2115888_2,2023-01-04 18:38:43.385525,CLO,2115888.jpg,2115888,2,0,NA
2115889_2,2023-01-04 18:38:42.760525,CLO,2115889.jpg,2115889,2,0,NA
2115915_2,2023-01-04 18:38:41.979391,CLO,2115915.jpg,2115915,2,0,NA
2115958_2,2023-01-04 18:38:41.370030,CLO,2115958.jpg,2115958,2,0,NA
2200021_2,2023-01-04 18:38:40.744994,CLO,2200021.jpg,2200021,2,0,NA
2200084_2,2023-01-04 18:38:40.104290,CLO,2200084.jpg,2200084,2,0,NA
2200091_2,2023-01-04 18:38:39.463654,CLO,2200091.jpg,2200091,2,0,NA
2114344_2,2023-01-04 18:38:38.807417,CLO,2114344.jpg,2114344,2,0,NA
2115317_2,2023-01-04 18:38:38.229380,CLO,2115317.jpg,2115317,2,0,NA
2115326_2,2023-01-04 18:38:37.619941,CLO,2115326.jpg,2115326,2,0,NA
2114363_2,2023-01-04 18:38:36.948049,CLO,2114363.jpg,2114363,2,0,NA
2108483_2,2023-01-04 18:38:36.354318,CLO,2108483.jpg,2108483,2,0,NA
2108519_2,2023-01-04 18:38:35.760640,CLO,2108519.jpg,2108519,2,0,NA
2110395_2,2023-01-04 18:38:35.166814,CLO,2110395.jpg,2110395,2,0,NA
2110482_2,2023-01-04 18:38:34.510567,CLO,2110482.jpg,2110482,2,0,NA
2112410_2,2023-01-04 18:38:33.885574,CLO,2112410.jpg,2112410,2,0,NA
2112713_2,2023-01-04 18:38:33.198073,CLO,2112713.jpg,2112713,2,0,NA
2113196_2,2023-01-04 18:38:32.666822,CLO,2113196.jpg,2113196,2,0,NA
2113228_2,2023-01-04 18:38:32.057457,CLO,2113228.jpg,2113228,2,0,NA
2113219_2,2023-01-04 18:38:31.416826,CLO,2113219.jpg,2113219,2,0,NA
2113234_2,2023-01-04 18:38:30.791837,CLO,2113234.jpg,2113234,2,0,NA
2113268_2,2023-01-04 18:38:30.135585,CLO,2113268.jpg,2113268,2,0,NA
2113266_2,2023-01-04 18:38:29.619967,CLO,2113266.jpg,2113266,2,0,NA
2113275_2,2023-01-04 18:38:29.010596,CLO,2113275.jpg,2113275,2,0,NA
2113518_2,2023-01-04 18:38:28.307457,CLO,2113518.jpg,2113518,2,0,NA
2114250_2,2023-01-04 18:38:27.588884,CLO,2114250.jpg,2114250,2,0,NA
2114264_2,2023-01-04 18:38:26.979356,CLO,2114264.jpg,2114264,2,0,NA
2114358_2,2023-01-04 18:38:26.401217,CLO,2114358.jpg,2114358,2,0,NA
2114494_2,2023-01-04 18:38:25.776206,CLO,2114494.jpg,2114494,2,0,NA
2114539_2,2023-01-04 18:38:25.182477,CLO,2114539.jpg,2114539,2,0,NA
2114699_2,2023-01-04 18:38:24.526239,CLO,2114699.jpg,2114699,2,0,NA
2114723_2,2023-01-04 18:38:23.823112,CLO,2114723.jpg,2114723,2,0,NA
2114815_2,2023-01-04 18:38:23.135826,CLO,2114815.jpg,2114815,2,0,NA
2115037_2,2023-01-04 18:38:22.588739,CLO,2115037.jpg,2115037,2,0,NA
2115052_2,2023-01-04 18:38:21.948118,CLO,2115052.jpg,2115052,2,0,NA
2115352_2,2023-01-04 18:38:21.307588,CLO,2115352.jpg,2115352,2,0,NA
2115364_2,2023-01-04 18:38:20.713737,CLO,2115364.jpg,2115364,2,0,NA
2115363_2,2023-01-04 18:38:19.979380,CLO,2115363.jpg,2115363,2,0,NA
2115365_2,2023-01-04 18:38:19.323324,CLO,2115365.jpg,2115365,2,0,NA
2115516_2,2023-01-04 18:38:18.713956,CLO,2115516.jpg,2115516,2,0,NA
2115605_2,2023-01-04 18:38:18.120089,CLO,2115605.jpg,2115605,2,0,NA
2115528_2,2023-01-04 18:38:17.417042,CLO,2115528.jpg,2115528,2,0,NA
2115621_2,2023-01-04 18:38:16.807501,CLO,2115621.jpg,2115621,2,0,NA
2115667_2,2023-01-04 18:38:16.151257,CLO,2115667.jpg,2115667,2,0,NA
2115670_2,2023-01-04 18:38:15.354380,CLO,2115670.jpg,2115670,2,0,NA
2115669_2,2023-01-04 18:38:14.604391,CLO,2115669.jpg,2115669,2,0,NA
2115769_2,2023-01-04 18:38:13.979480,CLO,2115769.jpg,2115769,2,0,NA
2115771_2,2023-01-04 18:38:13.307515,CLO,2115771.jpg,2115771,2,0,NA
2115847_2,2023-01-04 18:38:12.713787,CLO,2115847.jpg,2115847,2,0,NA
2115772_2,2023-01-04 18:38:12.151259,CLO,2115772.jpg,2115772,2,0,NA
2115849_2,2023-01-04 18:38:11.401285,CLO,2115849.jpg,2115849,2,0,NA
2111657_2,2023-01-04 18:38:10.823157,ACC,2111657.jpg,2111657,2,0,NA
2114011_2,2023-01-04 18:38:10.291921,ACC,2114011.jpg,2114011,2,0,NA
2115115_2,2023-01-04 18:38:09.729434,ACC,2115115.jpg,2115115,2,0,NA
2115111_2,2023-01-04 18:38:09.120047,ACC,2115111.jpg,2115111,2,0,NA
2115120_2,2023-01-04 18:38:08.573340,ACC,2115120.jpg,2115120,2,0,NA
2115122_2,2023-01-04 18:38:07.963784,ACC,2115122.jpg,2115122,2,0,NA
2115220_2,2023-01-04 18:38:07.276387,ACC,2115220.jpg,2115220,2,0,NA
2115223_2,2023-01-04 18:38:06.573316,ACC,2115223.jpg,2115223,2,0,NA
2200124_2,2023-01-04 18:38:05.948177,ACC,2200124.jpg,2200124,2,0,NA
2105775_2,2023-01-04 18:38:05.432556,ACC,2105775.jpg,2105775,2,0,NA
2110804_2,2023-01-04 18:38:04.854433,BEAUTY,2110804.jpg,2110804,2,0,NA
2110810_2,2023-01-04 18:38:04.198206,BEAUTY,2110810.jpg,2110810,2,0,NA
2111003_2,2023-01-04 18:38:03.635694,JEW,2111003.jpg,2111003,2,0,NA
2111009_2,2023-01-04 18:38:02.901351,JEW,2111009.jpg,2111009,2,0,NA
2110942_2,2023-01-04 18:38:02.338810,JEW,2110942.jpg,2110942,2,0,NA
2111416_2,2023-01-04 18:38:01.807716,ACC,2111416.jpg,2111416,2,0,NA
2111430_2,2023-01-04 18:38:01.151315,ACC,2111430.jpg,2111430,2,0,NA
2107846_2,2023-01-04 18:38:00.588829,ACC,2107846.jpg,2107846,2,0,NA
2110924_2,2023-01-04 18:38:00.010706,BEAUTY,2110924.jpg,2110924,2,0,NA
2111781_2,2023-01-04 18:37:59.448195,ACC,2111781.jpg,2111781,2,0,NA
2114480_2,2023-01-04 18:37:58.838831,ACC,2114480.jpg,2114480,2,0,NA
2115490_2,2023-01-04 18:37:58.291964,BEAUTY,2115490.jpg,2115490,2,0,NA
2112424_2,2023-01-04 18:37:57.682666,CLO,2112424.jpg,2112424,2,0,NA
2113982_2,2023-01-04 18:37:57.151352,CLO,2113982.jpg,2113982,2,0,NA
2114323_2,2023-01-04 18:37:56.557587,CLO,2114323.jpg,2114323,2,0,NA
2114477_2,2023-01-04 18:37:55.979458,CLO,2114477.jpg,2114477,2,0,NA
2115308_2,2023-01-04 18:37:55.354640,CLO,2115308.jpg,2115308,2,0,NA
2114544_2,2023-01-04 18:37:54.745167,CLO,2114544.jpg,2114544,2,0,NA
2115339_2,2023-01-04 18:37:54.104468,CLO,2115339.jpg,2115339,2,0,NA
2115386_2,2023-01-04 18:37:53.448219,CLO,2115386.jpg,2115386,2,0,NA
2115421_2,2023-01-04 18:37:52.729468,CLO,2115421.jpg,2115421,2,0,NA
2115511_2,2023-01-04 18:37:52.088838,CLO,2115511.jpg,2115511,2,0,NA
2115514_2,2023-01-04 18:37:51.354495,CLO,2115514.jpg,2115514,2,0,NA
2115564_2,2023-01-04 18:37:50.652424,CLO,2115564.jpg,2115564,2,0,NA
2115561_2,2023-01-04 18:37:50.026393,CLO,2115561.jpg,2115561,2,0,NA
2115568_2,2023-01-04 18:37:49.385743,CLO,2115568.jpg,2115568,2,0,NA
2115585_2,2023-01-04 18:37:48.807626,CLO,2115585.jpg,2115585,2,0,NA
2115595_2,2023-01-04 18:37:48.198247,CLO,2115595.jpg,2115595,2,0,NA
2115598_2,2023-01-04 18:37:47.620139,CLO,2115598.jpg,2115598,2,0,NA
2115623_2,2023-01-04 18:37:46.588896,CLO,2115623.jpg,2115623,2,0,NA
2115627_2,2023-01-04 18:37:45.557635,CLO,2115627.jpg,2115627,2,0,NA
2200016_2,2023-01-04 18:37:44.557628,CLO,2200016.jpg,2200016,2,0,NA
2116097_2,2023-01-04 18:37:43.807647,CLO,2116097.jpg,2116097,2,0,NA
2200050_2,2023-01-04 18:37:43.104513,CLO,2200050.jpg,2200050,2,0,NA
2200068_2,2023-01-04 18:37:42.245169,CLO,2200068.jpg,2200068,2,0,NA
2200218_2,2023-01-04 18:37:41.651381,CLO,2200218.jpg,2200218,2,0,NA
2200138_2,2023-01-04 18:37:41.042017,CLO,2200138.jpg,2200138,2,0,NA
2200227_2,2023-01-04 18:37:40.401428,CLO,2200227.jpg,2200227,2,0,NA
2200231_2,2023-01-04 18:37:39.760789,CLO,2200231.jpg,2200231,2,0,NA
2111297_2,2023-01-04 18:37:39.167021,CLO,2111297.jpg,2111297,2,0,NA
2114317_2,2023-01-04 18:37:38.557667,CLO,2114317.jpg,2114317,2,0,NA
2114353_2,2023-01-04 18:37:37.885792,CLO,2114353.jpg,2114353,2,0,NA
2114528_2,2023-01-04 18:37:37.057681,CLO,2114528.jpg,2114528,2,0,NA
2114650_2,2023-01-04 18:37:36.463917,CLO,2114650.jpg,2114650,2,0,NA
2115323_2,2023-01-04 18:37:35.870200,CLO,2115323.jpg,2115323,2,0,NA
2115544_2,2023-01-04 18:37:35.182698,CLO,2115544.jpg,2115544,2,0,NA
2115338_2,2023-01-04 18:37:34.557699,CLO,2115338.jpg,2115338,2,0,NA
2115868_2,2023-01-04 18:37:33.932690,CLO,2115868.jpg,2115868,2,0,NA
1908203_1,2023-01-04 18:37:33.323383,ACC,1908203.jpg,1908203,1,0,NA
2108545_2,2023-01-04 18:37:32.057684,ACC,2108545.jpg,2108545,2,0,NA
2109504_2,2023-01-04 18:37:31.448327,SHO,2109504.jpg,2109504,2,0,NA
2109394_2,2023-01-04 18:37:30.807688,ACC,2109394.jpg,2109394,2,0,NA
2111426_2,2023-01-04 18:37:30.088970,ACC,2111426.jpg,2111426,2,0,NA
2111427_2,2023-01-04 18:37:29.510945,ACC,2111427.jpg,2111427,2,0,NA
2111656_2,2023-01-04 18:37:28.902167,ACC,2111656.jpg,2111656,2,0,NA
2108194_2,2023-01-04 18:37:28.307700,CLO,2108194.jpg,2108194,2,0,NA
2108196_2,2023-01-04 18:37:27.729591,CLO,2108196.jpg,2108196,2,0,NA
2108636_2,2023-01-04 18:37:27.104555,CLO,2108636.jpg,2108636,2,0,NA
2109154_2,2023-01-04 18:37:26.463969,CLO,2109154.jpg,2109154,2,0,NA
2110855_2,2023-01-04 18:37:25.838961,CLO,2110855.jpg,2110855,2,0,NA
2111825_2,2023-01-04 18:37:25.011044,CLO,2111825.jpg,2111825,2,0,NA
2112352_2,2023-01-04 18:37:24.432719,CLO,2112352.jpg,2112352,2,0,NA
2113258_2,2023-01-04 18:37:23.808078,CLO,2113258.jpg,2113258,2,0,NA
2113292_2,2023-01-04 18:37:23.057719,CLO,2113292.jpg,2113292,2,0,NA
2113626_2,2023-01-04 18:37:22.433039,CLO,2113626.jpg,2113626,2,0,NA
2113915_2,2023-01-04 18:37:21.760856,CLO,2113915.jpg,2113915,2,0,NA
2114041_2,2023-01-04 18:37:21.010894,CLO,2114041.jpg,2114041,2,0,NA
2114355_2,2023-01-04 18:37:20.370227,CLO,2114355.jpg,2114355,2,0,NA
2112235_2,2023-01-04 18:37:02.495278,JEW,2112235.jpg,2112235,2,0,NA
2115940_2,2023-01-04 18:37:02.104671,JEW,2115940.jpg,2115940,2,0,NA
2115682_2,2023-01-04 18:37:01.635970,JEW,2115682.jpg,2115682,2,0,NA
2115446_2,2023-01-04 18:37:01.057819,BEAUTY,2115446.jpg,2115446,2,0,NA
2111823_2,2023-01-04 18:37:00.510960,ACC,2111823.jpg,2111823,2,0,NA
2114906_2,2023-01-04 18:36:59.901570,ACC,2114906.jpg,2114906,2,0,NA
2114510_2,2023-01-04 18:36:59.323456,CLO,2114510.jpg,2114510,2,0,NA
2111759_2,2023-01-04 18:36:58.448445,ACC,2111759.jpg,2111759,2,0,NA
2110812_2,2023-01-04 18:36:57.917194,BEAUTY,2110812.jpg,2110812,2,0,NA
2109107_2,2023-01-04 18:36:57.385950,JEW,2109107.jpg,2109107,2,0,NA
2110166_2,2023-01-04 18:36:56.839072,JEW,2110166.jpg,2110166,2,0,NA
2106567_2,2023-01-04 18:36:56.307820,JEW,2106567.jpg,2106567,2,0,NA
2103352_2,2023-01-04 18:36:55.776565,ACC,2103352.jpg,2103352,2,0,NA
2109114_2,2023-01-04 18:36:55.198474,BEAUTY,2109114.jpg,2109114,2,0,NA
2109832_2,2023-01-04 18:36:54.635938,BEAUTY,2109832.jpg,2109832,2,0,NA
2109834_2,2023-01-04 18:36:54.073452,BEAUTY,2109834.jpg,2109834,2,0,NA
2110522_2,2023-01-04 18:36:53.417213,BEAUTY,2110522.jpg,2110522,2,0,NA
2110815_2,2023-01-04 18:36:52.870335,BEAUTY,2110815.jpg,2110815,2,0,NA
2111420_2,2023-01-04 18:36:52.276587,ACC,2111420.jpg,2111420,2,0,NA
2111415_2,2023-01-04 18:36:51.729724,ACC,2111415.jpg,2111415,2,0,NA
2111556_2,2023-01-04 18:36:51.104708,ACC,2111556.jpg,2111556,2,0,NA
2112488_2,2023-01-04 18:36:50.542224,BEAUTY,2112488.jpg,2112488,2,0,NA
2107957_2,2023-01-04 18:36:49.995352,CLO,2107957.jpg,2107957,2,0,NA
2108773_2,2023-01-04 18:36:49.432833,ACC,2108773.jpg,2108773,2,0,NA
2111439_2,2023-01-04 18:36:48.885965,ACC,2111439.jpg,2111439,2,0,NA
2110523_2,2023-01-04 18:36:48.260963,BEAUTY,2110523.jpg,2110523,2,0,NA
2115494_2,2023-01-04 18:36:47.714426,SHO,2115494.jpg,2115494,2,0,NA
2115496_2,2023-01-04 18:36:47.120655,SHO,2115496.jpg,2115496,2,0,NA
2115498_2,2023-01-04 18:36:46.589122,SHO,2115498.jpg,2115498,2,0,NA
2115499_2,2023-01-04 18:36:45.995355,SHO,2115499.jpg,2115499,2,0,NA
2115500_2,2023-01-04 18:36:45.432859,SHO,2115500.jpg,2115500,2,0,NA
2111662_2,2023-01-04 18:36:44.792228,ACC,2111662.jpg,2111662,2,0,NA
2111664_2,2023-01-04 18:36:44.214133,ACC,2111664.jpg,2111664,2,0,NA
2111914_2,2023-01-04 18:36:43.620358,ACC,2111914.jpg,2111914,2,0,NA
2114430_2,2023-01-04 18:36:43.042257,ACC,2114430.jpg,2114430,2,0,NA
2114439_2,2023-01-04 18:36:42.464371,ACC,2114439.jpg,2114439,2,0,NA
2110861_2,2023-01-04 18:36:41.839129,BEAUTY,2110861.jpg,2110861,2,0,NA
2111789_2,2023-01-04 18:36:41.292259,ACC,2111789.jpg,2111789,2,0,NA
2115102_2,2023-01-04 18:36:40.682877,BEAUTY,2115102.jpg,2115102,2,0,NA
2115241_2,2023-01-04 18:36:40.089141,ACC,2115241.jpg,2115241,2,0,NA
2110228_2,2023-01-04 18:36:39.479748,ACC,2110228.jpg,2110228,2,0,NA
2110549_2,2023-01-04 18:36:38.932890,BEAUTY,2110549.jpg,2110549,2,0,NA
2115449_2,2023-01-04 18:36:38.386022,BEAUTY,2115449.jpg,2115449,2,0,NA
2115452_2,2023-01-04 18:36:37.776640,BEAUTY,2115452.jpg,2115452,2,0,NA
2115453_2,2023-01-04 18:36:37.151655,BEAUTY,2115453.jpg,2115453,2,0,NA
2200628_2,2023-01-04 18:36:36.589145,BEAUTY,2200628.jpg,2200628,2,0,NA
2200630_2,2023-01-04 18:36:35.979769,BEAUTY,2200630.jpg,2200630,2,0,NA
2109175_2,2023-01-04 18:36:35.448523,CLO,2109175.jpg,2109175,2,0,NA
2115871_2,2023-01-04 18:36:34.448529,CLO,2115871.jpg,2115871,2,0,NA
2115872_2,2023-01-04 18:36:33.854788,CLO,2115872.jpg,2115872,2,0,NA
2116025_2,2023-01-04 18:36:33.292275,CLO,2116025.jpg,2116025,2,0,NA
2116101_2,2023-01-04 18:36:32.682917,CLO,2116101.jpg,2116101,2,0,NA
2200064_2,2023-01-04 18:36:32.089169,CLO,2200064.jpg,2200064,2,0,NA
2200238_2,2023-01-04 18:36:31.495419,CLO,2200238.jpg,2200238,2,0,NA
2200240_2,2023-01-04 18:36:30.761045,CLO,2200240.jpg,2200240,2,0,NA
2109450_2,2023-01-04 18:36:29.807922,CLO,2109450.jpg,2109450,2,0,NA
2110470_2,2023-01-04 18:36:29.073539,CLO,2110470.jpg,2110470,2,0,NA
2110902_2,2023-01-04 18:36:28.495434,CLO,2110902.jpg,2110902,2,0,NA
2112408_2,2023-01-04 18:36:27.901692,CLO,2112408.jpg,2112408,2,0,NA
2112640_2,2023-01-04 18:36:27.370431,CLO,2112640.jpg,2112640,2,0,NA
2112898_2,2023-01-04 18:36:26.761061,CLO,2112898.jpg,2112898,2,0,NA
2113097_2,2023-01-04 18:36:26.182929,CLO,2113097.jpg,2113097,2,0,NA
2113287_2,2023-01-04 18:36:25.651778,CLO,2113287.jpg,2113287,2,0,NA
2113305_2,2023-01-04 18:36:24.979815,CLO,2113305.jpg,2113305,2,0,NA
2113593_2,2023-01-04 18:36:24.339197,CLO,2113593.jpg,2113593,2,0,NA
2113596_2,2023-01-04 18:36:23.745445,CLO,2113596.jpg,2113596,2,0,NA
2113618_2,2023-01-04 18:36:22.948561,CLO,2113618.jpg,2113618,2,0,NA
2113632_2,2023-01-04 18:36:22.323609,CLO,2113632.jpg,2113632,2,0,NA
2114007_2,2023-01-04 18:36:21.667350,CLO,2114007.jpg,2114007,2,0,NA
2114251_2,2023-01-04 18:36:20.964211,CLO,2114251.jpg,2114251,2,0,NA
2114304_2,2023-01-04 18:36:20.354853,CLO,2114304.jpg,2114304,2,0,NA
2114326_2,2023-01-04 18:36:00.714273,CLO,2114326.jpg,2114326,2,0,NA
2114503_2,2023-01-04 18:35:59.636175,CLO,2114503.jpg,2114503,2,0,NA
2114506_2,2023-01-04 18:35:58.964276,CLO,2114506.jpg,2114506,2,0,NA
2114508_2,2023-01-04 18:35:58.308025,CLO,2114508.jpg,2114508,2,0,NA
2114571_2,2023-01-04 18:35:57.729997,CLO,2114571.jpg,2114571,2,0,NA
2114578_2,2023-01-04 18:35:57.151820,CLO,2114578.jpg,2114578,2,0,NA
2114652_2,2023-01-04 18:35:56.526795,CLO,2114652.jpg,2114652,2,0,NA
2114654_2,2023-01-04 18:35:55.901805,CLO,2114654.jpg,2114654,2,0,NA
2114690_2,2023-01-04 18:35:55.292579,CLO,2114690.jpg,2114690,2,0,NA
2115010_2,2023-01-04 18:35:54.651808,CLO,2115010.jpg,2115010,2,0,NA
2115103_2,2023-01-04 18:35:54.089300,CLO,2115103.jpg,2115103,2,0,NA
2115299_2,2023-01-04 18:35:53.495567,CLO,2115299.jpg,2115299,2,0,NA
2115302_2,2023-01-04 18:35:52.886189,CLO,2115302.jpg,2115302,2,0,NA
2115307_2,2023-01-04 18:35:52.198695,CLO,2115307.jpg,2115307,2,0,NA
2115331_2,2023-01-04 18:35:51.573694,CLO,2115331.jpg,2115331,2,0,NA
2115332_2,2023-01-04 18:35:50.979976,CLO,2115332.jpg,2115332,2,0,NA
2115337_2,2023-01-04 18:35:50.370563,CLO,2115337.jpg,2115337,2,0,NA
2115360_2,2023-01-04 18:35:49.573697,CLO,2115360.jpg,2115360,2,0,NA
2115375_2,2023-01-04 18:35:48.948700,CLO,2115375.jpg,2115375,2,0,NA
2115541_2,2023-01-04 18:35:48.292579,CLO,2115541.jpg,2115541,2,0,NA
2115555_2,2023-01-04 18:35:47.683086,CLO,2115555.jpg,2115555,2,0,NA
2115556_2,2023-01-04 18:35:47.073728,CLO,2115556.jpg,2115556,2,0,NA
2115576_2,2023-01-04 18:35:46.386218,CLO,2115576.jpg,2115576,2,0,NA
2115622_2,2023-01-04 18:35:45.729971,CLO,2115622.jpg,2115622,2,0,NA
2115613_2,2023-01-04 18:35:45.104973,CLO,2115613.jpg,2115613,2,0,NA
2115625_2,2023-01-04 18:35:44.479965,CLO,2115625.jpg,2115625,2,0,NA
2115628_2,2023-01-04 18:35:43.854974,CLO,2115628.jpg,2115628,2,0,NA
2115636_2,2023-01-04 18:35:43.245600,CLO,2115636.jpg,2115636,2,0,NA
2115704_2,2023-01-04 18:35:42.573728,CLO,2115704.jpg,2115704,2,0,NA
2115713_2,2023-01-04 18:35:41.933106,CLO,2115713.jpg,2115713,2,0,NA
2115873_2,2023-01-04 18:35:41.386222,CLO,2115873.jpg,2115873,2,0,NA
2116041_2,2023-01-04 18:35:40.714360,CLO,2116041.jpg,2116041,2,0,NA
2200067_2,2023-01-04 18:35:40.151862,CLO,2200067.jpg,2200067,2,0,NA
2200140_2,2023-01-04 18:35:39.620617,CLO,2200140.jpg,2200140,2,0,NA
2109982_2,2023-01-04 18:35:39.073739,JEW,2109982.jpg,2109982,2,0,NA
2110925_2,2023-01-04 18:35:38.448753,BEAUTY,2110925.jpg,2110925,2,0,NA
2113674_2,2023-01-04 18:35:37.886254,JEW,2113674.jpg,2113674,2,0,NA
2114868_2,2023-01-04 18:35:37.308113,ACC,2114868.jpg,2114868,2,0,NA
2114863_2,2023-01-04 18:35:36.808134,ACC,2114863.jpg,2114863,2,0,NA
2200346_2,2023-01-04 18:35:36.245640,BEAUTY,2200346.jpg,2200346,2,0,NA
2110923_2,2023-01-04 18:35:35.558130,BEAUTY,2110923.jpg,2110923,2,0,NA
2111792_2,2023-01-04 18:35:34.948755,ACC,2111792.jpg,2111792,2,0,NA
2114860_2,2023-01-04 18:35:34.339410,ACC,2114860.jpg,2114860,2,0,NA
2115457_2,2023-01-04 18:35:33.730011,BEAUTY,2115457.jpg,2115457,2,0,NA
2113529_2,2023-01-04 18:35:33.120631,SHO,2113529.jpg,2113529,2,0,NA
2113530_2,2023-01-04 18:35:32.573780,SHO,2113530.jpg,2113530,2,0,NA
2113536_2,2023-01-04 18:35:32.026912,SHO,2113536.jpg,2113536,2,0,NA
2113542_2,2023-01-04 18:35:31.417513,SHO,2113542.jpg,2113542,2,0,NA
2113543_2,2023-01-04 18:35:30.870651,SHO,2113543.jpg,2113543,2,0,NA
2200280_2,2023-01-04 18:35:30.245651,SHO,2200280.jpg,2200280,2,0,NA
1909433_1,2023-01-04 18:35:29.698813,CLO,1909433.jpg,1909433,1,0,NA
1906956_1,2023-01-04 18:35:29.073781,CLO,1906956.jpg,1906956,1,0,NA
1911305_1,2023-01-04 18:35:28.401908,CLO,1911305.jpg,1911305,1,0,NA
1912623_1,2023-01-04 18:35:27.870671,CLO,1912623.jpg,1912623,1,0,NA
1912748_1,2023-01-04 18:35:27.167544,CLO,1912748.jpg,1912748,1,0,NA
1912749_1,2023-01-04 18:35:26.526910,CLO,1912749.jpg,1912749,1,0,NA
2000532_2,2023-01-04 18:35:25.917553,CLO,2000532.jpg,2000532,2,0,NA
2002345_2,2023-01-04 18:35:25.323794,CLO,2002345.jpg,2002345,2,0,NA
2002509_2,2023-01-04 18:35:24.698806,CLO,2002509.jpg,2002509,2,0,NA
2002511_2,2023-01-04 18:35:24.120684,CLO,2002511.jpg,2002511,2,0,NA
2003561_2,2023-01-04 18:35:23.558155,CLO,2003561.jpg,2003561,2,0,NA
2004938_2,2023-01-04 18:35:22.901957,CLO,2004938.jpg,2004938,2,0,NA
2002342_2,2023-01-04 18:35:22.495677,CLO,2002342.jpg,2002342,2,0,NA
2005878_2,2023-01-04 18:35:21.839444,CLO,2005878.jpg,2005878,2,0,NA
2006863_2,2023-01-04 18:35:21.214427,CLO,2006863.jpg,2006863,2,0,NA
2009169_2,2023-01-04 18:35:20.620693,CLO,2009169.jpg,2009169,2,0,NA
2009130_2,2023-01-04 18:35:19.995842,CLO,2009130.jpg,2009130,2,0,NA
2112105_2,2023-01-04 18:35:19.433172,ACC,2112105.jpg,2112105,2,0,NA
2115232_2,2023-01-04 18:35:18.823829,ACC,2115232.jpg,2115232,2,0,NA
2115235_2,2023-01-04 18:35:18.167599,ACC,2115235.jpg,2115235,2,0,NA
2115237_2,2023-01-04 18:35:17.558203,ACC,2115237.jpg,2115237,2,0,NA
2115239_2,2023-01-04 18:35:16.964457,ACC,2115239.jpg,2115239,2,0,NA
2115242_2,2023-01-04 18:35:16.386339,ACC,2115242.jpg,2115242,2,0,NA
2115275_2,2023-01-04 18:35:15.745711,BEAUTY,2115275.jpg,2115275,2,0,NA
2115475_2,2023-01-04 18:35:15.120715,BEAUTY,2115475.jpg,2115475,2,0,NA
2115476_2,2023-01-04 18:35:14.433211,BEAUTY,2115476.jpg,2115476,2,0,NA
2113577_2,2023-01-04 18:35:13.683214,SHO,2113577.jpg,2113577,2,0,NA
2113578_2,2023-01-04 18:35:13.120722,SHO,2113578.jpg,2113578,2,0,NA
2113585_2,2023-01-04 18:35:12.573830,SHO,2113585.jpg,2113585,2,0,NA
2113589_2,2023-01-04 18:35:11.948847,SHO,2113589.jpg,2113589,2,0,NA
2115752_2,2023-01-04 18:35:11.417600,CLO,2115752.jpg,2115752,2,0,NA
2100481_2,2023-01-04 18:34:35.964607,JEW,2100481.jpg,2100481,2,0,NA
2013719_2,2023-01-04 18:34:35.480457,JEW,2013719.jpg,2013719,2,0,NA
2106954_2,2023-01-04 18:34:35.073983,ACC,2106954.jpg,2106954,2,0,NA
2109710_2,2023-01-04 18:34:34.542720,JEW,2109710.jpg,2109710,2,0,NA
2110220_2,2023-01-04 18:34:33.995869,JEW,2110220.jpg,2110220,2,0,NA
2112000_2,2023-01-04 18:34:33.402107,ACC,2112000.jpg,2112000,2,0,NA
2111990_2,2023-01-04 18:34:32.761473,ACC,2111990.jpg,2111990,2,0,NA
2113888_2,2023-01-04 18:34:32.167729,ACC,2113888.jpg,2113888,2,0,NA
2114805_2,2023-01-04 18:34:31.480231,ACC,2114805.jpg,2114805,2,0,NA
2115250_2,2023-01-04 18:34:30.886514,BEAUTY,2115250.jpg,2115250,2,0,NA
2113889_2,2023-01-04 18:34:30.339724,ACC,2113889.jpg,2113889,2,0,NA
2114997_2,2023-01-04 18:34:29.745881,BEAUTY,2114997.jpg,2114997,2,0,NA
2115463_2,2023-01-04 18:34:29.152131,BEAUTY,2115463.jpg,2115463,2,0,NA
2115482_2,2023-01-04 18:34:28.589642,BEAUTY,2115482.jpg,2115482,2,0,NA
2115489_2,2023-01-04 18:34:27.995889,BEAUTY,2115489.jpg,2115489,2,0,NA
2115491_2,2023-01-04 18:34:27.448996,BEAUTY,2115491.jpg,2115491,2,0,NA
2200381_2,2023-01-04 18:34:26.917774,JEW,2200381.jpg,2200381,2,0,NA
2200948_2,2023-01-04 18:34:26.370892,ACC,2200948.jpg,2200948,2,0,NA
2200941_2,2023-01-04 18:34:25.777176,ACC,2200941.jpg,2200941,2,0,NA
2113541_2,2023-01-04 18:34:25.136530,SHO,2113541.jpg,2113541,2,0,NA
2115447_2,2023-01-04 18:34:24.605268,BEAUTY,2115447.jpg,2115447,2,0,NA
2110660_2,2023-01-04 18:34:23.933509,BEAUTY,2110660.jpg,2110660,2,0,NA
2110661_2,2023-01-04 18:34:23.355260,BEAUTY,2110661.jpg,2110661,2,0,NA
2110653_2,2023-01-04 18:34:22.745918,BEAUTY,2110653.jpg,2110653,2,0,NA
2110663_2,2023-01-04 18:34:22.042789,BEAUTY,2110663.jpg,2110663,2,0,NA
2110809_2,2023-01-04 18:34:21.480309,BEAUTY,2110809.jpg,2110809,2,0,NA
2111817_2,2023-01-04 18:34:20.917810,ACC,2111817.jpg,2111817,2,0,NA
2111966_2,2023-01-04 18:34:20.355305,ACC,2111966.jpg,2111966,2,0,NA
2113580_2,2023-01-04 18:34:19.761563,SHO,2113580.jpg,2113580,2,0,NA
2113582_2,2023-01-04 18:34:19.121077,SHO,2113582.jpg,2113582,2,0,NA
2111106_2,2023-01-04 18:34:18.589814,JEW,2111106.jpg,2111106,2,0,NA
2113695_2,2023-01-04 18:34:18.167807,JEW,2113695.jpg,2113695,2,0,NA
2113827_2,2023-01-04 18:34:17.636559,ACC,2113827.jpg,2113827,2,0,NA
2114946_2,2023-01-04 18:34:17.074055,ACC,2114946.jpg,2114946,2,0,NA
2114950_2,2023-01-04 18:34:16.402181,ACC,2114950.jpg,2114950,2,0,NA
2115134_2,2023-01-04 18:34:15.855314,BEAUTY,2115134.jpg,2115134,2,0,NA
2115179_2,2023-01-04 18:34:15.199159,ACC,2115179.jpg,2115179,2,0,NA
2115213_2,2023-01-04 18:34:14.574063,ACC,2115213.jpg,2115213,2,0,NA
2115214_2,2023-01-04 18:34:14.027180,ACC,2115214.jpg,2115214,2,0,NA
2115265_2,2023-01-04 18:34:13.511568,BEAUTY,2115265.jpg,2115265,2,0,NA
2115957_2,2023-01-04 18:34:12.964704,ACC,2115957.jpg,2115957,2,0,NA
2115938_2,2023-01-04 18:34:12.292826,ACC,2115938.jpg,2115938,2,0,NA
2200700_2,2023-01-04 18:34:11.745951,ACC,2200700.jpg,2200700,2,0,NA
2200704_2,2023-01-04 18:34:11.167843,ACC,2200704.jpg,2200704,2,0,NA
2200702_2,2023-01-04 18:34:10.542818,ACC,2200702.jpg,2200702,2,0,NA
2200989_2,2023-01-04 18:34:09.839716,ACC,2200989.jpg,2200989,2,0,NA
2200699_2,2023-01-04 18:34:09.277431,ACC,2200699.jpg,2200699,2,0,NA
2113544_2,2023-01-04 18:34:08.886584,SHO,2113544.jpg,2113544,2,0,NA
2110991_2,2023-01-04 18:34:08.261586,ACC,2110991.jpg,2110991,2,0,NA
2113510_2,2023-01-04 18:34:07.683475,ACC,2113510.jpg,2113510,2,0,NA
2113993_2,2023-01-04 18:34:07.042836,JEW,2113993.jpg,2113993,2,0,NA
2113999_2,2023-01-04 18:34:06.292862,JEW,2113999.jpg,2113999,2,0,NA
2114094_2,2023-01-04 18:34:05.714728,JEW,2114094.jpg,2114094,2,0,NA
2114189_2,2023-01-04 18:34:05.105393,JEW,2114189.jpg,2114189,2,0,NA
2114195_2,2023-01-04 18:34:04.511580,JEW,2114195.jpg,2114195,2,0,NA
2114255_2,2023-01-04 18:34:03.824121,JEW,2114255.jpg,2114255,2,0,NA
2115082_2,2023-01-04 18:34:03.136613,ACC,2115082.jpg,2115082,2,0,NA
2115130_2,2023-01-04 18:34:02.589741,ACC,2115130.jpg,2115130,2,0,NA
2115225_2,2023-01-04 18:34:02.074116,ACC,2115225.jpg,2115225,2,0,NA
2115249_2,2023-01-04 18:34:01.527220,ACC,2115249.jpg,2115249,2,0,NA
2115455_2,2023-01-04 18:34:00.840222,BEAUTY,2115455.jpg,2115455,2,0,NA
2115589_2,2023-01-04 18:34:00.261618,ACC,2115589.jpg,2115589,2,0,NA
2115663_2,2023-01-04 18:33:59.636627,ACC,2115663.jpg,2115663,2,0,NA
2200328_2,2023-01-04 18:33:59.121000,JEW,2200328.jpg,2200328,2,0,NA
2201399_2,2023-01-04 18:33:58.558623,BEAUTY,2201399.jpg,2201399,2,0,NA
2110285_2,2023-01-04 18:33:57.824111,JEW,2110285.jpg,2110285,2,0,NA
2111408_2,2023-01-04 18:33:57.293008,ACC,2111408.jpg,2111408,2,0,NA
2111377_2,2023-01-04 18:33:56.714757,ACC,2111377.jpg,2111377,2,0,NA
2111411_2,2023-01-04 18:33:56.183518,ACC,2111411.jpg,2111411,2,0,NA
2111432_2,2023-01-04 18:33:55.589769,ACC,2111432.jpg,2111432,2,0,NA
2111451_2,2023-01-04 18:33:55.011651,ACC,2111451.jpg,2111451,2,0,NA
2111452_2,2023-01-04 18:33:54.355538,ACC,2111452.jpg,2111452,2,0,NA
2111453_2,2023-01-04 18:33:53.824153,ACC,2111453.jpg,2111453,2,0,NA
2111497_2,2023-01-04 18:33:53.214786,ACC,2111497.jpg,2111497,2,0,NA
2111503_2,2023-01-04 18:33:52.527327,ACC,2111503.jpg,2111503,2,0,NA
2111529_2,2023-01-04 18:33:51.964782,ACC,2111529.jpg,2111529,2,0,NA
2111531_2,2023-01-04 18:33:51.386793,ACC,2111531.jpg,2111531,2,0,NA
2111546_2,2023-01-04 18:33:50.683535,ACC,2111546.jpg,2111546,2,0,NA
2111552_2,2023-01-04 18:33:50.105415,ACC,2111552.jpg,2111552,2,0,NA
2111564_2,2023-01-04 18:33:49.589794,ACC,2111564.jpg,2111564,2,0,NA
2111912_2,2023-01-04 18:33:49.042919,ACC,2111912.jpg,2111912,2,0,NA
2112238_2,2023-01-04 18:33:48.464808,ACC,2112238.jpg,2112238,2,0,NA
2112914_2,2023-01-04 18:33:47.902299,ACC,2112914.jpg,2112914,2,0,NA
2111913_2,2023-01-04 18:33:47.277292,ACC,2111913.jpg,2111913,2,0,NA
2112916_2,2023-01-04 18:33:46.699183,ACC,2112916.jpg,2112916,2,0,NA
2114806_2,2023-01-04 18:33:46.074384,ACC,2114806.jpg,2114806,2,0,NA
2115309_2,2023-01-04 18:33:45.480452,BEAUTY,2115309.jpg,2115309,2,0,NA
2115467_2,2023-01-04 18:33:44.792930,BEAUTY,2115467.jpg,2115467,2,0,NA
2115468_2,2023-01-04 18:33:44.214807,BEAUTY,2115468.jpg,2115468,2,0,NA
2109482_2,2023-01-04 18:33:43.605509,SHO,2109482.jpg,2109482,2,0,NA
2111992_2,2023-01-04 18:33:43.042938,ACC,2111992.jpg,2111992,2,0,NA
2113826_2,2023-01-04 18:33:42.511687,ACC,2113826.jpg,2113826,2,0,NA
2110739_2,2023-01-04 18:33:41.793250,JEW,2110739.jpg,2110739,2,0,NA
2111015_2,2023-01-04 18:33:41.246095,JEW,2111015.jpg,2111015,2,0,NA
2112030_2,2023-01-04 18:33:40.652334,ACC,2112030.jpg,2112030,2,0,NA
2113527_2,2023-01-04 18:33:40.136707,ACC,2113527.jpg,2113527,2,0,NA
2114228_2,2023-01-04 18:33:39.558715,JEW,2114228.jpg,2114228,2,0,NA
2114202_2,2023-01-04 18:33:38.964834,JEW,2114202.jpg,2114202,2,0,NA
2114258_2,2023-01-04 18:33:38.355539,JEW,2114258.jpg,2114258,2,0,NA
2114854_2,2023-01-04 18:33:37.746082,ACC,2114854.jpg,2114854,2,0,NA
2114857_2,2023-01-04 18:33:37.199315,ACC,2114857.jpg,2114857,2,0,NA
2114864_2,2023-01-04 18:33:36.683585,ACC,2114864.jpg,2114864,2,0,NA
2114925_2,2023-01-04 18:33:36.136712,ACC,2114925.jpg,2114925,2,0,NA
2114955_2,2023-01-04 18:33:35.589948,ACC,2114955.jpg,2114955,2,0,NA
2115081_2,2023-01-04 18:33:34.902345,ACC,2115081.jpg,2115081,2,0,NA
2115100_2,2023-01-04 18:33:34.371103,ACC,2115100.jpg,2115100,2,0,NA
2115101_2,2023-01-04 18:33:33.761720,ACC,2115101.jpg,2115101,2,0,NA
2115224_2,2023-01-04 18:33:33.214846,ACC,2115224.jpg,2115224,2,0,NA
2115204_2,2023-01-04 18:33:32.652458,ACC,2115204.jpg,2115204,2,0,NA
2115227_2,2023-01-04 18:33:32.105477,ACC,2115227.jpg,2115227,2,0,NA
2115310_2,2023-01-04 18:33:31.589846,BEAUTY,2115310.jpg,2115310,2,0,NA
2115328_2,2023-01-04 18:33:31.058610,BEAUTY,2115328.jpg,2115328,2,0,NA
2115834_2,2023-01-04 18:33:30.558609,ACC,2115834.jpg,2115834,2,0,NA
2115916_2,2023-01-04 18:33:29.996135,JEW,2115916.jpg,2115916,2,0,NA
2115893_2,2023-01-04 18:33:29.418005,JEW,2115893.jpg,2115893,2,0,NA
2115921_2,2023-01-04 18:33:28.871131,JEW,2115921.jpg,2115921,2,0,NA
2200398_2,2023-01-04 18:33:28.261747,JEW,2200398.jpg,2200398,2,0,NA
2112700_2,2023-01-04 18:33:27.683756,SHO,2112700.jpg,2112700,2,0,NA
2112703_2,2023-01-04 18:33:27.121128,SHO,2112703.jpg,2112703,2,0,NA
2112704_2,2023-01-04 18:33:26.558625,SHO,2112704.jpg,2112704,2,0,NA
2112706_2,2023-01-04 18:33:25.902380,SHO,2112706.jpg,2112706,2,0,NA
2112710_2,2023-01-04 18:33:25.355502,SHO,2112710.jpg,2112710,2,0,NA
2112711_2,2023-01-04 18:33:24.793005,SHO,2112711.jpg,2112711,2,0,NA
2112712_2,2023-01-04 18:33:24.214876,SHO,2112712.jpg,2112712,2,0,NA
2112748_2,2023-01-04 18:33:23.621142,SHO,2112748.jpg,2112748,2,0,NA
2112835_2,2023-01-04 18:33:23.011933,SHO,2112835.jpg,2112835,2,0,NA
2112836_2,2023-01-04 18:33:22.183767,SHO,2112836.jpg,2112836,2,0,NA
2201118_2,2023-01-04 18:33:21.605520,SHO,2201118.jpg,2201118,2,0,NA
2109555_2,2023-01-04 18:33:21.027486,CLO,2109555.jpg,2109555,2,0,NA
2109635_2,2023-01-04 18:33:20.418075,CLO,2109635.jpg,2109635,2,0,NA
2114346_2,2023-01-04 18:33:19.777821,CLO,2114346.jpg,2114346,2,0,NA
2114718_2,2023-01-04 18:33:19.121413,CLO,2114718.jpg,2114718,2,0,NA
2115796_2,2023-01-04 18:33:18.121270,CLO,2115796.jpg,2115796,2,0,NA
2115894_2,2023-01-04 18:33:17.574319,CLO,2115894.jpg,2115894,2,0,NA
2116053_2,2023-01-04 18:33:16.980716,CLO,2116053.jpg,2116053,2,0,NA
2200083_2,2023-01-04 18:33:16.324317,CLO,2200083.jpg,2200083,2,0,NA
2200096_2,2023-01-04 18:33:15.121182,CLO,2200096.jpg,2200096,2,0,NA
2200185_2,2023-01-04 18:33:14.512105,CLO,2200185.jpg,2200185,2,0,NA
2200202_2,2023-01-04 18:33:13.918099,CLO,2200202.jpg,2200202,2,0,NA
2200424_2,2023-01-04 18:33:13.308684,CLO,2200424.jpg,2200424,2,0,NA
2200462_2,2023-01-04 18:33:12.715109,CLO,2200462.jpg,2200462,2,0,NA
2200467_2,2023-01-04 18:33:12.168212,CLO,2200467.jpg,2200467,2,0,NA
2200477_2,2023-01-04 18:33:11.590077,CLO,2200477.jpg,2200477,2,0,NA
2200522_2,2023-01-04 18:33:10.996168,CLO,2200522.jpg,2200522,2,0,NA
2200621_2,2023-01-04 18:33:10.449438,CLO,2200621.jpg,2200621,2,0,NA
2200659_2,2023-01-04 18:33:09.386909,CLO,2200659.jpg,2200659,2,0,NA
2200726_2,2023-01-04 18:33:08.839950,CLO,2200726.jpg,2200726,2,0,NA
2200760_2,2023-01-04 18:33:08.324421,CLO,2200760.jpg,2200760,2,0,NA
2200765_2,2023-01-04 18:33:07.730583,CLO,2200765.jpg,2200765,2,0,NA
2200808_2,2023-01-04 18:33:07.183724,CLO,2200808.jpg,2200808,2,0,NA
2200815_2,2023-01-04 18:33:06.605610,CLO,2200815.jpg,2200815,2,0,NA
2200819_2,2023-01-04 18:33:04.652649,CLO,2200819.jpg,2200819,2,0,NA
2200883_2,2023-01-04 18:33:03.168089,CLO,2200883.jpg,2200883,2,0,NA
2200895_2,2023-01-04 18:33:02.543205,CLO,2200895.jpg,2200895,2,0,NA
2200912_2,2023-01-04 18:33:01.933731,CLO,2200912.jpg,2200912,2,0,NA
2201103_2,2023-01-04 18:33:01.293164,CLO,2201103.jpg,2201103,2,0,NA
2201134_2,2023-01-04 18:33:00.699676,CLO,2201134.jpg,2201134,2,0,NA
2201137_2,2023-01-04 18:33:00.089976,CLO,2201137.jpg,2201137,2,0,NA
2201144_2,2023-01-04 18:32:59.199373,CLO,2201144.jpg,2201144,2,0,NA
2201226_2,2023-01-04 18:32:54.980642,CLO,2201226.jpg,2201226,2,0,NA
2201241_2,2023-01-04 18:32:53.418123,CLO,2201241.jpg,2201241,2,0,NA
2113177_2,2023-01-04 18:32:42.980677,CLO,2113177.jpg,2113177,2,0,NA
2113181_2,2023-01-04 18:32:39.683814,CLO,2113181.jpg,2113181,2,0,NA
2113184_2,2023-01-04 18:32:36.527574,CLO,2113184.jpg,2113184,2,0,NA
2113335_2,2023-01-04 18:32:32.824444,CLO,2113335.jpg,2113335,2,0,NA
2114027_2,2023-01-04 18:32:30.183838,CLO,2114027.jpg,2114027,2,0,NA
2114039_2,2023-01-04 18:32:27.808834,CLO,2114039.jpg,2114039,2,0,NA
2114291_2,2023-01-04 18:32:25.277614,CLO,2114291.jpg,2114291,2,0,NA
2115144_2,2023-01-04 18:32:22.043240,CLO,2115144.jpg,2115144,2,0,NA
2115350_2,2023-01-04 18:32:19.355940,CLO,2115350.jpg,2115350,2,0,NA
2115608_2,2023-01-04 18:32:16.043269,CLO,2115608.jpg,2115608,2,0,NA
2115611_2,2023-01-04 18:32:14.590138,CLO,2115611.jpg,2115611,2,0,NA
2115626_2,2023-01-04 18:32:13.449523,CLO,2115626.jpg,2115626,2,0,NA
2115677_2,2023-01-04 18:32:10.168277,CLO,2115677.jpg,2115677,2,0,NA
2115679_2,2023-01-04 18:32:07.715166,CLO,2115679.jpg,2115679,2,0,NA
2115891_2,2023-01-04 18:32:05.371527,CLO,2115891.jpg,2115891,2,0,NA
2116016_2,2023-01-04 18:32:02.637090,CLO,2116016.jpg,2116016,2,0,NA
2116051_2,2023-01-04 18:31:58.980843,CLO,2116051.jpg,2116051,2,0,NA
2200379_2,2023-01-04 18:31:55.293370,CLO,2200379.jpg,2200379,2,0,NA
2200449_2,2023-01-04 18:31:53.246474,CLO,2200449.jpg,2200449,2,0,NA
2200633_2,2023-01-04 18:31:51.199618,CLO,2200633.jpg,2200633,2,0,NA
2200455_2,2023-01-04 18:31:48.918408,CLO,2200455.jpg,2200455,2,0,NA
2200638_2,2023-01-04 18:31:44.777761,CLO,2200638.jpg,2200638,2,0,NA
2200742_2,2023-01-04 18:31:43.480927,CLO,2200742.jpg,2200742,2,0,NA
2200804_2,2023-01-04 18:31:41.402797,CLO,2200804.jpg,2200804,2,0,NA
2200817_2,2023-01-04 18:31:39.215518,CLO,2200817.jpg,2200817,2,0,NA
2200811_2,2023-01-04 18:31:36.105930,CLO,2200811.jpg,2200811,2,0,NA
2201022_2,2023-01-04 18:31:33.637189,CLO,2201022.jpg,2201022,2,0,NA
2200981_2,2023-01-04 18:31:30.496555,CLO,2200981.jpg,2200981,2,0,NA
2201026_2,2023-01-04 18:31:27.090330,CLO,2201026.jpg,2201026,2,0,NA
2201027_2,2023-01-04 18:31:21.793476,CLO,2201027.jpg,2201027,2,0,NA
2201032_2,2023-01-04 18:31:19.855980,CLO,2201032.jpg,2201032,2,0,NA
2201046_2,2023-01-04 18:31:12.777898,CLO,2201046.jpg,2201046,2,0,NA
2201053_2,2023-01-04 18:31:05.949793,CLO,2201053.jpg,2201053,2,0,NA
2201102_2,2023-01-04 18:31:02.887294,CLO,2201102.jpg,2201102,2,0,NA
2201133_2,2023-01-04 18:31:00.762312,CLO,2201133.jpg,2201133,2,0,NA
2201149_2,2023-01-04 18:30:56.887323,CLO,2201149.jpg,2201149,2,0,NA
2201157_2,2023-01-04 18:30:54.356080,CLO,2201157.jpg,2201157,2,0,NA
2201192_2,2023-01-04 18:30:52.184220,CLO,2201192.jpg,2201192,2,0,NA
2201219_2,2023-01-04 18:30:50.731101,CLO,2201219.jpg,2201219,2,0,NA
2201238_2,2023-01-04 18:30:48.824858,CLO,2201238.jpg,2201238,2,0,NA
2201240_2,2023-01-04 18:30:45.668792,CLO,2201240.jpg,2201240,2,0,NA
2201245_2,2023-01-04 18:30:40.152991,CLO,2201245.jpg,2201245,2,0,NA
2201251_2,2023-01-04 18:30:38.324888,CLO,2201251.jpg,2201251,2,0,NA
2201258_2,2023-01-04 18:30:35.668654,CLO,2201258.jpg,2201258,2,0,NA
2201285_2,2023-01-04 18:30:31.199922,CLO,2201285.jpg,2201285,2,0,NA
2201355_2,2023-01-04 18:30:26.481175,CLO,2201355.jpg,2201355,2,0,NA
2201358_2,2023-01-04 18:30:25.903075,CLO,2201358.jpg,2201358,2,0,NA
2201394_2,2023-01-04 18:30:25.106328,CLO,2201394.jpg,2201394,2,0,NA
2201535_2,2023-01-04 18:30:20.684332,CLO,2201535.jpg,2201535,2,0,NA
2201627_2,2023-01-04 18:30:16.887482,CLO,2201627.jpg,2201627,2,0,NA
2201633_2,2023-01-04 18:30:14.512504,CLO,2201633.jpg,2201633,2,0,NA
2201634_2,2023-01-04 18:30:13.793736,CLO,2201634.jpg,2201634,2,0,NA
2201636_2,2023-01-04 18:30:11.012523,CLO,2201636.jpg,2201636,2,0,NA
2201766_2,2023-01-04 18:30:09.965635,CLO,2201766.jpg,2201766,2,0,NA
2201800_2,2023-01-04 18:30:06.793764,CLO,2201800.jpg,2201800,2,0,NA
2112448_2,2023-01-04 18:30:06.215656,SHO,2112448.jpg,2112448,2,0,NA
2112463_2,2023-01-04 18:30:05.575120,SHO,2112463.jpg,2112463,2,0,NA
2113597_2,2023-01-04 18:30:04.840698,ACC,2113597.jpg,2113597,2,0,NA
2114856_2,2023-01-04 18:30:04.263125,ACC,2114856.jpg,2114856,2,0,NA
2115047_2,2023-01-04 18:30:03.668783,ACC,2115047.jpg,2115047,2,0,NA
2201629_2,2023-01-04 18:30:02.871900,ACC,2201629.jpg,2201629,2,0,NA
2201630_2,2023-01-04 18:30:01.481300,ACC,2201630.jpg,2201630,2,0,NA
2112242_2,2023-01-04 18:30:00.731300,ACC,2112242.jpg,2112242,2,0,NA
2114782_2,2023-01-04 18:29:59.762543,ACC,2114782.jpg,2114782,2,0,NA
2114918_2,2023-01-04 18:29:58.246923,ACC,2114918.jpg,2114918,2,0,NA
2114921_2,2023-01-04 18:29:57.496922,ACC,2114921.jpg,2114921,2,0,NA
2114934_2,2023-01-04 18:29:55.028195,ACC,2114934.jpg,2114934,2,0,NA
2114957_2,2023-01-04 18:29:53.465693,ACC,2114957.jpg,2114957,2,0,NA
2115000_2,2023-01-04 18:29:52.809526,ACC,2115000.jpg,2115000,2,0,NA
2115086_2,2023-01-04 18:29:52.200085,ACC,2115086.jpg,2115086,2,0,NA
2115095_2,2023-01-04 18:29:51.637606,ACC,2115095.jpg,2115095,2,0,NA
2115098_2,2023-01-04 18:29:50.168812,ACC,2115098.jpg,2115098,2,0,NA
2115119_2,2023-01-04 18:29:49.512580,ACC,2115119.jpg,2115119,2,0,NA
2115240_2,2023-01-04 18:29:47.746971,ACC,2115240.jpg,2115240,2,0,NA
2115247_2,2023-01-04 18:29:47.075108,ACC,2115247.jpg,2115247,2,0,NA
2115267_2,2023-01-04 18:29:45.559477,BEAUTY,2115267.jpg,2115267,2,0,NA
2115269_2,2023-01-04 18:29:44.731348,BEAUTY,2115269.jpg,2115269,2,0,NA
2115270_2,2023-01-04 18:29:44.137606,BEAUTY,2115270.jpg,2115270,2,0,NA
2115918_2,2023-01-04 18:29:43.481340,JEW,2115918.jpg,2115918,2,0,NA
2116034_2,2023-01-04 18:29:41.528227,CLO,2116034.jpg,2116034,2,0,NA
2200350_2,2023-01-04 18:29:40.778260,SHO,2200350.jpg,2200350,2,0,NA
2201302_2,2023-01-04 18:29:39.215731,ACC,2201302.jpg,2201302,2,0,NA
2201324_2,2023-01-04 18:29:37.590744,CLO,2201324.jpg,2201324,2,0,NA
2201359_2,2023-01-04 18:29:36.168871,CLO,2201359.jpg,2201359,2,0,NA
2201393_2,2023-01-04 18:29:35.028249,CLO,2201393.jpg,2201393,2,0,NA
2201396_2,2023-01-04 18:29:33.981400,CLO,2201396.jpg,2201396,2,0,NA
2201437_2,2023-01-04 18:29:32.965755,CLO,2201437.jpg,2201437,2,0,NA
2201427_2,2023-01-04 18:29:32.137645,CLO,2201427.jpg,2201427,2,0,NA
2201646_2,2023-01-04 18:29:30.872032,CLO,2201646.jpg,2201646,2,0,NA
2201654_2,2023-01-04 18:29:29.012662,CLO,2201654.jpg,2201654,2,0,NA
2201655_2,2023-01-04 18:29:26.403296,CLO,2201655.jpg,2201655,2,0,NA
2201661_2,2023-01-04 18:29:23.872139,CLO,2201661.jpg,2201661,2,0,NA
2201680_2,2023-01-04 18:29:21.981448,CLO,2201680.jpg,2201680,2,0,NA
2201730_2,2023-01-04 18:29:20.543962,CLO,2201730.jpg,2201730,2,0,NA
2201731_2,2023-01-04 18:29:18.418972,CLO,2201731.jpg,2201731,2,0,NA
2201767_2,2023-01-04 18:29:17.668948,CLO,2201767.jpg,2201767,2,0,NA
2201801_2,2023-01-04 18:29:16.903345,CLO,2201801.jpg,2201801,2,0,NA
2014023_2,2023-01-04 18:29:15.200211,CLO,2014023.jpg,2014023,2,0,NA
2014042_2,2023-01-04 18:29:12.778359,CLO,2014042.jpg,2014042,2,0,NA
2100745_2,2023-01-04 18:29:11.168974,SHO,2100745.jpg,2100745,2,0,NA
2100747_2,2023-01-04 18:29:07.434639,SHO,2100747.jpg,2100747,2,0,NA
2100748_2,2023-01-04 18:29:06.372126,SHO,2100748.jpg,2100748,2,0,NA
2101459_2,2023-01-04 18:29:05.200249,CLO,2101459.jpg,2101459,2,0,NA
2104323_2,2023-01-04 18:29:04.372255,JEW,2104323.jpg,2104323,2,0,NA
2103121_2,2023-01-04 18:29:03.216051,SHO,2103121.jpg,2103121,2,0,NA
2105798_2,2023-01-04 18:29:02.559856,ACC,2105798.jpg,2105798,2,0,NA
2106953_2,2023-01-04 18:29:01.934638,ACC,2106953.jpg,2106953,2,0,NA
2107608_2,2023-01-04 18:29:01.294011,BEAUTY,2107608.jpg,2107608,2,0,NA
2108038_2,2023-01-04 18:29:00.434649,BEAUTY,2108038.jpg,2108038,2,0,NA
2109230_2,2023-01-04 18:28:58.684652,CLO,2109230.jpg,2109230,2,0,NA
2109223_2,2023-01-04 18:28:55.044041,CLO,2109223.jpg,2109223,2,0,NA
2109884_2,2023-01-04 18:28:54.247168,CLO,2109884.jpg,2109884,2,0,NA
2110684_2,2023-01-04 18:28:53.309729,ACC,2110684.jpg,2110684,2,0,NA
2111835_2,2023-01-04 18:28:52.715924,CLO,2111835.jpg,2111835,2,0,NA
2110172_2,2023-01-04 18:28:52.153422,ACC,2110172.jpg,2110172,2,0,NA
2111487_2,2023-01-04 18:28:51.622187,ACC,2111487.jpg,2111487,2,0,NA
2112962_2,2023-01-04 18:28:51.059694,JEW,2112962.jpg,2112962,2,0,NA
2112955_2,2023-01-04 18:28:50.465932,JEW,2112955.jpg,2112955,2,0,NA
2113508_2,2023-01-04 18:28:49.935007,ACC,2113508.jpg,2113508,2,0,NA
2114180_2,2023-01-04 18:28:41.590937,ACC,2114180.jpg,2114180,2,0,NA
2114998_2,2023-01-04 18:28:40.247221,ACC,2114998.jpg,2114998,2,0,NA
2115132_2,2023-01-04 18:28:39.481600,BEAUTY,2115132.jpg,2115132,2,0,NA
2115279_2,2023-01-04 18:28:38.934871,BEAUTY,2115279.jpg,2115279,2,0,NA
2115424_2,2023-01-04 18:28:38.372226,BEAUTY,2115424.jpg,2115424,2,0,NA
2115329_2,2023-01-04 18:28:37.700359,BEAUTY,2115329.jpg,2115329,2,0,NA
2115425_2,2023-01-04 18:28:36.903464,BEAUTY,2115425.jpg,2115425,2,0,NA
2115480_2,2023-01-04 18:28:36.231626,BEAUTY,2115480.jpg,2115480,2,0,NA
2115885_2,2023-01-04 18:28:35.137926,ACC,2115885.jpg,2115885,2,0,NA
2115919_2,2023-01-04 18:28:33.919137,JEW,2115919.jpg,2115919,2,0,NA
2200293_2,2023-01-04 18:28:33.325387,BEAUTY,2200293.jpg,2200293,2,0,NA
2200600_2,2023-01-04 18:28:32.747248,JEW,2200600.jpg,2200600,2,0,NA
2200950_2,2023-01-04 18:28:32.153612,BEAUTY,2200950.jpg,2200950,2,0,NA
2200744_2,2023-01-04 18:28:31.309772,ACC,2200744.jpg,2200744,2,0,NA
2200951_2,2023-01-04 18:28:30.450383,BEAUTY,2200951.jpg,2200951,2,0,NA
2200970_2,2023-01-04 18:28:29.872239,ACC,2200970.jpg,2200970,2,0,NA
2201294_2,2023-01-04 18:28:29.153572,CLO,2201294.jpg,2201294,2,0,NA
2201295_2,2023-01-04 18:28:28.434768,CLO,2201295.jpg,2201295,2,0,NA
2201402_2,2023-01-04 18:28:27.591034,BEAUTY,2201402.jpg,2201402,2,0,NA
2201619_2,2023-01-04 18:28:27.044148,BEAUTY,2201619.jpg,2201619,2,0,NA
2201952_2,2023-01-04 18:28:26.512944,JEW,2201952.jpg,2201952,2,0,NA
2201982_2,2023-01-04 18:28:25.903648,JEW,2201982.jpg,2201982,2,0,NA
2201980_2,2023-01-04 18:28:25.137906,JEW,2201980.jpg,2201980,2,0,NA
2202136_2,2023-01-04 18:28:24.372257,ACC,2202136.jpg,2202136,2,0,NA
2206265_2,2023-01-04 18:28:23.716190,JEW,2206265.jpg,2206265,2,0,NA
2202343_2,2023-01-04 18:28:23.309787,JEW,2202343.jpg,2202343,2,0,NA
2202345_2,2023-01-04 18:28:22.716158,JEW,2202345.jpg,2202345,2,0,NA
2202365_2,2023-01-04 18:28:22.075423,ACC,2202365.jpg,2202365,2,0,NA
2202370_2,2023-01-04 18:28:21.450414,ACC,2202370.jpg,2202370,2,0,NA
2202371_2,2023-01-04 18:28:20.934794,ACC,2202371.jpg,2202371,2,0,NA
2202472_2,2023-01-04 18:28:20.372297,BEAUTY,2202472.jpg,2202472,2,0,NA
2202517_2,2023-01-04 18:28:19.716050,BEAUTY,2202517.jpg,2202517,2,0,NA
2200472_2,2023-01-04 18:28:19.028531,CLO,2200472.jpg,2200472,2,0,NA
2112912_2,2023-01-04 18:28:18.153566,SHO,2112912.jpg,2112912,2,0,NA
2116014_2,2023-01-04 18:28:17.512930,CLO,2116014.jpg,2116014,2,0,NA
2116031_2,2023-01-04 18:28:15.450448,CLO,2116031.jpg,2116031,2,0,NA
2200071_2,2023-01-04 18:28:09.091084,CLO,2200071.jpg,2200071,2,0,NA
2200072_2,2023-01-04 18:28:08.372341,CLO,2200072.jpg,2200072,2,0,NA
2200073_2,2023-01-04 18:28:07.887975,CLO,2200073.jpg,2200073,2,0,NA
2201117_2,2023-01-04 18:28:07.372351,SHO,2201117.jpg,2201117,2,0,NA
2200392_2,2023-01-04 18:28:06.872347,JEW,2200392.jpg,2200392,2,0,NA
2113890_2,2023-01-04 18:28:06.294226,JEW,2113890.jpg,2113890,2,0,NA
2115379_2,2023-01-04 18:28:05.700488,JEW,2115379.jpg,2115379,2,0,NA
2201018_2,2023-01-04 18:28:05.091116,SHO,2201018.jpg,2201018,2,0,NA
2201613_2,2023-01-04 18:28:04.544237,SHO,2201613.jpg,2201613,2,0,NA
2201621_2,2023-01-04 18:28:03.981739,SHO,2201621.jpg,2201621,2,0,NA
2102369_2,2023-01-04 18:28:03.309844,BEAUTY,2102369.jpg,2102369,2,0,NA
2106324_2,2023-01-04 18:28:02.794241,ACC,2106324.jpg,2106324,2,0,NA
2106332_2,2023-01-04 18:28:02.184876,ACC,2106332.jpg,2106332,2,0,NA
2106344_2,2023-01-04 18:28:01.653622,ACC,2106344.jpg,2106344,2,0,NA
2106519_2,2023-01-04 18:28:01.122379,BEAUTY,2106519.jpg,2106519,2,0,NA
2106516_2,2023-01-04 18:28:00.559873,BEAUTY,2106516.jpg,2106516,2,0,NA
2107263_2,2023-01-04 18:27:59.872375,ACC,2107263.jpg,2107263,2,0,NA
2107264_2,2023-01-04 18:27:59.341141,ACC,2107264.jpg,2107264,2,0,NA
2111414_2,2023-01-04 18:27:58.825502,ACC,2111414.jpg,2111414,2,0,NA
2007808_2,2023-01-04 18:27:58.216131,SHO,2007808.jpg,2007808,2,0,NA
2012835_2,2023-01-04 18:27:57.591139,SHO,2012835.jpg,2012835,2,0,NA
2011038_2,2023-01-04 18:27:56.466161,ACC,2011038.jpg,2011038,2,0,NA
2100107_2,2023-01-04 18:27:53.403646,SHO,2100107.jpg,2100107,2,0,NA
2100303_2,2023-01-04 18:27:51.919303,SHO,2100303.jpg,2100303,2,0,NA
2101082_2,2023-01-04 18:27:51.247413,SHO,2101082.jpg,2101082,2,0,NA
2101087_2,2023-01-04 18:27:50.716251,SHO,2101087.jpg,2101087,2,0,NA
2101218_2,2023-01-04 18:27:50.091273,SHO,2101218.jpg,2101218,2,0,NA
2101529_2,2023-01-04 18:27:49.513047,SHO,2101529.jpg,2101529,2,0,NA
2101527_2,2023-01-04 18:27:48.841174,SHO,2101527.jpg,2101527,2,0,NA
2101609_2,2023-01-04 18:27:48.309910,JEW,2101609.jpg,2101609,2,0,NA
2101646_2,2023-01-04 18:27:47.747428,JEW,2101646.jpg,2101646,2,0,NA
2102232_2,2023-01-04 18:27:47.200728,ACC,2102232.jpg,2102232,2,0,NA
2103024_2,2023-01-04 18:27:45.809929,JEW,2103024.jpg,2103024,2,0,NA
2102971_2,2023-01-04 18:27:44.638287,ACC,2102971.jpg,2102971,2,0,NA
2105518_2,2023-01-04 18:27:44.106800,ACC,2105518.jpg,2105518,2,0,NA
2105566_2,2023-01-04 18:27:42.809944,CLO,2105566.jpg,2105566,2,0,NA
2105667_2,2023-01-04 18:27:38.481845,ACC,2105667.jpg,2105667,2,0,NA
2106301_2,2023-01-04 18:27:37.981949,ACC,2106301.jpg,2106301,2,0,NA
2106307_2,2023-01-04 18:27:37.403714,ACC,2106307.jpg,2106307,2,0,NA
2107060_2,2023-01-04 18:27:36.841213,SHO,2107060.jpg,2107060,2,0,NA
2107215_2,2023-01-04 18:27:36.247547,ACC,2107215.jpg,2107215,2,0,NA
2107679_2,2023-01-04 18:27:35.247476,BEAUTY,2107679.jpg,2107679,2,0,NA
2111449_2,2023-01-04 18:27:34.653814,ACC,2111449.jpg,2111449,2,0,NA
2115470_2,2023-01-04 18:27:34.059983,BEAUTY,2115470.jpg,2115470,2,0,NA
2114808_2,2023-01-04 18:27:33.466233,ACC,2114808.jpg,2114808,2,0,NA
2201101_2,2023-01-04 18:27:32.919336,BEAUTY,2201101.jpg,2201101,2,0,NA
2200204_2,2023-01-04 18:27:32.044352,CLO,2200204.jpg,2200204,2,0,NA
2200457_2,2023-01-04 18:27:30.356860,CLO,2200457.jpg,2200457,2,0,NA
2200466_2,2023-01-04 18:27:29.122495,CLO,2200466.jpg,2200466,2,0,NA
2200720_2,2023-01-04 18:27:27.028883,CLO,2200720.jpg,2200720,2,0,NA
2200979_2,2023-01-04 18:27:23.856900,CLO,2200979.jpg,2200979,2,0,NA
2201020_2,2023-01-04 18:27:22.341281,CLO,2201020.jpg,2201020,2,0,NA
2201025_2,2023-01-04 18:27:21.669471,CLO,2201025.jpg,2201025,2,0,NA
2201048_2,2023-01-04 18:27:20.372527,CLO,2201048.jpg,2201048,2,0,NA
2201266_2,2023-01-04 18:27:19.028791,CLO,2201266.jpg,2201266,2,0,NA
2201267_2,2023-01-04 18:27:13.763185,CLO,2201267.jpg,2201267,2,0,NA
2201306_2,2023-01-04 18:27:11.731941,CLO,2201306.jpg,2201306,2,0,NA
2201352_2,2023-01-04 18:27:06.200732,CLO,2201352.jpg,2201352,2,0,NA
2201307_2,2023-01-04 18:27:03.169476,CLO,2201307.jpg,2201307,2,0,NA
2201362_2,2023-01-04 18:26:59.966341,CLO,2201362.jpg,2201362,2,0,NA
2201374_2,2023-01-04 18:26:56.747613,CLO,2201374.jpg,2201374,2,0,NA
2201377_2,2023-01-04 18:26:52.232016,CLO,2201377.jpg,2201377,2,0,NA
2201384_2,2023-01-04 18:26:48.450785,CLO,2201384.jpg,2201384,2,0,NA
2201386_2,2023-01-04 18:26:45.763285,CLO,2201386.jpg,2201386,2,0,NA
2201407_2,2023-01-04 18:26:45.028919,CLO,2201407.jpg,2201407,2,0,NA
2201421_2,2023-01-04 18:26:42.857054,CLO,2201421.jpg,2201421,2,0,NA
2201443_2,2023-01-04 18:26:38.357054,CLO,2201443.jpg,2201443,2,0,NA
2201422_2,2023-01-04 18:26:35.810354,CLO,2201422.jpg,2201422,2,0,NA
2201494_2,2023-01-04 18:26:33.028960,CLO,2201494.jpg,2201494,2,0,NA
2201689_2,2023-01-04 18:26:29.091462,CLO,2201689.jpg,2201689,2,0,NA
2201759_2,2023-01-04 18:26:27.216485,CLO,2201759.jpg,2201759,2,0,NA
2202009_2,2023-01-04 18:26:24.528982,CLO,2202009.jpg,2202009,2,0,NA
2202013_2,2023-01-04 18:26:22.560249,CLO,2202013.jpg,2202013,2,0,NA
2202015_2,2023-01-04 18:26:20.638402,CLO,2202015.jpg,2202015,2,0,NA
2202018_2,2023-01-04 18:26:18.685263,CLO,2202018.jpg,2202018,2,0,NA
2202024_2,2023-01-04 18:26:15.638387,CLO,2202024.jpg,2202024,2,0,NA
2202032_2,2023-01-04 18:26:14.341541,CLO,2202032.jpg,2202032,2,0,NA
2202062_2,2023-01-04 18:26:13.482161,CLO,2202062.jpg,2202062,2,0,NA
2202082_2,2023-01-04 18:26:11.075943,CLO,2202082.jpg,2202082,2,0,NA
2202080_2,2023-01-04 18:26:09.013445,CLO,2202080.jpg,2202080,2,0,NA
2202081_2,2023-01-04 18:26:05.794688,CLO,2202081.jpg,2202081,2,0,NA
2202086_2,2023-01-04 18:26:02.888443,CLO,2202086.jpg,2202086,2,0,NA
2202088_2,2023-01-04 18:25:59.341597,CLO,2202088.jpg,2202088,2,0,NA
2202137_2,2023-01-04 18:25:56.091589,CLO,2202137.jpg,2202137,2,0,NA
2202149_2,2023-01-04 18:25:51.997887,CLO,2202149.jpg,2202149,2,0,NA
2202150_2,2023-01-04 18:25:40.669782,CLO,2202150.jpg,2202150,2,0,NA
2202151_2,2023-01-04 18:25:36.810414,CLO,2202151.jpg,2202151,2,0,NA
2202171_2,2023-01-04 18:25:34.826077,CLO,2202171.jpg,2202171,2,0,NA
2202179_2,2023-01-04 18:25:33.404189,CLO,2202179.jpg,2202179,2,0,NA
2202212_2,2023-01-04 18:25:31.810430,CLO,2202212.jpg,2202212,2,0,NA
2202210_2,2023-01-04 18:25:30.107315,CLO,2202210.jpg,2202210,2,0,NA
2202213_2,2023-01-04 18:25:29.029513,CLO,2202213.jpg,2202213,2,0,NA
2202219_2,2023-01-04 18:25:25.372987,CLO,2202219.jpg,2202219,2,0,NA
2202221_2,2023-01-04 18:25:22.310467,CLO,2202221.jpg,2202221,2,0,NA
2202231_2,2023-01-04 18:25:20.294858,CLO,2202231.jpg,2202231,2,0,NA
2202233_2,2023-01-04 18:25:18.685502,CLO,2202233.jpg,2202233,2,0,NA
2202239_2,2023-01-04 18:25:16.326127,CLO,2202239.jpg,2202239,2,0,NA
2202238_2,2023-01-04 18:25:15.013825,CLO,2202238.jpg,2202238,2,0,NA
2202334_2,2023-01-04 18:25:11.060503,CLO,2202334.jpg,2202334,2,0,NA
2201424_2,2023-01-04 18:25:09.044920,CLO,2201424.jpg,2201424,2,0,NA
2201429_2,2023-01-04 18:25:06.857412,CLO,2201429.jpg,2201429,2,0,NA
2202022_2,2023-01-04 18:25:05.513657,CLO,2202022.jpg,2202022,2,0,NA
2202089_2,2023-01-04 18:24:56.373073,CLO,2202089.jpg,2202089,2,0,NA
2202665_2,2023-01-04 18:24:55.034597,CLO,2202665.jpg,2202665,2,0,NA
2102309_2,2023-01-04 18:24:54.498107,ACC,2102309.jpg,2102309,2,0,NA
2105139_2,2023-01-04 18:24:53.982463,ACC,2105139.jpg,2105139,2,0,NA
2103020_2,2023-01-04 18:24:53.451210,JEW,2103020.jpg,2103020,2,0,NA
2111444_2,2023-01-04 18:24:52.951216,ACC,2111444.jpg,2111444,2,0,NA
2111563_2,2023-01-04 18:24:52.357469,ACC,2111563.jpg,2111563,2,0,NA
2113353_2,2023-01-04 18:24:51.794973,JEW,2113353.jpg,2113353,2,0,NA
2114851_2,2023-01-04 18:24:51.248095,ACC,2114851.jpg,2114851,2,0,NA
2114852_2,2023-01-04 18:24:50.654371,ACC,2114852.jpg,2114852,2,0,NA
2114853_2,2023-01-04 18:24:50.060585,ACC,2114853.jpg,2114853,2,0,NA
2114930_2,2023-01-04 18:24:49.513709,ACC,2114930.jpg,2114930,2,0,NA
2114939_2,2023-01-04 18:24:48.935647,ACC,2114939.jpg,2114939,2,0,NA
2114958_2,2023-01-04 18:24:48.404371,ACC,2114958.jpg,2114958,2,0,NA
2114961_2,2023-01-04 18:24:47.841841,ACC,2114961.jpg,2114961,2,0,NA
2114959_2,2023-01-04 18:24:47.263726,ACC,2114959.jpg,2114959,2,0,NA
2114962_2,2023-01-04 18:24:46.716849,ACC,2114962.jpg,2114962,2,0,NA
2114969_2,2023-01-04 18:24:46.216975,ACC,2114969.jpg,2114969,2,0,NA
2114974_2,2023-01-04 18:24:45.685607,ACC,2114974.jpg,2114974,2,0,NA
2114979_2,2023-01-04 18:24:45.107479,ACC,2114979.jpg,2114979,2,0,NA
2114980_2,2023-01-04 18:24:44.576251,ACC,2114980.jpg,2114980,2,0,NA
2115094_2,2023-01-04 18:24:44.060643,ACC,2115094.jpg,2115094,2,0,NA
2115110_2,2023-01-04 18:24:43.467172,ACC,2115110.jpg,2115110,2,0,NA
2115128_2,2023-01-04 18:24:42.951260,ACC,2115128.jpg,2115128,2,0,NA
2115184_2,2023-01-04 18:24:42.295019,ACC,2115184.jpg,2115184,2,0,NA
2115229_2,2023-01-04 18:24:41.748197,ACC,2115229.jpg,2115229,2,0,NA
2200148_2,2023-01-04 18:24:41.138743,ACC,2200148.jpg,2200148,2,0,NA
2201571_2,2023-01-04 18:24:40.545000,JEW,2201571.jpg,2201571,2,0,NA
2115580_2,2023-01-04 18:24:40.091894,ACC,2115580.jpg,2115580,2,0,NA
2115398_2,2023-01-04 18:24:39.544997,JEW,2115398.jpg,2115398,2,0,NA
2200276_2,2023-01-04 18:24:38.935863,ACC,2200276.jpg,2200276,2,0,NA
2200277_2,2023-01-04 18:24:38.316045,ACC,2200277.jpg,2200277,2,0,NA
2200278_2,2023-01-04 18:24:37.092184,ACC,2200278.jpg,2200278,2,0,NA
2200283_2,2023-01-04 18:24:36.341916,ACC,2200283.jpg,2200283,2,0,NA
2200921_2,2023-01-04 18:24:31.670056,CLO,2200921.jpg,2200921,2,0,NA
2201084_2,2023-01-04 18:24:31.185675,ACC,2201084.jpg,2201084,2,0,NA
2201085_2,2023-01-04 18:24:30.591939,ACC,2201085.jpg,2201085,2,0,NA
2206651_2,2023-01-04 18:24:30.201336,ACC,2206651.jpg,2206651,2,0,NA
2201401_2,2023-01-04 18:24:29.545068,BEAUTY,2201401.jpg,2201401,2,0,NA
2201540_2,2023-01-04 18:24:28.982722,ACC,2201540.jpg,2201540,2,0,NA
2201539_2,2023-01-04 18:24:28.388819,ACC,2201539.jpg,2201539,2,0,NA
2201541_2,2023-01-04 18:24:27.795058,ACC,2201541.jpg,2201541,2,0,NA
2201544_2,2023-01-04 18:24:27.232569,ACC,2201544.jpg,2201544,2,0,NA
2201542_2,2023-01-04 18:24:26.685697,ACC,2201542.jpg,2201542,2,0,NA
2201579_2,2023-01-04 18:24:26.154457,SHO,2201579.jpg,2201579,2,0,NA
2202390_2,2023-01-04 18:24:25.623197,ACC,2202390.jpg,2202390,2,0,NA
2201301_2,2023-01-04 18:24:25.076302,ACC,2201301.jpg,2201301,2,0,NA
2112516_2,2023-01-04 18:24:24.342059,SHO,2112516.jpg,2112516,2,0,NA
2112621_2,2023-01-04 18:24:22.373219,SHO,2112621.jpg,2112621,2,0,NA
2112627_2,2023-01-04 18:24:20.029574,SHO,2112627.jpg,2112627,2,0,NA
2114874_2,2023-01-04 18:24:15.154489,ACC,2114874.jpg,2114874,2,0,NA
2114877_2,2023-01-04 18:24:14.513849,ACC,2114877.jpg,2114877,2,0,NA
2114879_2,2023-01-04 18:24:13.888854,ACC,2114879.jpg,2114879,2,0,NA
2114882_2,2023-01-04 18:24:13.341991,ACC,2114882.jpg,2114882,2,0,NA
2114883_2,2023-01-04 18:24:12.733071,ACC,2114883.jpg,2114883,2,0,NA
2114887_2,2023-01-04 18:24:11.716986,ACC,2114887.jpg,2114887,2,0,NA
2115070_2,2023-01-04 18:24:11.013921,BEAUTY,2115070.jpg,2115070,2,0,NA
2200602_2,2023-01-04 18:24:10.373258,ACC,2200602.jpg,2200602,2,0,NA
2201882_2,2023-01-04 18:24:09.810844,JEW,2201882.jpg,2201882,2,0,NA
2202294_2,2023-01-04 18:24:09.138880,JEW,2202294.jpg,2202294,2,0,NA
2202296_2,2023-01-04 18:24:08.435757,JEW,2202296.jpg,2202296,2,0,NA
2202295_2,2023-01-04 18:24:07.795146,JEW,2202295.jpg,2202295,2,0,NA
2202297_2,2023-01-04 18:23:59.701418,JEW,2202297.jpg,2202297,2,0,NA
2206350_2,2023-01-04 18:23:59.092050,JEW,2206350.jpg,2206350,2,0,NA
2202298_2,2023-01-04 18:23:58.685802,JEW,2202298.jpg,2202298,2,0,NA
2202299_2,2023-01-04 18:23:57.998309,JEW,2202299.jpg,2202299,2,0,NA
2202300_2,2023-01-04 18:23:57.279539,JEW,2202300.jpg,2202300,2,0,NA
2202306_2,2023-01-04 18:23:56.638939,JEW,2202306.jpg,2202306,2,0,NA
2202308_2,2023-01-04 18:23:56.029694,JEW,2202308.jpg,2202308,2,0,NA
2206061_2,2023-01-04 18:23:55.638930,JEW,2206061.jpg,2206061,2,0,NA
2202307_2,2023-01-04 18:23:55.029571,JEW,2202307.jpg,2202307,2,0,NA
2206353_2,2023-01-04 18:23:54.623318,JEW,2206353.jpg,2206353,2,0,NA
2202309_2,2023-01-04 18:23:53.888937,JEW,2202309.jpg,2202309,2,0,NA
2206060_2,2023-01-04 18:23:53.263946,JEW,2206060.jpg,2206060,2,0,NA
2202310_2,2023-01-04 18:23:52.857694,JEW,2202310.jpg,2202310,2,0,NA
2202311_2,2023-01-04 18:23:52.263945,JEW,2202311.jpg,2202311,2,0,NA
2202312_2,2023-01-04 18:23:51.638967,JEW,2202312.jpg,2202312,2,0,NA
2202314_2,2023-01-04 18:23:51.029574,JEW,2202314.jpg,2202314,2,0,NA
2202971_2,2023-01-04 18:23:50.357702,JEW,2202971.jpg,2202971,2,0,NA
2202979_2,2023-01-04 18:23:49.732742,BEAUTY,2202979.jpg,2202979,2,0,NA
2203000_2,2023-01-04 18:23:49.185829,BEAUTY,2203000.jpg,2203000,2,0,NA
2203001_2,2023-01-04 18:23:48.592172,BEAUTY,2203001.jpg,2203001,2,0,NA
2202989_2,2023-01-04 18:23:47.967115,BEAUTY,2202989.jpg,2202989,2,0,NA
2202981_2,2023-01-04 18:23:47.357827,BEAUTY,2202981.jpg,2202981,2,0,NA
2202980_2,2023-01-04 18:23:46.763967,BEAUTY,2202980.jpg,2202980,2,0,NA
2202999_2,2023-01-04 18:23:46.138982,BEAUTY,2202999.jpg,2202999,2,0,NA
2203021_2,2023-01-04 18:23:45.576473,JEW,2203021.jpg,2203021,2,0,NA
2112624_2,2023-01-04 18:23:44.857728,SHO,2112624.jpg,2112624,2,0,NA
2115980_2,2023-01-04 18:23:44.279610,BEAUTY,2115980.jpg,2115980,2,0,NA
2200256_2,2023-01-04 18:23:43.685869,BEAUTY,2200256.jpg,2200256,2,0,NA
2110877_2,2023-01-04 18:23:43.138972,JEW,2110877.jpg,2110877,2,0,NA
2110938_2,2023-01-04 18:23:42.529617,JEW,2110938.jpg,2110938,2,0,NA
2111027_2,2023-01-04 18:23:41.873363,JEW,2111027.jpg,2111027,2,0,NA
2111580_2,2023-01-04 18:23:41.342124,ACC,2111580.jpg,2111580,2,0,NA
2112779_2,2023-01-04 18:23:40.232749,SHO,2112779.jpg,2112779,2,0,NA
2113479_2,2023-01-04 18:23:38.842124,JEW,2113479.jpg,2113479,2,0,NA
2113828_2,2023-01-04 18:23:38.139012,JEW,2113828.jpg,2113828,2,0,NA
2114807_2,2023-01-04 18:23:28.873415,ACC,2114807.jpg,2114807,2,0,NA
2115255_2,2023-01-04 18:23:27.326554,CLO,2115255.jpg,2115255,2,0,NA
2200335_2,2023-01-04 18:23:26.795316,JEW,2200335.jpg,2200335,2,0,NA
2203578_2,2023-01-04 18:23:26.186004,JEW,2203578.jpg,2203578,2,0,NA
2200821_2,2023-01-04 18:23:25.795304,JEW,2200821.jpg,2200821,2,0,NA
2201723_2,2023-01-04 18:23:25.217176,JEW,2201723.jpg,2201723,2,0,NA
2201514_2,2023-01-04 18:23:24.623481,ACC,2201514.jpg,2201514,2,0,NA
2203015_2,2023-01-04 18:23:23.998457,JEW,2203015.jpg,2203015,2,0,NA
2203365_2,2023-01-04 18:23:23.389062,ACC,2203365.jpg,2203365,2,0,NA
2203378_2,2023-01-04 18:23:22.873564,ACC,2203378.jpg,2203378,2,0,NA
2111329_2,2023-01-04 18:23:22.248447,ACC,2111329.jpg,2111329,2,0,NA
2112458_2,2023-01-04 18:23:21.717195,SHO,2112458.jpg,2112458,2,0,NA
2112459_2,2023-01-04 18:23:21.092273,SHO,2112459.jpg,2112459,2,0,NA
2114021_2,2023-01-04 18:23:20.482921,ACC,2114021.jpg,2114021,2,0,NA
2114862_2,2023-01-04 18:23:19.889367,ACC,2114862.jpg,2114862,2,0,NA
2114865_2,2023-01-04 18:23:19.326595,ACC,2114865.jpg,2114865,2,0,NA
2114952_2,2023-01-04 18:23:18.685970,ACC,2114952.jpg,2114952,2,0,NA
2200128_2,2023-01-04 18:23:18.107889,ACC,2200128.jpg,2200128,2,0,NA
2201581_2,2023-01-04 18:23:17.420319,SHO,2201581.jpg,2201581,2,0,NA
2115023_2,2023-01-04 18:23:16.826641,BEAUTY,2115023.jpg,2115023,2,0,NA
2115025_2,2023-01-04 18:23:16.295334,BEAUTY,2115025.jpg,2115025,2,0,NA
2111339_2,2023-01-04 18:23:15.701583,ACC,2111339.jpg,2111339,2,0,NA
2111510_2,2023-01-04 18:23:15.123469,ACC,2111510.jpg,2111510,2,0,NA
2114875_2,2023-01-04 18:23:14.498462,ACC,2114875.jpg,2114875,2,0,NA
2114892_2,2023-01-04 18:23:13.857836,ACC,2114892.jpg,2114892,2,0,NA
2114894_2,2023-01-04 18:23:13.123591,ACC,2114894.jpg,2114894,2,0,NA
2114896_2,2023-01-04 18:23:12.560973,ACC,2114896.jpg,2114896,2,0,NA
2115008_2,2023-01-04 18:23:11.935977,BEAUTY,2115008.jpg,2115008,2,0,NA
2115015_2,2023-01-04 18:23:11.279728,BEAUTY,2115015.jpg,2115015,2,0,NA
2115207_2,2023-01-04 18:23:10.748487,ACC,2115207.jpg,2115207,2,0,NA
2200917_2,2023-01-04 18:23:10.123486,ACC,2200917.jpg,2200917,2,0,NA
2201090_2,2023-01-04 18:23:09.514100,JEW,2201090.jpg,2201090,2,0,NA
2111359_2,2023-01-04 18:23:08.857857,ACC,2111359.jpg,2111359,2,0,NA
2115049_2,2023-01-04 18:23:08.232872,ACC,2115049.jpg,2115049,2,0,NA
2115027_2,2023-01-04 18:23:07.560994,BEAUTY,2115027.jpg,2115027,2,0,NA
2112543_2,2023-01-04 18:23:06.920374,SHO,2112543.jpg,2112543,2,0,NA
2112567_2,2023-01-04 18:23:06.373514,SHO,2112567.jpg,2112567,2,0,NA
2112623_2,2023-01-04 18:23:05.826621,SHO,2112623.jpg,2112623,2,0,NA
2112625_2,2023-01-04 18:23:05.279742,SHO,2112625.jpg,2112625,2,0,NA
2112626_2,2023-01-04 18:23:04.592322,SHO,2112626.jpg,2112626,2,0,NA
2114655_2,2023-01-04 18:22:58.561024,SHO,2114655.jpg,2114655,2,0,NA
2114987_2,2023-01-04 18:22:56.451663,SHO,2114987.jpg,2114987,2,0,NA
2112269_2,2023-01-04 18:22:55.826666,CLO,2112269.jpg,2112269,2,0,NA
2203577_2,2023-01-04 18:22:55.217294,JEW,2203577.jpg,2203577,2,0,NA
2108771_2,2023-01-04 18:22:54.826774,JEW,2108771.jpg,2108771,2,0,NA
2111358_2,2023-01-04 18:22:54.108067,ACC,2111358.jpg,2111358,2,0,NA
2111357_2,2023-01-04 18:22:53.342300,ACC,2111357.jpg,2111357,2,0,NA
2111575_2,2023-01-04 18:22:52.732980,ACC,2111575.jpg,2111575,2,0,NA
2112114_2,2023-01-04 18:22:52.154901,ACC,2112114.jpg,2112114,2,0,NA
2111094_2,2023-01-04 18:22:51.639304,JEW,2111094.jpg,2111094,2,0,NA
2112988_2,2023-01-04 18:22:51.248627,JEW,2112988.jpg,2112988,2,0,NA
2113008_2,2023-01-04 18:22:50.748639,JEW,2113008.jpg,2113008,2,0,NA
2113007_2,2023-01-04 18:22:50.092319,JEW,2113007.jpg,2113007,2,0,NA
2113015_2,2023-01-04 18:22:49.561059,JEW,2113015.jpg,2113015,2,0,NA
2111520_2,2023-01-04 18:22:48.904815,JEW,2111520.jpg,2111520,2,0,NA
2113696_2,2023-01-04 18:22:48.514290,JEW,2113696.jpg,2113696,2,0,NA
2114448_2,2023-01-04 18:22:47.889193,ACC,2114448.jpg,2114448,2,0,NA
2114828_2,2023-01-04 18:22:47.264193,ACC,2114828.jpg,2114828,2,0,NA
2114915_2,2023-01-04 18:22:46.639292,ACC,2114915.jpg,2114915,2,0,NA
2114926_2,2023-01-04 18:22:46.092323,ACC,2114926.jpg,2114926,2,0,NA
2115280_2,2023-01-04 18:22:45.420448,JEW,2115280.jpg,2115280,2,0,NA
2115883_2,2023-01-04 18:22:44.873574,ACC,2115883.jpg,2115883,2,0,NA
2116109_2,2023-01-04 18:22:44.279810,ACC,2116109.jpg,2116109,2,0,NA
2116117_2,2023-01-04 18:22:43.748575,BEAUTY,2116117.jpg,2116117,2,0,NA
2116118_2,2023-01-04 18:22:43.154836,BEAUTY,2116118.jpg,2116118,2,0,NA
2116115_2,2023-01-04 18:22:41.904840,BEAUTY,2116115.jpg,2116115,2,0,NA
2200035_2,2023-01-04 18:22:40.561165,ACC,2200035.jpg,2200035,2,0,NA
2200396_2,2023-01-04 18:22:21.748646,JEW,2200396.jpg,2200396,2,0,NA
2200678_2,2023-01-04 18:22:20.201799,JEW,2200678.jpg,2200678,2,0,NA
2114698_2,2023-01-04 18:22:19.654925,JEW,2114698.jpg,2114698,2,0,NA
2201062_2,2023-01-04 18:22:19.154917,JEW,2201062.jpg,2201062,2,0,NA
2203008_2,2023-01-04 18:22:18.342431,CLO,2203008.jpg,2203008,2,0,NA
2203063_2,2023-01-04 18:22:17.764299,CLO,2203063.jpg,2203063,2,0,NA
2203110_2,2023-01-04 18:22:17.217424,ACC,2203110.jpg,2203110,2,0,NA
2203112_2,2023-01-04 18:22:16.592446,ACC,2203112.jpg,2203112,2,0,NA
2203214_2,2023-01-04 18:22:16.045560,ACC,2203214.jpg,2203214,2,0,NA
2203216_2,2023-01-04 18:22:15.483071,ACC,2203216.jpg,2203216,2,0,NA
2203219_2,2023-01-04 18:22:14.889383,ACC,2203219.jpg,2203219,2,0,NA
2204710_2,2023-01-04 18:22:14.358073,ACC,2204710.jpg,2204710,2,0,NA
2204386_2,2023-01-04 18:22:13.764328,ACC,2204386.jpg,2204386,2,0,NA
2204709_2,2023-01-04 18:22:13.233067,ACC,2204709.jpg,2204709,2,0,NA
2113009_2,2023-01-04 18:22:12.701823,JEW,2113009.jpg,2113009,2,0,NA
2113042_2,2023-01-04 18:22:12.108090,JEW,2113042.jpg,2113042,2,0,NA
2111512_2,2023-01-04 18:22:11.576857,ACC,2111512.jpg,2111512,2,0,NA
2113831_2,2023-01-04 18:22:11.014407,JEW,2113831.jpg,2113831,2,0,NA
2113846_2,2023-01-04 18:22:10.358075,JEW,2113846.jpg,2113846,2,0,NA
2114201_2,2023-01-04 18:22:09.779964,SHO,2114201.jpg,2114201,2,0,NA
2114375_2,2023-01-04 18:22:09.186230,SHO,2114375.jpg,2114375,2,0,NA
2114376_2,2023-01-04 18:22:08.623712,SHO,2114376.jpg,2114376,2,0,NA
2115554_2,2023-01-04 18:22:08.061232,SHO,2115554.jpg,2115554,2,0,NA
2116076_2,2023-01-04 18:22:07.483097,ACC,2116076.jpg,2116076,2,0,NA
2200333_2,2023-01-04 18:22:06.186227,JEW,2200333.jpg,2200333,2,0,NA
2200751_2,2023-01-04 18:22:05.514349,ACC,2200751.jpg,2200751,2,0,NA
2200944_2,2023-01-04 18:22:04.951865,JEW,2200944.jpg,2200944,2,0,NA
2200945_2,2023-01-04 18:22:04.295619,JEW,2200945.jpg,2200945,2,0,NA
2201246_2,2023-01-04 18:22:03.717480,JEW,2201246.jpg,2201246,2,0,NA
2114661_2,2023-01-04 18:22:03.326857,JEW,2114661.jpg,2114661,2,0,NA
2201164_2,2023-01-04 18:22:02.686389,JEW,2201164.jpg,2201164,2,0,NA
2115373_2,2023-01-04 18:22:02.295626,JEW,2115373.jpg,2115373,2,0,NA
2202813_2,2023-01-04 18:22:01.545624,ACC,2202813.jpg,2202813,2,0,NA
2203491_2,2023-01-04 18:22:00.967503,SHO,2203491.jpg,2203491,2,0,NA
2203499_2,2023-01-04 18:21:59.701872,SHO,2203499.jpg,2203499,2,0,NA
2200677_2,2023-01-04 18:21:59.154996,ACC,2200677.jpg,2200677,2,0,NA
2201625_2,2023-01-04 18:21:58.576999,ACC,2201625.jpg,2201625,2,0,NA
2114031_2,2023-01-04 18:21:57.967510,SHO,2114031.jpg,2114031,2,0,NA
2202733_2,2023-01-04 18:21:57.342516,SHO,2202733.jpg,2202733,2,0,NA
2112582_2,2023-01-04 18:21:56.780023,SHO,2112582.jpg,2112582,2,0,NA
2112575_2,2023-01-04 18:21:56.155021,SHO,2112575.jpg,2112575,2,0,NA
2204848_2,2023-01-04 18:21:55.576894,BEAUTY,2204848.jpg,2204848,2,0,NA
2204849_2,2023-01-04 18:21:54.967523,BEAUTY,2204849.jpg,2204849,2,0,NA
2204853_2,2023-01-04 18:21:54.405034,BEAUTY,2204853.jpg,2204853,2,0,NA
2114300_2,2023-01-04 18:21:53.873763,SHO,2114300.jpg,2114300,2,0,NA
2204852_2,2023-01-04 18:21:53.326906,BEAUTY,2204852.jpg,2204852,2,0,NA
2114249_2,2023-01-04 18:21:52.670658,JEW,2114249.jpg,2114249,2,0,NA
2200006_2,2023-01-04 18:21:52.076942,JEW,2200006.jpg,2200006,2,0,NA
2201480_2,2023-01-04 18:21:51.576918,JEW,2201480.jpg,2201480,2,0,NA
2200115_2,2023-01-04 18:21:51.123800,JEW,2200115.jpg,2200115,2,0,NA
2200578_2,2023-01-04 18:21:50.483340,JEW,2200578.jpg,2200578,2,0,NA
2201244_2,2023-01-04 18:21:49.795670,JEW,2201244.jpg,2201244,2,0,NA
2115720_2,2023-01-04 18:21:49.405061,JEW,2115720.jpg,2115720,2,0,NA
2203229_2,2023-01-04 18:21:48.826920,ACC,2203229.jpg,2203229,2,0,NA
2203232_2,2023-01-04 18:21:48.248785,ACC,2203232.jpg,2203232,2,0,NA
2203231_2,2023-01-04 18:21:47.686300,ACC,2203231.jpg,2203231,2,0,NA
2203235_2,2023-01-04 18:21:46.998810,ACC,2203235.jpg,2203235,2,0,NA
2203237_2,2023-01-04 18:21:45.639422,ACC,2203237.jpg,2203237,2,0,NA
2203236_2,2023-01-04 18:21:45.092554,ACC,2203236.jpg,2203236,2,0,NA
2204929_2,2023-01-04 18:21:44.405051,JEW,2204929.jpg,2204929,2,0,NA
2204930_2,2023-01-04 18:21:43.795708,JEW,2204930.jpg,2204930,2,0,NA
2204931_2,2023-01-04 18:21:43.139443,JEW,2204931.jpg,2204931,2,0,NA
2204935_2,2023-01-04 18:21:42.561317,JEW,2204935.jpg,2204935,2,0,NA
2204936_2,2023-01-04 18:21:41.998824,JEW,2204936.jpg,2204936,2,0,NA
2205149_2,2023-01-04 18:21:41.248823,JEW,2205149.jpg,2205149,2,0,NA
2205151_2,2023-01-04 18:21:40.592697,JEW,2205151.jpg,2205151,2,0,NA
2205155_2,2023-01-04 18:21:40.030072,JEW,2205155.jpg,2205155,2,0,NA
2202918_2,2023-01-04 18:21:39.420846,SHO,2202918.jpg,2202918,2,0,NA
2203495_2,2023-01-04 18:21:38.811323,SHO,2203495.jpg,2203495,2,0,NA
2203526_2,2023-01-04 18:21:38.248851,SHO,2203526.jpg,2203526,2,0,NA
2202731_2,2023-01-04 18:21:36.920710,SHO,2202731.jpg,2202731,2,0,NA
2203175_2,2023-01-04 18:21:36.326969,CLO,2203175.jpg,2203175,2,0,NA
2203489_2,2023-01-04 18:21:35.608349,CLO,2203489.jpg,2203489,2,0,NA
2203496_2,2023-01-04 18:21:34.951979,SHO,2203496.jpg,2203496,2,0,NA
2204687_2,2023-01-04 18:21:34.389472,SHO,2204687.jpg,2204687,2,0,NA
2114210_2,2023-01-04 18:21:33.827065,SHO,2114210.jpg,2114210,2,0,NA
2108088_2,2023-01-04 18:21:33.233218,SHO,2108088.jpg,2108088,2,0,NA
2201669_2,2023-01-04 18:21:32.717607,ACC,2201669.jpg,2201669,2,0,NA
2203691_2,2023-01-04 18:21:32.155125,JEW,2203691.jpg,2203691,2,0,NA
2203380_2,2023-01-04 18:21:31.530093,ACC,2203380.jpg,2203380,2,0,NA
2202130_2,2023-01-04 18:21:30.998847,ACC,2202130.jpg,2202130,2,0,NA
2204145_2,2023-01-04 18:21:30.342630,JEW,2204145.jpg,2204145,2,0,NA
2204149_2,2023-01-04 18:21:26.077106,JEW,2204149.jpg,2204149,2,0,NA
2204152_2,2023-01-04 18:21:24.670760,JEW,2204152.jpg,2204152,2,0,NA
2204702_2,2023-01-04 18:21:24.077013,ACC,2204702.jpg,2204702,2,0,NA
2204752_2,2023-01-04 18:21:23.483278,ACC,2204752.jpg,2204752,2,0,NA
2204760_2,2023-01-04 18:21:22.811397,ACC,2204760.jpg,2204760,2,0,NA
2204761_2,2023-01-04 18:21:22.264529,ACC,2204761.jpg,2204761,2,0,NA
2204789_2,2023-01-04 18:21:21.717778,JEW,2204789.jpg,2204789,2,0,NA
2204792_2,2023-01-04 18:21:21.123888,JEW,2204792.jpg,2204792,2,0,NA
2205731_2,2023-01-04 18:21:20.498920,ACC,2205731.jpg,2205731,2,0,NA
2205733_2,2023-01-04 18:21:19.889623,ACC,2205733.jpg,2205733,2,0,NA
2205714_2,2023-01-04 18:21:19.139540,ACC,2205714.jpg,2205714,2,0,NA
2105527_2,2023-01-04 18:21:18.592778,ACC,2105527.jpg,2105527,2,0,NA
2103079_2,2023-01-04 18:21:18.014636,ACC,2103079.jpg,2103079,2,0,NA
2105662_2,2023-01-04 18:21:17.420903,ACC,2105662.jpg,2105662,2,0,NA
2105661_2,2023-01-04 18:21:16.858303,ACC,2105661.jpg,2105661,2,0,NA
2105666_2,2023-01-04 18:21:16.280286,ACC,2105666.jpg,2105666,2,0,NA
1804999_1,2023-01-04 18:21:15.655219,BEAUTY,1804999.jpg,1804999,1,0,NA
1707786_1,2023-01-04 18:21:15.217670,BEAUTY,1707786.jpg,1707786,1,0,NA
1801878_1,2023-01-04 18:21:14.827057,BEAUTY,1801878.jpg,1801878,1,0,NA
1907251_1,2023-01-04 18:21:14.420788,BEAUTY,1907251.jpg,1907251,1,0,NA
1805000_1,2023-01-04 18:21:14.030184,BEAUTY,1805000.jpg,1805000,1,0,NA
1611009_1,2023-01-04 18:21:13.624076,BEAUTY,1611009.jpg,1611009,1,0,NA
1707772_1,2023-01-04 18:21:13.233359,BEAUTY,1707772.jpg,1707772,1,0,NA
2004020_2,2023-01-04 18:21:12.827057,BEAUTY,2004020.jpg,2004020,2,0,NA
1804998_1,2023-01-04 18:21:12.436442,BEAUTY,1804998.jpg,1804998,1,0,NA
2104648_2,2023-01-04 18:21:12.045886,BEAUTY,2104648.jpg,2104648,2,0,NA
1805616_1,2023-01-04 18:21:11.639575,BEAUTY,1805616.jpg,1805616,1,0,NA
2004019_2,2023-01-04 18:21:11.186515,BEAUTY,2004019.jpg,2004019,2,0,NA
1805630_1,2023-01-04 18:21:10.780195,BEAUTY,1805630.jpg,1805630,1,0,NA
1317128_1,2023-01-04 18:21:10.389563,BEAUTY,1317128.jpg,1317128,1,0,NA
1804992_1,2023-01-04 18:21:09.952068,BEAUTY,1804992.jpg,1804992,1,0,NA
1501639_1,2023-01-04 18:21:09.545821,BEAUTY,1501639.jpg,1501639,1,0,NA
1805499_1,2023-01-04 18:21:09.155199,BEAUTY,1805499.jpg,1805499,1,0,NA
2202744_2,2023-01-04 18:21:08.264575,BEAUTY,2202744.jpg,2202744,2,0,NA
1611006_1,2023-01-04 18:21:07.873955,BEAUTY,1611006.jpg,1611006,1,0,NA
1908618_1,2023-01-04 18:21:07.483333,BEAUTY,1908618.jpg,1908618,1,0,NA
1707398_1,2023-01-04 18:21:07.045835,BEAUTY,1707398.jpg,1707398,1,0,NA
1805001_1,2023-01-04 18:21:06.639582,BEAUTY,1805001.jpg,1805001,1,0,NA
2104645_2,2023-01-04 18:21:06.217748,BEAUTY,2104645.jpg,2104645,2,0,NA
1609641_1,2023-01-04 18:21:05.811436,BEAUTY,1609641.jpg,1609641,1,0,NA
2004024_2,2023-01-04 18:21:05.420824,BEAUTY,2004024.jpg,2004024,2,0,NA
2203443_2,2023-01-04 18:21:04.014646,ACC,2203443.jpg,2203443,2,0,NA
2103021_2,2023-01-04 18:21:03.436476,JEW,2103021.jpg,2103021,2,0,NA
2204906_2,2023-01-04 18:21:02.186483,ACC,2204906.jpg,2204906,2,0,NA
2105529_2,2023-01-04 18:21:01.483361,ACC,2105529.jpg,2105529,2,0,NA
2105665_2,2023-01-04 18:21:00.889611,ACC,2105665.jpg,2105665,2,0,NA
2105520_2,2023-01-04 18:21:00.295903,ACC,2105520.jpg,2105520,2,0,NA
2107062_2,2023-01-04 18:20:59.655236,SHO,2107062.jpg,2107062,2,0,NA
2115547_2,2023-01-04 18:20:59.045853,JEW,2115547.jpg,2115547,2,0,NA
2107176_2,2023-01-04 18:20:58.623986,JEW,2107176.jpg,2107176,2,0,NA
2202743_2,2023-01-04 18:20:58.061645,BEAUTY,2202743.jpg,2202743,2,0,NA
2205735_2,2023-01-04 18:20:57.452112,ACC,2205735.jpg,2205735,2,0,NA
2113511_2,2023-01-04 18:20:56.827132,ACC,2113511.jpg,2113511,2,0,NA
2115215_2,2023-01-04 18:20:56.264601,ACC,2115215.jpg,2115215,2,0,NA
2111600_2,2023-01-04 18:20:55.670921,ACC,2111600.jpg,2111600,2,0,NA
2203381_2,2023-01-04 18:20:55.092754,ACC,2203381.jpg,2203381,2,0,NA
2201513_2,2023-01-04 18:20:54.452223,JEW,2201513.jpg,2201513,2,0,NA
2204682_2,2023-01-04 18:20:53.889620,ACC,2204682.jpg,2204682,2,0,NA
2204684_2,2023-01-04 18:20:53.295871,ACC,2204684.jpg,2204684,2,0,NA
2105886_2,2023-01-04 18:20:52.749132,ACC,2105886.jpg,2105886,2,0,NA
2200710_2,2023-01-04 18:20:52.170880,JEW,2200710.jpg,2200710,2,0,NA
2203014_2,2023-01-04 18:20:51.327127,ACC,2203014.jpg,2203014,2,0,NA
2203644_2,2023-01-04 18:20:50.655256,JEW,2203644.jpg,2203644,2,0,NA
2203247_2,2023-01-04 18:20:49.874025,BEAUTY,2203247.jpg,2203247,2,0,NA
2204683_2,2023-01-04 18:20:49.014664,ACC,2204683.jpg,2204683,2,0,NA
2204721_2,2023-01-04 18:20:48.249029,ACC,2204721.jpg,2204721,2,0,NA
2113855_2,2023-01-04 18:20:47.514706,JEW,2113855.jpg,2113855,2,0,NA
2114282_2,2023-01-04 18:20:46.295896,JEW,2114282.jpg,2114282,2,0,NA
2200406_2,2023-01-04 18:20:45.749025,JEW,2200406.jpg,2200406,2,0,NA
2201611_2,2023-01-04 18:20:44.592857,ACC,2201611.jpg,2201611,2,0,NA
2203228_2,2023-01-04 18:20:43.405305,ACC,2203228.jpg,2203228,2,0,NA
2203234_2,2023-01-04 18:20:42.842789,ACC,2203234.jpg,2203234,2,0,NA
2203442_2,2023-01-04 18:20:42.233416,ACC,2203442.jpg,2203442,2,0,NA
2203441_2,2023-01-04 18:20:41.624040,ACC,2203441.jpg,2203441,2,0,NA
2203449_2,2023-01-04 18:20:41.045924,ACC,2203449.jpg,2203449,2,0,NA
2205307_2,2023-01-04 18:20:39.983448,ACC,2205307.jpg,2205307,2,0,NA
2203069_2,2023-01-04 18:20:39.374060,CLO,2203069.jpg,2203069,2,0,NA
2113919_2,2023-01-04 18:20:26.030357,JEW,2113919.jpg,2113919,2,0,NA
2104015_2,2023-01-04 18:20:25.421004,ACC,2104015.jpg,2104015,2,0,NA
2113725_2,2023-01-04 18:20:24.858497,JEW,2113725.jpg,2113725,2,0,NA
2113848_2,2023-01-04 18:20:24.295982,JEW,2113848.jpg,2113848,2,0,NA
2114125_2,2023-01-04 18:20:23.514753,JEW,2114125.jpg,2114125,2,0,NA
2201844_2,2023-01-04 18:20:22.936658,JEW,2201844.jpg,2201844,2,0,NA
2202332_2,2023-01-04 18:20:22.358563,ACC,2202332.jpg,2202332,2,0,NA
2202381_2,2023-01-04 18:20:21.702242,ACC,2202381.jpg,2202381,2,0,NA
2203182_2,2023-01-04 18:20:21.092873,ACC,2203182.jpg,2203182,2,0,NA
2204129_2,2023-01-04 18:20:20.546009,CLO,2204129.jpg,2204129,2,0,NA
2204156_2,2023-01-04 18:20:19.921036,ACC,2204156.jpg,2204156,2,0,NA
2114911_2,2023-01-04 18:20:19.280397,ACC,2114911.jpg,2114911,2,0,NA
2115594_2,2023-01-04 18:20:18.733568,ACC,2115594.jpg,2115594,2,0,NA
2115640_2,2023-01-04 18:20:18.186721,ACC,2115640.jpg,2115640,2,0,NA
2200764_2,2023-01-04 18:20:17.624134,ACC,2200764.jpg,2200764,2,0,NA
2201715_2,2023-01-04 18:20:17.061637,ACC,2201715.jpg,2201715,2,0,NA
1911698_1,2023-01-04 18:20:16.483669,ACC,1911698.jpg,1911698,1,0,NA
2102414_2,2023-01-04 18:20:15.936723,BEAUTY,2102414.jpg,2102414,2,0,NA
2113926_2,2023-01-04 18:20:15.389779,JEW,2113926.jpg,2113926,2,0,NA
2203693_2,2023-01-04 18:20:14.843128,JEW,2203693.jpg,2203693,2,0,NA
2205640_2,2023-01-04 18:20:14.217916,ACC,2205640.jpg,2205640,2,0,NA
2204672_2,2023-01-04 18:20:13.640054,ACC,2204672.jpg,2204672,2,0,NA
2203349_2,2023-01-04 18:20:13.077290,JEW,2203349.jpg,2203349,2,0,NA
2203345_2,2023-01-04 18:20:12.530407,BEAUTY,2203345.jpg,2203345,2,0,NA
2201642_2,2023-01-04 18:20:11.983560,BEAUTY,2201642.jpg,2201642,2,0,NA
2217886_2,2023-01-04 18:20:11.452379,ACC,2217886.jpg,2217886,2,0,NA
2218365_2,2023-01-04 18:20:11.061668,ACC,2218365.jpg,2218365,2,0,NA
2218375_2,2023-01-04 18:20:10.499242,ACC,2218375.jpg,2218375,2,0,NA
1912239_1,2023-01-04 18:20:09.905441,SHO,1912239.jpg,1912239,1,0,NA
2203587_2,2023-01-04 18:20:09.280425,SHO,2203587.jpg,2203587,2,0,NA
2206220_2,2023-01-04 18:20:08.717917,SHO,2206220.jpg,2206220,2,0,NA
2205834_2,2023-01-04 18:20:08.077294,JEW,2205834.jpg,2205834,2,0,NA
2205833_2,2023-01-04 18:20:06.858676,JEW,2205833.jpg,2205833,2,0,NA
2205771_2,2023-01-04 18:20:06.217928,JEW,2205771.jpg,2205771,2,0,NA
2204744_2,2023-01-04 18:20:05.561678,ACC,2204744.jpg,2204744,2,0,NA
2204749_2,2023-01-04 18:20:04.358548,ACC,2204749.jpg,2204749,2,0,NA
2206575_2,2023-01-04 18:20:03.671072,JEW,2206575.jpg,2206575,2,0,NA
2201889_2,2023-01-04 18:20:03.280519,JEW,2201889.jpg,2201889,2,0,NA
2206593_2,2023-01-04 18:20:02.546143,JEW,2206593.jpg,2206593,2,0,NA
1707397_1,2023-01-04 18:20:01.889821,BEAUTY,1707397.jpg,1707397,1,0,NA
1902540_1,2023-01-04 18:20:01.108721,BEAUTY,1902540.jpg,1902540,1,0,NA
2202386_2,2023-01-04 18:20:00.327346,CLO,2202386.jpg,2202386,2,0,NA
2201502_2,2023-01-04 18:19:59.608586,CLO,2201502.jpg,2201502,2,0,NA
2204704_2,2023-01-04 18:19:59.014827,ACC,2204704.jpg,2204704,2,0,NA
2204703_2,2023-01-04 18:19:58.467972,ACC,2204703.jpg,2204703,2,0,NA
2206528_2,2023-01-04 18:19:57.889859,ACC,2206528.jpg,2206528,2,0,NA
2203369_2,2023-01-04 18:19:55.092982,SHO,2203369.jpg,2203369,2,0,NA
2203384_2,2023-01-04 18:19:53.546109,SHO,2203384.jpg,2203384,2,0,NA
2203586_2,2023-01-04 18:19:52.983603,SHO,2203586.jpg,2203586,2,0,NA
2203600_2,2023-01-04 18:19:52.374312,SHO,2203600.jpg,2203600,2,0,NA
2203601_2,2023-01-04 18:19:51.671153,SHO,2203601.jpg,2203601,2,0,NA
2116112_2,2023-01-04 18:19:50.311743,BEAUTY,2116112.jpg,2116112,2,0,NA
2115983_2,2023-01-04 18:19:49.389876,JEW,2115983.jpg,2115983,2,0,NA
2201895_2,2023-01-04 18:19:48.296140,ACC,2201895.jpg,2201895,2,0,NA
2203022_2,2023-01-04 18:19:47.624269,ACC,2203022.jpg,2203022,2,0,NA
2203514_2,2023-01-04 18:19:46.374251,SHO,2203514.jpg,2203514,2,0,NA
2204535_2,2023-01-04 18:19:45.327394,BEAUTY,2204535.jpg,2204535,2,0,NA
2204293_2,2023-01-04 18:19:44.780518,ACC,2204293.jpg,2204293,2,0,NA
2008434_2,2023-01-04 18:19:43.921134,CLO,2008434.jpg,2008434,2,0,NA
2009496_2,2023-01-04 18:19:42.436765,CLO,2009496.jpg,2009496,2,0,NA
2012065_2,2023-01-04 18:19:39.624288,CLO,2012065.jpg,2012065,2,0,NA
2112644_2,2023-01-04 18:19:37.577410,CLO,2112644.jpg,2112644,2,0,NA
2112892_2,2023-01-04 18:19:35.780541,CLO,2112892.jpg,2112892,2,0,NA
2113641_2,2023-01-04 18:19:34.030570,CLO,2113641.jpg,2113641,2,0,NA
2200074_2,2023-01-04 18:19:32.077626,CLO,2200074.jpg,2200074,2,0,NA
2200184_2,2023-01-04 18:19:29.874326,CLO,2200184.jpg,2200184,2,0,NA
2200452_2,2023-01-04 18:19:27.155568,CLO,2200452.jpg,2200452,2,0,NA
2200715_2,2023-01-04 18:19:26.405586,CLO,2200715.jpg,2200715,2,0,NA
2200887_2,2023-01-04 18:19:23.499353,CLO,2200887.jpg,2200887,2,0,NA
2200890_2,2023-01-04 18:19:22.811956,CLO,2200890.jpg,2200890,2,0,NA
2201010_2,2023-01-04 18:19:21.968113,CLO,2201010.jpg,2201010,2,0,NA
2201339_2,2023-01-04 18:19:19.436869,CLO,2201339.jpg,2201339,2,0,NA
2201357_2,2023-01-04 18:19:15.171258,CLO,2201357.jpg,2201357,2,0,NA
2201414_2,2023-01-04 18:19:12.608771,CLO,2201414.jpg,2201414,2,0,NA
2201416_2,2023-01-04 18:19:10.358779,CLO,2201416.jpg,2201416,2,0,NA
2201550_2,2023-01-04 18:19:06.624419,CLO,2201550.jpg,2201550,2,0,NA
2201553_2,2023-01-04 18:19:03.921295,CLO,2201553.jpg,2201553,2,0,NA
2201584_2,2023-01-04 18:18:58.468185,CLO,2201584.jpg,2201584,2,0,NA
2202437_2,2023-01-04 18:18:54.249464,CLO,2202437.jpg,2202437,2,0,NA
2202488_2,2023-01-04 18:18:50.921492,CLO,2202488.jpg,2202488,2,0,NA
2202794_2,2023-01-04 18:18:48.530696,CLO,2202794.jpg,2202794,2,0,NA
2202802_2,2023-01-04 18:18:46.124432,CLO,2202802.jpg,2202802,2,0,NA
2203059_2,2023-01-04 18:18:43.702567,CLO,2203059.jpg,2203059,2,0,NA
2203160_2,2023-01-04 18:18:41.968190,CLO,2203160.jpg,2203160,2,0,NA
2203268_2,2023-01-04 18:18:38.983911,CLO,2203268.jpg,2203268,2,0,NA
2203432_2,2023-01-04 18:18:36.749421,CLO,2203432.jpg,2203432,2,0,NA
2203448_2,2023-01-04 18:18:34.108984,CLO,2203448.jpg,2203448,2,0,NA
2204060_2,2023-01-04 18:18:31.608784,CLO,2204060.jpg,2204060,2,0,NA
2204093_2,2023-01-04 18:18:28.311903,CLO,2204093.jpg,2204093,2,0,NA
2204143_2,2023-01-04 18:18:27.671278,CLO,2204143.jpg,2204143,2,0,NA
2204838_2,2023-01-04 18:18:25.811887,CLO,2204838.jpg,2204838,2,0,NA
2204957_2,2023-01-04 18:18:24.390135,CLO,2204957.jpg,2204957,2,0,NA
2205446_2,2023-01-04 18:18:22.827528,CLO,2205446.jpg,2205446,2,0,NA
2205460_2,2023-01-04 18:18:20.858806,CLO,2205460.jpg,2205460,2,0,NA
2200373_2,2023-01-04 18:18:19.015013,CLO,2200373.jpg,2200373,2,0,NA
2201466_2,2023-01-04 18:18:17.530624,CLO,2201466.jpg,2201466,2,0,NA
2202622_2,2023-01-04 18:18:15.436889,CLO,2202622.jpg,2202622,2,0,NA
2203025_2,2023-01-04 18:18:13.249366,CLO,2203025.jpg,2203025,2,0,NA
2203026_2,2023-01-04 18:18:10.999350,CLO,2203026.jpg,2203026,2,0,NA
2203028_2,2023-01-04 18:18:08.905617,CLO,2203028.jpg,2203028,2,0,NA
2204035_2,2023-01-04 18:18:05.764967,CLO,2204035.jpg,2204035,2,0,NA
2204224_2,2023-01-04 18:18:04.358714,CLO,2204224.jpg,2204224,2,0,NA
2204823_2,2023-01-04 18:17:59.968088,CLO,2204823.jpg,2204823,2,0,NA
2204846_2,2023-01-04 18:17:57.483872,CLO,2204846.jpg,2204846,2,0,NA
2204911_2,2023-01-04 18:17:56.764946,CLO,2204911.jpg,2204911,2,0,NA
2204914_2,2023-01-04 18:17:54.530576,CLO,2204914.jpg,2204914,2,0,NA
2205418_2,2023-01-04 18:17:50.358690,CLO,2205418.jpg,2205418,2,0,NA
2205426_2,2023-01-04 18:17:48.436820,CLO,2205426.jpg,2205426,2,0,NA
2205703_2,2023-01-04 18:17:45.389978,CLO,2205703.jpg,2205703,2,0,NA
2205763_2,2023-01-04 18:17:44.827439,CLO,2205763.jpg,2205763,2,0,NA
2205769_2,2023-01-04 18:17:34.374268,CLO,2205769.jpg,2205769,2,0,NA
2205859_2,2023-01-04 18:17:32.702532,CLO,2205859.jpg,2205859,2,0,NA
2205899_2,2023-01-04 18:17:31.483668,CLO,2205899.jpg,2205899,2,0,NA
2205913_2,2023-01-04 18:17:30.421159,CLO,2205913.jpg,2205913,2,0,NA
2206327_2,2023-01-04 18:17:29.874305,CLO,2206327.jpg,2206327,2,0,NA
2203634_2,2023-01-04 18:17:29.343004,JEW,2203634.jpg,2203634,2,0,NA
2203635_2,2023-01-04 18:17:28.811859,JEW,2203635.jpg,2203635,2,0,NA
2203640_2,2023-01-04 18:17:28.249279,JEW,2203640.jpg,2203640,2,0,NA
2203678_2,2023-01-04 18:17:27.639894,ACC,2203678.jpg,2203678,2,0,NA
2203684_2,2023-01-04 18:17:27.014898,JEW,2203684.jpg,2203684,2,0,NA
2203685_2,2023-01-04 18:17:26.468018,JEW,2203685.jpg,2203685,2,0,NA
2203686_2,2023-01-04 18:17:25.905519,JEW,2203686.jpg,2203686,2,0,NA
2203687_2,2023-01-04 18:17:25.264877,JEW,2203687.jpg,2203687,2,0,NA
2203688_2,2023-01-04 18:17:24.514900,JEW,2203688.jpg,2203688,2,0,NA
2203690_2,2023-01-04 18:17:23.952393,JEW,2203690.jpg,2203690,2,0,NA
2203689_2,2023-01-04 18:17:23.436757,JEW,2203689.jpg,2203689,2,0,NA
2203692_2,2023-01-04 18:17:22.843253,JEW,2203692.jpg,2203692,2,0,NA
2203694_2,2023-01-04 18:17:22.296148,JEW,2203694.jpg,2203694,2,0,NA
2203695_2,2023-01-04 18:17:21.749256,JEW,2203695.jpg,2203695,2,0,NA
2203696_2,2023-01-04 18:17:21.202378,JEW,2203696.jpg,2203696,2,0,NA
2203697_2,2023-01-04 18:17:20.624261,JEW,2203697.jpg,2203697,2,0,NA
2203698_2,2023-01-04 18:17:20.077396,JEW,2203698.jpg,2203698,2,0,NA
2204909_2,2023-01-04 18:17:19.561753,ACC,2204909.jpg,2204909,2,0,NA
2204975_2,2023-01-04 18:17:18.983695,JEW,2204975.jpg,2204975,2,0,NA
2204979_2,2023-01-04 18:17:18.358743,JEW,2204979.jpg,2204979,2,0,NA
2204980_2,2023-01-04 18:17:17.843144,JEW,2204980.jpg,2204980,2,0,NA
2204984_2,2023-01-04 18:17:17.264874,JEW,2204984.jpg,2204984,2,0,NA
2205019_2,2023-01-04 18:17:16.499240,ACC,2205019.jpg,2205019,2,0,NA
2205022_2,2023-01-04 18:17:15.952366,ACC,2205022.jpg,2205022,2,0,NA
2205051_2,2023-01-04 18:17:15.436739,ACC,2205051.jpg,2205051,2,0,NA
2205072_2,2023-01-04 18:17:14.842997,ACC,2205072.jpg,2205072,2,0,NA
2205090_2,2023-01-04 18:17:14.280501,ACC,2205090.jpg,2205090,2,0,NA
2205096_2,2023-01-04 18:17:13.671089,ACC,2205096.jpg,2205096,2,0,NA
2205153_2,2023-01-04 18:17:13.077363,JEW,2205153.jpg,2205153,2,0,NA
2205787_2,2023-01-04 18:17:12.202360,ACC,2205787.jpg,2205787,2,0,NA
2206283_2,2023-01-04 18:17:11.514842,ACC,2206283.jpg,2206283,2,0,NA
2206067_2,2023-01-04 18:17:10.921283,ACC,2206067.jpg,2206067,2,0,NA
2111402_2,2023-01-04 18:17:10.311826,ACC,2111402.jpg,2111402,2,0,NA
2204431_2,2023-01-04 18:17:09.733691,JEW,2204431.jpg,2204431,2,0,NA
2209095_2,2023-01-04 18:17:09.342965,JEW,2209095.jpg,2209095,2,0,NA
2204796_2,2023-01-04 18:17:08.764859,ACC,2204796.jpg,2204796,2,0,NA
2204802_2,2023-01-04 18:17:08.093002,ACC,2204802.jpg,2204802,2,0,NA
2201913_2,2023-01-04 18:17:07.530474,BEAUTY,2201913.jpg,2201913,2,0,NA
2201927_2,2023-01-04 18:17:06.905470,BEAUTY,2201927.jpg,2201927,2,0,NA
2201932_2,2023-01-04 18:17:06.342978,BEAUTY,2201932.jpg,2201932,2,0,NA
2201936_2,2023-01-04 18:17:05.702358,BEAUTY,2201936.jpg,2201936,2,0,NA
2201945_2,2023-01-04 18:17:05.171092,BEAUTY,2201945.jpg,2201945,2,0,NA
2203560_2,2023-01-04 18:17:03.639850,SHO,2203560.jpg,2203560,2,0,NA
2203602_2,2023-01-04 18:17:03.092950,SHO,2203602.jpg,2203602,2,0,NA
2206516_2,2023-01-04 18:17:02.546096,ACC,2206516.jpg,2206516,2,0,NA
2206552_2,2023-01-04 18:17:00.577321,ACC,2206552.jpg,2206552,2,0,NA
2206553_2,2023-01-04 18:16:59.842960,ACC,2206553.jpg,2206553,2,0,NA
2206560_2,2023-01-04 18:16:58.514819,JEW,2206560.jpg,2206560,2,0,NA
2206562_2,2023-01-04 18:16:57.889816,JEW,2206562.jpg,2206562,2,0,NA
2206599_2,2023-01-04 18:16:56.421081,CLO,2206599.jpg,2206599,2,0,NA
2206600_2,2023-01-04 18:16:54.108565,CLO,2206600.jpg,2206600,2,0,NA
2206602_2,2023-01-04 18:16:48.827337,CLO,2206602.jpg,2206602,2,0,NA
2206601_2,2023-01-04 18:16:44.874150,CLO,2206601.jpg,2206601,2,0,NA
2206644_2,2023-01-04 18:16:44.374172,JEW,2206644.jpg,2206644,2,0,NA
2206677_2,2023-01-04 18:16:43.827280,JEW,2206677.jpg,2206677,2,0,NA
2206684_2,2023-01-04 18:16:43.311651,ACC,2206684.jpg,2206684,2,0,NA
2206693_2,2023-01-04 18:16:42.702290,ACC,2206693.jpg,2206693,2,0,NA
2206908_2,2023-01-04 18:16:42.186651,ACC,2206908.jpg,2206908,2,0,NA
2206910_2,2023-01-04 18:16:41.671096,ACC,2206910.jpg,2206910,2,0,NA
2206912_2,2023-01-04 18:16:41.108736,ACC,2206912.jpg,2206912,2,0,NA
2206914_2,2023-01-04 18:16:40.405403,ACC,2206914.jpg,2206914,2,0,NA
2206915_2,2023-01-04 18:16:39.858537,ACC,2206915.jpg,2206915,2,0,NA
2206941_2,2023-01-04 18:16:39.311658,ACC,2206941.jpg,2206941,2,0,NA
2205627_2,2023-01-04 18:16:31.139773,ACC,2205627.jpg,2205627,2,0,NA
2206681_2,2023-01-04 18:16:29.624141,JEW,2206681.jpg,2206681,2,0,NA
2206696_2,2023-01-04 18:16:29.108814,CLO,2206696.jpg,2206696,2,0,NA
2106658_2,2023-01-04 18:16:28.530384,JEW,2106658.jpg,2106658,2,0,NA
2206810_2,2023-01-04 18:16:28.014921,JEW,2206810.jpg,2206810,2,0,NA
2206811_2,2023-01-04 18:16:27.452284,ACC,2206811.jpg,2206811,2,0,NA
2206816_2,2023-01-04 18:16:26.905378,ACC,2206816.jpg,2206816,2,0,NA
2206821_2,2023-01-04 18:16:26.358495,ACC,2206821.jpg,2206821,2,0,NA
2206828_2,2023-01-04 18:16:25.467983,JEW,2206828.jpg,2206828,2,0,NA
2206829_2,2023-01-04 18:16:24.952249,JEW,2206829.jpg,2206829,2,0,NA
2206847_2,2023-01-04 18:16:24.249311,ACC,2206847.jpg,2206847,2,0,NA
2206849_2,2023-01-04 18:16:23.686625,ACC,2206849.jpg,2206849,2,0,NA
2207045_2,2023-01-04 18:16:23.124131,JEW,2207045.jpg,2207045,2,0,NA
2207046_2,2023-01-04 18:16:22.608483,JEW,2207046.jpg,2207046,2,0,NA
2209922_2,2023-01-04 18:16:22.061608,JEW,2209922.jpg,2209922,2,0,NA
2207047_2,2023-01-04 18:16:21.577245,JEW,2207047.jpg,2207047,2,0,NA
2207048_2,2023-01-04 18:16:21.030371,JEW,2207048.jpg,2207048,2,0,NA
2115175_2,2023-01-04 18:16:20.467961,ACC,2115175.jpg,2115175,2,0,NA
2204528_2,2023-01-04 18:16:19.874119,JEW,2204528.jpg,2204528,2,0,NA
2200837_2,2023-01-04 18:16:19.467884,JEW,2200837.jpg,2200837,2,0,NA
2206362_2,2023-01-04 18:16:18.842874,SHO,2206362.jpg,2206362,2,0,NA
2206493_2,2023-01-04 18:16:18.170995,ACC,2206493.jpg,2206493,2,0,NA
2206492_2,2023-01-04 18:16:17.608490,ACC,2206492.jpg,2206492,2,0,NA
2112278_2,2023-01-04 18:16:17.030354,JEW,2112278.jpg,2112278,2,0,NA
2110543_2,2023-01-04 18:16:16.639721,JEW,2110543.jpg,2110543,2,0,NA
2115222_2,2023-01-04 18:16:16.092869,ACC,2115222.jpg,2115222,2,0,NA
2115271_2,2023-01-04 18:16:15.545994,ACC,2115271.jpg,2115271,2,0,NA
2201616_2,2023-01-04 18:16:15.030359,BEAUTY,2201616.jpg,2201616,2,0,NA
2201919_2,2023-01-04 18:16:14.467846,BEAUTY,2201919.jpg,2201919,2,0,NA
2116119_2,2023-01-04 18:16:14.077240,BEAUTY,2116119.jpg,2116119,2,0,NA
2201918_2,2023-01-04 18:16:13.561612,BEAUTY,2201918.jpg,2201918,2,0,NA
2201922_2,2023-01-04 18:16:12.999224,BEAUTY,2201922.jpg,2201922,2,0,NA
2201925_2,2023-01-04 18:16:12.452232,BEAUTY,2201925.jpg,2201925,2,0,NA
2200608_2,2023-01-04 18:16:11.920984,BEAUTY,2200608.jpg,2200608,2,0,NA
2201921_2,2023-01-04 18:16:11.530347,BEAUTY,2201921.jpg,2201921,2,0,NA
2201924_2,2023-01-04 18:16:10.952217,BEAUTY,2201924.jpg,2201924,2,0,NA
2116116_2,2023-01-04 18:16:10.483475,BEAUTY,2116116.jpg,2116116,2,0,NA
2202961_2,2023-01-04 18:16:09.827427,BEAUTY,2202961.jpg,2202961,2,0,NA
2203429_2,2023-01-04 18:16:09.295962,ACC,2203429.jpg,2203429,2,0,NA
2202962_2,2023-01-04 18:16:08.749078,BEAUTY,2202962.jpg,2202962,2,0,NA
2204408_2,2023-01-04 18:16:08.092827,JEW,2204408.jpg,2204408,2,0,NA
2204968_2,2023-01-04 18:16:07.483550,BEAUTY,2204968.jpg,2204968,2,0,NA
2204969_2,2023-01-04 18:16:06.139710,BEAUTY,2204969.jpg,2204969,2,0,NA
2204971_2,2023-01-04 18:16:05.561578,BEAUTY,2204971.jpg,2204971,2,0,NA
2204973_2,2023-01-04 18:16:04.967827,BEAUTY,2204973.jpg,2204973,2,0,NA
2205083_2,2023-01-04 18:15:58.983444,CLO,2205083.jpg,2205083,2,0,NA
2205152_2,2023-01-04 18:15:58.499056,BEAUTY,2205152.jpg,2205152,2,0,NA
2201698_2,2023-01-04 18:15:58.046010,BEAUTY,2201698.jpg,2201698,2,0,NA
2205623_2,2023-01-04 18:15:57.452301,ACC,2205623.jpg,2205623,2,0,NA
2206154_2,2023-01-04 18:15:56.889678,ACC,2206154.jpg,2206154,2,0,NA
2206156_2,2023-01-04 18:15:56.342815,ACC,2206156.jpg,2206156,2,0,NA
2206157_2,2023-01-04 18:15:55.795941,ACC,2206157.jpg,2206157,2,0,NA
2206557_2,2023-01-04 18:15:55.233437,JEW,2206557.jpg,2206557,2,0,NA
2206594_2,2023-01-04 18:15:54.639688,JEW,2206594.jpg,2206594,2,0,NA
2206645_2,2023-01-04 18:15:54.092802,JEW,2206645.jpg,2206645,2,0,NA
2201929_2,2023-01-04 18:15:53.545959,BEAUTY,2201929.jpg,2201929,2,0,NA
2201930_2,2023-01-04 18:15:52.952179,BEAUTY,2201930.jpg,2201930,2,0,NA
2201933_2,2023-01-04 18:15:52.389664,BEAUTY,2201933.jpg,2201933,2,0,NA
2200153_2,2023-01-04 18:15:51.983436,BEAUTY,2200153.jpg,2200153,2,0,NA
2201937_2,2023-01-04 18:15:51.389661,BEAUTY,2201937.jpg,2201937,2,0,NA
2202138_2,2023-01-04 18:15:50.717787,SHO,2202138.jpg,2202138,2,0,NA
2203580_2,2023-01-04 18:15:50.170916,SHO,2203580.jpg,2203580,2,0,NA
2203603_2,2023-01-04 18:15:49.561556,SHO,2203603.jpg,2203603,2,0,NA
2203604_2,2023-01-04 18:15:48.921218,SHO,2203604.jpg,2203604,2,0,NA
2201853_2,2023-01-04 18:15:48.342801,JEW,2201853.jpg,2201853,2,0,NA
2201940_2,2023-01-04 18:15:34.889626,BEAUTY,2201940.jpg,2201940,2,0,NA
2203616_2,2023-01-04 18:15:33.608387,JEW,2203616.jpg,2203616,2,0,NA
2203627_2,2023-01-04 18:15:32.967757,SHO,2203627.jpg,2203627,2,0,NA
2203960_2,2023-01-04 18:15:32.389636,JEW,2203960.jpg,2203960,2,0,NA
2203975_2,2023-01-04 18:15:31.858386,JEW,2203975.jpg,2203975,2,0,NA
2204728_2,2023-01-04 18:15:31.295885,SHO,2204728.jpg,2204728,2,0,NA
2206668_2,2023-01-04 18:15:30.764629,JEW,2206668.jpg,2206668,2,0,NA
2206678_2,2023-01-04 18:15:30.217742,JEW,2206678.jpg,2206678,2,0,NA
2206683_2,2023-01-04 18:15:29.624002,JEW,2206683.jpg,2206683,2,0,NA
2206685_2,2023-01-04 18:15:29.077135,JEW,2206685.jpg,2206685,2,0,NA
2206687_2,2023-01-04 18:15:28.530242,JEW,2206687.jpg,2206687,2,0,NA
2206689_2,2023-01-04 18:15:27.874007,JEW,2206689.jpg,2206689,2,0,NA
2206691_2,2023-01-04 18:15:27.342751,JEW,2206691.jpg,2206691,2,0,NA
2206716_2,2023-01-04 18:15:26.764619,JEW,2206716.jpg,2206716,2,0,NA
2206718_2,2023-01-04 18:15:26.092866,JEW,2206718.jpg,2206718,2,0,NA
2206736_2,2023-01-04 18:15:25.545871,JEW,2206736.jpg,2206736,2,0,NA
2206735_2,2023-01-04 18:15:24.967768,JEW,2206735.jpg,2206735,2,0,NA
2206743_2,2023-01-04 18:15:24.436512,JEW,2206743.jpg,2206743,2,0,NA
2206746_2,2023-01-04 18:15:23.858380,JEW,2206746.jpg,2206746,2,0,NA
2206748_2,2023-01-04 18:15:23.327121,JEW,2206748.jpg,2206748,2,0,NA
2206752_2,2023-01-04 18:15:22.780243,JEW,2206752.jpg,2206752,2,0,NA
2206830_2,2023-01-04 18:15:22.186593,JEW,2206830.jpg,2206830,2,0,NA
2206832_2,2023-01-04 18:15:21.670864,JEW,2206832.jpg,2206832,2,0,NA
2206834_2,2023-01-04 18:15:21.155256,JEW,2206834.jpg,2206834,2,0,NA
2206836_2,2023-01-04 18:15:20.467733,JEW,2206836.jpg,2206836,2,0,NA
2206920_2,2023-01-04 18:15:19.936489,ACC,2206920.jpg,2206920,2,0,NA
2206895_2,2023-01-04 18:15:19.389808,ACC,2206895.jpg,2206895,2,0,NA
2206930_2,2023-01-04 18:15:18.811465,ACC,2206930.jpg,2206930,2,0,NA
2206950_2,2023-01-04 18:15:18.233343,ACC,2206950.jpg,2206950,2,0,NA
2206951_2,2023-01-04 18:15:17.592770,ACC,2206951.jpg,2206951,2,0,NA
2206961_2,2023-01-04 18:15:17.045847,JEW,2206961.jpg,2206961,2,0,NA
2206962_2,2023-01-04 18:15:16.467744,JEW,2206962.jpg,2206962,2,0,NA
2206964_2,2023-01-04 18:15:15.905233,JEW,2206964.jpg,2206964,2,0,NA
2206967_2,2023-01-04 18:15:15.327101,JEW,2206967.jpg,2206967,2,0,NA
2206968_2,2023-01-04 18:15:14.795838,JEW,2206968.jpg,2206968,2,0,NA
2207044_2,2023-01-04 18:15:14.233366,JEW,2207044.jpg,2207044,2,0,NA
2207301_2,2023-01-04 18:15:13.655218,BEAUTY,2207301.jpg,2207301,2,0,NA
2207302_2,2023-01-04 18:15:13.077103,BEAUTY,2207302.jpg,2207302,2,0,NA
2207423_2,2023-01-04 18:15:12.514584,BEAUTY,2207423.jpg,2207423,2,0,NA
2207424_2,2023-01-04 18:15:11.936585,BEAUTY,2207424.jpg,2207424,2,0,NA
2207425_2,2023-01-04 18:15:11.389609,BEAUTY,2207425.jpg,2207425,2,0,NA
2114491_2,2023-01-04 18:15:10.811452,BEAUTY,2114491.jpg,2114491,2,0,NA
2201069_2,2023-01-04 18:15:10.280205,ACC,2201069.jpg,2201069,2,0,NA
2203093_2,2023-01-04 18:15:09.717697,ACC,2203093.jpg,2203093,2,0,NA
2203617_2,2023-01-04 18:15:09.186445,JEW,2203617.jpg,2203617,2,0,NA
2204302_2,2023-01-04 18:15:08.608316,ACC,2204302.jpg,2204302,2,0,NA
2204412_2,2023-01-04 18:15:08.061450,BEAUTY,2204412.jpg,2204412,2,0,NA
2205762_2,2023-01-04 18:15:07.436713,ACC,2205762.jpg,2205762,2,0,NA
2206226_2,2023-01-04 18:15:06.889582,BEAUTY,2206226.jpg,2206226,2,0,NA
2206673_2,2023-01-04 18:15:06.327076,JEW,2206673.jpg,2206673,2,0,NA
2206674_2,2023-01-04 18:15:05.764727,JEW,2206674.jpg,2206674,2,0,NA
2206675_2,2023-01-04 18:15:05.186560,JEW,2206675.jpg,2206675,2,0,NA
2206679_2,2023-01-04 18:15:04.639581,JEW,2206679.jpg,2206679,2,0,NA
2206688_2,2023-01-04 18:15:04.092706,JEW,2206688.jpg,2206688,2,0,NA
2206742_2,2023-01-04 18:15:03.467816,JEW,2206742.jpg,2206742,2,0,NA
2207556_2,2023-01-04 18:15:01.998941,ACC,2207556.jpg,2207556,2,0,NA
2207521_2,2023-01-04 18:15:01.342693,JEW,2207521.jpg,2207521,2,0,NA
2207564_2,2023-01-04 18:14:59.827055,ACC,2207564.jpg,2207564,2,0,NA
2204741_2,2023-01-04 18:14:59.202062,BEAUTY,2204741.jpg,2204741,2,0,NA
2205308_2,2023-01-04 18:14:57.483294,ACC,2205308.jpg,2205308,2,0,NA
2205309_2,2023-01-04 18:14:54.999006,ACC,2205309.jpg,2205309,2,0,NA
2205000_2,2023-01-04 18:14:54.264610,CLO,2205000.jpg,2205000,2,0,NA
2205217_2,2023-01-04 18:14:53.592670,ACC,2205217.jpg,2205217,2,0,NA
2205321_2,2023-01-04 18:14:49.530170,ACC,2205321.jpg,2205321,2,0,NA
2205127_2,2023-01-04 18:14:48.780162,ACC,2205127.jpg,2205127,2,0,NA
2205658_2,2023-01-04 18:14:48.123925,CLO,2205658.jpg,2205658,2,0,NA
2206376_2,2023-01-04 18:14:47.373909,SHO,2206376.jpg,2206376,2,0,NA
2207839_2,2023-01-04 18:14:46.811397,JEW,2207839.jpg,2207839,2,0,NA
2207459_2,2023-01-04 18:14:46.202041,ACC,2207459.jpg,2207459,2,0,NA
2207460_2,2023-01-04 18:14:45.452045,ACC,2207460.jpg,2207460,2,0,NA
2206377_2,2023-01-04 18:14:44.811391,SHO,2206377.jpg,2206377,2,0,NA
2206371_2,2023-01-04 18:14:44.217657,SHO,2206371.jpg,2206371,2,0,NA
2207461_2,2023-01-04 18:14:43.436378,ACC,2207461.jpg,2207461,2,0,NA
2206414_2,2023-01-04 18:14:42.264525,ACC,2206414.jpg,2206414,2,0,NA
2203545_2,2023-01-04 18:14:41.608274,SHO,2203545.jpg,2203545,2,0,NA
2204278_2,2023-01-04 18:14:38.233562,CLO,2204278.jpg,2204278,2,0,NA
2205154_2,2023-01-04 18:14:37.733240,BEAUTY,2205154.jpg,2205154,2,0,NA
2204987_2,2023-01-04 18:14:37.108365,BEAUTY,2204987.jpg,2204987,2,0,NA
2207572_2,2023-01-04 18:14:36.499049,ACC,2207572.jpg,2207572,2,0,NA
2205143_2,2023-01-04 18:14:31.186386,BEAUTY,2205143.jpg,2205143,2,0,NA
2204983_2,2023-01-04 18:14:30.608257,BEAUTY,2204983.jpg,2204983,2,0,NA
2207573_2,2023-01-04 18:14:30.076995,ACC,2207573.jpg,2207573,2,0,NA
2207575_2,2023-01-04 18:14:29.530135,ACC,2207575.jpg,2207575,2,0,NA
2206880_2,2023-01-04 18:14:28.889581,ACC,2206880.jpg,2206880,2,0,NA
2205087_2,2023-01-04 18:14:28.342623,ACC,2205087.jpg,2205087,2,0,NA
2205095_2,2023-01-04 18:14:27.795737,ACC,2205095.jpg,2205095,2,0,NA
2206187_2,2023-01-04 18:14:27.217788,ACC,2206187.jpg,2206187,2,0,NA
2205211_2,2023-01-04 18:14:26.670736,JEW,2205211.jpg,2205211,2,0,NA
2204270_2,2023-01-04 18:14:26.123862,ACC,2204270.jpg,2204270,2,0,NA
2205230_2,2023-01-04 18:14:25.514566,ACC,2205230.jpg,2205230,2,0,NA
2205221_2,2023-01-04 18:14:24.920739,JEW,2205221.jpg,2205221,2,0,NA
2204274_2,2023-01-04 18:14:24.373861,ACC,2204274.jpg,2204274,2,0,NA
2204276_2,2023-01-04 18:14:13.389444,ACC,2204276.jpg,2204276,2,0,NA
2204503_2,2023-01-04 18:14:12.092575,JEW,2204503.jpg,2204503,2,0,NA
2204857_2,2023-01-04 18:14:11.451953,BEAUTY,2204857.jpg,2204857,2,0,NA
2205091_2,2023-01-04 18:14:10.905200,ACC,2205091.jpg,2205091,2,0,NA
2205104_2,2023-01-04 18:14:10.264440,ACC,2205104.jpg,2205104,2,0,NA
2205107_2,2023-01-04 18:14:09.623826,ACC,2205107.jpg,2205107,2,0,NA
2205109_2,2023-01-04 18:14:09.014441,ACC,2205109.jpg,2205109,2,0,NA
2205728_2,2023-01-04 18:14:08.405134,ACC,2205728.jpg,2205728,2,0,NA
2205861_2,2023-01-04 18:14:07.842559,JEW,2205861.jpg,2205861,2,0,NA
2206280_2,2023-01-04 18:14:06.827039,ACC,2206280.jpg,2206280,2,0,NA
2206281_2,2023-01-04 18:14:06.217634,ACC,2206281.jpg,2206281,2,0,NA
2207303_2,2023-01-04 18:14:05.608196,ACC,2207303.jpg,2207303,2,0,NA
2207305_2,2023-01-04 18:14:04.951935,ACC,2207305.jpg,2207305,2,0,NA
2207496_2,2023-01-04 18:14:04.342549,BEAUTY,2207496.jpg,2207496,2,0,NA
2207497_2,2023-01-04 18:14:03.780062,BEAUTY,2207497.jpg,2207497,2,0,NA
2207517_2,2023-01-04 18:14:03.201930,BEAUTY,2207517.jpg,2207517,2,0,NA
2207851_2,2023-01-04 18:14:02.561311,JEW,2207851.jpg,2207851,2,0,NA
2204023_2,2023-01-04 18:14:01.936301,ACC,2204023.jpg,2204023,2,0,NA
2204222_2,2023-01-04 18:14:01.389426,JEW,2204222.jpg,2204222,2,0,NA
2205360_2,2023-01-04 18:14:00.811288,BEAUTY,2205360.jpg,2205360,2,0,NA
2205662_2,2023-01-04 18:14:00.155066,ACC,2205662.jpg,2205662,2,0,NA
2205669_2,2023-01-04 18:13:59.483588,ACC,2205669.jpg,2205669,2,0,NA
2206527_2,2023-01-04 18:13:58.905124,ACC,2206527.jpg,2206527,2,0,NA
2205963_2,2023-01-04 18:13:58.389401,JEW,2205963.jpg,2205963,2,0,NA
2205964_2,2023-01-04 18:13:57.748812,JEW,2205964.jpg,2205964,2,0,NA
2114270_2,2023-01-04 18:13:57.186302,JEW,2114270.jpg,2114270,2,0,NA
2114942_2,2023-01-04 18:13:56.608183,ACC,2114942.jpg,2114942,2,0,NA
2114916_2,2023-01-04 18:13:56.045673,ACC,2114916.jpg,2114916,2,0,NA
2203606_2,2023-01-04 18:13:55.405148,SHO,2203606.jpg,2203606,2,0,NA
2203876_2,2023-01-04 18:13:54.748801,SHO,2203876.jpg,2203876,2,0,NA
2203922_2,2023-01-04 18:13:53.920667,JEW,2203922.jpg,2203922,2,0,NA
2206454_2,2023-01-04 18:13:53.233150,ACC,2206454.jpg,2206454,2,0,NA
2205725_2,2023-01-04 18:13:52.686263,ACC,2205725.jpg,2205725,2,0,NA
2204009_2,2023-01-04 18:13:51.920649,JEW,2204009.jpg,2204009,2,0,NA
2207232_2,2023-01-04 18:13:51.186240,JEW,2207232.jpg,2207232,2,0,NA
2208293_2,2023-01-04 18:13:50.561225,ACC,2208293.jpg,2208293,2,0,NA
2203774_2,2023-01-04 18:13:49.998713,ACC,2203774.jpg,2203774,2,0,NA
2204493_2,2023-01-04 18:13:40.295437,ACC,2204493.jpg,2204493,2,0,NA
2205950_2,2023-01-04 18:13:38.936050,JEW,2205950.jpg,2205950,2,0,NA
2205970_2,2023-01-04 18:13:38.201722,JEW,2205970.jpg,2205970,2,0,NA
2205972_2,2023-01-04 18:13:37.592278,JEW,2205972.jpg,2205972,2,0,NA
2206200_2,2023-01-04 18:13:36.967258,ACC,2206200.jpg,2206200,2,0,NA
2206249_2,2023-01-04 18:13:36.279757,BEAUTY,2206249.jpg,2206249,2,0,NA
2206326_2,2023-01-04 18:13:35.686113,BEAUTY,2206326.jpg,2206326,2,0,NA
2204598_2,2023-01-04 18:13:35.045376,JEW,2204598.jpg,2204598,2,0,NA
2204654_2,2023-01-04 18:13:34.389223,JEW,2204654.jpg,2204654,2,0,NA
2204713_2,2023-01-04 18:13:33.685974,BEAUTY,2204713.jpg,2204713,2,0,NA
2205379_2,2023-01-04 18:13:33.107840,ACC,2205379.jpg,2205379,2,0,NA
2205395_2,2023-01-04 18:13:32.467202,ACC,2205395.jpg,2205395,2,0,NA
2205407_2,2023-01-04 18:13:31.951572,ACC,2205407.jpg,2205407,2,0,NA
2205514_2,2023-01-04 18:13:31.357816,ACC,2205514.jpg,2205514,2,0,NA
2205520_2,2023-01-04 18:13:30.732800,ACC,2205520.jpg,2205520,2,0,NA
2205575_2,2023-01-04 18:13:30.060919,ACC,2205575.jpg,2205575,2,0,NA
2205637_2,2023-01-04 18:13:29.467167,ACC,2205637.jpg,2205637,2,0,NA
2205634_2,2023-01-04 18:13:28.842131,ACC,2205634.jpg,2205634,2,0,NA
2205651_2,2023-01-04 18:13:28.279619,ACC,2205651.jpg,2205651,2,0,NA
2208929_2,2023-01-04 18:13:27.748515,JEW,2208929.jpg,2208929,2,0,NA
2206217_2,2023-01-04 18:13:27.154627,SHO,2206217.jpg,2206217,2,0,NA
2203977_2,2023-01-04 18:13:26.514011,ACC,2203977.jpg,2203977,2,0,NA
2204443_2,2023-01-04 18:13:25.685837,JEW,2204443.jpg,2204443,2,0,NA
2204472_2,2023-01-04 18:13:25.029734,JEW,2204472.jpg,2204472,2,0,NA
2204466_2,2023-01-04 18:13:23.763966,JEW,2204466.jpg,2204466,2,0,NA
2205864_2,2023-01-04 18:13:22.967068,CLO,2205864.jpg,2205864,2,0,NA
2208192_2,2023-01-04 18:13:22.451437,BEAUTY,2208192.jpg,2208192,2,0,NA
2208922_2,2023-01-04 18:13:21.904541,JEW,2208922.jpg,2208922,2,0,NA
2209571_2,2023-01-04 18:13:21.310771,JEW,2209571.jpg,2209571,2,0,NA
2203856_2,2023-01-04 18:13:20.638902,JEW,2203856.jpg,2203856,2,0,NA
2205228_2,2023-01-04 18:13:20.029516,ACC,2205228.jpg,2205228,2,0,NA
2209626_2,2023-01-04 18:13:19.482630,JEW,2209626.jpg,2209626,2,0,NA
2209771_2,2023-01-04 18:13:16.185706,JEW,2209771.jpg,2209771,2,0,NA
2205718_2,2023-01-04 18:13:14.841935,ACC,2205718.jpg,2205718,2,0,NA
2205719_2,2023-01-04 18:13:14.263815,ACC,2205719.jpg,2205719,2,0,NA
2205724_2,2023-01-04 18:13:13.670032,ACC,2205724.jpg,2205724,2,0,NA
2208965_2,2023-01-04 18:13:13.154414,JEW,2208965.jpg,2208965,2,0,NA
2209032_2,2023-01-04 18:13:12.607531,JEW,2209032.jpg,2209032,2,0,NA
2209448_2,2023-01-04 18:13:11.701251,JEW,2209448.jpg,2209448,2,0,NA
2209522_2,2023-01-04 18:13:11.185624,JEW,2209522.jpg,2209522,2,0,NA
2209534_2,2023-01-04 18:13:10.654372,JEW,2209534.jpg,2209534,2,0,NA
2209545_2,2023-01-04 18:13:10.044978,JEW,2209545.jpg,2209545,2,0,NA
2209619_2,2023-01-04 18:12:53.779123,JEW,2209619.jpg,2209619,2,0,NA
2209627_2,2023-01-04 18:12:52.357212,JEW,2209627.jpg,2209627,2,0,NA
2209628_2,2023-01-04 18:12:51.779083,JEW,2209628.jpg,2209628,2,0,NA
2209631_2,2023-01-04 18:12:51.185330,JEW,2209631.jpg,2209631,2,0,NA
2209632_2,2023-01-04 18:12:50.638431,JEW,2209632.jpg,2209632,2,0,NA
2209766_2,2023-01-04 18:12:50.075931,JEW,2209766.jpg,2209766,2,0,NA
2209772_2,2023-01-04 18:12:49.560304,JEW,2209772.jpg,2209772,2,0,NA
2209773_2,2023-01-04 18:12:49.044774,JEW,2209773.jpg,2209773,2,0,NA
2209775_2,2023-01-04 18:12:48.482171,JEW,2209775.jpg,2209775,2,0,NA
2209774_2,2023-01-04 18:12:47.935356,JEW,2209774.jpg,2209774,2,0,NA
2209779_2,2023-01-04 18:12:47.325898,JEW,2209779.jpg,2209779,2,0,NA
2209788_2,2023-01-04 18:12:46.747767,JEW,2209788.jpg,2209788,2,0,NA
2209794_2,2023-01-04 18:12:45.825871,JEW,2209794.jpg,2209794,2,0,NA
2115456_2,2023-01-04 18:12:45.107113,BEAUTY,2115456.jpg,2115456,2,0,NA
2205181_2,2023-01-04 18:12:43.950836,BEAUTY,2205181.jpg,2205181,2,0,NA
2205182_2,2023-01-04 18:12:43.388323,BEAUTY,2205182.jpg,2205182,2,0,NA
2205645_2,2023-01-04 18:12:42.810189,ACC,2205645.jpg,2205645,2,0,NA
2207515_2,2023-01-04 18:12:42.232067,BEAUTY,2207515.jpg,2207515,2,0,NA
2207701_2,2023-01-04 18:12:41.669558,BEAUTY,2207701.jpg,2207701,2,0,NA
2208043_2,2023-01-04 18:12:41.107057,JEW,2208043.jpg,2208043,2,0,NA
2208343_2,2023-01-04 18:12:40.560308,JEW,2208343.jpg,2208343,2,0,NA
2208461_2,2023-01-04 18:12:40.013273,ACC,2208461.jpg,2208461,2,0,NA
2205317_2,2023-01-04 18:12:39.435156,ACC,2205317.jpg,2205317,2,0,NA
2205324_2,2023-01-04 18:12:38.872642,ACC,2205324.jpg,2205324,2,0,NA
2209089_2,2023-01-04 18:12:38.341380,JEW,2209089.jpg,2209089,2,0,NA
2209403_2,2023-01-04 18:12:37.700752,JEW,2209403.jpg,2209403,2,0,NA
2209389_2,2023-01-04 18:12:37.169495,JEW,2209389.jpg,2209389,2,0,NA
2209488_2,2023-01-04 18:12:36.591355,JEW,2209488.jpg,2209488,2,0,NA
2209490_2,2023-01-04 18:12:35.950708,JEW,2209490.jpg,2209490,2,0,NA
2209496_2,2023-01-04 18:12:35.372571,JEW,2209496.jpg,2209496,2,0,NA
2209504_2,2023-01-04 18:12:34.560071,JEW,2209504.jpg,2209504,2,0,NA
2209515_2,2023-01-04 18:12:33.544445,JEW,2209515.jpg,2209515,2,0,NA
2209516_2,2023-01-04 18:12:32.513201,JEW,2209516.jpg,2209516,2,0,NA
2209518_2,2023-01-04 18:12:31.513144,JEW,2209518.jpg,2209518,2,0,NA
2209519_2,2023-01-04 18:12:30.778771,JEW,2209519.jpg,2209519,2,0,NA
2209524_2,2023-01-04 18:12:30.216324,JEW,2209524.jpg,2209524,2,0,NA
2209527_2,2023-01-04 18:12:29.653744,JEW,2209527.jpg,2209527,2,0,NA
2209530_2,2023-01-04 18:12:29.044354,JEW,2209530.jpg,2209530,2,0,NA
2209532_2,2023-01-04 18:12:28.497489,JEW,2209532.jpg,2209532,2,0,NA
2209657_2,2023-01-04 18:12:27.981849,JEW,2209657.jpg,2209657,2,0,NA
2209660_2,2023-01-04 18:12:27.419338,JEW,2209660.jpg,2209660,2,0,NA
2209662_2,2023-01-04 18:12:26.856832,JEW,2209662.jpg,2209662,2,0,NA
2209667_2,2023-01-04 18:12:26.294327,JEW,2209667.jpg,2209667,2,0,NA
2209669_2,2023-01-04 18:12:25.653685,JEW,2209669.jpg,2209669,2,0,NA
2209673_2,2023-01-04 18:12:25.091190,JEW,2209673.jpg,2209673,2,0,NA
2209671_2,2023-01-04 18:12:24.559929,JEW,2209671.jpg,2209671,2,0,NA
2209679_2,2023-01-04 18:12:23.966170,JEW,2209679.jpg,2209679,2,0,NA
2209696_2,2023-01-04 18:12:23.372405,JEW,2209696.jpg,2209696,2,0,NA
2209698_2,2023-01-04 18:12:22.825535,JEW,2209698.jpg,2209698,2,0,NA
2209862_2,2023-01-04 18:12:22.247390,JEW,2209862.jpg,2209862,2,0,NA
2209865_2,2023-01-04 18:12:21.653636,JEW,2209865.jpg,2209865,2,0,NA
2209875_2,2023-01-04 18:12:21.091127,JEW,2209875.jpg,2209875,2,0,NA
2209881_2,2023-01-04 18:12:20.544406,JEW,2209881.jpg,2209881,2,0,NA
2210177_2,2023-01-04 18:12:20.013108,JEW,2210177.jpg,2210177,2,0,NA
2210179_2,2023-01-04 18:12:19.044214,JEW,2210179.jpg,2210179,2,0,NA
2210180_2,2023-01-04 18:12:18.497337,JEW,2210180.jpg,2210180,2,0,NA
2210181_2,2023-01-04 18:12:17.919200,JEW,2210181.jpg,2210181,2,0,NA
2210184_2,2023-01-04 18:12:17.091067,JEW,2210184.jpg,2210184,2,0,NA
2210186_2,2023-01-04 18:12:16.497283,JEW,2210186.jpg,2210186,2,0,NA
2210249_2,2023-01-04 18:12:15.903544,JEW,2210249.jpg,2210249,2,0,NA
2210488_2,2023-01-04 18:12:08.715930,JEW,2210488.jpg,2210488,2,0,NA
2205496_2,2023-01-04 18:12:08.153539,JEW,2205496.jpg,2205496,2,0,NA
2205589_2,2023-01-04 18:12:07.544049,ACC,2205589.jpg,2205589,2,0,NA
2209342_2,2023-01-04 18:12:06.997148,CLO,2209342.jpg,2209342,2,0,NA
2210251_2,2023-01-04 18:12:06.012894,JEW,2210251.jpg,2210251,2,0,NA
2210531_2,2023-01-04 18:12:05.418999,ACC,2210531.jpg,2210531,2,0,NA
2210536_2,2023-01-04 18:12:04.856503,ACC,2210536.jpg,2210536,2,0,NA
2003496_2,2023-01-04 18:12:03.919004,ACC,2003496.jpg,2003496,2,0,NA
2203851_2,2023-01-04 18:12:03.356561,JEW,2203851.jpg,2203851,2,0,NA
2203803_2,2023-01-04 18:12:02.778342,JEW,2203803.jpg,2203803,2,0,NA
2203929_2,2023-01-04 18:12:02.215816,JEW,2203929.jpg,2203929,2,0,NA
2204938_2,2023-01-04 18:12:01.528326,JEW,2204938.jpg,2204938,2,0,NA
2205069_2,2023-01-04 18:12:00.934556,ACC,2205069.jpg,2205069,2,0,NA
2205117_2,2023-01-04 18:12:00.372078,ACC,2205117.jpg,2205117,2,0,NA
2205874_2,2023-01-04 18:11:59.403298,JEW,2205874.jpg,2205874,2,0,NA
2205882_2,2023-01-04 18:11:58.872044,JEW,2205882.jpg,2205882,2,0,NA
2205870_2,2023-01-04 18:11:58.278275,JEW,2205870.jpg,2205870,2,0,NA
2206621_2,2023-01-04 18:11:57.747015,JEW,2206621.jpg,2206621,2,0,NA
2202261_2,2023-01-04 18:11:57.340762,JEW,2202261.jpg,2202261,2,0,NA
2206496_2,2023-01-04 18:11:56.762628,JEW,2206496.jpg,2206496,2,0,NA
2208041_2,2023-01-04 18:11:56.106405,JEW,2208041.jpg,2208041,2,0,NA
2207274_2,2023-01-04 18:11:55.481388,JEW,2207274.jpg,2207274,2,0,NA
2208340_2,2023-01-04 18:11:54.325126,JEW,2208340.jpg,2208340,2,0,NA
2205831_2,2023-01-04 18:11:53.825122,JEW,2205831.jpg,2205831,2,0,NA
2208573_2,2023-01-04 18:11:52.356330,JEW,2208573.jpg,2208573,2,0,NA
2209391_2,2023-01-04 18:11:51.700071,JEW,2209391.jpg,2209391,2,0,NA
2203205_2,2023-01-04 18:11:47.637906,CLO,2203205.jpg,2203205,2,0,NA
2204557_2,2023-01-04 18:11:47.043740,CLO,2204557.jpg,2204557,2,0,NA
2205946_2,2023-01-04 18:11:46.512478,JEW,2205946.jpg,2205946,2,0,NA
2205965_2,2023-01-04 18:11:45.856220,JEW,2205965.jpg,2205965,2,0,NA
2205949_2,2023-01-04 18:11:45.324962,JEW,2205949.jpg,2205949,2,0,NA
2205947_2,2023-01-04 18:11:44.699963,JEW,2205947.jpg,2205947,2,0,NA
2112802_2,2023-01-04 18:11:44.153061,SHO,2112802.jpg,2112802,2,0,NA
2218440_2,2023-01-04 18:11:43.559309,ACC,2218440.jpg,2218440,2,0,NA
2206623_2,2023-01-04 18:11:40.496794,JEW,2206623.jpg,2206623,2,0,NA
2202941_2,2023-01-04 18:11:40.106152,JEW,2202941.jpg,2202941,2,0,NA
2205740_2,2023-01-04 18:11:39.387389,CLO,2205740.jpg,2205740,2,0,NA
2210246_2,2023-01-04 18:11:38.793624,JEW,2210246.jpg,2210246,2,0,NA
2203510_2,2023-01-04 18:11:37.824842,SHO,2203510.jpg,2203510,2,0,NA
2203552_2,2023-01-04 18:11:37.262336,SHO,2203552.jpg,2203552,2,0,NA
2203812_2,2023-01-04 18:11:36.699832,ACC,2203812.jpg,2203812,2,0,NA
2206180_2,2023-01-04 18:11:36.028692,SHO,2206180.jpg,2206180,2,0,NA
2200714_2,2023-01-04 18:11:34.715426,CLO,2200714.jpg,2200714,2,0,NA
2200719_2,2023-01-04 18:11:31.293508,CLO,2200719.jpg,2200719,2,0,NA
2202628_2,2023-01-04 18:11:30.027874,CLO,2202628.jpg,2202628,2,0,NA
2218351_2,2023-01-04 18:11:29.168465,BEAUTY,2218351.jpg,2218351,2,0,NA
2106605_2,2023-01-04 18:11:28.496579,ACC,2106605.jpg,2106605,2,0,NA
2210548_2,2023-01-04 18:11:22.949615,CLO,2210548.jpg,2210548,2,0,NA
2218388_2,2023-01-04 18:11:20.668344,BEAUTY,2218388.jpg,2218388,2,0,NA
2116032_2,2023-01-04 18:11:18.840177,CLO,2116032.jpg,2116032,2,0,NA
2200691_2,2023-01-04 18:11:14.636990,CLO,2200691.jpg,2200691,2,0,NA
2203180_2,2023-01-04 18:11:14.043264,CLO,2203180.jpg,2203180,2,0,NA
2205030_2,2023-01-04 18:11:10.496305,CLO,2205030.jpg,2205030,2,0,NA
1703451_1,2023-01-04 18:11:09.965042,ACC,1703451.jpg,1703451,1,0,NA
2203075_2,2023-01-04 18:11:08.652524,CLO,2203075.jpg,2203075,2,0,NA
2218373_2,2023-01-04 18:11:08.152507,ACC,2218373.jpg,2218373,2,0,NA
2111327_2,2023-01-04 18:11:07.543123,ACC,2111327.jpg,2111327,2,0,NA
2111328_2,2023-01-04 18:11:06.886867,ACC,2111328.jpg,2111328,2,0,NA
2111330_2,2023-01-04 18:11:06.293104,ACC,2111330.jpg,2111330,2,0,NA
2111332_2,2023-01-04 18:11:05.683725,ACC,2111332.jpg,2111332,2,0,NA
2111333_2,2023-01-04 18:11:05.089968,ACC,2111333.jpg,2111333,2,0,NA
2111334_2,2023-01-04 18:11:04.371206,ACC,2111334.jpg,2111334,2,0,NA
2111336_2,2023-01-04 18:11:02.933689,ACC,2111336.jpg,2111336,2,0,NA
2111340_2,2023-01-04 18:11:01.871175,ACC,2111340.jpg,2111340,2,0,NA
2111356_2,2023-01-04 18:11:00.371148,ACC,2111356.jpg,2111356,2,0,NA
2111362_2,2023-01-04 18:10:59.183625,ACC,2111362.jpg,2111362,2,0,NA
2111365_2,2023-01-04 18:10:58.543005,ACC,2111365.jpg,2111365,2,0,NA
2111375_2,2023-01-04 18:10:57.308592,ACC,2111375.jpg,2111375,2,0,NA
2111376_2,2023-01-04 18:10:56.074200,ACC,2111376.jpg,2111376,2,0,NA
2111392_2,2023-01-04 18:10:54.871060,ACC,2111392.jpg,2111392,2,0,NA
2116024_2,2023-01-04 18:10:53.277295,CLO,2116024.jpg,2116024,2,0,NA
2116026_2,2023-01-04 18:10:52.574148,CLO,2116026.jpg,2116026,2,0,NA
2116027_2,2023-01-04 18:10:47.839709,CLO,2116027.jpg,2116027,2,0,NA
2116029_2,2023-01-04 18:10:47.120944,CLO,2116029.jpg,2116029,2,0,NA
2200030_2,2023-01-04 18:10:43.199019,CLO,2200030.jpg,2200030,2,0,NA
2200066_2,2023-01-04 18:10:41.745856,CLO,2200066.jpg,2200066,2,0,NA
2112569_2,2023-01-04 18:10:41.214598,SHO,2112569.jpg,2112569,2,0,NA
2112572_2,2023-01-04 18:10:40.558342,SHO,2112572.jpg,2112572,2,0,NA
2112576_2,2023-01-04 18:10:39.683328,SHO,2112576.jpg,2112576,2,0,NA
2112749_2,2023-01-04 18:10:36.777031,SHO,2112749.jpg,2112749,2,0,NA
2112753_2,2023-01-04 18:10:34.198898,SHO,2112753.jpg,2112753,2,0,NA
2112838_2,2023-01-04 18:10:32.480189,SHO,2112838.jpg,2112838,2,0,NA
2112839_2,2023-01-04 18:10:31.526994,SHO,2112839.jpg,2112839,2,0,NA
2113587_2,2023-01-04 18:10:30.917603,SHO,2113587.jpg,2113587,2,0,NA
2114463_2,2023-01-04 18:10:30.276943,BEAUTY,2114463.jpg,2114463,2,0,NA
2114464_2,2023-01-04 18:10:29.417542,BEAUTY,2114464.jpg,2114464,2,0,NA
2207440_2,2023-01-04 18:10:26.417499,CLO,2207440.jpg,2207440,2,0,NA
2115858_2,2023-01-04 18:10:22.651827,CLO,2115858.jpg,2115858,2,0,NA
2206975_2,2023-01-04 18:10:17.964282,CLO,2206975.jpg,2206975,2,0,NA
2200866_2,2023-01-04 18:10:13.604808,CLO,2200866.jpg,2200866,2,0,NA
2206392_2,2023-01-04 18:10:12.292297,CLO,2206392.jpg,2206392,2,0,NA
2206480_2,2023-01-04 18:10:10.557882,CLO,2206480.jpg,2206480,2,0,NA
2206481_2,2023-01-04 18:10:08.823501,CLO,2206481.jpg,2206481,2,0,NA
2206763_2,2023-01-04 18:10:06.776579,CLO,2206763.jpg,2206763,2,0,NA
2207015_2,2023-01-04 18:10:03.714100,CLO,2207015.jpg,2207015,2,0,NA
2207291_2,2023-01-04 18:10:00.557735,CLO,2207291.jpg,2207291,2,0,NA
2207588_2,2023-01-04 18:09:59.901798,CLO,2207588.jpg,2207588,2,0,NA
2202076_2,2023-01-04 18:09:59.526492,CLO,2202076.jpg,2202076,2,0,NA
2207919_2,2023-01-04 18:09:58.995227,CLO,2207919.jpg,2207919,2,0,NA
2204908_2,2023-01-04 18:09:58.448336,ACC,2204908.jpg,2204908,2,0,NA
2204985_2,2023-01-04 18:09:57.885848,JEW,2204985.jpg,2204985,2,0,NA
2204986_2,2023-01-04 18:09:57.088929,JEW,2204986.jpg,2204986,2,0,NA
2205346_2,2023-01-04 18:09:55.276823,JEW,2205346.jpg,2205346,2,0,NA
2204805_2,2023-01-04 18:09:54.698293,JEW,2204805.jpg,2204805,2,0,NA
2204799_2,2023-01-04 18:09:53.151379,JEW,2204799.jpg,2204799,2,0,NA
2204790_2,2023-01-04 18:09:52.604540,JEW,2204790.jpg,2204790,2,0,NA
2204795_2,2023-01-04 18:09:51.995112,JEW,2204795.jpg,2204795,2,0,NA
2204804_2,2023-01-04 18:09:51.401355,JEW,2204804.jpg,2204804,2,0,NA
2110381_2,2023-01-04 18:09:48.979430,CLO,2110381.jpg,2110381,2,0,NA
2110394_2,2023-01-04 18:09:47.729428,CLO,2110394.jpg,2110394,2,0,NA
2111876_2,2023-01-04 18:09:45.713948,CLO,2111876.jpg,2111876,2,0,NA
2112312_2,2023-01-04 18:09:43.745001,CLO,2112312.jpg,2112312,2,0,NA
2113180_2,2023-01-04 18:09:41.026207,CLO,2113180.jpg,2113180,2,0,NA
2112999_2,2023-01-04 18:09:38.885803,CLO,2112999.jpg,2112999,2,0,NA
2113557_2,2023-01-04 18:09:36.573021,CLO,2113557.jpg,2113557,2,0,NA
2114334_2,2023-01-04 18:09:33.932484,CLO,2114334.jpg,2114334,2,0,NA
2114387_2,2023-01-04 18:09:30.119791,CLO,2114387.jpg,2114387,2,0,NA
2115775_2,2023-01-04 18:09:27.057239,CLO,2115775.jpg,2115775,2,0,NA
2115805_2,2023-01-04 18:09:26.494734,CLO,2115805.jpg,2115805,2,0,NA
2115798_2,2023-01-04 18:09:25.760341,CLO,2115798.jpg,2115798,2,0,NA
2116066_2,2023-01-04 18:09:25.088460,CLO,2116066.jpg,2116066,2,0,NA
2115887_2,2023-01-04 18:09:24.322809,CLO,2115887.jpg,2115887,2,0,NA
2116069_2,2023-01-04 18:09:22.947804,CLO,2116069.jpg,2116069,2,0,NA
2200099_2,2023-01-04 18:09:20.432135,CLO,2200099.jpg,2200099,2,0,NA
2200103_2,2023-01-04 18:09:17.853973,CLO,2200103.jpg,2200103,2,0,NA
2200125_2,2023-01-04 18:09:14.697751,CLO,2200125.jpg,2200125,2,0,NA
2200129_2,2023-01-04 18:09:13.932046,CLO,2200129.jpg,2200129,2,0,NA
2200133_2,2023-01-04 18:09:13.275922,CLO,2200133.jpg,2200133,2,0,NA
2200134_2,2023-01-04 18:09:12.478895,CLO,2200134.jpg,2200134,2,0,NA
2200222_2,2023-01-04 18:09:11.275744,CLO,2200222.jpg,2200222,2,0,NA
2200243_2,2023-01-04 18:09:09.931961,CLO,2200243.jpg,2200243,2,0,NA
2200443_2,2023-01-04 18:09:05.619557,CLO,2200443.jpg,2200443,2,0,NA
2200464_2,2023-01-04 18:09:01.556847,CLO,2200464.jpg,2200464,2,0,NA
2200499_2,2023-01-04 18:08:59.275568,CLO,2200499.jpg,2200499,2,0,NA
2200636_2,2023-01-04 18:08:58.634921,CLO,2200636.jpg,2200636,2,0,NA
2200724_2,2023-01-04 18:08:57.619285,CLO,2200724.jpg,2200724,2,0,NA
2200727_2,2023-01-04 18:08:57.056793,CLO,2200727.jpg,2200727,2,0,NA
2200728_2,2023-01-04 18:08:56.431752,CLO,2200728.jpg,2200728,2,0,NA
2200732_2,2023-01-04 18:08:55.697412,CLO,2200732.jpg,2200732,2,0,NA
2200792_2,2023-01-04 18:08:53.822330,CLO,2200792.jpg,2200792,2,0,NA
2200780_2,2023-01-04 18:08:50.212774,CLO,2200780.jpg,2200780,2,0,NA
2200778_2,2023-01-04 18:08:46.165715,CLO,2200778.jpg,2200778,2,0,NA
2200795_2,2023-01-04 18:08:45.181285,CLO,2200795.jpg,2200795,2,0,NA
2200800_2,2023-01-04 18:08:44.462506,CLO,2200800.jpg,2200800,2,0,NA
2200805_2,2023-01-04 18:08:43.837598,CLO,2200805.jpg,2200805,2,0,NA
2200810_2,2023-01-04 18:08:43.181199,CLO,2200810.jpg,2200810,2,0,NA
2200824_2,2023-01-04 18:08:42.478046,CLO,2200824.jpg,2200824,2,0,NA
2200823_2,2023-01-04 18:08:41.712402,CLO,2200823.jpg,2200823,2,0,NA
2201042_2,2023-01-04 18:08:39.321666,CLO,2201042.jpg,2201042,2,0,NA
2200909_2,2023-01-04 18:08:36.712450,CLO,2200909.jpg,2200909,2,0,NA
2201050_2,2023-01-04 18:08:33.758884,CLO,2201050.jpg,2201050,2,0,NA
2201045_2,2023-01-04 18:08:33.211965,CLO,2201045.jpg,2201045,2,0,NA
2201047_2,2023-01-04 18:08:32.555704,CLO,2201047.jpg,2201047,2,0,NA
2201051_2,2023-01-04 18:08:31.946428,CLO,2201051.jpg,2201051,2,0,NA
2201104_2,2023-01-04 18:08:31.196254,CLO,2201104.jpg,2201104,2,0,NA
2201124_2,2023-01-04 18:08:30.571217,CLO,2201124.jpg,2201124,2,0,NA
2201108_2,2023-01-04 18:08:29.258661,CLO,2201108.jpg,2201108,2,0,NA
2201130_2,2023-01-04 18:08:26.696048,CLO,2201130.jpg,2201130,2,0,NA
2201131_2,2023-01-04 18:08:24.039668,CLO,2201131.jpg,2201131,2,0,NA
2201138_2,2023-01-04 18:08:20.461377,CLO,2201138.jpg,2201138,2,0,NA
2201129_2,2023-01-04 18:08:19.836418,CLO,2201129.jpg,2201129,2,0,NA
2201140_2,2023-01-04 18:08:19.164440,CLO,2201140.jpg,2201140,2,0,NA
2201142_2,2023-01-04 18:08:18.555043,CLO,2201142.jpg,2201142,2,0,NA
2201139_2,2023-01-04 18:08:17.914378,CLO,2201139.jpg,2201139,2,0,NA
2201145_2,2023-01-04 18:08:17.179959,CLO,2201145.jpg,2201145,2,0,NA
2201148_2,2023-01-04 18:08:15.758050,CLO,2201148.jpg,2201148,2,0,NA
2201146_2,2023-01-04 18:08:11.398578,CLO,2201146.jpg,2201146,2,0,NA
2201176_2,2023-01-04 18:08:08.398314,CLO,2201176.jpg,2201176,2,0,NA
2201150_2,2023-01-04 18:08:06.054438,CLO,2201150.jpg,2201150,2,0,NA
2201171_2,2023-01-04 18:08:05.476380,CLO,2201171.jpg,2201171,2,0,NA
2201178_2,2023-01-04 18:08:04.773126,CLO,2201178.jpg,2201178,2,0,NA
2201177_2,2023-01-04 18:08:04.101230,CLO,2201177.jpg,2201177,2,0,NA
2201180_2,2023-01-04 18:08:03.366929,CLO,2201180.jpg,2201180,2,0,NA
2201228_2,2023-01-04 18:08:02.476217,CLO,2201228.jpg,2201228,2,0,NA
2201229_2,2023-01-04 18:07:59.913535,CLO,2201229.jpg,2201229,2,0,NA
2201231_2,2023-01-04 18:07:56.803992,CLO,2201231.jpg,2201231,2,0,NA
2201232_2,2023-01-04 18:07:53.850726,CLO,2201232.jpg,2201232,2,0,NA
2201237_2,2023-01-04 18:07:53.163204,CLO,2201237.jpg,2201237,2,0,NA
2201233_2,2023-01-04 18:07:52.522554,CLO,2201233.jpg,2201233,2,0,NA
2201243_2,2023-01-04 18:07:51.928767,CLO,2201243.jpg,2201243,2,0,NA
2201311_2,2023-01-04 18:07:51.006840,CLO,2201311.jpg,2201311,2,0,NA
2201397_2,2023-01-04 18:07:48.287977,CLO,2201397.jpg,2201397,2,0,NA
2201398_2,2023-01-04 18:07:45.897350,CLO,2201398.jpg,2201398,2,0,NA
2201404_2,2023-01-04 18:07:43.365991,CLO,2201404.jpg,2201404,2,0,NA
2201405_2,2023-01-04 18:07:41.975186,CLO,2201405.jpg,2201405,2,0,NA
2201506_2,2023-01-04 18:07:41.318912,CLO,2201506.jpg,2201506,2,0,NA
2110358_2,2023-01-04 18:07:40.428245,CLO,2110358.jpg,2110358,2,0,NA
2113256_2,2023-01-04 18:07:38.881258,CLO,2113256.jpg,2113256,2,0,NA
2115354_2,2023-01-04 18:07:36.396773,CLO,2115354.jpg,2115354,2,0,NA
2115356_2,2023-01-04 18:07:33.974779,CLO,2115356.jpg,2115356,2,0,NA
2115624_2,2023-01-04 18:07:31.552872,CLO,2115624.jpg,2115624,2,0,NA
2115359_2,2023-01-04 18:07:30.693399,CLO,2115359.jpg,2115359,2,0,NA
2115683_2,2023-01-04 18:07:29.552715,CLO,2115683.jpg,2115683,2,0,NA
2115804_2,2023-01-04 18:07:27.630821,CLO,2115804.jpg,2115804,2,0,NA
2115806_2,2023-01-04 18:07:26.819755,CLO,2115806.jpg,2115806,2,0,NA
2115862_2,2023-01-04 18:07:24.568216,CLO,2115862.jpg,2115862,2,0,NA
2115863_2,2023-01-04 18:07:22.036733,CLO,2115863.jpg,2115863,2,0,NA
2116064_2,2023-01-04 18:07:19.224106,CLO,2116064.jpg,2116064,2,0,NA
2200255_2,2023-01-04 18:07:18.614704,CLO,2200255.jpg,2200255,2,0,NA
2200262_2,2023-01-04 18:07:17.927161,CLO,2200262.jpg,2200262,2,0,NA
2200275_2,2023-01-04 18:07:17.333380,CLO,2200275.jpg,2200275,2,0,NA
2200368_2,2023-01-04 18:07:16.427100,CLO,2200368.jpg,2200368,2,0,NA
2200460_2,2023-01-04 18:07:14.505113,CLO,2200460.jpg,2200460,2,0,NA
2200748_2,2023-01-04 18:07:12.083127,CLO,2200748.jpg,2200748,2,0,NA
2200770_2,2023-01-04 18:07:09.661181,CLO,2200770.jpg,2200770,2,0,NA
2200807_2,2023-01-04 18:07:08.004812,CLO,2200807.jpg,2200807,2,0,NA
2200820_2,2023-01-04 18:07:06.629778,CLO,2200820.jpg,2200820,2,0,NA
2200869_2,2023-01-04 18:07:05.770336,CLO,2200869.jpg,2200869,2,0,NA
2200830_2,2023-01-04 18:07:03.082797,CLO,2200830.jpg,2200830,2,0,NA
2200872_2,2023-01-04 18:07:00.379558,CLO,2200872.jpg,2200872,2,0,NA
2200873_2,2023-01-04 18:06:57.082433,CLO,2200873.jpg,2200873,2,0,NA
2200903_2,2023-01-04 18:06:56.426419,CLO,2200903.jpg,2200903,2,0,NA
2200924_2,2023-01-04 18:06:55.692261,CLO,2200924.jpg,2200924,2,0,NA
2200978_2,2023-01-04 18:06:54.988567,CLO,2200978.jpg,2200978,2,0,NA
2201006_2,2023-01-04 18:06:53.847889,CLO,2201006.jpg,2201006,2,0,NA
2201141_2,2023-01-04 18:06:51.410268,CLO,2201141.jpg,2201141,2,0,NA
2201170_2,2023-01-04 18:06:48.769542,CLO,2201170.jpg,2201170,2,0,NA
2201175_2,2023-01-04 18:06:46.394406,CLO,2201175.jpg,2201175,2,0,NA
2201201_2,2023-01-04 18:06:45.707370,CLO,2201201.jpg,2201201,2,0,NA
2201208_2,2023-01-04 18:06:44.831856,CLO,2201208.jpg,2201208,2,0,NA
2201212_2,2023-01-04 18:06:43.597423,CLO,2201212.jpg,2201212,2,0,NA
2201290_2,2023-01-04 18:06:41.519189,CLO,2201290.jpg,2201290,2,0,NA
2201464_2,2023-01-04 18:06:38.925318,CLO,2201464.jpg,2201464,2,0,NA
2201485_2,2023-01-04 18:06:36.815840,CLO,2201485.jpg,2201485,2,0,NA
2201561_2,2023-01-04 18:06:34.253223,CLO,2201561.jpg,2201561,2,0,NA
2201560_2,2023-01-04 18:06:32.409431,CLO,2201560.jpg,2201560,2,0,NA
2115859_2,2023-01-04 18:06:29.675004,CLO,2115859.jpg,2115859,2,0,NA
2201657_2,2023-01-04 18:06:27.143680,CLO,2201657.jpg,2201657,2,0,NA
2201682_2,2023-01-04 18:06:24.940278,CLO,2201682.jpg,2201682,2,0,NA
2201693_2,2023-01-04 18:06:20.549457,CLO,2201693.jpg,2201693,2,0,NA
2201691_2,2023-01-04 18:06:19.955667,CLO,2201691.jpg,2201691,2,0,NA
2201694_2,2023-01-04 18:06:17.564927,CLO,2201694.jpg,2201694,2,0,NA
2201757_2,2023-01-04 18:06:12.955339,CLO,2201757.jpg,2201757,2,0,NA
2201762_2,2023-01-04 18:06:10.080194,CLO,2201762.jpg,2201762,2,0,NA
2201765_2,2023-01-04 18:06:07.689447,CLO,2201765.jpg,2201765,2,0,NA
2201780_2,2023-01-04 18:06:04.564343,CLO,2201780.jpg,2201780,2,0,NA
2201785_2,2023-01-04 18:06:02.095460,CLO,2201785.jpg,2201785,2,0,NA
2201835_2,2023-01-04 18:06:00.142239,CLO,2201835.jpg,2201835,2,0,NA
2202064_2,2023-01-04 18:05:57.954639,CLO,2202064.jpg,2202064,2,0,NA
2202063_2,2023-01-04 18:05:53.610672,CLO,2202063.jpg,2202063,2,0,NA
2202067_2,2023-01-04 18:05:51.251182,CLO,2202067.jpg,2202067,2,0,NA
2202066_2,2023-01-04 18:05:47.579131,CLO,2202066.jpg,2202066,2,0,NA
2202072_2,2023-01-04 18:05:46.969729,CLO,2202072.jpg,2202072,2,0,NA
2202235_2,2023-01-04 18:05:43.375806,CLO,2202235.jpg,2202235,2,0,NA
2202095_2,2023-01-04 18:05:39.125596,CLO,2202095.jpg,2202095,2,0,NA
2111880_2,2023-01-04 18:05:35.625443,CLO,2111880.jpg,2111880,2,0,NA
2114523_2,2023-01-04 18:05:32.984689,CLO,2114523.jpg,2114523,2,0,NA
2114525_2,2023-01-04 18:05:28.375094,CLO,2114525.jpg,2114525,2,0,NA
2115609_2,2023-01-04 18:05:22.999940,CLO,2115609.jpg,2115609,2,0,NA
2200859_2,2023-01-04 18:05:19.624682,CLO,2200859.jpg,2200859,2,0,NA
2201155_2,2023-01-04 18:05:16.562113,CLO,2201155.jpg,2201155,2,0,NA
2200868_2,2023-01-04 18:05:14.155682,CLO,2200868.jpg,2200868,2,0,NA
2201204_2,2023-01-04 18:05:10.343000,CLO,2201204.jpg,2201204,2,0,NA
2201298_2,2023-01-04 18:05:03.170797,CLO,2201298.jpg,2201298,2,0,NA
2201300_2,2023-01-04 18:04:58.483054,CLO,2201300.jpg,2201300,2,0,NA
2201379_2,2023-01-04 18:04:57.795570,CLO,2201379.jpg,2201379,2,0,NA
2201389_2,2023-01-04 18:04:52.076514,CLO,2201389.jpg,2201389,2,0,NA
2201456_2,2023-01-04 18:04:47.248161,CLO,2201456.jpg,2201456,2,0,NA
2201505_2,2023-01-04 18:04:42.451075,CLO,2201505.jpg,2201505,2,0,NA
2201595_2,2023-01-04 18:04:38.388340,CLO,2201595.jpg,2201595,2,0,NA
2201597_2,2023-01-04 18:04:34.982104,CLO,2201597.jpg,2201597,2,0,NA
2201600_2,2023-01-04 18:04:33.013105,CLO,2201600.jpg,2201600,2,0,NA
2201776_2,2023-01-04 18:04:31.294591,CLO,2201776.jpg,2201776,2,0,NA
2201798_2,2023-01-04 18:04:30.294282,CLO,2201798.jpg,2201798,2,0,NA
2201799_2,2023-01-04 18:04:28.387892,CLO,2201799.jpg,2201799,2,0,NA
2201806_2,2023-01-04 18:04:25.528374,CLO,2201806.jpg,2201806,2,0,NA
2201808_2,2023-01-04 18:04:22.528216,CLO,2201808.jpg,2201808,2,0,NA
2201811_2,2023-01-04 18:04:18.309266,CLO,2201811.jpg,2201811,2,0,NA
2201809_2,2023-01-04 18:04:16.981095,CLO,2201809.jpg,2201809,2,0,NA
2201820_2,2023-01-04 18:04:14.434116,CLO,2201820.jpg,2201820,2,0,NA
2201859_2,2023-01-04 18:04:12.402763,CLO,2201859.jpg,2201859,2,0,NA
2201860_2,2023-01-04 18:04:08.715221,CLO,2201860.jpg,2201860,2,0,NA
2202021_2,2023-01-04 18:04:05.902558,CLO,2202021.jpg,2202021,2,0,NA
2202030_2,2023-01-04 18:04:03.824203,CLO,2202030.jpg,2202030,2,0,NA
2202042_2,2023-01-04 18:04:00.277179,CLO,2202042.jpg,2202042,2,0,NA
2202045_2,2023-01-04 18:03:57.198995,CLO,2202045.jpg,2202045,2,0,NA
2202046_2,2023-01-04 18:03:55.261314,CLO,2202046.jpg,2202046,2,0,NA
2202060_2,2023-01-04 18:03:52.323443,CLO,2202060.jpg,2202060,2,0,NA
2202091_2,2023-01-04 18:03:49.276291,CLO,2202091.jpg,2202091,2,0,NA
2202099_2,2023-01-04 18:03:44.322284,CLO,2202099.jpg,2202099,2,0,NA
2202109_2,2023-01-04 18:03:42.556661,CLO,2202109.jpg,2202109,2,0,NA
2202114_2,2023-01-04 18:03:41.587539,CLO,2202114.jpg,2202114,2,0,NA
2202112_2,2023-01-04 18:03:39.384286,CLO,2202112.jpg,2202112,2,0,NA
2202117_2,2023-01-04 18:03:37.274542,CLO,2202117.jpg,2202117,2,0,NA
2202143_2,2023-01-04 18:03:35.289884,CLO,2202143.jpg,2202143,2,0,NA
2202141_2,2023-01-04 18:03:32.367456,CLO,2202141.jpg,2202141,2,0,NA
2202147_2,2023-01-04 18:03:30.039002,CLO,2202147.jpg,2202147,2,0,NA
2202162_2,2023-01-04 18:03:28.335627,CLO,2202162.jpg,2202162,2,0,NA
2202161_2,2023-01-04 18:03:24.335212,CLO,2202161.jpg,2202161,2,0,NA
2202164_2,2023-01-04 18:03:20.522012,CLO,2202164.jpg,2202164,2,0,NA
2202165_2,2023-01-04 18:03:18.115605,CLO,2202165.jpg,2202165,2,0,NA
2202170_2,2023-01-04 18:03:15.443303,CLO,2202170.jpg,2202170,2,0,NA
2202176_2,2023-01-04 18:03:12.255204,CLO,2202176.jpg,2202176,2,0,NA
2202193_2,2023-01-04 18:03:07.551385,CLO,2202193.jpg,2202193,2,0,NA
2202214_2,2023-01-04 18:03:05.222928,CLO,2202214.jpg,2202214,2,0,NA
2202215_2,2023-01-04 18:03:03.347683,CLO,2202215.jpg,2202215,2,0,NA
2202218_2,2023-01-04 18:03:00.065972,CLO,2202218.jpg,2202218,2,0,NA
2202222_2,2023-01-04 18:02:54.205731,CLO,2202222.jpg,2202222,2,0,NA
2202350_2,2023-01-04 18:02:51.439711,CLO,2202350.jpg,2202350,2,0,NA
2202402_2,2023-01-04 18:02:47.657913,CLO,2202402.jpg,2202402,2,0,NA
2202399_2,2023-01-04 18:02:45.001431,CLO,2202399.jpg,2202399,2,0,NA
2202403_2,2023-01-04 18:02:40.875694,CLO,2202403.jpg,2202403,2,0,NA
2202451_2,2023-01-04 18:02:37.843994,CLO,2202451.jpg,2202451,2,0,NA
2202445_2,2023-01-04 18:02:35.249895,CLO,2202445.jpg,2202445,2,0,NA
2202452_2,2023-01-04 18:02:32.577704,CLO,2202452.jpg,2202452,2,0,NA
2202484_2,2023-01-04 18:02:29.530329,CLO,2202484.jpg,2202484,2,0,NA
2013154_2,2023-01-04 18:02:25.310965,CLO,2013154.jpg,2013154,2,0,NA
2101240_2,2023-01-04 18:02:21.310402,CLO,2101240.jpg,2101240,2,0,NA
2112660_2,2023-01-04 18:02:16.465991,CLO,2112660.jpg,2112660,2,0,NA
2114471_2,2023-01-04 18:02:15.825416,CLO,2114471.jpg,2114471,2,0,NA
2114692_2,2023-01-04 18:02:12.715414,CLO,2114692.jpg,2114692,2,0,NA
2114720_2,2023-01-04 18:02:10.918282,CLO,2114720.jpg,2114720,2,0,NA
2114756_2,2023-01-04 18:02:09.824388,ACC,2114756.jpg,2114756,2,0,NA
2200137_2,2023-01-04 18:02:05.995691,CLO,2200137.jpg,2200137,2,0,NA
2200253_2,2023-01-04 18:02:03.620362,CLO,2200253.jpg,2200253,2,0,NA
2200840_2,2023-01-04 18:02:01.651334,CLO,2200840.jpg,2200840,2,0,NA
2200849_2,2023-01-04 18:01:58.854037,CLO,2200849.jpg,2200849,2,0,NA
2200946_2,2023-01-04 18:01:56.494341,CLO,2200946.jpg,2200946,2,0,NA
2201207_2,2023-01-04 18:01:52.337485,CLO,2201207.jpg,2201207,2,0,NA
2201348_2,2023-01-04 18:01:49.774628,CLO,2201348.jpg,2201348,2,0,NA
2201387_2,2023-01-04 18:01:45.258363,CLO,2201387.jpg,2201387,2,0,NA
2201360_2,2023-01-04 18:01:42.476706,CLO,2201360.jpg,2201360,2,0,NA
2201426_2,2023-01-04 18:01:39.366891,CLO,2201426.jpg,2201426,2,0,NA
2201448_2,2023-01-04 18:01:37.007258,CLO,2201448.jpg,2201448,2,0,NA
2201607_2,2023-01-04 18:01:34.163013,CLO,2201607.jpg,2201607,2,0,NA
2201632_2,2023-01-04 18:01:30.272026,CLO,2201632.jpg,2201632,2,0,NA
2201670_2,2023-01-04 18:01:27.052618,CLO,2201670.jpg,2201670,2,0,NA
2201663_2,2023-01-04 18:01:25.005453,CLO,2201663.jpg,2201663,2,0,NA
2201787_2,2023-01-04 18:01:22.286312,CLO,2201787.jpg,2201787,2,0,NA
2201692_2,2023-01-04 18:01:13.597574,CLO,2201692.jpg,2201692,2,0,NA
2201788_2,2023-01-04 18:01:08.628090,CLO,2201788.jpg,2201788,2,0,NA
2201857_2,2023-01-04 18:01:07.581056,CLO,2201857.jpg,2201857,2,0,NA
2201802_2,2023-01-04 18:01:06.940500,CLO,2201802.jpg,2201802,2,0,NA
2202012_2,2023-01-04 18:01:04.908815,CLO,2202012.jpg,2202012,2,0,NA
2202023_2,2023-01-04 18:01:02.939776,CLO,2202023.jpg,2202023,2,0,NA
2202034_2,2023-01-04 18:01:01.127034,CLO,2202034.jpg,2202034,2,0,NA
2202075_2,2023-01-04 18:00:57.860922,CLO,2202075.jpg,2202075,2,0,NA
2202083_2,2023-01-04 18:00:55.048031,CLO,2202083.jpg,2202083,2,0,NA
2202093_2,2023-01-04 18:00:52.594566,CLO,2202093.jpg,2202093,2,0,NA
2202105_2,2023-01-04 18:00:50.453628,CLO,2202105.jpg,2202105,2,0,NA
2202125_2,2023-01-04 18:00:48.078392,CLO,2202125.jpg,2202125,2,0,NA
2202157_2,2023-01-04 18:00:44.437133,CLO,2202157.jpg,2202157,2,0,NA
2202163_2,2023-01-04 18:00:39.936471,CLO,2202163.jpg,2202163,2,0,NA
2202158_2,2023-01-04 18:00:36.748521,CLO,2202158.jpg,2202158,2,0,NA
2202184_2,2023-01-04 18:00:33.967198,CLO,2202184.jpg,2202184,2,0,NA
2202172_2,2023-01-04 18:00:31.779059,CLO,2202172.jpg,2202172,2,0,NA
2202197_2,2023-01-04 18:00:29.419639,CLO,2202197.jpg,2202197,2,0,NA
2202200_2,2023-01-04 18:00:25.371985,CLO,2202200.jpg,2202200,2,0,NA
2202202_2,2023-01-04 18:00:21.027532,CLO,2202202.jpg,2202202,2,0,NA
2202207_2,2023-01-04 18:00:17.605163,CLO,2202207.jpg,2202207,2,0,NA
2202226_2,2023-01-04 18:00:15.370475,CLO,2202226.jpg,2202226,2,0,NA
2202234_2,2023-01-04 18:00:13.167020,CLO,2202234.jpg,2202234,2,0,NA
2202237_2,2023-01-04 18:00:08.728894,CLO,2202237.jpg,2202237,2,0,NA
2202401_2,2023-01-04 18:00:06.587964,CLO,2202401.jpg,2202401,2,0,NA
2202408_2,2023-01-04 18:00:03.071833,CLO,2202408.jpg,2202408,2,0,NA
2202409_2,2023-01-04 17:59:59.790098,CLO,2202409.jpg,2202409,2,0,NA
2202411_2,2023-01-04 17:59:55.898939,CLO,2202411.jpg,2202411,2,0,NA
2202440_2,2023-01-04 17:59:51.757714,CLO,2202440.jpg,2202440,2,0,NA
2202447_2,2023-01-04 17:59:50.148096,CLO,2202447.jpg,2202447,2,0,NA
2202449_2,2023-01-04 17:59:47.491464,CLO,2202449.jpg,2202449,2,0,NA
2202455_2,2023-01-04 17:59:44.960038,CLO,2202455.jpg,2202455,2,0,NA
2202467_2,2023-01-04 17:59:41.959425,CLO,2202467.jpg,2202467,2,0,NA
2202475_2,2023-01-04 17:59:39.818483,CLO,2202475.jpg,2202475,2,0,NA
2202495_2,2023-01-04 17:59:37.630671,CLO,2202495.jpg,2202495,2,0,NA
2202541_2,2023-01-04 17:59:32.848746,CLO,2202541.jpg,2202541,2,0,NA
2202566_2,2023-01-04 17:59:29.301361,CLO,2202566.jpg,2202566,2,0,NA
1912128_1,2023-01-04 17:59:26.019636,CLO,1912128.jpg,1912128,1,0,NA
2001742_2,2023-01-04 17:59:25.050745,CLO,2001742.jpg,2001742,2,0,NA
2003450_2,2023-01-04 17:59:22.503507,CLO,2003450.jpg,2003450,2,0,NA
2003427_2,2023-01-04 17:59:18.581078,CLO,2003427.jpg,2003427,2,0,NA
2004236_2,2023-01-04 17:59:15.596267,CLO,2004236.jpg,2004236,2,0,NA
2003775_2,2023-01-04 17:59:13.846031,CLO,2003775.jpg,2003775,2,0,NA
2007524_2,2023-01-04 17:59:11.892624,CLO,2007524.jpg,2007524,2,0,NA
2007575_2,2023-01-04 17:59:09.110967,CLO,2007575.jpg,2007575,2,0,NA
2007701_2,2023-01-04 17:59:07.204438,CLO,2007701.jpg,2007701,2,0,NA
2008232_2,2023-01-04 17:59:05.923004,CLO,2008232.jpg,2008232,2,0,NA
2008140_2,2023-01-04 17:59:03.235113,CLO,2008140.jpg,2008140,2,0,NA
2008256_2,2023-01-04 17:59:00.797278,CLO,2008256.jpg,2008256,2,0,NA
2008251_2,2023-01-04 17:58:58.766079,CLO,2008251.jpg,2008251,2,0,NA
2008323_2,2023-01-04 17:58:57.218631,CLO,2008323.jpg,2008323,2,0,NA
2008432_2,2023-01-04 17:58:55.593398,CLO,2008432.jpg,2008432,2,0,NA
2009826_2,2023-01-04 17:58:53.733750,CLO,2009826.jpg,2009826,2,0,NA
2009080_2,2023-01-04 17:58:51.811586,CLO,2009080.jpg,2009080,2,0,NA
2011735_2,2023-01-04 17:58:48.576725,CLO,2011735.jpg,2011735,2,0,NA
2108378_2,2023-01-04 17:58:46.545173,CLO,2108378.jpg,2108378,2,0,NA
2106457_2,2023-01-04 17:58:43.997919,CLO,2106457.jpg,2106457,2,0,NA
2108379_2,2023-01-04 17:58:42.185155,CLO,2108379.jpg,2108379,2,0,NA
2108380_2,2023-01-04 17:58:38.606502,CLO,2108380.jpg,2108380,2,0,NA
2108381_2,2023-01-04 17:58:36.606521,CLO,2108381.jpg,2108381,2,0,NA
2108382_2,2023-01-04 17:58:35.450265,CLO,2108382.jpg,2108382,2,0,NA
2109159_2,2023-01-04 17:58:33.919026,CLO,2109159.jpg,2109159,2,0,NA
2109160_2,2023-01-04 17:58:30.778418,CLO,2109160.jpg,2109160,2,0,NA
2110481_2,2023-01-04 17:58:27.575289,CLO,2110481.jpg,2110481,2,0,NA
2111728_2,2023-01-04 17:58:24.903439,CLO,2111728.jpg,2111728,2,0,NA
2111851_2,2023-01-04 17:58:22.497195,CLO,2111851.jpg,2111851,2,0,NA
2111896_2,2023-01-04 17:58:19.434699,CLO,2111896.jpg,2111896,2,0,NA
2112125_2,2023-01-04 17:58:16.200338,CLO,2112125.jpg,2112125,2,0,NA
2112329_2,2023-01-04 17:58:12.950484,CLO,2112329.jpg,2112329,2,0,NA
2112481_2,2023-01-04 17:58:10.340991,CLO,2112481.jpg,2112481,2,0,NA
2112788_2,2023-01-04 17:58:03.059760,CLO,2112788.jpg,2112788,2,0,NA
2112893_2,2023-01-04 17:58:02.387892,CLO,2112893.jpg,2112893,2,0,NA
2112924_2,2023-01-04 17:57:59.263366,CLO,2112924.jpg,2112924,2,0,NA
2112935_2,2023-01-04 17:57:56.169199,CLO,2112935.jpg,2112935,2,0,NA
2113068_2,2023-01-04 17:57:51.950432,CLO,2113068.jpg,2113068,2,0,NA
2114350_2,2023-01-04 17:57:51.044173,CLO,2114350.jpg,2114350,2,0,NA
2114352_2,2023-01-04 17:57:47.559819,CLO,2114352.jpg,2114352,2,0,NA
2114337_2,2023-01-04 17:57:44.278582,CLO,2114337.jpg,2114337,2,0,NA
2114390_2,2023-01-04 17:57:42.028599,CLO,2114390.jpg,2114390,2,0,NA
2200605_2,2023-01-04 17:57:38.981741,CLO,2200605.jpg,2200605,2,0,NA
2114716_2,2023-01-04 17:57:37.200486,CLO,2114716.jpg,2114716,2,0,NA
2114729_2,2023-01-04 17:57:34.841120,CLO,2114729.jpg,2114729,2,0,NA
2115091_2,2023-01-04 17:57:32.919276,CLO,2115091.jpg,2115091,2,0,NA
2115174_2,2023-01-04 17:57:30.919260,CLO,2115174.jpg,2115174,2,0,NA
2115685_2,2023-01-04 17:57:28.278641,CLO,2115685.jpg,2115685,2,0,NA
2115591_2,2023-01-04 17:57:24.825533,CLO,2115591.jpg,2115591,2,0,NA
2115702_2,2023-01-04 17:57:20.294321,CLO,2115702.jpg,2115702,2,0,NA
2115711_2,2023-01-04 17:57:17.247464,CLO,2115711.jpg,2115711,2,0,NA
2115846_2,2023-01-04 17:57:14.153699,CLO,2115846.jpg,2115846,2,0,NA
2116009_2,2023-01-04 17:57:12.747465,CLO,2116009.jpg,2116009,2,0,NA
2116012_2,2023-01-04 17:57:11.731837,CLO,2116012.jpg,2116012,2,0,NA
2116010_2,2023-01-04 17:57:08.653759,CLO,2116010.jpg,2116010,2,0,NA
2116021_2,2023-01-04 17:57:07.481848,CLO,2116021.jpg,2116021,2,0,NA
2116022_2,2023-01-04 17:57:04.716246,CLO,2116022.jpg,2116022,2,0,NA
2200049_2,2023-01-04 17:57:01.513141,CLO,2200049.jpg,2200049,2,0,NA
2200078_2,2023-01-04 17:56:57.950707,CLO,2200078.jpg,2200078,2,0,NA
2200081_2,2023-01-04 17:56:57.325657,CLO,2200081.jpg,2200081,2,0,NA
2200086_2,2023-01-04 17:56:56.575661,CLO,2200086.jpg,2200086,2,0,NA
2200119_2,2023-01-04 17:56:55.841465,CLO,2200119.jpg,2200119,2,0,NA
2200120_2,2023-01-04 17:56:55.185035,CLO,2200120.jpg,2200120,2,0,NA
2200145_2,2023-01-04 17:56:54.481900,CLO,2200145.jpg,2200145,2,0,NA
2200142_2,2023-01-04 17:56:53.794401,CLO,2200142.jpg,2200142,2,0,NA
2200151_2,2023-01-04 17:56:51.591302,CLO,2200151.jpg,2200151,2,0,NA
2200205_2,2023-01-04 17:56:49.060046,CLO,2200205.jpg,2200205,2,0,NA
2113762_2,2023-01-04 17:56:46.685052,CLO,2113762.jpg,2113762,2,0,NA
2200259_2,2023-01-04 17:56:45.622585,CLO,2200259.jpg,2200259,2,0,NA
2200348_2,2023-01-04 17:56:44.972928,CLO,2200348.jpg,2200348,2,0,NA
2200274_2,2023-01-04 17:56:44.231938,CLO,2200274.jpg,2200274,2,0,NA
2200351_2,2023-01-04 17:56:43.544456,CLO,2200351.jpg,2200351,2,0,NA
2200357_2,2023-01-04 17:56:42.903841,CLO,2200357.jpg,2200357,2,0,NA
2200360_2,2023-01-04 17:56:40.981952,CLO,2200360.jpg,2200360,2,0,NA
2200363_2,2023-01-04 17:56:38.638230,CLO,2200363.jpg,2200363,2,0,NA
2200365_2,2023-01-04 17:56:36.169506,CLO,2200365.jpg,2200365,2,0,NA
2200364_2,2023-01-04 17:56:34.388247,CLO,2200364.jpg,2200364,2,0,NA
2200436_2,2023-01-04 17:56:33.685104,CLO,2200436.jpg,2200436,2,0,NA
2200543_2,2023-01-04 17:56:32.966390,CLO,2200543.jpg,2200543,2,0,NA
2200550_2,2023-01-04 17:56:31.669712,CLO,2200550.jpg,2200550,2,0,NA
2200553_2,2023-01-04 17:56:30.825737,CLO,2200553.jpg,2200553,2,0,NA
2200554_2,2023-01-04 17:56:28.575791,CLO,2200554.jpg,2200554,2,0,NA
2200762_2,2023-01-04 17:56:26.185132,CLO,2200762.jpg,2200762,2,0,NA
2200640_2,2023-01-04 17:56:23.278899,CLO,2200640.jpg,2200640,2,0,NA
2200781_2,2023-01-04 17:56:22.560143,CLO,2200781.jpg,2200781,2,0,NA
2200763_2,2023-01-04 17:56:21.872664,CLO,2200763.jpg,2200763,2,0,NA
2200878_2,2023-01-04 17:56:21.138275,CLO,2200878.jpg,2200878,2,0,NA
2005866_2,2023-01-04 17:56:20.528982,CLO,2005866.jpg,2005866,2,0,NA
2007821_2,2023-01-04 17:56:19.153918,CLO,2007821.jpg,2007821,2,0,NA
2109210_2,2023-01-04 17:56:16.653995,CLO,2109210.jpg,2109210,2,0,NA
2109213_2,2023-01-04 17:56:13.013297,CLO,2109213.jpg,2109213,2,0,NA
2110346_2,2023-01-04 17:56:11.747685,CLO,2110346.jpg,2110346,2,0,NA
2110354_2,2023-01-04 17:56:11.075829,CLO,2110354.jpg,2110354,2,0,NA
2110356_2,2023-01-04 17:56:10.325835,CLO,2110356.jpg,2110356,2,0,NA
2110491_2,2023-01-04 17:56:09.778985,CLO,2110491.jpg,2110491,2,0,NA
2110493_2,2023-01-04 17:56:09.075850,CLO,2110493.jpg,2110493,2,0,NA
2110800_2,2023-01-04 17:56:07.575830,CLO,2110800.jpg,2110800,2,0,NA
2110801_2,2023-01-04 17:56:05.060213,CLO,2110801.jpg,2110801,2,0,NA
2111805_2,2023-01-04 17:56:02.497750,CLO,2111805.jpg,2111805,2,0,NA
2112089_2,2023-01-04 17:56:00.388355,CLO,2112089.jpg,2112089,2,0,NA
2112303_2,2023-01-04 17:55:59.575869,CLO,2112303.jpg,2112303,2,0,NA
2112454_2,2023-01-04 17:55:58.810233,CLO,2112454.jpg,2112454,2,0,NA
2112604_2,2023-01-04 17:55:57.497754,CLO,2112604.jpg,2112604,2,0,NA
2113340_2,2023-01-04 17:55:55.029001,CLO,2113340.jpg,2113340,2,0,NA
2114361_2,2023-01-04 17:55:52.044643,CLO,2114361.jpg,2114361,2,0,NA
2114727_2,2023-01-04 17:55:48.622777,CLO,2114727.jpg,2114727,2,0,NA
2115064_2,2023-01-04 17:55:48.029032,CLO,2115064.jpg,2115064,2,0,NA
2115342_2,2023-01-04 17:55:47.404050,CLO,2115342.jpg,2115342,2,0,NA
2115481_2,2023-01-04 17:55:44.482242,CLO,2115481.jpg,2115481,2,0,NA
2115766_2,2023-01-04 17:55:42.982175,CLO,2115766.jpg,2115766,2,0,NA
2115799_2,2023-01-04 17:55:33.779107,CLO,2115799.jpg,2115799,2,0,NA
2115802_2,2023-01-04 17:55:29.060361,CLO,2115802.jpg,2115802,2,0,NA
2115857_2,2023-01-04 17:55:28.232225,CLO,2115857.jpg,2115857,2,0,NA
2115950_2,2023-01-04 17:55:27.482239,CLO,2115950.jpg,2115950,2,0,NA
2115967_2,2023-01-04 17:55:26.763483,CLO,2115967.jpg,2115967,2,0,NA
2115971_2,2023-01-04 17:55:26.029126,CLO,2115971.jpg,2115971,2,0,NA
2115991_2,2023-01-04 17:55:24.388494,CLO,2115991.jpg,2115991,2,0,NA
2115996_2,2023-01-04 17:55:18.091660,CLO,2115996.jpg,2115996,2,0,NA
2116002_2,2023-01-04 17:55:14.763530,CLO,2116002.jpg,2116002,2,0,NA
2116099_2,2023-01-04 17:55:11.076046,CLO,2116099.jpg,2116099,2,0,NA
2116105_2,2023-01-04 17:55:10.388551,CLO,2116105.jpg,2116105,2,0,NA
2116106_2,2023-01-04 17:55:09.747925,CLO,2116106.jpg,2116106,2,0,NA
2200082_2,2023-01-04 17:55:09.029173,CLO,2200082.jpg,2200082,2,0,NA
2200089_2,2023-01-04 17:55:08.294804,CLO,2200089.jpg,2200089,2,0,NA
2200106_2,2023-01-04 17:55:07.560438,CLO,2200106.jpg,2200106,2,0,NA
2200101_2,2023-01-04 17:55:03.794837,CLO,2200101.jpg,2200101,2,0,NA
2200109_2,2023-01-04 17:54:58.388588,CLO,2200109.jpg,2200109,2,0,NA
2200141_2,2023-01-04 17:54:53.294884,CLO,2200141.jpg,2200141,2,0,NA
2200165_2,2023-01-04 17:54:51.810485,CLO,2200165.jpg,2200165,2,0,NA
2200187_2,2023-01-04 17:54:51.138631,CLO,2200187.jpg,2200187,2,0,NA
2200201_2,2023-01-04 17:54:50.451271,CLO,2200201.jpg,2200201,2,0,NA
2200211_2,2023-01-04 17:54:49.138648,CLO,2200211.jpg,2200211,2,0,NA
2200213_2,2023-01-04 17:54:48.279715,CLO,2200213.jpg,2200213,2,0,NA
2200229_2,2023-01-04 17:54:43.373045,CLO,2200229.jpg,2200229,2,0,NA
2200230_2,2023-01-04 17:54:40.419938,CLO,2200230.jpg,2200230,2,0,NA
2200516_2,2023-01-04 17:54:37.794913,CLO,2200516.jpg,2200516,2,0,NA
2200524_2,2023-01-04 17:54:37.138667,CLO,2200524.jpg,2200524,2,0,NA
2200533_2,2023-01-04 17:54:36.466803,CLO,2200533.jpg,2200533,2,0,NA
2200546_2,2023-01-04 17:54:35.466797,CLO,2200546.jpg,2200546,2,0,NA
2200639_2,2023-01-04 17:54:34.654302,CLO,2200639.jpg,2200639,2,0,NA
2200812_2,2023-01-04 17:54:33.388833,CLO,2200812.jpg,2200812,2,0,NA
2200777_2,2023-01-04 17:54:30.763691,CLO,2200777.jpg,2200777,2,0,NA
2200874_2,2023-01-04 17:54:28.060595,CLO,2200874.jpg,2200874,2,0,NA
2200870_2,2023-01-04 17:54:24.263723,CLO,2200870.jpg,2200870,2,0,NA
2200876_2,2023-01-04 17:54:23.513735,CLO,2200876.jpg,2200876,2,0,NA
2200892_2,2023-01-04 17:54:22.763729,CLO,2200892.jpg,2200892,2,0,NA
2200893_2,2023-01-04 17:54:21.998233,CLO,2200893.jpg,2200893,2,0,NA
2200894_2,2023-01-04 17:54:21.248125,CLO,2200894.jpg,2200894,2,0,NA
2200896_2,2023-01-04 17:54:18.966858,CLO,2200896.jpg,2200896,2,0,NA
2116017_2,2023-01-04 17:54:16.170027,CLO,2116017.jpg,2116017,2,0,NA
2116043_2,2023-01-04 17:54:12.951841,CLO,2116043.jpg,2116043,2,0,NA
2116045_2,2023-01-04 17:54:10.435759,CLO,2116045.jpg,2116045,2,0,NA
2200075_2,2023-01-04 17:54:08.232547,CLO,2200075.jpg,2200075,2,0,NA
2200077_2,2023-01-04 17:54:06.983098,CLO,2200077.jpg,2200077,2,0,NA
2200095_2,2023-01-04 17:54:05.967061,CLO,2200095.jpg,2200095,2,0,NA
2200146_2,2023-01-04 17:54:03.935668,CLO,2200146.jpg,2200146,2,0,NA
2200147_2,2023-01-04 17:54:02.998192,CLO,2200147.jpg,2200147,2,0,NA
2200161_2,2023-01-04 17:54:00.810699,CLO,2200161.jpg,2200161,2,0,NA
2200186_2,2023-01-04 17:53:59.201348,CLO,2200186.jpg,2200186,2,0,NA
2200179_2,2023-01-04 17:53:57.716961,CLO,2200179.jpg,2200179,2,0,NA
2200191_2,2023-01-04 17:53:55.639113,CLO,2200191.jpg,2200191,2,0,NA
2200216_2,2023-01-04 17:53:54.170109,CLO,2200216.jpg,2200216,2,0,NA
2200415_2,2023-01-04 17:53:52.654471,CLO,2200415.jpg,2200415,2,0,NA
2200875_2,2023-01-04 17:53:49.373264,CLO,2200875.jpg,2200875,2,0,NA
2200439_2,2023-01-04 17:53:47.295138,CLO,2200439.jpg,2200439,2,0,NA
2200427_2,2023-01-04 17:53:44.888874,CLO,2200427.jpg,2200427,2,0,NA
2200448_2,2023-01-04 17:53:42.513889,CLO,2200448.jpg,2200448,2,0,NA
2200446_2,2023-01-04 17:53:40.185781,CLO,2200446.jpg,2200446,2,0,NA
2200489_2,2023-01-04 17:53:37.529542,CLO,2200489.jpg,2200489,2,0,NA
2200491_2,2023-01-04 17:53:33.170183,CLO,2200491.jpg,2200491,2,0,NA
2200510_2,2023-01-04 17:53:29.842083,CLO,2200510.jpg,2200510,2,0,NA
2200529_2,2023-01-04 17:53:26.717085,CLO,2200529.jpg,2200529,2,0,NA
2200531_2,2023-01-04 17:53:24.904587,CLO,2200531.jpg,2200531,2,0,NA
2200537_2,2023-01-04 17:53:21.154592,CLO,2200537.jpg,2200537,2,0,NA
2200627_2,2023-01-04 17:53:18.701476,CLO,2200627.jpg,2200627,2,0,NA
2200635_2,2023-01-04 17:53:15.310884,CLO,2200635.jpg,2200635,2,0,NA
2200734_2,2023-01-04 17:53:13.998387,CLO,2200734.jpg,2200734,2,0,NA
2200735_2,2023-01-04 17:53:09.842143,CLO,2200735.jpg,2200735,2,0,NA
2200749_2,2023-01-04 17:53:02.826546,CLO,2200749.jpg,2200749,2,0,NA
2200754_2,2023-01-04 17:53:00.014036,CLO,2200754.jpg,2200754,2,0,NA
2200772_2,2023-01-04 17:52:54.342194,CLO,2200772.jpg,2200772,2,0,NA
2200757_2,2023-01-04 17:52:52.420464,CLO,2200757.jpg,2200757,2,0,NA
2200779_2,2023-01-04 17:52:49.779711,CLO,2200779.jpg,2200779,2,0,NA
2200782_2,2023-01-04 17:52:45.248677,CLO,2200782.jpg,2200782,2,0,NA
2200793_2,2023-01-04 17:52:41.420395,CLO,2200793.jpg,2200793,2,0,NA
2200798_2,2023-01-04 17:52:38.389142,CLO,2200798.jpg,2200798,2,0,NA
2200796_2,2023-01-04 17:52:34.873538,CLO,2200796.jpg,2200796,2,0,NA
2200846_2,2023-01-04 17:52:32.014162,CLO,2200846.jpg,2200846,2,0,NA
2201044_2,2023-01-04 17:52:30.045409,CLO,2201044.jpg,2201044,2,0,NA
2201054_2,2023-01-04 17:52:26.842316,CLO,2201054.jpg,2201054,2,0,NA
2201168_2,2023-01-04 17:52:22.623563,CLO,2201168.jpg,2201168,2,0,NA
2201321_2,2023-01-04 17:52:19.920451,CLO,2201321.jpg,2201321,2,0,NA
2111877_2,2023-01-04 17:52:19.154941,CLO,2111877.jpg,2111877,2,0,NA
2115728_2,2023-01-04 17:52:18.076822,CLO,2115728.jpg,2115728,2,0,NA
2115730_2,2023-01-04 17:52:15.373602,CLO,2115730.jpg,2115730,2,0,NA
2115982_2,2023-01-04 17:52:13.483092,CLO,2115982.jpg,2115982,2,0,NA
2116015_2,2023-01-04 17:52:10.217489,CLO,2116015.jpg,2116015,2,0,NA
2116042_2,2023-01-04 17:52:08.873626,CLO,2116042.jpg,2116042,2,0,NA
2116044_2,2023-01-04 17:52:04.420570,CLO,2116044.jpg,2116044,2,0,NA
2116048_2,2023-01-04 17:51:59.498664,CLO,2116048.jpg,2116048,2,0,NA
2116061_2,2023-01-04 17:51:53.154943,CLO,2116061.jpg,2116061,2,0,NA
2116065_2,2023-01-04 17:51:50.842464,CLO,2116065.jpg,2116065,2,0,NA
2116098_2,2023-01-04 17:51:47.233101,CLO,2116098.jpg,2116098,2,0,NA
2200088_2,2023-01-04 17:51:45.795586,CLO,2200088.jpg,2200088,2,0,NA
2116103_2,2023-01-04 17:51:44.358097,CLO,2116103.jpg,2116103,2,0,NA
2200110_2,2023-01-04 17:51:43.701850,CLO,2200110.jpg,2200110,2,0,NA
2200094_2,2023-01-04 17:51:37.436247,CLO,2200094.jpg,2200094,2,0,NA
2200116_2,2023-01-04 17:51:32.842520,CLO,2200116.jpg,2200116,2,0,NA
2200220_2,2023-01-04 17:51:29.670759,CLO,2200220.jpg,2200220,2,0,NA
2200356_2,2023-01-04 17:51:28.248777,CLO,2200356.jpg,2200356,2,0,NA
2200444_2,2023-01-04 17:51:24.827109,CLO,2200444.jpg,2200444,2,0,NA
2200447_2,2023-01-04 17:51:24.264422,CLO,2200447.jpg,2200447,2,0,NA
2200468_2,2023-01-04 17:51:23.655038,CLO,2200468.jpg,2200468,2,0,NA
2200493_2,2023-01-04 17:51:23.092679,CLO,2200493.jpg,2200493,2,0,NA
2200505_2,2023-01-04 17:51:22.498809,CLO,2200505.jpg,2200505,2,0,NA
2200519_2,2023-01-04 17:51:20.202099,CLO,2200519.jpg,2200519,2,0,NA
2200525_2,2023-01-04 17:51:16.233215,CLO,2200525.jpg,2200525,2,0,NA
2200534_2,2023-01-04 17:51:12.061337,CLO,2200534.jpg,2200534,2,0,NA
2200563_2,2023-01-04 17:51:09.842612,CLO,2200563.jpg,2200563,2,0,NA
2200568_2,2023-01-04 17:51:06.217627,CLO,2200568.jpg,2200568,2,0,NA
2200631_2,2023-01-04 17:51:03.623890,CLO,2200631.jpg,2200631,2,0,NA
2200617_2,2023-01-04 17:50:58.717648,CLO,2200617.jpg,2200617,2,0,NA
2200642_2,2023-01-04 17:50:54.420793,CLO,2200642.jpg,2200642,2,0,NA
2200664_2,2023-01-04 17:50:52.373938,CLO,2200664.jpg,2200664,2,0,NA
2200731_2,2023-01-04 17:50:47.123953,CLO,2200731.jpg,2200731,2,0,NA
2200733_2,2023-01-04 17:50:42.202555,CLO,2200733.jpg,2200733,2,0,NA
2200771_2,2023-01-04 17:50:39.936601,CLO,2200771.jpg,2200771,2,0,NA
2200794_2,2023-01-04 17:50:37.577107,CLO,2200794.jpg,2200794,2,0,NA
2200813_2,2023-01-04 17:50:34.920862,CLO,2200813.jpg,2200813,2,0,NA
2200828_2,2023-01-04 17:50:31.842758,CLO,2200828.jpg,2200828,2,0,NA
2200886_2,2023-01-04 17:50:30.014734,CLO,2200886.jpg,2200886,2,0,NA
2201052_2,2023-01-04 17:50:27.264851,CLO,2201052.jpg,2201052,2,0,NA
2003284_2,2023-01-04 17:50:25.014651,CLO,2003284.jpg,2003284,2,0,NA
2201161_2,2023-01-04 17:50:23.577168,CLO,2201161.jpg,2201161,2,0,NA
2200902_2,2023-01-04 17:50:22.046005,CLO,2200902.jpg,2200902,2,0,NA
2200905_2,2023-01-04 17:50:20.014673,CLO,2200905.jpg,2200905,2,0,NA
2200906_2,2023-01-04 17:50:19.061538,CLO,2200906.jpg,2200906,2,0,NA
2200907_2,2023-01-04 17:50:17.030310,CLO,2200907.jpg,2200907,2,0,NA
2201430_2,2023-01-04 17:50:15.077192,CLO,2201430.jpg,2201430,2,0,NA
2201795_2,2023-01-04 17:50:13.499077,CLO,2201795.jpg,2201795,2,0,NA
2202435_2,2023-01-04 17:50:11.139715,CLO,2202435.jpg,2202435,2,0,NA
2202502_2,2023-01-04 17:50:09.295970,CLO,2202502.jpg,2202502,2,0,NA
2202544_2,2023-01-04 17:50:06.920979,CLO,2202544.jpg,2202544,2,0,NA
2202624_2,2023-01-04 17:50:05.342981,CLO,2202624.jpg,2202624,2,0,NA
2202990_2,2023-01-04 17:50:02.014737,CLO,2202990.jpg,2202990,2,0,NA
2203549_2,2023-01-04 17:49:59.483488,CLO,2203549.jpg,2203549,2,0,NA
2203553_2,2023-01-04 17:49:57.030384,CLO,2203553.jpg,2203553,2,0,NA
2203565_2,2023-01-04 17:49:52.343085,CLO,2203565.jpg,2203565,2,0,NA
2203571_2,2023-01-04 17:49:48.702295,CLO,2203571.jpg,2203571,2,0,NA
2203875_2,2023-01-04 17:49:44.889803,CLO,2203875.jpg,2203875,2,0,NA
2204842_2,2023-01-04 17:49:40.280608,CLO,2204842.jpg,2204842,2,0,NA
2205259_2,2023-01-04 17:49:36.030471,CLO,2205259.jpg,2205259,2,0,NA
2204844_2,2023-01-04 17:49:33.139996,CLO,2204844.jpg,2204844,2,0,NA
2205275_2,2023-01-04 17:49:28.452364,CLO,2205275.jpg,2205275,2,0,NA
2205277_2,2023-01-04 17:49:23.858782,CLO,2205277.jpg,2205277,2,0,NA
2115414_2,2023-01-04 17:49:21.452404,CLO,2115414.jpg,2115414,2,0,NA
2115423_2,2023-01-04 17:49:20.437042,CLO,2115423.jpg,2115423,2,0,NA
2200060_2,2023-01-04 17:49:19.671154,CLO,2200060.jpg,2200060,2,0,NA
2200207_2,2023-01-04 17:49:19.093031,CLO,2200207.jpg,2200207,2,0,NA
2200660_2,2023-01-04 17:49:17.218054,CLO,2200660.jpg,2200660,2,0,NA
2200864_2,2023-01-04 17:49:14.358672,CLO,2200864.jpg,2200864,2,0,NA
2201183_2,2023-01-04 17:49:12.093073,CLO,2201183.jpg,2201183,2,0,NA
2201185_2,2023-01-04 17:49:09.968050,CLO,2201185.jpg,2201185,2,0,NA
2201312_2,2023-01-04 17:49:07.889928,CLO,2201312.jpg,2201312,2,0,NA
2201314_2,2023-01-04 17:49:05.233706,CLO,2201314.jpg,2201314,2,0,NA
2201316_2,2023-01-04 17:49:03.218097,CLO,2201316.jpg,2201316,2,0,NA
2201322_2,2023-01-04 17:49:01.389983,CLO,2201322.jpg,2201322,2,0,NA
2201320_2,2023-01-04 17:48:59.468276,CLO,2201320.jpg,2201320,2,0,NA
2201323_2,2023-01-04 17:48:56.921239,CLO,2201323.jpg,2201323,2,0,NA
2201350_2,2023-01-04 17:48:52.030613,CLO,2201350.jpg,2201350,2,0,NA
2201341_2,2023-01-04 17:48:51.374388,CLO,2201341.jpg,2201341,2,0,NA
2201415_2,2023-01-04 17:48:49.233779,CLO,2201415.jpg,2201415,2,0,NA
2201442_2,2023-01-04 17:48:47.796274,CLO,2201442.jpg,2201442,2,0,NA
2201468_2,2023-01-04 17:48:44.956066,CLO,2201468.jpg,2201468,2,0,NA
2201474_2,2023-01-04 17:48:41.780671,CLO,2201474.jpg,2201474,2,0,NA
2201538_2,2023-01-04 17:48:39.186913,CLO,2201538.jpg,2201538,2,0,NA
2201598_2,2023-01-04 17:48:38.140066,CLO,2201598.jpg,2201598,2,0,NA
2201645_2,2023-01-04 17:48:34.640099,CLO,2201645.jpg,2201645,2,0,NA
2201656_2,2023-01-04 17:48:34.046315,CLO,2201656.jpg,2201656,2,0,NA
2201667_2,2023-01-04 17:48:33.390091,CLO,2201667.jpg,2201667,2,0,NA
2201676_2,2023-01-04 17:48:32.546339,CLO,2201676.jpg,2201676,2,0,NA
2201685_2,2023-01-04 17:48:31.796355,CLO,2201685.jpg,2201685,2,0,NA
2201696_2,2023-01-04 17:48:29.749468,CLO,2201696.jpg,2201696,2,0,NA
2201774_2,2023-01-04 17:48:27.905735,CLO,2201774.jpg,2201774,2,0,NA
2202486_2,2023-01-04 17:48:25.749491,CLO,2202486.jpg,2202486,2,0,NA
2202493_2,2023-01-04 17:48:24.233869,CLO,2202493.jpg,2202493,2,0,NA
2202492_2,2023-01-04 17:48:22.499494,CLO,2202492.jpg,2202492,2,0,NA
2202507_2,2023-01-04 17:48:18.921417,CLO,2202507.jpg,2202507,2,0,NA
2202522_2,2023-01-04 17:48:17.812020,CLO,2202522.jpg,2202522,2,0,NA
2202574_2,2023-01-04 17:48:14.858908,CLO,2202574.jpg,2202574,2,0,NA
2202605_2,2023-01-04 17:48:11.124568,CLO,2202605.jpg,2202605,2,0,NA
2202761_2,2023-01-04 17:48:08.952684,CLO,2202761.jpg,2202761,2,0,NA
2202783_2,2023-01-04 17:48:05.030813,CLO,2202783.jpg,2202783,2,0,NA
2202792_2,2023-01-04 17:48:01.718330,CLO,2202792.jpg,2202792,2,0,NA
2202844_2,2023-01-04 17:47:58.937089,CLO,2202844.jpg,2202844,2,0,NA
2202851_2,2023-01-04 17:47:56.468321,CLO,2202851.jpg,2202851,2,0,NA
2202881_2,2023-01-04 17:47:55.796469,CLO,2202881.jpg,2202881,2,0,NA
2202897_2,2023-01-04 17:47:53.233984,CLO,2202897.jpg,2202897,2,0,NA
2202901_2,2023-01-04 17:47:50.187131,CLO,2202901.jpg,2202901,2,0,NA
2202905_2,2023-01-04 17:47:48.015362,CLO,2202905.jpg,2202905,2,0,NA
2202947_2,2023-01-04 17:47:45.359085,CLO,2202947.jpg,2202947,2,0,NA
2203121_2,2023-01-04 17:47:42.968518,CLO,2203121.jpg,2203121,2,0,NA
2203398_2,2023-01-04 17:47:41.374663,CLO,2203398.jpg,2203398,2,0,NA
2203425_2,2023-01-04 17:47:38.499676,CLO,2203425.jpg,2203425,2,0,NA
2203436_2,2023-01-04 17:47:37.421548,CLO,2203436.jpg,2203436,2,0,NA
2203589_2,2023-01-04 17:47:36.343424,CLO,2203589.jpg,2203589,2,0,NA
2203593_2,2023-01-04 17:47:35.280923,CLO,2203593.jpg,2203593,2,0,NA
2110351_2,2023-01-04 17:47:32.655926,CLO,2110351.jpg,2110351,2,0,NA
2110492_2,2023-01-04 17:47:30.312193,CLO,2110492.jpg,2110492,2,0,NA
2111726_2,2023-01-04 17:47:28.109101,CLO,2111726.jpg,2111726,2,0,NA
2112720_2,2023-01-04 17:47:24.280973,CLO,2112720.jpg,2112720,2,0,NA
2113139_2,2023-01-04 17:47:22.780965,CLO,2113139.jpg,2113139,2,0,NA
2113331_2,2023-01-04 17:47:20.796599,CLO,2113331.jpg,2113331,2,0,NA
2106946_2,2023-01-04 17:47:18.249746,CLO,2106946.jpg,2106946,2,0,NA
2114623_2,2023-01-04 17:47:16.531003,CLO,2114623.jpg,2114623,2,0,NA
2114679_2,2023-01-04 17:47:14.421631,CLO,2114679.jpg,2114679,2,0,NA
2115068_2,2023-01-04 17:47:12.156007,CLO,2115068.jpg,2115068,2,0,NA
2115139_2,2023-01-04 17:47:10.577901,CLO,2115139.jpg,2115139,2,0,NA
2115814_2,2023-01-04 17:47:09.124769,CLO,2115814.jpg,2115814,2,0,NA
2115879_2,2023-01-04 17:47:06.671723,CLO,2115879.jpg,2115879,2,0,NA
2116100_2,2023-01-04 17:47:05.640417,CLO,2116100.jpg,2116100,2,0,NA
2200139_2,2023-01-04 17:47:05.093545,CLO,2200139.jpg,2200139,2,0,NA
2200181_2,2023-01-04 17:47:03.859316,CLO,2200181.jpg,2200181,2,0,NA
2200249_2,2023-01-04 17:47:02.093536,CLO,2200249.jpg,2200249,2,0,NA
2200380_2,2023-01-04 17:47:00.031078,CLO,2200380.jpg,2200380,2,0,NA
2200386_2,2023-01-04 17:46:58.140457,CLO,2200386.jpg,2200386,2,0,NA
2200389_2,2023-01-04 17:46:55.218591,CLO,2200389.jpg,2200389,2,0,NA
2200559_2,2023-01-04 17:46:54.046716,CLO,2200559.jpg,2200559,2,0,NA
2200785_2,2023-01-04 17:46:50.562519,CLO,2200785.jpg,2200785,2,0,NA
2200925_2,2023-01-04 17:46:48.265567,CLO,2200925.jpg,2200925,2,0,NA
2201153_2,2023-01-04 17:46:45.718621,CLO,2201153.jpg,2201153,2,0,NA
2201184_2,2023-01-04 17:46:42.281139,CLO,2201184.jpg,2201184,2,0,NA
2201253_2,2023-01-04 17:46:38.890613,CLO,2201253.jpg,2201253,2,0,NA
2201273_2,2023-01-04 17:46:36.171878,CLO,2201273.jpg,2201273,2,0,NA
2201365_2,2023-01-04 17:46:32.015523,CLO,2201365.jpg,2201365,2,0,NA
2201477_2,2023-01-04 17:46:26.953511,CLO,2201477.jpg,2201477,2,0,NA
2201583_2,2023-01-04 17:46:22.484321,CLO,2201583.jpg,2201583,2,0,NA
2201734_2,2023-01-04 17:46:21.765651,CLO,2201734.jpg,2201734,2,0,NA
2201812_2,2023-01-04 17:46:20.281226,CLO,2201812.jpg,2201812,2,0,NA
2201825_2,2023-01-04 17:46:19.468712,CLO,2201825.jpg,2201825,2,0,NA
2201912_2,2023-01-04 17:46:18.375003,CLO,2201912.jpg,2201912,2,0,NA
2201995_2,2023-01-04 17:46:15.796873,CLO,2201995.jpg,2201995,2,0,NA
2201999_2,2023-01-04 17:46:12.718747,CLO,2201999.jpg,2201999,2,0,NA
2202014_2,2023-01-04 17:46:07.859380,CLO,2202014.jpg,2202014,2,0,NA
2202050_2,2023-01-04 17:46:07.218755,CLO,2202050.jpg,2202050,2,0,NA
2202211_2,2023-01-04 17:46:06.500116,CLO,2202211.jpg,2202211,2,0,NA
2202220_2,2023-01-04 17:46:05.781247,CLO,2202220.jpg,2202220,2,0,NA
2202429_2,2023-01-04 17:46:05.093825,CLO,2202429.jpg,2202429,2,0,NA
2202496_2,2023-01-04 17:46:04.421891,CLO,2202496.jpg,2202496,2,0,NA
2202534_2,2023-01-04 17:46:02.562520,CLO,2202534.jpg,2202534,2,0,NA
2202553_2,2023-01-04 17:45:57.671920,CLO,2202553.jpg,2202553,2,0,NA
2202579_2,2023-01-04 17:45:54.750077,CLO,2202579.jpg,2202579,2,0,NA
2202614_2,2023-01-04 17:45:52.812563,CLO,2202614.jpg,2202614,2,0,NA
2202641_2,2023-01-04 17:45:52.046942,CLO,2202641.jpg,2202641,2,0,NA
2202694_2,2023-01-04 17:45:50.578221,CLO,2202694.jpg,2202694,2,0,NA
2202698_2,2023-01-04 17:45:49.953545,CLO,2202698.jpg,2202698,2,0,NA
2202767_2,2023-01-04 17:45:48.968848,CLO,2202767.jpg,2202767,2,0,NA
2202798_2,2023-01-04 17:45:47.343830,CLO,2202798.jpg,2202798,2,0,NA
2202811_2,2023-01-04 17:45:44.812608,CLO,2202811.jpg,2202811,2,0,NA
2202822_2,2023-01-04 17:45:42.468865,CLO,2202822.jpg,2202822,2,0,NA
2202823_2,2023-01-04 17:45:40.187604,CLO,2202823.jpg,2202823,2,0,NA
2202826_2,2023-01-04 17:45:39.500120,CLO,2202826.jpg,2202826,2,0,NA
2202891_2,2023-01-04 17:45:38.843967,CLO,2202891.jpg,2202891,2,0,NA
2202894_2,2023-01-04 17:45:38.125129,CLO,2202894.jpg,2202894,2,0,NA
2202970_2,2023-01-04 17:45:37.406379,CLO,2202970.jpg,2202970,2,0,NA
2203033_2,2023-01-04 17:45:36.218883,CLO,2203033.jpg,2203033,2,0,NA
2203042_2,2023-01-04 17:45:34.390759,CLO,2203042.jpg,2203042,2,0,NA
2203043_2,2023-01-04 17:45:30.328285,CLO,2203043.jpg,2203043,2,0,NA
2203048_2,2023-01-04 17:45:25.453293,CLO,2203048.jpg,2203048,2,0,NA
2203052_2,2023-01-04 17:45:22.422074,CLO,2203052.jpg,2203052,2,0,NA
2203054_2,2023-01-04 17:45:21.812795,CLO,2203054.jpg,2203054,2,0,NA
2203082_2,2023-01-04 17:45:21.140821,CLO,2203082.jpg,2203082,2,0,NA
2203127_2,2023-01-04 17:45:20.140868,CLO,2203127.jpg,2203127,2,0,NA
2203128_2,2023-01-04 17:45:19.015832,CLO,2203128.jpg,2203128,2,0,NA
2203165_2,2023-01-04 17:45:18.312770,CLO,2203165.jpg,2203165,2,0,NA
2203167_2,2023-01-04 17:45:15.937707,CLO,2203167.jpg,2203167,2,0,NA
2203168_2,2023-01-04 17:45:13.297087,CLO,2203168.jpg,2203168,2,0,NA
2203169_2,2023-01-04 17:45:11.109611,CLO,2203169.jpg,2203169,2,0,NA
2203224_2,2023-01-04 17:45:09.718988,CLO,2203224.jpg,2203224,2,0,NA
2203289_2,2023-01-04 17:45:08.593989,CLO,2203289.jpg,2203289,2,0,NA
2203426_2,2023-01-04 17:45:07.375364,CLO,2203426.jpg,2203426,2,0,NA
2204115_2,2023-01-04 17:45:06.593993,CLO,2204115.jpg,2204115,2,0,NA
2204124_2,2023-01-04 17:45:04.140862,CLO,2204124.jpg,2204124,2,0,NA
2111259_2,2023-01-04 17:45:01.453387,CLO,2111259.jpg,2111259,2,0,NA
2113640_2,2023-01-04 17:44:58.703391,CLO,2113640.jpg,2113640,2,0,NA
2114339_2,2023-01-04 17:44:57.906520,CLO,2114339.jpg,2114339,2,0,NA
2115069_2,2023-01-04 17:44:57.203412,CLO,2115069.jpg,2115069,2,0,NA
2115141_2,2023-01-04 17:44:56.500281,CLO,2115141.jpg,2115141,2,0,NA
2115722_2,2023-01-04 17:44:55.765913,CLO,2115722.jpg,2115722,2,0,NA
2115727_2,2023-01-04 17:44:53.578531,CLO,2115727.jpg,2115727,2,0,NA
2200430_2,2023-01-04 17:44:51.125306,CLO,2200430.jpg,2200430,2,0,NA
2200484_2,2023-01-04 17:44:48.109690,CLO,2200484.jpg,2200484,2,0,NA
2200706_2,2023-01-04 17:44:47.437911,CLO,2200706.jpg,2200706,2,0,NA
2200701_2,2023-01-04 17:44:46.687938,CLO,2200701.jpg,2200701,2,0,NA
2201174_2,2023-01-04 17:44:45.937825,CLO,2201174.jpg,2201174,2,0,NA
2201234_2,2023-01-04 17:44:45.140952,CLO,2201234.jpg,2201234,2,0,NA
2201236_2,2023-01-04 17:44:42.703455,CLO,2201236.jpg,2201236,2,0,NA
2201262_2,2023-01-04 17:44:40.031585,CLO,2201262.jpg,2201262,2,0,NA
2201425_2,2023-01-04 17:44:36.453477,CLO,2201425.jpg,2201425,2,0,NA
2201545_2,2023-01-04 17:44:35.594992,CLO,2201545.jpg,2201545,2,0,NA
2201592_2,2023-01-04 17:44:34.047326,CLO,2201592.jpg,2201592,2,0,NA
2201593_2,2023-01-04 17:44:33.203488,CLO,2201593.jpg,2201593,2,0,NA
2201594_2,2023-01-04 17:44:30.297243,CLO,2201594.jpg,2201594,2,0,NA
2201686_2,2023-01-04 17:44:27.375378,CLO,2201686.jpg,2201686,2,0,NA
2201688_2,2023-01-04 17:44:25.156634,CLO,2201688.jpg,2201688,2,0,NA
2201830_2,2023-01-04 17:44:24.250436,CLO,2201830.jpg,2201830,2,0,NA
2201839_2,2023-01-04 17:44:23.031651,CLO,2201839.jpg,2201839,2,0,NA
2201967_2,2023-01-04 17:44:21.906657,CLO,2201967.jpg,2201967,2,0,NA
2201984_2,2023-01-04 17:44:20.391192,CLO,2201984.jpg,2201984,2,0,NA
2201993_2,2023-01-04 17:44:18.875439,CLO,2201993.jpg,2201993,2,0,NA
2201992_2,2023-01-04 17:44:18.125440,CLO,2201992.jpg,2201992,2,0,NA
2202016_2,2023-01-04 17:44:17.391076,CLO,2202016.jpg,2202016,2,0,NA
2202017_2,2023-01-04 17:44:12.562950,CLO,2202017.jpg,2202017,2,0,NA
2202035_2,2023-01-04 17:44:07.516104,CLO,2202035.jpg,2202035,2,0,NA
2202058_2,2023-01-04 17:44:04.266101,CLO,2202058.jpg,2202058,2,0,NA
2202065_2,2023-01-04 17:44:02.469313,CLO,2202065.jpg,2202065,2,0,NA
2202446_2,2023-01-04 17:44:01.672374,CLO,2202446.jpg,2202446,2,0,NA
2202448_2,2023-01-04 17:43:59.969462,CLO,2202448.jpg,2202448,2,0,NA
2202477_2,2023-01-04 17:43:58.844255,CLO,2202477.jpg,2202477,2,0,NA
2202539_2,2023-01-04 17:43:57.734889,CLO,2202539.jpg,2202539,2,0,NA
2202560_2,2023-01-04 17:43:57.016212,CLO,2202560.jpg,2202560,2,0,NA
2202582_2,2023-01-04 17:43:55.344350,CLO,2202582.jpg,2202582,2,0,NA
2202592_2,2023-01-04 17:43:53.578668,CLO,2202592.jpg,2202592,2,0,NA
2202630_2,2023-01-04 17:43:50.453658,CLO,2202630.jpg,2202630,2,0,NA
2202654_2,2023-01-04 17:43:46.609934,CLO,2202654.jpg,2202654,2,0,NA
2202762_2,2023-01-04 17:43:41.703788,CLO,2202762.jpg,2202762,2,0,NA
2202800_2,2023-01-04 17:43:34.109983,CLO,2202800.jpg,2202800,2,0,NA
2202821_2,2023-01-04 17:43:33.000589,CLO,2202821.jpg,2202821,2,0,NA
2202862_2,2023-01-04 17:43:31.625612,CLO,2202862.jpg,2202862,2,0,NA
2202864_2,2023-01-04 17:43:30.110004,CLO,2202864.jpg,2202864,2,0,NA
2202872_2,2023-01-04 17:43:27.985010,CLO,2202872.jpg,2202872,2,0,NA
2203073_2,2023-01-04 17:43:25.656857,CLO,2203073.jpg,2203073,2,0,NA
2203074_2,2023-01-04 17:43:20.985024,CLO,2203074.jpg,2203074,2,0,NA
2203092_2,2023-01-04 17:43:16.797524,CLO,2203092.jpg,2203092,2,0,NA
2203122_2,2023-01-04 17:43:13.203790,CLO,2203122.jpg,2203122,2,0,NA
2203139_2,2023-01-04 17:43:11.422596,CLO,2203139.jpg,2203139,2,0,NA
2203141_2,2023-01-04 17:43:09.641302,CLO,2203141.jpg,2203141,2,0,NA
2203151_2,2023-01-04 17:43:07.875698,CLO,2203151.jpg,2203151,2,0,NA
2203154_2,2023-01-04 17:43:05.375717,CLO,2203154.jpg,2203154,2,0,NA
2203288_2,2023-01-04 17:43:03.360079,CLO,2203288.jpg,2203288,2,0,NA
2203420_2,2023-01-04 17:43:02.141331,CLO,2203420.jpg,2203420,2,0,NA
2203439_2,2023-01-04 17:43:00.485112,CLO,2203439.jpg,2203439,2,0,NA
2203533_2,2023-01-04 17:42:57.438242,CLO,2203533.jpg,2203533,2,0,NA
2203539_2,2023-01-04 17:42:56.203881,CLO,2203539.jpg,2203539,2,0,NA
2203561_2,2023-01-04 17:42:52.781988,CLO,2203561.jpg,2203561,2,0,NA
2114417_2,2023-01-04 17:42:47.875798,CLO,2114417.jpg,2114417,2,0,NA
2114493_2,2023-01-04 17:42:44.360153,CLO,2114493.jpg,2114493,2,0,NA
2200475_2,2023-01-04 17:42:40.703904,CLO,2200475.jpg,2200475,2,0,NA
2201105_2,2023-01-04 17:42:37.344572,CLO,2201105.jpg,2201105,2,0,NA
2200383_2,2023-01-04 17:42:34.985206,CLO,2200383.jpg,2200383,2,0,NA
2201435_2,2023-01-04 17:42:32.688356,CLO,2201435.jpg,2201435,2,0,NA
2201590_2,2023-01-04 17:42:30.797823,CLO,2201590.jpg,2201590,2,0,NA
2201591_2,2023-01-04 17:42:26.610223,CLO,2201591.jpg,2201591,2,0,NA
2201755_2,2023-01-04 17:42:24.219615,CLO,2201755.jpg,2201755,2,0,NA
2201998_2,2023-01-04 17:42:20.172748,CLO,2201998.jpg,2201998,2,0,NA
2202010_2,2023-01-04 17:42:16.797752,CLO,2202010.jpg,2202010,2,0,NA
2202027_2,2023-01-04 17:42:11.735290,CLO,2202027.jpg,2202027,2,0,NA
2202057_2,2023-01-04 17:42:10.313426,CLO,2202057.jpg,2202057,2,0,NA
2202405_2,2023-01-04 17:42:07.110368,CLO,2202405.jpg,2202405,2,0,NA
2202430_2,2023-01-04 17:42:04.969713,CLO,2202430.jpg,2202430,2,0,NA
2202441_2,2023-01-04 17:42:01.766578,CLO,2202441.jpg,2202441,2,0,NA
2202443_2,2023-01-04 17:42:00.172834,CLO,2202443.jpg,2202443,2,0,NA
2202479_2,2023-01-04 17:41:57.391571,CLO,2202479.jpg,2202479,2,0,NA
2202480_2,2023-01-04 17:41:54.344734,CLO,2202480.jpg,2202480,2,0,NA
2202498_2,2023-01-04 17:41:52.875977,CLO,2202498.jpg,2202498,2,0,NA
2202501_2,2023-01-04 17:41:51.969778,CLO,2202501.jpg,2202501,2,0,NA
2202509_2,2023-01-04 17:41:50.172925,CLO,2202509.jpg,2202509,2,0,NA
2202513_2,2023-01-04 17:41:46.922896,CLO,2202513.jpg,2202513,2,0,NA
2202516_2,2023-01-04 17:41:44.313572,CLO,2202516.jpg,2202516,2,0,NA
2202526_2,2023-01-04 17:41:42.751029,CLO,2202526.jpg,2202526,2,0,NA
2202532_2,2023-01-04 17:41:41.251041,CLO,2202532.jpg,2202532,2,0,NA
2202535_2,2023-01-04 17:41:39.032286,CLO,2202535.jpg,2202535,2,0,NA
2202537_2,2023-01-04 17:41:37.235415,CLO,2202537.jpg,2202537,2,0,NA
2202572_2,2023-01-04 17:41:34.876056,CLO,2202572.jpg,2202572,2,0,NA
2202590_2,2023-01-04 17:41:31.672930,CLO,2202590.jpg,2202590,2,0,NA
2202601_2,2023-01-04 17:41:29.532328,CLO,2202601.jpg,2202601,2,0,NA
2202626_2,2023-01-04 17:41:26.579214,CLO,2202626.jpg,2202626,2,0,NA
2202632_2,2023-01-04 17:41:24.501083,CLO,2202632.jpg,2202632,2,0,NA
2202763_2,2023-01-04 17:41:22.485539,CLO,2202763.jpg,2202763,2,0,NA
2202765_2,2023-01-04 17:41:18.172981,CLO,2202765.jpg,2202765,2,0,NA
2202770_2,2023-01-04 17:41:13.798012,CLO,2202770.jpg,2202770,2,0,NA
2202771_2,2023-01-04 17:41:10.626150,CLO,2202771.jpg,2202771,2,0,NA
2202789_2,2023-01-04 17:41:08.063648,CLO,2202789.jpg,2202789,2,0,NA
2202809_2,2023-01-04 17:41:04.641800,CLO,2202809.jpg,2202809,2,0,NA
2202799_2,2023-01-04 17:41:01.673059,CLO,2202799.jpg,2202799,2,0,NA
2202817_2,2023-01-04 17:40:59.001199,CLO,2202817.jpg,2202817,2,0,NA
2202876_2,2023-01-04 17:40:55.298233,CLO,2202876.jpg,2202876,2,0,NA
2202886_2,2023-01-04 17:40:51.001298,CLO,2202886.jpg,2202886,2,0,NA
2202928_2,2023-01-04 17:40:48.438735,CLO,2202928.jpg,2202928,2,0,NA
2202922_2,2023-01-04 17:40:44.407494,CLO,2202922.jpg,2202922,2,0,NA
2202950_2,2023-01-04 17:40:42.844995,CLO,2202950.jpg,2202950,2,0,NA
2202951_2,2023-01-04 17:40:39.110649,CLO,2202951.jpg,2202951,2,0,NA
2202953_2,2023-01-04 17:40:35.110648,CLO,2202953.jpg,2202953,2,0,NA
2202959_2,2023-01-04 17:40:32.423236,CLO,2202959.jpg,2202959,2,0,NA
2202963_2,2023-01-04 17:40:30.204419,CLO,2202963.jpg,2202963,2,0,NA
2202969_2,2023-01-04 17:40:27.298188,CLO,2202969.jpg,2202969,2,0,NA
2203041_2,2023-01-04 17:40:25.001334,CLO,2203041.jpg,2203041,2,0,NA
2203049_2,2023-01-04 17:40:22.188839,CLO,2203049.jpg,2203049,2,0,NA
2203050_2,2023-01-04 17:40:20.563845,CLO,2203050.jpg,2203050,2,0,NA
2203051_2,2023-01-04 17:40:16.954479,CLO,2203051.jpg,2203051,2,0,NA
2210942_2,2023-01-04 17:40:14.298229,CLO,2210942.jpg,2210942,2,0,NA
2203058_2,2023-01-04 17:40:12.563977,CLO,2203058.jpg,2203058,2,0,NA
2203060_2,2023-01-04 17:40:10.126353,CLO,2203060.jpg,2203060,2,0,NA
2203061_2,2023-01-04 17:40:07.563879,CLO,2203061.jpg,2203061,2,0,NA
2203079_2,2023-01-04 17:40:03.563975,CLO,2203079.jpg,2203079,2,0,NA
2203090_2,2023-01-04 17:40:01.985906,CLO,2203090.jpg,2203090,2,0,NA
2203094_2,2023-01-04 17:39:59.267074,CLO,2203094.jpg,2203094,2,0,NA
2203097_2,2023-01-04 17:39:55.251418,CLO,2203097.jpg,2203097,2,0,NA
2203107_2,2023-01-04 17:39:51.360811,CLO,2203107.jpg,2203107,2,0,NA
2203134_2,2023-01-04 17:39:50.157688,CLO,2203134.jpg,2203134,2,0,NA
2203198_2,2023-01-04 17:39:45.282708,CLO,2203198.jpg,2203198,2,0,NA
2203270_2,2023-01-04 17:39:42.032721,CLO,2203270.jpg,2203270,2,0,NA
2203882_2,2023-01-04 17:39:39.657728,CLO,2203882.jpg,2203882,2,0,NA
2203887_2,2023-01-04 17:39:36.548372,CLO,2203887.jpg,2203887,2,0,NA
2204200_2,2023-01-04 17:39:33.657773,CLO,2204200.jpg,2204200,2,0,NA
2204250_2,2023-01-04 17:39:31.173383,CLO,2204250.jpg,2204250,2,0,NA
2204275_2,2023-01-04 17:39:28.423393,CLO,2204275.jpg,2204275,2,0,NA
2204284_2,2023-01-04 17:39:25.392167,CLO,2204284.jpg,2204284,2,0,NA
2204777_2,2023-01-04 17:39:23.407845,CLO,2204777.jpg,2204777,2,0,NA
2204837_2,2023-01-04 17:39:21.298442,CLO,2204837.jpg,2204837,2,0,NA
2113775_2,2023-01-04 17:39:17.517184,CLO,2113775.jpg,2113775,2,0,NA
2113776_2,2023-01-04 17:39:15.235954,CLO,2113776.jpg,2113776,2,0,NA
2115345_2,2023-01-04 17:39:12.282831,CLO,2115345.jpg,2115345,2,0,NA
2116052_2,2023-01-04 17:39:10.095359,CLO,2116052.jpg,2116052,2,0,NA
2116062_2,2023-01-04 17:39:07.892219,CLO,2116062.jpg,2116062,2,0,NA
2200020_2,2023-01-04 17:39:04.439112,CLO,2200020.jpg,2200020,2,0,NA
2200260_2,2023-01-04 17:39:02.736005,CLO,2200260.jpg,2200260,2,0,NA
2200616_2,2023-01-04 17:39:00.892253,CLO,2200616.jpg,2200616,2,0,NA
2200647_2,2023-01-04 17:38:57.642286,CLO,2200647.jpg,2200647,2,0,NA
2200752_2,2023-01-04 17:38:55.079806,CLO,2200752.jpg,2200752,2,0,NA
2200826_2,2023-01-04 17:38:53.517346,CLO,2200826.jpg,2200826,2,0,NA
2200910_2,2023-01-04 17:38:50.345431,CLO,2200910.jpg,2200910,2,0,NA
2200911_2,2023-01-04 17:38:47.907933,CLO,2200911.jpg,2200911,2,0,NA
2201008_2,2023-01-04 17:38:45.267818,CLO,2201008.jpg,2201008,2,0,NA
2201014_2,2023-01-04 17:38:44.282969,CLO,2201014.jpg,2201014,2,0,NA
2201015_2,2023-01-04 17:38:43.377894,CLO,2201015.jpg,2201015,2,0,NA
2201215_2,2023-01-04 17:38:41.673973,CLO,2201215.jpg,2201215,2,0,NA
2201361_2,2023-01-04 17:38:40.079868,CLO,2201361.jpg,2201361,2,0,NA
2201372_2,2023-01-04 17:38:38.501755,CLO,2201372.jpg,2201372,2,0,NA
2201423_2,2023-01-04 17:38:35.986115,CLO,2201423.jpg,2201423,2,0,NA
2201454_2,2023-01-04 17:38:32.501777,CLO,2201454.jpg,2201454,2,0,NA
2201471_2,2023-01-04 17:38:29.111129,CLO,2201471.jpg,2201471,2,0,NA
2201537_2,2023-01-04 17:38:25.533051,CLO,2201537.jpg,2201537,2,0,NA
2201543_2,2023-01-04 17:38:24.861190,CLO,2201543.jpg,2201543,2,0,NA
2201732_2,2023-01-04 17:38:20.298655,CLO,2201732.jpg,2201732,2,0,NA
2201769_2,2023-01-04 17:38:15.392611,CLO,2201769.jpg,2201769,2,0,NA
2201784_2,2023-01-04 17:38:11.939350,CLO,2201784.jpg,2201784,2,0,NA
2201836_2,2023-01-04 17:38:09.829967,CLO,2201836.jpg,2201836,2,0,NA
2201861_2,2023-01-04 17:38:07.001837,CLO,2201861.jpg,2201861,2,0,NA
2201858_2,2023-01-04 17:38:03.423769,CLO,2201858.jpg,2201858,2,0,NA
2201863_2,2023-01-04 17:37:59.751879,CLO,2201863.jpg,2201863,2,0,NA
2202031_2,2023-01-04 17:37:56.080006,CLO,2202031.jpg,2202031,2,0,NA
2202038_2,2023-01-04 17:37:53.642527,CLO,2202038.jpg,2202038,2,0,NA
2202052_2,2023-01-04 17:37:51.236290,CLO,2202052.jpg,2202052,2,0,NA
2202054_2,2023-01-04 17:37:47.970687,CLO,2202054.jpg,2202054,2,0,NA
2202166_2,2023-01-04 17:37:45.251952,CLO,2202166.jpg,2202166,2,0,NA
2202167_2,2023-01-04 17:37:42.283210,CLO,2202167.jpg,2202167,2,0,NA
2202168_2,2023-01-04 17:37:39.142595,CLO,2202168.jpg,2202168,2,0,NA
2202355_2,2023-01-04 17:37:36.267601,CLO,2202355.jpg,2202355,2,0,NA
2202458_2,2023-01-04 17:37:33.564476,CLO,2202458.jpg,2202458,2,0,NA
2202659_2,2023-01-04 17:37:30.596229,CLO,2202659.jpg,2202659,2,0,NA
2202667_2,2023-01-04 17:37:26.845755,CLO,2202667.jpg,2202667,2,0,NA
2202703_2,2023-01-04 17:37:23.986376,CLO,2202703.jpg,2202703,2,0,NA
2202824_2,2023-01-04 17:37:20.783277,CLO,2202824.jpg,2202824,2,0,NA
2202836_2,2023-01-04 17:37:18.986409,CLO,2202836.jpg,2202836,2,0,NA
2202837_2,2023-01-04 17:37:15.127371,CLO,2202837.jpg,2202837,2,0,NA
2202839_2,2023-01-04 17:37:11.783332,CLO,2202839.jpg,2202839,2,0,NA
2202840_2,2023-01-04 17:37:08.783325,CLO,2202840.jpg,2202840,2,0,NA
2202842_2,2023-01-04 17:37:07.283381,CLO,2202842.jpg,2202842,2,0,NA
2203089_2,2023-01-04 17:37:05.111471,CLO,2203089.jpg,2203089,2,0,NA
2114268_2,2023-01-04 17:37:00.830239,CLO,2114268.jpg,2114268,2,0,NA
2114722_2,2023-01-04 17:36:59.095892,CLO,2114722.jpg,2114722,2,0,NA
2115816_2,2023-01-04 17:36:56.970918,CLO,2115816.jpg,2115816,2,0,NA
2115809_2,2023-01-04 17:36:56.392877,CLO,2115809.jpg,2115809,2,0,NA
2200809_2,2023-01-04 17:36:54.861502,CLO,2200809.jpg,2200809,2,0,NA
2201121_2,2023-01-04 17:36:50.439634,CLO,2201121.jpg,2201121,2,0,NA
2201122_2,2023-01-04 17:36:47.517786,CLO,2201122.jpg,2201122,2,0,NA
2201337_2,2023-01-04 17:36:44.939680,CLO,2201337.jpg,2201337,2,0,NA
2201567_2,2023-01-04 17:36:43.127185,CLO,2201567.jpg,2201567,2,0,NA
2201551_2,2023-01-04 17:36:37.470948,CLO,2201551.jpg,2201551,2,0,NA
2201569_2,2023-01-04 17:36:34.174087,CLO,2201569.jpg,2201569,2,0,NA
2201752_2,2023-01-04 17:36:32.002229,CLO,2201752.jpg,2201752,2,0,NA
2201791_2,2023-01-04 17:36:28.970987,CLO,2201791.jpg,2201791,2,0,NA
2201792_2,2023-01-04 17:36:27.252242,CLO,2201792.jpg,2201792,2,0,NA
2202421_2,2023-01-04 17:36:23.939753,CLO,2202421.jpg,2202421,2,0,NA
2202431_2,2023-01-04 17:36:23.392877,CLO,2202431.jpg,2202431,2,0,NA
2202478_2,2023-01-04 17:36:22.127255,CLO,2202478.jpg,2202478,2,0,NA
2202497_2,2023-01-04 17:36:19.846020,CLO,2202497.jpg,2202497,2,0,NA
2202550_2,2023-01-04 17:36:17.767909,CLO,2202550.jpg,2202550,2,0,NA
2202608_2,2023-01-04 17:36:13.611672,CLO,2202608.jpg,2202608,2,0,NA
2202777_2,2023-01-04 17:36:10.986687,CLO,2202777.jpg,2202777,2,0,NA
2202692_2,2023-01-04 17:36:06.908605,CLO,2202692.jpg,2202692,2,0,NA
2202807_2,2023-01-04 17:36:00.736711,CLO,2202807.jpg,2202807,2,0,NA
2202887_2,2023-01-04 17:35:55.971122,CLO,2202887.jpg,2202887,2,0,NA
2202952_2,2023-01-04 17:35:52.767979,CLO,2202952.jpg,2202952,2,0,NA
2202964_2,2023-01-04 17:35:42.049298,CLO,2202964.jpg,2202964,2,0,NA
2202983_2,2023-01-04 17:35:36.190133,CLO,2202983.jpg,2202983,2,0,NA
2203040_2,2023-01-04 17:35:33.471189,CLO,2203040.jpg,2203040,2,0,NA
2203046_2,2023-01-04 17:35:30.268077,CLO,2203046.jpg,2203046,2,0,NA
2203138_2,2023-01-04 17:35:23.596218,CLO,2203138.jpg,2203138,2,0,NA
2203394_2,2023-01-04 17:35:19.205640,CLO,2203394.jpg,2203394,2,0,NA
2203951_2,2023-01-04 17:35:12.971684,CLO,2203951.jpg,2203951,2,0,NA
2204031_2,2023-01-04 17:35:10.908808,CLO,2204031.jpg,2204031,2,0,NA
2204044_2,2023-01-04 17:35:08.018343,CLO,2204044.jpg,2204044,2,0,NA
2204085_2,2023-01-04 17:35:04.611931,CLO,2204085.jpg,2204085,2,0,NA
2204314_2,2023-01-04 17:35:02.955837,CLO,2204314.jpg,2204314,2,0,NA
2204197_2,2023-01-04 17:35:01.768174,CLO,2204197.jpg,2204197,2,0,NA
2204894_2,2023-01-04 17:35:00.346326,CLO,2204894.jpg,2204894,2,0,NA
2205017_2,2023-01-04 17:34:54.205723,CLO,2205017.jpg,2205017,2,0,NA
2205674_2,2023-01-04 17:34:48.580999,CLO,2205674.jpg,2205674,2,0,NA
2112750_2,2023-01-04 17:34:47.815117,SHO,2112750.jpg,2112750,2,0,NA
2114619_2,2023-01-04 17:34:45.783865,CLO,2114619.jpg,2114619,2,0,NA
2115808_2,2023-01-04 17:34:44.237271,CLO,2115808.jpg,2115808,2,0,NA
2200776_2,2023-01-04 17:34:42.518533,CLO,2200776.jpg,2200776,2,0,NA
2200799_2,2023-01-04 17:34:40.830769,CLO,2200799.jpg,2200799,2,0,NA
2201420_2,2023-01-04 17:34:39.549513,CLO,2201420.jpg,2201420,2,0,NA
2201555_2,2023-01-04 17:34:36.658908,CLO,2201555.jpg,2201555,2,0,NA
2201814_2,2023-01-04 17:34:33.955799,CLO,2201814.jpg,2201814,2,0,NA
2201818_2,2023-01-04 17:34:31.221410,CLO,2201818.jpg,2201818,2,0,NA
2201823_2,2023-01-04 17:34:29.940184,CLO,2201823.jpg,2201823,2,0,NA
2201824_2,2023-01-04 17:34:27.815451,CLO,2201824.jpg,2201824,2,0,NA
2201827_2,2023-01-04 17:34:26.174664,CLO,2201827.jpg,2201827,2,0,NA
2201985_2,2023-01-04 17:34:24.612107,CLO,2201985.jpg,2201985,2,0,NA
2201986_2,2023-01-04 17:34:21.909661,CLO,2201986.jpg,2201986,2,0,NA
2202418_2,2023-01-04 17:34:15.658992,CLO,2202418.jpg,2202418,2,0,NA
2202415_2,2023-01-04 17:34:11.549651,CLO,2202415.jpg,2202415,2,0,NA
2202529_2,2023-01-04 17:34:08.955874,CLO,2202529.jpg,2202529,2,0,NA
2202617_2,2023-01-04 17:34:08.252753,CLO,2202617.jpg,2202617,2,0,NA
2202673_2,2023-01-04 17:34:04.987160,CLO,2202673.jpg,2202673,2,0,NA
2202805_2,2023-01-04 17:34:03.627778,CLO,2202805.jpg,2202805,2,0,NA
2202825_2,2023-01-04 17:34:00.330913,CLO,2202825.jpg,2202825,2,0,NA
2202858_2,2023-01-04 17:33:56.893435,CLO,2202858.jpg,2202858,2,0,NA
2202911_2,2023-01-04 17:33:53.659063,CLO,2202911.jpg,2202911,2,0,NA
2202949_2,2023-01-04 17:33:51.377857,CLO,2202949.jpg,2202949,2,0,NA
2202993_2,2023-01-04 17:33:49.549721,CLO,2202993.jpg,2202993,2,0,NA
2203064_2,2023-01-04 17:33:46.455997,CLO,2203064.jpg,2203064,2,0,NA
2203100_2,2023-01-04 17:33:45.034118,CLO,2203100.jpg,2203100,2,0,NA
2203140_2,2023-01-04 17:33:41.784124,CLO,2203140.jpg,2203140,2,0,NA
2203276_2,2023-01-04 17:33:38.034148,CLO,2203276.jpg,2203276,2,0,NA
2203479_2,2023-01-04 17:33:34.659124,CLO,2203479.jpg,2203479,2,0,NA
2203538_2,2023-01-04 17:33:33.909173,CLO,2203538.jpg,2203538,2,0,NA
2203893_2,2023-01-04 17:33:31.596671,CLO,2203893.jpg,2203893,2,0,NA
2204029_2,2023-01-04 17:33:30.237292,CLO,2204029.jpg,2204029,2,0,NA
2204778_2,2023-01-04 17:33:28.847180,CLO,2204778.jpg,2204778,2,0,NA
2204836_2,2023-01-04 17:33:27.237303,CLO,2204836.jpg,2204836,2,0,NA
2204896_2,2023-01-04 17:33:24.893586,CLO,2204896.jpg,2204896,2,0,NA
2205452_2,2023-01-04 17:33:21.877943,CLO,2205452.jpg,2205452,2,0,NA
2205453_2,2023-01-04 17:33:18.846695,CLO,2205453.jpg,2205453,2,0,NA
2205454_2,2023-01-04 17:33:17.862355,CLO,2205454.jpg,2205454,2,0,NA
2205457_2,2023-01-04 17:33:16.502982,CLO,2205457.jpg,2205457,2,0,NA
2205458_2,2023-01-04 17:33:15.237361,CLO,2205458.jpg,2205458,2,0,NA
2205756_2,2023-01-04 17:33:13.252965,CLO,2205756.jpg,2205756,2,0,NA
2205782_2,2023-01-04 17:33:10.893587,CLO,2205782.jpg,2205782,2,0,NA
2205791_2,2023-01-04 17:33:05.003005,CLO,2205791.jpg,2205791,2,0,NA
2205828_2,2023-01-04 17:33:01.815560,CLO,2205828.jpg,2205828,2,0,NA
2205829_2,2023-01-04 17:33:00.784283,CLO,2205829.jpg,2205829,2,0,NA
2112398_2,2023-01-04 17:32:59.284277,CLO,2112398.jpg,2112398,2,0,NA
2200843_2,2023-01-04 17:32:57.065542,CLO,2200843.jpg,2200843,2,0,NA
2201490_2,2023-01-04 17:32:55.737417,CLO,2201490.jpg,2201490,2,0,NA
2201972_2,2023-01-04 17:32:52.987435,CLO,2201972.jpg,2201972,2,0,NA
2201976_2,2023-01-04 17:32:50.128098,CLO,2201976.jpg,2201976,2,0,NA
2202209_2,2023-01-04 17:32:46.878073,CLO,2202209.jpg,2202209,2,0,NA
2201994_2,2023-01-04 17:32:43.987490,CLO,2201994.jpg,2201994,2,0,NA
2202453_2,2023-01-04 17:32:43.174972,CLO,2202453.jpg,2202453,2,0,NA
2202806_2,2023-01-04 17:32:41.128094,CLO,2202806.jpg,2202806,2,0,NA
2202883_2,2023-01-04 17:32:39.425072,CLO,2202883.jpg,2202883,2,0,NA
2202910_2,2023-01-04 17:32:38.815626,CLO,2202910.jpg,2202910,2,0,NA
2203202_2,2023-01-04 17:32:37.706225,CLO,2203202.jpg,2203202,2,0,NA
2203271_2,2023-01-04 17:32:34.831243,CLO,2203271.jpg,2203271,2,0,NA
2203372_2,2023-01-04 17:32:30.003307,CLO,2203372.jpg,2203372,2,0,NA
2203401_2,2023-01-04 17:32:25.753163,CLO,2203401.jpg,2203401,2,0,NA
2204030_2,2023-01-04 17:32:24.065814,CLO,2204030.jpg,2204030,2,0,NA
2204034_2,2023-01-04 17:32:22.440915,CLO,2204034.jpg,2204034,2,0,NA
2204082_2,2023-01-04 17:32:21.550189,CLO,2204082.jpg,2204082,2,0,NA
2204121_2,2023-01-04 17:32:20.018808,CLO,2204121.jpg,2204121,2,0,NA
2204912_2,2023-01-04 17:32:15.393811,CLO,2204912.jpg,2204912,2,0,NA
2205012_2,2023-01-04 17:32:07.096964,CLO,2205012.jpg,2205012,2,0,NA
2205015_2,2023-01-04 17:32:01.393962,CLO,2205015.jpg,2205015,2,0,NA
2114702_2,2023-01-04 17:31:56.018984,CLO,2114702.jpg,2114702,2,0,NA
2200834_2,2023-01-04 17:31:49.362722,CLO,2200834.jpg,2200834,2,0,NA
2202693_2,2023-01-04 17:31:43.050197,CLO,2202693.jpg,2202693,2,0,NA
2203125_2,2023-01-04 17:31:39.753320,CLO,2203125.jpg,2203125,2,0,NA
2203171_2,2023-01-04 17:31:32.909595,CLO,2203171.jpg,2203171,2,0,NA
2203172_2,2023-01-04 17:31:30.768975,CLO,2203172.jpg,2203172,2,0,NA
2203174_2,2023-01-04 17:31:24.050286,CLO,2203174.jpg,2203174,2,0,NA
2203226_2,2023-01-04 17:31:21.159670,CLO,2203226.jpg,2203226,2,0,NA
2203173_2,2023-01-04 17:31:15.097161,CLO,2203173.jpg,2203173,2,0,NA
2203241_2,2023-01-04 17:31:08.112840,CLO,2203241.jpg,2203241,2,0,NA
2203243_2,2023-01-04 17:31:02.175365,CLO,2203243.jpg,2203243,2,0,NA
2203446_2,2023-01-04 17:30:58.925349,CLO,2203446.jpg,2203446,2,0,NA
2203541_2,2023-01-04 17:30:55.956629,CLO,2203541.jpg,2203541,2,0,NA
2203570_2,2023-01-04 17:30:54.237868,CLO,2203570.jpg,2203570,2,0,NA
2204950_2,2023-01-04 17:30:49.191064,CLO,2204950.jpg,2204950,2,0,NA
2204092_2,2023-01-04 17:30:45.550529,CLO,2204092.jpg,2204092,2,0,NA
2205140_2,2023-01-04 17:30:41.831680,CLO,2205140.jpg,2205140,2,0,NA
2205455_2,2023-01-04 17:30:37.519197,CLO,2205455.jpg,2205455,2,0,NA
2205746_2,2023-01-04 17:30:33.972820,CLO,2205746.jpg,2205746,2,0,NA
2205825_2,2023-01-04 17:30:32.691075,CLO,2205825.jpg,2205825,2,0,NA
2205836_2,2023-01-04 17:30:30.675921,CLO,2205836.jpg,2205836,2,0,NA
2205837_2,2023-01-04 17:30:28.269234,CLO,2205837.jpg,2205837,2,0,NA
2205840_2,2023-01-04 17:30:26.378601,CLO,2205840.jpg,2205840,2,0,NA
2205933_2,2023-01-04 17:30:24.800477,CLO,2205933.jpg,2205933,2,0,NA
2205961_2,2023-01-04 17:30:23.144351,CLO,2205961.jpg,2205961,2,0,NA
2200248_2,2023-01-04 17:30:20.237989,CLO,2200248.jpg,2200248,2,0,NA
2202377_2,2023-01-04 17:30:17.566244,CLO,2202377.jpg,2202377,2,0,NA
2202382_2,2023-01-04 17:30:15.003854,CLO,2202382.jpg,2202382,2,0,NA
2202385_2,2023-01-04 17:30:14.378659,CLO,2202385.jpg,2202385,2,0,NA
2202890_2,2023-01-04 17:30:13.581773,CLO,2202890.jpg,2202890,2,0,NA
2202892_2,2023-01-04 17:30:12.300531,CLO,2202892.jpg,2202892,2,0,NA
2202966_2,2023-01-04 17:30:10.503676,CLO,2202966.jpg,2202966,2,0,NA
2203391_2,2023-01-04 17:30:08.675570,CLO,2203391.jpg,2203391,2,0,NA
2103513_2,2023-01-04 17:30:06.753713,CLO,2103513.jpg,2103513,2,0,NA
2108559_2,2023-01-04 17:30:01.239018,CLO,2108559.jpg,2108559,2,0,NA
2108970_2,2023-01-04 17:29:55.706852,CLO,2108970.jpg,2108970,2,0,NA
2109004_2,2023-01-04 17:29:53.706849,CLO,2109004.jpg,2109004,2,0,NA
2201030_2,2023-01-04 17:29:52.113102,CLO,2201030.jpg,2201030,2,0,NA
2201276_2,2023-01-04 17:29:50.206901,CLO,2201276.jpg,2201276,2,0,NA
2201353_2,2023-01-04 17:29:48.441267,CLO,2201353.jpg,2201353,2,0,NA
2201493_2,2023-01-04 17:29:47.409997,CLO,2201493.jpg,2201493,2,0,NA
2202616_2,2023-01-04 17:29:45.597517,CLO,2202616.jpg,2202616,2,0,NA
2202631_2,2023-01-04 17:29:42.769521,CLO,2202631.jpg,2202631,2,0,NA
2202674_2,2023-01-04 17:29:39.675668,CLO,2202674.jpg,2202674,2,0,NA
2202803_2,2023-01-04 17:29:36.490383,CLO,2202803.jpg,2202803,2,0,NA
2202810_2,2023-01-04 17:29:35.191299,CLO,2202810.jpg,2202810,2,0,NA
2202878_2,2023-01-04 17:29:33.738201,CLO,2202878.jpg,2202878,2,0,NA
2202877_2,2023-01-04 17:29:31.988815,CLO,2202877.jpg,2202877,2,0,NA
2202880_2,2023-01-04 17:29:30.363330,CLO,2202880.jpg,2202880,2,0,NA
2202888_2,2023-01-04 17:29:27.800724,CLO,2202888.jpg,2202888,2,0,NA
2202927_2,2023-01-04 17:29:26.160096,CLO,2202927.jpg,2202927,2,0,NA
2202958_2,2023-01-04 17:29:23.597610,CLO,2202958.jpg,2202958,2,0,NA
2203044_2,2023-01-04 17:29:21.175806,CLO,2203044.jpg,2203044,2,0,NA
2203124_2,2023-01-04 17:29:14.238257,CLO,2203124.jpg,2203124,2,0,NA
2203269_2,2023-01-04 17:29:10.550789,CLO,2203269.jpg,2203269,2,0,NA
2203298_2,2023-01-04 17:29:09.722638,CLO,2203298.jpg,2203298,2,0,NA
2203309_2,2023-01-04 17:29:08.472676,CLO,2203309.jpg,2203309,2,0,NA
2203388_2,2023-01-04 17:29:05.941435,CLO,2203388.jpg,2203388,2,0,NA
2203396_2,2023-01-04 17:29:03.035215,CLO,2203396.jpg,2203396,2,0,NA
2203498_2,2023-01-04 17:29:00.347828,CLO,2203498.jpg,2203498,2,0,NA
2203618_2,2023-01-04 17:28:59.363329,CLO,2203618.jpg,2203618,2,0,NA
2203621_2,2023-01-04 17:28:57.816558,CLO,2203621.jpg,2203621,2,0,NA
2203716_2,2023-01-04 17:28:54.972716,CLO,2203716.jpg,2203716,2,0,NA
2203719_2,2023-01-04 17:28:49.519633,CLO,2203719.jpg,2203719,2,0,NA
2204054_2,2023-01-04 17:28:45.894634,CLO,2204054.jpg,2204054,2,0,NA
2204055_2,2023-01-04 17:28:44.925865,CLO,2204055.jpg,2204055,2,0,NA
2204306_2,2023-01-04 17:28:44.050870,CLO,2204306.jpg,2204306,2,0,NA
2204103_2,2023-01-04 17:28:42.957118,CLO,2204103.jpg,2204103,2,0,NA
2204334_2,2023-01-04 17:28:37.207166,CLO,2204334.jpg,2204334,2,0,NA
2204343_2,2023-01-04 17:28:34.269695,CLO,2204343.jpg,2204343,2,0,NA
2204350_2,2023-01-04 17:28:31.816540,CLO,2204350.jpg,2204350,2,0,NA
2204378_2,2023-01-04 17:28:30.488453,CLO,2204378.jpg,2204378,2,0,NA
2204362_2,2023-01-04 17:28:29.144672,CLO,2204362.jpg,2204362,2,0,NA
2204767_2,2023-01-04 17:28:28.254077,CLO,2204767.jpg,2204767,2,0,NA
2204915_2,2023-01-04 17:28:27.300932,CLO,2204915.jpg,2204915,2,0,NA
2204916_2,2023-01-04 17:28:25.613437,CLO,2204916.jpg,2204916,2,0,NA
2204918_2,2023-01-04 17:28:21.410354,CLO,2204918.jpg,2204918,2,0,NA
2204925_2,2023-01-04 17:28:15.847878,CLO,2204925.jpg,2204925,2,0,NA
2204926_2,2023-01-04 17:28:08.301001,CLO,2204926.jpg,2204926,2,0,NA
2204927_2,2023-01-04 17:28:06.863563,CLO,2204927.jpg,2204927,2,0,NA
2204928_2,2023-01-04 17:28:06.113542,CLO,2204928.jpg,2204928,2,0,NA
2204946_2,2023-01-04 17:28:05.191708,CLO,2204946.jpg,2204946,2,0,NA
2204945_2,2023-01-04 17:28:04.113518,CLO,2204945.jpg,2204945,2,0,NA
2205068_2,2023-01-04 17:28:00.066680,CLO,2205068.jpg,2205068,2,0,NA
2205086_2,2023-01-04 17:27:54.472930,CLO,2205086.jpg,2205086,2,0,NA
2205118_2,2023-01-04 17:27:50.363585,CLO,2205118.jpg,2205118,2,0,NA
2205136_2,2023-01-04 17:27:47.722982,CLO,2205136.jpg,2205136,2,0,NA
2205682_2,2023-01-04 17:27:44.894856,CLO,2205682.jpg,2205682,2,0,NA
2205692_2,2023-01-04 17:27:42.504249,CLO,2205692.jpg,2205692,2,0,NA
2205704_2,2023-01-04 17:27:40.410506,CLO,2205704.jpg,2205704,2,0,NA
2115044_2,2023-01-04 17:27:38.394890,CLO,2115044.jpg,2115044,2,0,NA
2115059_2,2023-01-04 17:27:36.269892,CLO,2115059.jpg,2115059,2,0,NA
2115060_2,2023-01-04 17:27:31.660519,CLO,2115060.jpg,2115060,2,0,NA
2200604_2,2023-01-04 17:27:29.379317,CLO,2200604.jpg,2200604,2,0,NA
2201557_2,2023-01-04 17:27:25.035565,CLO,2201557.jpg,2201557,2,0,NA
2201651_2,2023-01-04 17:27:22.301218,CLO,2201651.jpg,2201651,2,0,NA
2202490_2,2023-01-04 17:27:13.676491,CLO,2202490.jpg,2202490,2,0,NA
2202852_2,2023-01-04 17:27:09.410630,CLO,2202852.jpg,2202852,2,0,NA
2203227_2,2023-01-04 17:27:05.316909,CLO,2203227.jpg,2203227,2,0,NA
2203280_2,2023-01-04 17:27:00.066911,CLO,2203280.jpg,2203280,2,0,NA
2203374_2,2023-01-04 17:26:59.426290,CLO,2203374.jpg,2203374,2,0,NA
2203385_2,2023-01-04 17:26:58.504392,CLO,2203385.jpg,2203385,2,0,NA
2203382_2,2023-01-04 17:26:57.754425,CLO,2203382.jpg,2203382,2,0,NA
2203427_2,2023-01-04 17:26:55.848184,CLO,2203427.jpg,2203427,2,0,NA
2203512_2,2023-01-04 17:26:52.051291,CLO,2203512.jpg,2203512,2,0,NA
2204119_2,2023-01-04 17:26:48.020089,CLO,2204119.jpg,2204119,2,0,NA
2204114_2,2023-01-04 17:26:42.535732,CLO,2204114.jpg,2204114,2,0,NA
2204125_2,2023-01-04 17:26:37.270120,CLO,2204125.jpg,2204125,2,0,NA
2204134_2,2023-01-04 17:26:34.285917,CLO,2204134.jpg,2204134,2,0,NA
2204139_2,2023-01-04 17:26:32.707631,CLO,2204139.jpg,2204139,2,0,NA
2204174_2,2023-01-04 17:26:30.551428,CLO,2204174.jpg,2204174,2,0,NA
2204170_2,2023-01-04 17:26:28.613901,CLO,2204170.jpg,2204170,2,0,NA
2204179_2,2023-01-04 17:26:27.270160,CLO,2204179.jpg,2204179,2,0,NA
2204258_2,2023-01-04 17:26:26.098300,CLO,2204258.jpg,2204258,2,0,NA
2204308_2,2023-01-04 17:26:24.879545,CLO,2204308.jpg,2204308,2,0,NA
2204419_2,2023-01-04 17:26:23.645157,CLO,2204419.jpg,2204419,2,0,NA
2204437_2,2023-01-04 17:26:21.426417,ACC,2204437.jpg,2204437,2,0,NA
2204774_2,2023-01-04 17:26:14.192094,CLO,2204774.jpg,2204774,2,0,NA
2204808_2,2023-01-04 17:26:06.754627,CLO,2204808.jpg,2204808,2,0,NA
2204812_2,2023-01-04 17:26:04.207789,CLO,2204812.jpg,2204812,2,0,NA
2204900_2,2023-01-04 17:26:03.332850,CLO,2204900.jpg,2204900,2,0,NA
2204903_2,2023-01-04 17:25:59.035912,CLO,2204903.jpg,2204903,2,0,NA
2204904_2,2023-01-04 17:25:57.301514,CLO,2204904.jpg,2204904,2,0,NA
2204942_2,2023-01-04 17:25:54.973425,CLO,2204942.jpg,2204942,2,0,NA
2204943_2,2023-01-04 17:25:53.645318,CLO,2204943.jpg,2204943,2,0,NA
2205010_2,2023-01-04 17:25:52.785896,CLO,2205010.jpg,2205010,2,0,NA
2205049_2,2023-01-04 17:25:50.676548,CLO,2205049.jpg,2205049,2,0,NA
2205138_2,2023-01-04 17:25:47.192256,CLO,2205138.jpg,2205138,2,0,NA
2205463_2,2023-01-04 17:25:44.129711,CLO,2205463.jpg,2205463,2,0,NA
2205673_2,2023-01-04 17:25:37.004747,CLO,2205673.jpg,2205673,2,0,NA
2205747_2,2023-01-04 17:25:32.004765,CLO,2205747.jpg,2205747,2,0,NA
2205804_2,2023-01-04 17:25:25.004951,CLO,2205804.jpg,2205804,2,0,NA
2205813_2,2023-01-04 17:25:21.958004,CLO,2205813.jpg,2205813,2,0,NA
2205918_2,2023-01-04 17:25:21.270413,CLO,2205918.jpg,2205918,2,0,NA
2205927_2,2023-01-04 17:25:20.036044,CLO,2205927.jpg,2205927,2,0,NA
2206144_2,2023-01-04 17:25:18.801680,CLO,2206144.jpg,2206144,2,0,NA
2206343_2,2023-01-04 17:25:17.832912,CLO,2206343.jpg,2206343,2,0,NA
2206381_2,2023-01-04 17:25:14.114204,CLO,2206381.jpg,2206381,2,0,NA
2206344_2,2023-01-04 17:25:08.223593,CLO,2206344.jpg,2206344,2,0,NA
2206427_2,2023-01-04 17:25:01.020471,CLO,2206427.jpg,2206427,2,0,NA
2206469_2,2023-01-04 17:24:59.411675,CLO,2206469.jpg,2206469,2,0,NA
2206467_2,2023-01-04 17:24:58.176753,CLO,2206467.jpg,2206467,2,0,NA
2206484_2,2023-01-04 17:24:57.161126,CLO,2206484.jpg,2206484,2,0,NA
2206490_2,2023-01-04 17:24:55.567408,CLO,2206490.jpg,2206490,2,0,NA
2114667_2,2023-01-04 17:24:52.880489,CLO,2114667.jpg,2114667,2,0,NA
2114687_2,2023-01-04 17:24:49.161169,CLO,2114687.jpg,2114687,2,0,NA
2114695_2,2023-01-04 17:24:45.692574,CLO,2114695.jpg,2114695,2,0,NA
2200490_2,2023-01-04 17:24:44.598675,CLO,2200490.jpg,2200490,2,0,NA
2201829_2,2023-01-04 17:24:43.208192,CLO,2201829.jpg,2201829,2,0,NA
2202323_2,2023-01-04 17:24:42.177350,CLO,2202323.jpg,2202323,2,0,NA
2203551_2,2023-01-04 17:24:39.473678,CLO,2203551.jpg,2203551,2,0,NA
2204077_2,2023-01-04 17:24:34.989346,CLO,2204077.jpg,2204077,2,0,NA
2204410_2,2023-01-04 17:24:31.801850,CLO,2204410.jpg,2204410,2,0,NA
2204426_2,2023-01-04 17:24:30.973936,CLO,2204426.jpg,2204426,2,0,NA
2204898_2,2023-01-04 17:24:30.145684,CLO,2204898.jpg,2204898,2,0,NA
2205011_2,2023-01-04 17:24:28.879987,CLO,2205011.jpg,2205011,2,0,NA
2204932_2,2023-01-04 17:24:27.614347,CLO,2204932.jpg,2204932,2,0,NA
2205141_2,2023-01-04 17:24:25.614353,CLO,2205141.jpg,2205141,2,0,NA
2205078_2,2023-01-04 17:24:24.489418,CLO,2205078.jpg,2205078,2,0,NA
2205717_2,2023-01-04 17:24:22.489381,CLO,2205717.jpg,2205717,2,0,NA
2205736_2,2023-01-04 17:24:21.458160,CLO,2205736.jpg,2205736,2,0,NA
2205903_2,2023-01-04 17:24:18.176919,CLO,2205903.jpg,2205903,2,0,NA
2205901_2,2023-01-04 17:24:14.348784,CLO,2205901.jpg,2205901,2,0,NA
2206087_2,2023-01-04 17:24:10.895717,CLO,2206087.jpg,2206087,2,0,NA
2206126_2,2023-01-04 17:24:09.692568,CLO,2206126.jpg,2206126,2,0,NA
2206871_2,2023-01-04 17:24:08.723818,CLO,2206871.jpg,2206871,2,0,NA
2114909_2,2023-01-04 17:24:07.145679,ACC,2114909.jpg,2114909,2,0,NA
2201281_2,2023-01-04 17:24:05.317563,CLO,2201281.jpg,2201281,2,0,NA
2203105_2,2023-01-04 17:24:03.552146,CLO,2203105.jpg,2203105,2,0,NA
2203274_2,2023-01-04 17:23:59.692602,CLO,2203274.jpg,2203274,2,0,NA
2203230_2,2023-01-04 17:23:57.755129,ACC,2203230.jpg,2203230,2,0,NA
2203515_2,2023-01-04 17:23:55.395758,CLO,2203515.jpg,2203515,2,0,NA
2203952_2,2023-01-04 17:23:52.583234,CLO,2203952.jpg,2203952,2,0,NA
2204015_2,2023-01-04 17:23:51.598867,CLO,2204015.jpg,2204015,2,0,NA
2205672_2,2023-01-04 17:23:49.067626,CLO,2205672.jpg,2205672,2,0,NA
2205695_2,2023-01-04 17:23:42.145867,CLO,2205695.jpg,2205695,2,0,NA
2205851_2,2023-01-04 17:23:35.411502,CLO,2205851.jpg,2205851,2,0,NA
2205856_2,2023-01-04 17:23:28.255053,CLO,2205856.jpg,2205856,2,0,NA
2206149_2,2023-01-04 17:23:24.130067,CLO,2206149.jpg,2206149,2,0,NA
2206152_2,2023-01-04 17:23:14.598774,CLO,2206152.jpg,2206152,2,0,NA
2206258_2,2023-01-04 17:23:11.926875,CLO,2206258.jpg,2206258,2,0,NA
2206440_2,2023-01-04 17:23:08.176891,CLO,2206440.jpg,2206440,2,0,NA
2206483_2,2023-01-04 17:23:06.348753,CLO,2206483.jpg,2206483,2,0,NA
2206582_2,2023-01-04 17:23:01.333118,CLO,2206582.jpg,2206582,2,0,NA
2206935_2,2023-01-04 17:22:55.958117,CLO,2206935.jpg,2206935,2,0,NA
2207001_2,2023-01-04 17:22:49.098737,CLO,2207001.jpg,2207001,2,0,NA
2207011_2,2023-01-04 17:22:45.583335,CLO,2207011.jpg,2207011,2,0,NA
2207076_2,2023-01-04 17:22:43.051834,CLO,2207076.jpg,2207076,2,0,NA
2009784_2,2023-01-04 17:22:41.208099,CLO,2009784.jpg,2009784,2,0,NA
2112328_2,2023-01-04 17:22:39.021338,CLO,2112328.jpg,2112328,2,0,NA
2200607_2,2023-01-04 17:22:37.489353,CLO,2200607.jpg,2200607,2,0,NA
2115540_2,2023-01-04 17:22:34.770697,CLO,2115540.jpg,2115540,2,0,NA
2200237_2,2023-01-04 17:22:33.692413,CLO,2200237.jpg,2200237,2,0,NA
2200391_2,2023-01-04 17:22:32.395566,CLO,2200391.jpg,2200391,2,0,NA
2200725_2,2023-01-04 17:22:29.442424,CLO,2200725.jpg,2200725,2,0,NA
2200730_2,2023-01-04 17:22:26.583053,CLO,2200730.jpg,2200730,2,0,NA
2200904_2,2023-01-04 17:22:24.536166,CLO,2200904.jpg,2200904,2,0,NA
2201304_2,2023-01-04 17:22:21.504917,CLO,2201304.jpg,2201304,2,0,NA
2201319_2,2023-01-04 17:22:15.317408,CLO,2201319.jpg,2201319,2,0,NA
2201367_2,2023-01-04 17:22:09.145520,CLO,2201367.jpg,2201367,2,0,NA
2201413_2,2023-01-04 17:22:01.629936,CLO,2201413.jpg,2201413,2,0,NA
2201417_2,2023-01-04 17:21:56.536100,CLO,2201417.jpg,2201417,2,0,NA
2201599_2,2023-01-04 17:21:53.208158,CLO,2201599.jpg,2201599,2,0,NA
2201991_2,2023-01-04 17:21:48.567334,CLO,2201991.jpg,2201991,2,0,NA
2202652_2,2023-01-04 17:21:44.989207,CLO,2202652.jpg,2202652,2,0,NA
2202795_2,2023-01-04 17:21:40.332971,CLO,2202795.jpg,2202795,2,0,NA
2202833_2,2023-01-04 17:21:37.083052,CLO,2202833.jpg,2202833,2,0,NA
2202926_2,2023-01-04 17:21:34.754923,CLO,2202926.jpg,2202926,2,0,NA
2203149_2,2023-01-04 17:21:31.832940,CLO,2203149.jpg,2203149,2,0,NA
2203163_2,2023-01-04 17:21:29.348553,CLO,2203163.jpg,2203163,2,0,NA
2203305_2,2023-01-04 17:21:26.848531,CLO,2203305.jpg,2203305,2,0,NA
2203476_2,2023-01-04 17:21:24.254782,CLO,2203476.jpg,2203476,2,0,NA
2203505_2,2023-01-04 17:21:19.082881,CLO,2203505.jpg,2203505,2,0,NA
2203507_2,2023-01-04 17:21:10.833070,CLO,2203507.jpg,2203507,2,0,NA
2203517_2,2023-01-04 17:21:07.801631,CLO,2203517.jpg,2203517,2,0,NA
2203531_2,2023-01-04 17:21:05.707860,CLO,2203531.jpg,2203531,2,0,NA
2203630_2,2023-01-04 17:21:01.489105,CLO,2203630.jpg,2203630,2,0,NA
2204076_2,2023-01-04 17:20:59.176605,CLO,2204076.jpg,2204076,2,0,NA
2204058_2,2023-01-04 17:20:52.817202,CLO,2204058.jpg,2204058,2,0,NA
2204087_2,2023-01-04 17:20:46.239070,CLO,2204087.jpg,2204087,2,0,NA
2204150_2,2023-01-04 17:20:44.160949,CLO,2204150.jpg,2204150,2,0,NA
2204811_2,2023-01-04 17:20:41.473433,CLO,2204811.jpg,2204811,2,0,NA
2204388_2,2023-01-04 17:20:38.192159,CLO,2204388.jpg,2204388,2,0,NA
2204819_2,2023-01-04 17:20:35.614083,CLO,2204819.jpg,2204819,2,0,NA
2204840_2,2023-01-04 17:20:33.754663,CLO,2204840.jpg,2204840,2,0,NA
2204959_2,2023-01-04 17:20:30.910923,CLO,2204959.jpg,2204959,2,0,NA
2204996_2,2023-01-04 17:20:26.207787,CLO,2204996.jpg,2204996,2,0,NA
2205168_2,2023-01-04 17:20:21.739219,CLO,2205168.jpg,2205168,2,0,NA
2205176_2,2023-01-04 17:20:18.692178,CLO,2205176.jpg,2205176,2,0,NA
2205280_2,2023-01-04 17:20:16.535929,CLO,2205280.jpg,2205280,2,0,NA
2205456_2,2023-01-04 17:20:11.051821,CLO,2205456.jpg,2205456,2,0,NA
2205442_2,2023-01-04 17:20:06.661037,CLO,2205442.jpg,2205442,2,0,NA
2205459_2,2023-01-04 17:20:01.364190,CLO,2205459.jpg,2205459,2,0,NA
2205461_2,2023-01-04 17:19:56.848323,CLO,2205461.jpg,2205461,2,0,NA
2205923_2,2023-01-04 17:19:51.879556,CLO,2205923.jpg,2205923,2,0,NA
2205953_2,2023-01-04 17:19:46.004574,CLO,2205953.jpg,2205953,2,0,NA
2205938_2,2023-01-04 17:19:37.910769,CLO,2205938.jpg,2205938,2,0,NA
2218368_2,2023-01-04 17:19:37.120505,ACC,2218368.jpg,2218368,2,0,NA
2200450_2,2023-01-04 17:19:30.582680,CLO,2200450.jpg,2200450,2,0,NA
2201585_2,2023-01-04 17:19:23.285776,CLO,2201585.jpg,2201585,2,0,NA
2202646_2,2023-01-04 17:19:15.129491,CLO,2202646.jpg,2202646,2,0,NA
2203240_2,2023-01-04 17:19:10.691992,CLO,2203240.jpg,2203240,2,0,NA
2204142_2,2023-01-04 17:19:08.207617,CLO,2204142.jpg,2204142,2,0,NA
2205788_2,2023-01-04 17:19:06.723229,CLO,2205788.jpg,2205788,2,0,NA
2205705_2,2023-01-04 17:19:02.801344,CLO,2205705.jpg,2205705,2,0,NA
2205959_2,2023-01-04 17:18:59.254683,CLO,2205959.jpg,2205959,2,0,NA
2205988_2,2023-01-04 17:18:54.379455,CLO,2205988.jpg,2205988,2,0,NA
2206048_2,2023-01-04 17:18:49.160673,CLO,2206048.jpg,2206048,2,0,NA
2206057_2,2023-01-04 17:18:47.738803,CLO,2206057.jpg,2206057,2,0,NA
2206174_2,2023-01-04 17:18:47.035669,CLO,2206174.jpg,2206174,2,0,NA
2206259_2,2023-01-04 17:18:45.770053,CLO,2206259.jpg,2206259,2,0,NA
2206306_2,2023-01-04 17:18:42.504436,CLO,2206306.jpg,2206306,2,0,NA
2206471_2,2023-01-04 17:18:36.879407,CLO,2206471.jpg,2206471,2,0,NA
2206511_2,2023-01-04 17:18:34.785639,CLO,2206511.jpg,2206511,2,0,NA
2206612_2,2023-01-04 17:18:31.270025,CLO,2206612.jpg,2206612,2,0,NA
2202577_2,2023-01-04 17:18:28.254522,CLO,2202577.jpg,2202577,2,0,NA
2203596_2,2023-01-04 17:18:25.426260,CLO,2203596.jpg,2203596,2,0,NA
2203820_2,2023-01-04 17:18:24.613860,SHO,2203820.jpg,2203820,2,0,NA
2204430_2,2023-01-04 17:18:22.473108,CLO,2204430.jpg,2204430,2,0,NA
2204944_2,2023-01-04 17:18:20.660606,CLO,2204944.jpg,2204944,2,0,NA
2205057_2,2023-01-04 17:18:18.066850,CLO,2205057.jpg,2205057,2,0,NA
2205696_2,2023-01-04 17:18:16.848213,CLO,2205696.jpg,2205696,2,0,NA
2205686_2,2023-01-04 17:18:14.223082,CLO,2205686.jpg,2205686,2,0,NA
2205793_2,2023-01-04 17:18:10.926368,CLO,2205793.jpg,2205793,2,0,NA
2206035_2,2023-01-04 17:18:06.598075,CLO,2206035.jpg,2206035,2,0,NA
2206044_2,2023-01-04 17:18:04.098077,CLO,2206044.jpg,2206044,2,0,NA
2206123_2,2023-01-04 17:18:02.488691,CLO,2206123.jpg,2206123,2,0,NA
2206242_2,2023-01-04 17:18:00.629320,CLO,2206242.jpg,2206242,2,0,NA
2206465_2,2023-01-04 17:17:54.082454,CLO,2206465.jpg,2206465,2,0,NA
2206513_2,2023-01-04 17:17:48.348042,CLO,2206513.jpg,2206513,2,0,NA
2206581_2,2023-01-04 17:17:46.160628,CLO,2206581.jpg,2206581,2,0,NA
2206620_2,2023-01-04 17:17:41.816784,CLO,2206620.jpg,2206620,2,0,NA
2207918_2,2023-01-04 17:17:35.551181,CLO,2207918.jpg,2207918,2,0,NA
2112343_2,2023-01-04 17:17:32.645075,CLO,2112343.jpg,2112343,2,0,NA
2202987_2,2023-01-04 17:17:28.738736,CLO,2202987.jpg,2202987,2,0,NA
2205699_2,2023-01-04 17:17:27.363617,CLO,2205699.jpg,2205699,2,0,NA
2205776_2,2023-01-04 17:17:24.473264,CLO,2205776.jpg,2205776,2,0,NA
2205786_2,2023-01-04 17:17:20.910494,CLO,2205786.jpg,2205786,2,0,NA
2205794_2,2023-01-04 17:17:15.644865,CLO,2205794.jpg,2205794,2,0,NA
2205962_2,2023-01-04 17:17:14.629220,CLO,2205962.jpg,2205962,2,0,NA
2205897_2,2023-01-04 17:17:13.285457,CLO,2205897.jpg,2205897,2,0,NA
2206065_2,2023-01-04 17:17:11.848053,CLO,2206065.jpg,2206065,2,0,NA
2206088_2,2023-01-04 17:17:10.097961,CLO,2206088.jpg,2206088,2,0,NA
2206091_2,2023-01-04 17:17:05.332331,CLO,2206091.jpg,2206091,2,0,NA
2206098_2,2023-01-04 17:16:57.832292,CLO,2206098.jpg,2206098,2,0,NA
2206107_2,2023-01-04 17:16:52.113553,CLO,2206107.jpg,2206107,2,0,NA
2206143_2,2023-01-04 17:16:49.269788,CLO,2206143.jpg,2206143,2,0,NA
2206239_2,2023-01-04 17:16:47.348054,CLO,2206239.jpg,2206239,2,0,NA
2206253_2,2023-01-04 17:16:45.176064,CLO,2206253.jpg,2206253,2,0,NA
2206254_2,2023-01-04 17:16:43.144779,CLO,2206254.jpg,2206254,2,0,NA
2206330_2,2023-01-04 17:16:40.488603,CLO,2206330.jpg,2206330,2,0,NA
2206307_2,2023-01-04 17:16:37.176028,CLO,2206307.jpg,2206307,2,0,NA
2206396_2,2023-01-04 17:16:33.285396,CLO,2206396.jpg,2206396,2,0,NA
2206406_2,2023-01-04 17:16:31.879142,CLO,2206406.jpg,2206406,2,0,NA
2206426_2,2023-01-04 17:16:28.769747,CLO,2206426.jpg,2206426,2,0,NA
2206428_2,2023-01-04 17:16:25.910347,CLO,2206428.jpg,2206428,2,0,NA
2206431_2,2023-01-04 17:16:23.988467,CLO,2206431.jpg,2206431,2,0,NA
2206432_2,2023-01-04 17:16:20.707242,CLO,2206432.jpg,2206432,2,0,NA
2206433_2,2023-01-04 17:16:17.660422,CLO,2206433.jpg,2206433,2,0,NA
2206438_2,2023-01-04 17:16:15.191694,CLO,2206438.jpg,2206438,2,0,NA
2206461_2,2023-01-04 17:16:11.629198,CLO,2206461.jpg,2206461,2,0,NA
2206487_2,2023-01-04 17:16:06.160343,CLO,2206487.jpg,2206487,2,0,NA
2206712_2,2023-01-04 17:16:03.285323,CLO,2206712.jpg,2206712,2,0,NA
2207008_2,2023-01-04 17:16:01.613436,CLO,2207008.jpg,2207008,2,0,NA
2207023_2,2023-01-04 17:15:58.847801,CLO,2207023.jpg,2207023,2,0,NA
2207344_2,2023-01-04 17:15:55.894669,CLO,2207344.jpg,2207344,2,0,NA
2204163_2,2023-01-04 17:15:52.175914,CLO,2204163.jpg,2204163,2,0,NA
2205471_2,2023-01-04 17:15:50.863438,CLO,2205471.jpg,2205471,2,0,NA
2206721_2,2023-01-04 17:15:49.254029,CLO,2206721.jpg,2206721,2,0,NA
2206993_2,2023-01-04 17:15:48.504031,CLO,2206993.jpg,2206993,2,0,NA
2207217_2,2023-01-04 17:15:44.347773,CLO,2207217.jpg,2207217,2,0,NA
2207252_2,2023-01-04 17:15:40.660270,CLO,2207252.jpg,2207252,2,0,NA
2112896_2,2023-01-04 17:15:38.816505,CLO,2112896.jpg,2112896,2,0,NA
2201478_2,2023-01-04 17:15:37.394630,CLO,2201478.jpg,2201478,2,0,NA
2201586_2,2023-01-04 17:15:35.035295,CLO,2201586.jpg,2201586,2,0,NA
2202433_2,2023-01-04 17:15:32.832140,CLO,2202433.jpg,2202433,2,0,NA
2202613_2,2023-01-04 17:15:29.363344,CLO,2202613.jpg,2202613,2,0,NA
2203199_2,2023-01-04 17:15:25.816486,CLO,2203199.jpg,2203199,2,0,NA
2203955_2,2023-01-04 17:15:25.097716,CLO,2203955.jpg,2203955,2,0,NA
2204358_2,2023-01-04 17:15:23.988335,CLO,2204358.jpg,2204358,2,0,NA
2205521_2,2023-01-04 17:15:17.425832,CLO,2205521.jpg,2205521,2,0,NA
2205014_2,2023-01-04 17:15:13.316440,CLO,2205014.jpg,2205014,2,0,NA
2205799_2,2023-01-04 17:15:12.457060,CLO,2205799.jpg,2205799,2,0,NA
2205934_2,2023-01-04 17:15:08.660209,CLO,2205934.jpg,2205934,2,0,NA
2206062_2,2023-01-04 17:15:06.269562,CLO,2206062.jpg,2206062,2,0,NA
2206142_2,2023-01-04 17:15:02.535186,CLO,2206142.jpg,2206142,2,0,NA
2206238_2,2023-01-04 17:15:00.519559,CLO,2206238.jpg,2206238,2,0,NA
2206251_2,2023-01-04 17:14:59.144616,CLO,2206251.jpg,2206251,2,0,NA
2206521_2,2023-01-04 17:14:57.644555,CLO,2206521.jpg,2206521,2,0,NA
2206569_2,2023-01-04 17:14:55.253914,CLO,2206569.jpg,2206569,2,0,NA
2206669_2,2023-01-04 17:14:48.722636,CLO,2206669.jpg,2206669,2,0,NA
2207031_2,2023-01-04 17:14:43.003870,CLO,2207031.jpg,2207031,2,0,NA
2207235_2,2023-01-04 17:14:41.128871,CLO,2207235.jpg,2207235,2,0,NA
2207294_2,2023-01-04 17:14:40.410109,CLO,2207294.jpg,2207294,2,0,NA
2209269_2,2023-01-04 17:14:39.441363,CLO,2209269.jpg,2209269,2,0,NA
2203556_2,2023-01-04 17:14:36.457063,CLO,2203556.jpg,2203556,2,0,NA
2204279_2,2023-01-04 17:14:35.081975,CLO,2204279.jpg,2204279,2,0,NA
2204413_2,2023-01-04 17:14:32.316370,CLO,2204413.jpg,2204413,2,0,NA
2205898_2,2023-01-04 17:14:28.988242,CLO,2205898.jpg,2205898,2,0,NA
2206158_2,2023-01-04 17:14:25.660092,CLO,2206158.jpg,2206158,2,0,NA
2206319_2,2023-01-04 17:14:23.191447,CLO,2206319.jpg,2206319,2,0,NA
2206424_2,2023-01-04 17:14:19.300718,CLO,2206424.jpg,2206424,2,0,NA
2207225_2,2023-01-04 17:14:15.972603,CLO,2207225.jpg,2207225,2,0,NA
2207243_2,2023-01-04 17:14:12.660143,CLO,2207243.jpg,2207243,2,0,NA
2011066_2,2023-01-04 17:14:11.878799,CLO,2011066.jpg,2011066,2,0,NA
2109688_2,2023-01-04 17:14:11.082011,CLO,2109688.jpg,2109688,2,0,NA
2112519_2,2023-01-04 17:14:08.425690,CLO,2112519.jpg,2112519,2,0,NA
2114632_2,2023-01-04 17:14:04.456927,CLO,2114632.jpg,2114632,2,0,NA
2200968_2,2023-01-04 17:13:59.644398,CLO,2200968.jpg,2200968,2,0,NA
2201508_2,2023-01-04 17:13:56.003849,CLO,2201508.jpg,2201508,2,0,NA
2201509_2,2023-01-04 17:13:54.972526,CLO,2201509.jpg,2201509,2,0,NA
2201530_2,2023-01-04 17:13:51.378722,CLO,2201530.jpg,2201530,2,0,NA
2201576_2,2023-01-04 17:13:49.441293,CLO,2201576.jpg,2201576,2,0,NA
2201573_2,2023-01-04 17:13:47.222389,CLO,2201573.jpg,2201573,2,0,NA
2202116_2,2023-01-04 17:13:45.691125,CLO,2202116.jpg,2202116,2,0,NA
2202120_2,2023-01-04 17:13:44.331743,CLO,2202120.jpg,2202120,2,0,NA
2202584_2,2023-01-04 17:13:38.519141,CLO,2202584.jpg,2202584,2,0,NA
2202581_2,2023-01-04 17:13:35.519106,CLO,2202581.jpg,2202581,2,0,NA
2202591_2,2023-01-04 17:13:31.284665,CLO,2202591.jpg,2202591,2,0,NA
2202921_2,2023-01-04 17:13:28.128367,CLO,2202921.jpg,2202921,2,0,NA
2202923_2,2023-01-04 17:13:25.612706,CLO,2202923.jpg,2202923,2,0,NA
2202925_2,2023-01-04 17:13:23.315773,CLO,2202925.jpg,2202925,2,0,NA
2203029_2,2023-01-04 17:13:22.065756,CLO,2203029.jpg,2203029,2,0,NA
2203034_2,2023-01-04 17:13:19.362590,CLO,2203034.jpg,2203034,2,0,NA
2203035_2,2023-01-04 17:13:14.143763,CLO,2203035.jpg,2203035,2,0,NA
2203099_2,2023-01-04 17:13:09.721820,CLO,2203099.jpg,2203099,2,0,NA
2203277_2,2023-01-04 17:13:03.299850,CLO,2203277.jpg,2203277,2,0,NA
2203281_2,2023-01-04 17:12:57.190403,CLO,2203281.jpg,2203281,2,0,NA
2203283_2,2023-01-04 17:12:50.002778,CLO,2203283.jpg,2203283,2,0,NA
2204105_2,2023-01-04 17:12:49.190257,CLO,2204105.jpg,2204105,2,0,NA
2204541_2,2023-01-04 17:12:47.752759,CLO,2204541.jpg,2204541,2,0,NA
2204540_2,2023-01-04 17:12:43.784049,CLO,2204540.jpg,2204540,2,0,NA
2204547_2,2023-01-04 17:12:40.471391,CLO,2204547.jpg,2204547,2,0,NA
2205473_2,2023-01-04 17:12:36.377570,CLO,2205473.jpg,2205473,2,0,NA
2205581_2,2023-01-04 17:12:34.846298,CLO,2205581.jpg,2205581,2,0,NA
2205576_2,2023-01-04 17:12:32.361885,CLO,2205576.jpg,2205576,2,0,NA
2206257_2,2023-01-04 17:12:26.752468,CLO,2206257.jpg,2206257,2,0,NA
2205811_2,2023-01-04 17:12:20.814827,CLO,2205811.jpg,2205811,2,0,NA
2204004_2,2023-01-04 17:12:18.877315,CLO,2204004.jpg,2204004,2,0,NA
2206503_2,2023-01-04 17:12:17.518038,CLO,2206503.jpg,2206503,2,0,NA
2206505_2,2023-01-04 17:12:10.220937,CLO,2206505.jpg,2206505,2,0,NA
2206506_2,2023-01-04 17:12:02.955247,CLO,2206506.jpg,2206506,2,0,NA
2206916_2,2023-01-04 17:11:59.845905,CLO,2206916.jpg,2206916,2,0,NA
2207642_2,2023-01-04 17:11:57.517623,CLO,2207642.jpg,2207642,2,0,NA
2203387_2,2023-01-04 17:11:54.002085,CLO,2203387.jpg,2203387,2,0,NA
2203462_2,2023-01-04 17:11:47.689406,CLO,2203462.jpg,2203462,2,0,NA
2203464_2,2023-01-04 17:11:41.876767,CLO,2203464.jpg,2203464,2,0,NA
2203460_2,2023-01-04 17:11:39.626735,CLO,2203460.jpg,2203460,2,0,NA
2204111_2,2023-01-04 17:11:37.814204,CLO,2204111.jpg,2204111,2,0,NA
2204108_2,2023-01-04 17:11:36.923547,CLO,2204108.jpg,2204108,2,0,NA
2010182_2,2023-01-04 17:11:33.251615,CLO,2010182.jpg,2010182,2,0,NA
2010185_2,2023-01-04 17:11:29.376575,CLO,2010185.jpg,2010185,2,0,NA
2111868_2,2023-01-04 17:11:25.517161,CLO,2111868.jpg,2111868,2,0,NA
2109811_2,2023-01-04 17:11:24.392122,CLO,2109811.jpg,2109811,2,0,NA
2112522_2,2023-01-04 17:11:20.438951,CLO,2112522.jpg,2112522,2,0,NA
2112520_2,2023-01-04 17:11:15.579494,CLO,2112520.jpg,2112520,2,0,NA
2112526_2,2023-01-04 17:11:13.251376,CLO,2112526.jpg,2112526,2,0,NA
2112529_2,2023-01-04 17:11:10.329409,CLO,2112529.jpg,2112529,2,0,NA
2112595_2,2023-01-04 17:11:08.376346,CLO,2112595.jpg,2112595,2,0,NA
2112596_2,2023-01-04 17:11:05.548084,CLO,2112596.jpg,2112596,2,0,NA
2112597_2,2023-01-04 17:11:03.923057,CLO,2112597.jpg,2112597,2,0,NA
2112598_2,2023-01-04 17:11:02.969928,CLO,2112598.jpg,2112598,2,0,NA
2112708_2,2023-01-04 17:11:01.454281,CLO,2112708.jpg,2112708,2,0,NA
2112701_2,2023-01-04 17:10:59.485499,CLO,2112701.jpg,2112701,2,0,NA
2113167_2,2023-01-04 17:10:56.126043,CLO,2113167.jpg,2113167,2,0,NA
2113194_2,2023-01-04 17:10:49.188887,CLO,2113194.jpg,2113194,2,0,NA
2113178_2,2023-01-04 17:10:40.828955,CLO,2113178.jpg,2113178,2,0,NA
2113201_2,2023-01-04 17:10:38.141535,CLO,2113201.jpg,2113201,2,0,NA
2113260_2,2023-01-04 17:10:35.688260,CLO,2113260.jpg,2113260,2,0,NA
2113443_2,2023-01-04 17:10:33.203830,CLO,2113443.jpg,2113443,2,0,NA
2113524_2,2023-01-04 17:10:31.531955,CLO,2113524.jpg,2113524,2,0,NA
2113525_2,2023-01-04 17:10:23.863944,CLO,2113525.jpg,2113525,2,0,NA
2113526_2,2023-01-04 17:10:15.828577,CLO,2113526.jpg,2113526,2,0,NA
2113545_2,2023-01-04 17:10:12.125398,CLO,2113545.jpg,2113545,2,0,NA
2114218_2,2023-01-04 17:10:08.750588,CLO,2114218.jpg,2114218,2,0,NA
2114220_2,2023-01-04 17:10:00.547195,CLO,2114220.jpg,2114220,2,0,NA
2114222_2,2023-01-04 17:09:54.156472,CLO,2114222.jpg,2114222,2,0,NA
2114224_2,2023-01-04 17:09:45.968925,CLO,2114224.jpg,2114224,2,0,NA
2114229_2,2023-01-04 17:09:40.296785,CLO,2114229.jpg,2114229,2,0,NA
2114226_2,2023-01-04 17:09:29.921635,CLO,2114226.jpg,2114226,2,0,NA
2114231_2,2023-01-04 17:09:27.187216,CLO,2114231.jpg,2114231,2,0,NA
2114234_2,2023-01-04 17:09:23.015271,CLO,2114234.jpg,2114234,2,0,NA
2114626_2,2023-01-04 17:09:18.984141,CLO,2114626.jpg,2114626,2,0,NA
2114649_2,2023-01-04 17:09:16.608962,CLO,2114649.jpg,2114649,2,0,NA
2115196_2,2023-01-04 17:09:07.655653,CLO,2115196.jpg,2115196,2,0,NA
2115198_2,2023-01-04 17:09:06.015034,CLO,2115198.jpg,2115198,2,0,NA
2115304_2,2023-01-04 17:09:04.765155,CLO,2115304.jpg,2115304,2,0,NA
2115305_2,2023-01-04 17:09:02.764973,CLO,2115305.jpg,2115305,2,0,NA
2115745_2,2023-01-04 17:09:01.561843,CLO,2115745.jpg,2115745,2,0,NA
2115744_2,2023-01-04 17:09:00.327440,CLO,2115744.jpg,2115744,2,0,NA
2115747_2,2023-01-04 17:08:57.921157,CLO,2115747.jpg,2115747,2,0,NA
2115749_2,2023-01-04 17:08:55.968034,CLO,2115749.jpg,2115749,2,0,NA
2115750_2,2023-01-04 17:08:53.217916,CLO,2115750.jpg,2115750,2,0,NA
2115827_2,2023-01-04 17:08:51.843279,CLO,2115827.jpg,2115827,2,0,NA
2115829_2,2023-01-04 17:08:50.514777,CLO,2115829.jpg,2115829,2,0,NA
2115966_2,2023-01-04 17:08:48.967771,CLO,2115966.jpg,2115966,2,0,NA
2116104_2,2023-01-04 17:08:46.717641,CLO,2116104.jpg,2116104,2,0,NA
2116079_2,2023-01-04 17:08:41.139272,CLO,2116079.jpg,2116079,2,0,NA
2116107_2,2023-01-04 17:08:32.466931,CLO,2116107.jpg,2116107,2,0,NA
2200052_2,2023-01-04 17:08:18.106894,CLO,2200052.jpg,2200052,2,0,NA
2200197_2,2023-01-04 17:08:16.122504,CLO,2200197.jpg,2200197,2,0,NA
2200198_2,2023-01-04 17:08:14.810040,CLO,2200198.jpg,2200198,2,0,NA
2200200_2,2023-01-04 17:08:11.700427,CLO,2200200.jpg,2200200,2,0,NA
2200288_2,2023-01-04 17:08:10.325405,CLO,2200288.jpg,2200288,2,0,NA
2200289_2,2023-01-04 17:08:08.997095,CLO,2200289.jpg,2200289,2,0,NA
2200977_2,2023-01-04 17:08:08.106414,CLO,2200977.jpg,2200977,2,0,NA
2200995_2,2023-01-04 17:08:05.856320,CLO,2200995.jpg,2200995,2,0,NA
2200996_2,2023-01-04 17:08:03.809316,CLO,2200996.jpg,2200996,2,0,NA
2200997_2,2023-01-04 17:07:59.543490,CLO,2200997.jpg,2200997,2,0,NA
2201017_2,2023-01-04 17:07:56.903069,CLO,2201017.jpg,2201017,2,0,NA
2201066_2,2023-01-04 17:07:55.215828,CLO,2201066.jpg,2201066,2,0,NA
2201071_2,2023-01-04 17:07:53.277616,CLO,2201071.jpg,2201071,2,0,NA
2201075_2,2023-01-04 17:07:51.574377,CLO,2201075.jpg,2201075,2,0,NA
2201072_2,2023-01-04 17:07:50.324317,CLO,2201072.jpg,2201072,2,0,NA
2201279_2,2023-01-04 17:07:48.636743,CLO,2201279.jpg,2201279,2,0,NA
2201287_2,2023-01-04 17:07:47.402316,CLO,2201287.jpg,2201287,2,0,NA
2201286_2,2023-01-04 17:07:44.949064,CLO,2201286.jpg,2201286,2,0,NA
2201520_2,2023-01-04 17:07:42.542687,CLO,2201520.jpg,2201520,2,0,NA
2202123_2,2023-01-04 17:07:39.464420,CLO,2202123.jpg,2202123,2,0,NA
2202583_2,2023-01-04 17:07:36.058093,CLO,2202583.jpg,2202583,2,0,NA
2202585_2,2023-01-04 17:07:31.401945,CLO,2202585.jpg,2202585,2,0,NA
2202587_2,2023-01-04 17:07:29.823350,CLO,2202587.jpg,2202587,2,0,NA
2202920_2,2023-01-04 17:07:28.151396,CLO,2202920.jpg,2202920,2,0,NA
2114651_2,2023-01-04 17:07:25.104342,CLO,2114651.jpg,2114651,2,0,NA
2203032_2,2023-01-04 17:07:22.604254,CLO,2203032.jpg,2203032,2,0,NA
2206129_2,2023-01-04 17:07:19.823149,CLO,2206129.jpg,2206129,2,0,NA
2206568_2,2023-01-04 17:07:17.635399,CLO,2206568.jpg,2206568,2,0,NA
2207013_2,2023-01-04 17:07:16.150836,CLO,2207013.jpg,2207013,2,0,NA
2207068_2,2023-01-04 17:07:14.400720,CLO,2207068.jpg,2207068,2,0,NA
2207066_2,2023-01-04 17:07:12.853860,CLO,2207066.jpg,2207066,2,0,NA
2200018_2,2023-01-04 17:07:10.478682,CLO,2200018.jpg,2200018,2,0,NA
2206103_2,2023-01-04 17:07:08.509835,CLO,2206103.jpg,2206103,2,0,NA
2206106_2,2023-01-04 17:07:07.228524,CLO,2206106.jpg,2206106,2,0,NA
2207439_2,2023-01-04 17:07:04.994129,CLO,2207439.jpg,2207439,2,0,NA
2113645_2,2023-01-04 17:07:01.446998,CLO,2113645.jpg,2113645,2,0,NA
2208508_2,2023-01-04 17:06:56.884278,CLO,2208508.jpg,2208508,2,0,NA
2208760_2,2023-01-04 17:06:52.446563,CLO,2208760.jpg,2208760,2,0,NA
2208832_2,2023-01-04 17:06:48.727630,CLO,2208832.jpg,2208832,2,0,NA
2206102_2,2023-01-04 17:06:47.477591,CLO,2206102.jpg,2206102,2,0,NA
2206441_2,2023-01-04 17:06:42.524202,CLO,2206441.jpg,2206441,2,0,NA
2206444_2,2023-01-04 17:06:34.383185,CLO,2206444.jpg,2206444,2,0,NA
2207193_2,2023-01-04 17:06:26.929716,CLO,2207193.jpg,2207193,2,0,NA
2207199_2,2023-01-04 17:06:22.726465,CLO,2207199.jpg,2207199,2,0,NA
2207200_2,2023-01-04 17:06:16.210492,CLO,2207200.jpg,2207200,2,0,NA
2207203_2,2023-01-04 17:06:09.632049,CLO,2207203.jpg,2207203,2,0,NA
2207201_2,2023-01-04 17:06:06.085382,CLO,2207201.jpg,2207201,2,0,NA
2208319_2,2023-01-04 17:06:02.256682,CLO,2208319.jpg,2208319,2,0,NA
2209760_2,2023-01-04 17:06:01.256661,CLO,2209760.jpg,2209760,2,0,NA
2206256_2,2023-01-04 17:05:38.693070,CLO,2206256.jpg,2206256,2,0,NA
2100757_2,2023-01-04 17:05:38.036797,ACC,2100757.jpg,2100757,2,0,NA
2110047_2,2023-01-04 17:05:37.443032,JEW,2110047.jpg,2110047,2,0,NA
2207437_2,2023-01-04 17:05:36.849323,CLO,2207437.jpg,2207437,2,0,NA
2208478_2,2023-01-04 17:05:36.239819,CLO,2208478.jpg,2208478,2,0,NA
2209267_2,2023-01-04 17:05:35.614798,CLO,2209267.jpg,2209267,2,0,NA
2209727_2,2023-01-04 17:05:34.943027,CLO,2209727.jpg,2209727,2,0,NA
2209817_2,2023-01-04 17:05:34.395986,CLO,2209817.jpg,2209817,2,0,NA
2210390_2,2023-01-04 17:05:33.739750,CLO,2210390.jpg,2210390,2,0,NA
2205891_2,2023-01-04 17:05:33.114688,CLO,2205891.jpg,2205891,2,0,NA
2206489_2,2023-01-04 17:05:32.520888,CLO,2206489.jpg,2206489,2,0,NA
2207959_2,2023-01-04 17:05:31.958424,CLO,2207959.jpg,2207959,2,0,NA
2210805_2,2023-01-04 17:05:31.223980,CLO,2210805.jpg,2210805,2,0,NA
2208255_2,2023-01-04 17:05:30.536433,CLO,2208255.jpg,2208255,2,0,NA
2206383_2,2023-01-04 17:05:29.942680,CLO,2206383.jpg,2206383,2,0,NA
2110350_2,2023-01-04 17:05:29.286383,CLO,2110350.jpg,2110350,2,0,NA
2114030_2,2023-01-04 17:05:28.723858,CLO,2114030.jpg,2114030,2,0,NA
2115390_2,2023-01-04 17:05:28.145702,CLO,2115390.jpg,2115390,2,0,NA
2116055_2,2023-01-04 17:05:27.380043,CLO,2116055.jpg,2116055,2,0,NA
2200175_2,2023-01-04 17:05:26.770654,CLO,2200175.jpg,2200175,2,0,NA
2200178_2,2023-01-04 17:05:25.973716,CLO,2200178.jpg,2200178,2,0,NA
2200451_2,2023-01-04 17:05:25.333077,CLO,2200451.jpg,2200451,2,0,NA
2200657_2,2023-01-04 17:05:24.723689,CLO,2200657.jpg,2200657,2,0,NA
2200669_2,2023-01-04 17:05:24.098700,CLO,2200669.jpg,2200669,2,0,NA
2200689_2,2023-01-04 17:05:23.504862,CLO,2200689.jpg,2200689,2,0,NA
2200786_2,2023-01-04 17:05:22.864194,CLO,2200786.jpg,2200786,2,0,NA
2200829_2,2023-01-04 17:05:22.301690,CLO,2200829.jpg,2200829,2,0,NA
2201012_2,2023-01-04 17:05:21.754770,CLO,2201012.jpg,2201012,2,0,NA
2201036_2,2023-01-04 17:05:21.192249,CLO,2201036.jpg,2201036,2,0,NA
2201214_2,2023-01-04 17:05:20.582836,CLO,2201214.jpg,2201214,2,0,NA
2201371_2,2023-01-04 17:05:19.942257,CLO,2201371.jpg,2201371,2,0,NA
2201335_2,2023-01-04 17:05:19.239033,CLO,2201335.jpg,2201335,2,0,NA
2201707_2,2023-01-04 17:05:18.707752,CLO,2201707.jpg,2201707,2,0,NA
2202470_2,2023-01-04 17:05:18.098343,CLO,2202470.jpg,2202470,2,0,NA
2202508_2,2023-01-04 17:05:17.473319,CLO,2202508.jpg,2202508,2,0,NA
2202855_2,2023-01-04 17:05:16.942053,CLO,2202855.jpg,2202855,2,0,NA
2202861_2,2023-01-04 17:05:16.332640,CLO,2202861.jpg,2202861,2,0,NA
2203211_2,2023-01-04 17:05:15.707588,CLO,2203211.jpg,2203211,2,0,NA
2203242_2,2023-01-04 17:05:15.098189,CLO,2203242.jpg,2203242,2,0,NA
2203373_2,2023-01-04 17:05:14.535656,CLO,2203373.jpg,2203373,2,0,NA
2203433_2,2023-01-04 17:05:13.941879,CLO,2203433.jpg,2203433,2,0,NA
2203466_2,2023-01-04 17:05:13.348105,CLO,2203466.jpg,2203466,2,0,NA
2201011_2,2023-01-04 17:05:12.785601,CLO,2201011.jpg,2201011,2,0,NA
2200976_2,2023-01-04 17:05:12.176204,CLO,2200976.jpg,2200976,2,0,NA
2206084_2,2023-01-04 17:05:11.394901,CLO,2206084.jpg,2206084,2,0,NA
2207244_2,2023-01-04 17:05:10.863656,CLO,2207244.jpg,2207244,2,0,NA
2209975_2,2023-01-04 17:05:10.019843,CLO,2209975.jpg,2209975,2,0,NA
2201529_2,2023-01-04 17:05:09.316672,CLO,2201529.jpg,2201529,2,0,NA
2200061_2,2023-01-04 17:05:08.691662,CLO,2200061.jpg,2200061,2,0,NA
2115484_2,2023-01-04 17:05:08.082249,CLO,2115484.jpg,2115484,2,0,NA
2213083_2,2023-01-04 17:05:07.457219,CLO,2213083.jpg,2213083,2,0,NA
2218345_2,2023-01-04 17:05:06.738450,JEW,2218345.jpg,2218345,2,0,NA
2007815_2,2023-01-04 17:05:06.207149,SHO,2007815.jpg,2007815,2,0,NA
2012965_2,2023-01-04 17:05:05.769660,SHO,2012965.jpg,2012965,2,0,NA
2200818_2,2023-01-04 17:05:05.191479,CLO,2200818.jpg,2200818,2,0,NA
2209960_2,2023-01-04 17:05:04.566551,SHO,2209960.jpg,2209960,2,0,NA
2004346_2,2023-01-04 17:05:03.425856,SHO,2004346.jpg,2004346,2,0,NA
1508031_1,2023-01-04 17:05:02.847624,ACC,1508031.jpg,1508031,1,0,NA
1610359_1,2023-01-04 17:05:02.441359,ACC,1610359.jpg,1610359,1,0,NA
1908199_1,2023-01-04 17:05:01.769445,ACC,1908199.jpg,1908199,1,0,NA
1704326_1,2023-01-04 17:05:01.175682,ACC,1704326.jpg,1704326,1,0,NA
2102229_2,2023-01-04 17:05:00.613133,ACC,2102229.jpg,2102229,2,0,NA
2103160_2,2023-01-04 17:04:59.863120,ACC,2103160.jpg,2103160,2,0,NA
2104576_2,2023-01-04 17:04:59.285056,ACC,2104576.jpg,2104576,2,0,NA
2105547_2,2023-01-04 17:04:58.644403,ACC,2105547.jpg,2105547,2,0,NA
2107207_2,2023-01-04 17:04:58.081852,ACC,2107207.jpg,2107207,2,0,NA
2107318_2,2023-01-04 17:04:57.441280,ACC,2107318.jpg,2107318,2,0,NA
2110655_2,2023-01-04 17:04:56.612939,ACC,2110655.jpg,2110655,2,0,NA
2110686_2,2023-01-04 17:04:55.847308,ACC,2110686.jpg,2110686,2,0,NA
2110685_2,2023-01-04 17:04:54.925437,ACC,2110685.jpg,2110685,2,0,NA
2111951_2,2023-01-04 17:04:54.315992,ACC,2111951.jpg,2111951,2,0,NA
2214644_2,2023-01-04 17:04:53.722614,ACC,2214644.jpg,2214644,2,0,NA
2213888_2,2023-01-04 17:04:53.128485,JEW,2213888.jpg,2213888,2,0,NA
2213910_2,2023-01-04 17:04:52.440895,JEW,2213910.jpg,2213910,2,0,NA
2207799_2,2023-01-04 17:04:51.878364,JEW,2207799.jpg,2207799,2,0,NA
2207800_2,2023-01-04 17:04:51.300381,JEW,2207800.jpg,2207800,2,0,NA
2208371_2,2023-01-04 17:04:50.284991,JEW,2208371.jpg,2208371,2,0,NA
2213884_2,2023-01-04 17:04:49.643881,JEW,2213884.jpg,2213884,2,0,NA
2212097_2,2023-01-04 17:04:49.128240,CLO,2212097.jpg,2212097,2,0,NA
2212110_2,2023-01-04 17:04:47.081465,CLO,2212110.jpg,2212110,2,0,NA
2107369_2,2023-01-04 17:04:44.971799,ACC,2107369.jpg,2107369,2,0,NA
2200740_2,2023-01-04 17:04:21.798817,ACC,2200740.jpg,2200740,2,0,NA
2209098_2,2023-01-04 17:04:20.314378,JEW,2209098.jpg,2209098,2,0,NA
2214704_2,2023-01-04 17:04:19.767682,ACC,2214704.jpg,2214704,2,0,NA
2007252_2,2023-01-04 17:04:19.064468,BEAUTY,2007252.jpg,2007252,2,0,NA
2204261_2,2023-01-04 17:04:18.470568,JEW,2204261.jpg,2204261,2,0,NA
2209380_2,2023-01-04 17:04:17.876776,JEW,2209380.jpg,2209380,2,0,NA
2209533_2,2023-01-04 17:04:17.173584,JEW,2209533.jpg,2209533,2,0,NA
2115405_2,2023-01-04 17:04:16.548569,ACC,2115405.jpg,2115405,2,0,NA
2007384_2,2023-01-04 17:04:15.845401,ACC,2007384.jpg,2007384,2,0,NA
1508023_1,2023-01-04 17:04:15.267262,ACC,1508023.jpg,1508023,1,0,NA
2115612_2,2023-01-04 17:04:14.689110,BEAUTY,2115612.jpg,2115612,2,0,NA
1911601_1,2023-01-04 17:04:14.079711,ACC,1911601.jpg,1911601,1,0,NA
1911280_1,2023-01-04 17:04:13.548403,BEAUTY,1911280.jpg,1911280,1,0,NA
2004013_2,2023-01-04 17:04:13.032749,JEW,2004013.jpg,2004013,2,0,NA
2006842_2,2023-01-04 17:04:12.610878,JEW,2006842.jpg,2006842,2,0,NA
2107340_2,2023-01-04 17:04:12.017088,ACC,2107340.jpg,2107340,2,0,NA
2111961_2,2023-01-04 17:04:11.423309,ACC,2111961.jpg,2111961,2,0,NA
2114607_2,2023-01-04 17:04:10.845282,JEW,2114607.jpg,2114607,2,0,NA
2115639_2,2023-01-04 17:04:10.267012,ACC,2115639.jpg,2115639,2,0,NA
2203664_2,2023-01-04 17:04:09.751741,JEW,2203664.jpg,2203664,2,0,NA
2203758_2,2023-01-04 17:04:09.079468,JEW,2203758.jpg,2203758,2,0,NA
2203791_2,2023-01-04 17:04:08.548178,JEW,2203791.jpg,2203791,2,0,NA
2203811_2,2023-01-04 17:04:07.970056,JEW,2203811.jpg,2203811,2,0,NA
2203934_2,2023-01-04 17:04:07.438976,JEW,2203934.jpg,2203934,2,0,NA
2203978_2,2023-01-04 17:04:06.829358,JEW,2203978.jpg,2203978,2,0,NA
2203996_2,2023-01-04 17:04:06.282430,JEW,2203996.jpg,2203996,2,0,NA
2203997_2,2023-01-04 17:04:05.438655,JEW,2203997.jpg,2203997,2,0,NA
2204002_2,2023-01-04 17:04:04.876125,JEW,2204002.jpg,2204002,2,0,NA
2204203_2,2023-01-04 17:04:04.282348,JEW,2204203.jpg,2204203,2,0,NA
2204206_2,2023-01-04 17:04:03.719889,JEW,2204206.jpg,2204206,2,0,NA
2204209_2,2023-01-04 17:04:02.938524,JEW,2204209.jpg,2204209,2,0,NA
2204294_2,2023-01-04 17:04:02.376132,JEW,2204294.jpg,2204294,2,0,NA
2204265_2,2023-01-04 17:04:01.735371,JEW,2204265.jpg,2204265,2,0,NA
2204301_2,2023-01-04 17:04:01.204091,JEW,2204301.jpg,2204301,2,0,NA
2204336_2,2023-01-04 17:04:00.610320,JEW,2204336.jpg,2204336,2,0,NA
2204329_2,2023-01-04 17:03:59.985300,JEW,2204329.jpg,2204329,2,0,NA
2204522_2,2023-01-04 17:03:59.469628,JEW,2204522.jpg,2204522,2,0,NA
2204519_2,2023-01-04 17:03:58.922728,JEW,2204519.jpg,2204519,2,0,NA
2205235_2,2023-01-04 17:03:58.266524,JEW,2205235.jpg,2205235,2,0,NA
2205860_2,2023-01-04 17:03:57.657024,JEW,2205860.jpg,2205860,2,0,NA
2207133_2,2023-01-04 17:03:57.125767,JEW,2207133.jpg,2207133,2,0,NA
2203705_2,2023-01-04 17:03:56.594480,JEW,2203705.jpg,2203705,2,0,NA
2208045_2,2023-01-04 17:03:56.203842,JEW,2208045.jpg,2208045,2,0,NA
2208916_2,2023-01-04 17:03:55.641377,JEW,2208916.jpg,2208916,2,0,NA
2208973_2,2023-01-04 17:03:55.031931,JEW,2208973.jpg,2208973,2,0,NA
2208918_2,2023-01-04 17:03:54.500693,JEW,2208918.jpg,2208918,2,0,NA
2208943_2,2023-01-04 17:03:53.922402,JEW,2208943.jpg,2208943,2,0,NA
2208927_2,2023-01-04 17:03:53.391080,JEW,2208927.jpg,2208927,2,0,NA
2209021_2,2023-01-04 17:03:52.765986,JEW,2209021.jpg,2209021,2,0,NA
2209024_2,2023-01-04 17:03:52.140894,JEW,2209024.jpg,2209024,2,0,NA
2209099_2,2023-01-04 17:03:51.547040,JEW,2209099.jpg,2209099,2,0,NA
2209132_2,2023-01-04 17:03:51.031348,JEW,2209132.jpg,2209132,2,0,NA
2209086_2,2023-01-04 17:03:50.484393,JEW,2209086.jpg,2209086,2,0,NA
2209050_2,2023-01-04 17:03:49.906188,JEW,2209050.jpg,2209050,2,0,NA
2209298_2,2023-01-04 17:03:49.281093,JEW,2209298.jpg,2209298,2,0,NA
2209557_2,2023-01-04 17:03:48.530977,JEW,2209557.jpg,2209557,2,0,NA
2209528_2,2023-01-04 17:03:47.687105,JEW,2209528.jpg,2209528,2,0,NA
2209449_2,2023-01-04 17:03:46.843208,JEW,2209449.jpg,2209449,2,0,NA
2209622_2,2023-01-04 17:03:46.186974,JEW,2209622.jpg,2209622,2,0,NA
2209633_2,2023-01-04 17:03:45.624293,JEW,2209633.jpg,2209633,2,0,NA
2209853_2,2023-01-04 17:03:45.093041,JEW,2209853.jpg,2209853,2,0,NA
2209886_2,2023-01-04 17:03:44.327206,JEW,2209886.jpg,2209886,2,0,NA
2209893_2,2023-01-04 17:03:43.733384,JEW,2209893.jpg,2209893,2,0,NA
2212253_2,2023-01-04 17:03:43.202066,SHO,2212253.jpg,2212253,2,0,NA
2212254_2,2023-01-04 17:03:42.655115,SHO,2212254.jpg,2212254,2,0,NA
2215100_2,2023-01-04 17:03:42.061254,SHO,2215100.jpg,2215100,2,0,NA
2101127_2,2023-01-04 17:03:41.420521,ACC,2101127.jpg,2101127,2,0,NA
2115367_2,2023-01-04 17:03:40.889269,JEW,2115367.jpg,2115367,2,0,NA
2005787_2,2023-01-04 17:03:40.232851,SHO,2005787.jpg,2005787,2,0,NA
2103480_2,2023-01-04 17:03:39.592119,CLO,2103480.jpg,2103480,2,0,NA
2112583_2,2023-01-04 17:03:39.060789,SHO,2112583.jpg,2112583,2,0,NA
2112780_2,2023-01-04 17:03:38.310667,SHO,2112780.jpg,2112780,2,0,NA
2213518_2,2023-01-04 17:03:37.513688,JEW,2213518.jpg,2213518,2,0,NA
2213529_2,2023-01-04 17:03:36.951294,ACC,2213529.jpg,2213529,2,0,NA
2213022_2,2023-01-04 17:03:36.341635,SHO,2213022.jpg,2213022,2,0,NA
2208515_2,2023-01-04 17:03:35.794762,CLO,2208515.jpg,2208515,2,0,NA
2208564_2,2023-01-04 17:03:32.747363,CLO,2208564.jpg,2208564,2,0,NA
2212812_2,2023-01-04 17:03:29.731289,CLO,2212812.jpg,2212812,2,0,NA
2214222_2,2023-01-04 17:03:24.777423,CLO,2214222.jpg,2214222,2,0,NA
2106013_2,2023-01-04 17:03:23.839771,JEW,2106013.jpg,2106013,2,0,NA
2213520_2,2023-01-04 17:03:23.183482,ACC,2213520.jpg,2213520,2,0,NA
2113053_2,2023-01-04 17:03:21.667567,CLO,2113053.jpg,2113053,2,0,NA
2107840_2,2023-01-04 17:03:20.886195,CLO,2107840.jpg,2107840,2,0,NA
2107297_2,2023-01-04 17:03:20.182965,CLO,2107297.jpg,2107297,2,0,NA
2114600_2,2023-01-04 17:03:17.651350,CLO,2114600.jpg,2114600,2,0,NA
2203096_2,2023-01-04 17:03:14.947831,CLO,2203096.jpg,2203096,2,0,NA
2209025_2,2023-01-04 17:03:09.306343,ACC,2209025.jpg,2209025,2,0,NA
2210749_2,2023-01-04 17:03:08.478090,JEW,2210749.jpg,2210749,2,0,NA
2201419_2,2023-01-04 17:03:07.806106,ACC,2201419.jpg,2201419,2,0,NA
2201418_2,2023-01-04 17:03:07.040386,ACC,2201418.jpg,2201418,2,0,NA
2114129_2,2023-01-04 17:03:06.368389,JEW,2114129.jpg,2114129,2,0,NA
2115051_2,2023-01-04 17:03:05.665188,ACC,2115051.jpg,2115051,2,0,NA
2200610_2,2023-01-04 17:03:04.977639,ACC,2200610.jpg,2200610,2,0,NA
2113214_2,2023-01-04 17:03:04.305588,ACC,2113214.jpg,2113214,2,0,NA
2115121_2,2023-01-04 17:03:03.508607,ACC,2115121.jpg,2115121,2,0,NA
2013109_2,2023-01-04 17:03:02.789744,CLO,2013109.jpg,2013109,2,0,NA
2104831_2,2023-01-04 17:03:02.008377,CLO,2104831.jpg,2104831,2,0,NA
2112633_2,2023-01-04 17:03:00.680042,CLO,2112633.jpg,2112633,2,0,NA
2112734_2,2023-01-04 17:02:59.804905,CLO,2112734.jpg,2112734,2,0,NA
2114547_2,2023-01-04 17:02:58.210937,CLO,2114547.jpg,2114547,2,0,NA
2115106_2,2023-01-04 17:02:57.101384,CLO,2115106.jpg,2115106,2,0,NA
2115416_2,2023-01-04 17:02:56.194999,CLO,2115416.jpg,2115416,2,0,NA
2115567_2,2023-01-04 17:02:54.773048,CLO,2115567.jpg,2115567,2,0,NA
2200026_2,2023-01-04 17:02:53.788424,CLO,2200026.jpg,2200026,2,0,NA
2200480_2,2023-01-04 17:02:52.913280,CLO,2200480.jpg,2200480,2,0,NA
2201123_2,2023-01-04 17:02:51.522449,CLO,2201123.jpg,2201123,2,0,NA
2201268_2,2023-01-04 17:02:46.646710,CLO,2201268.jpg,2201268,2,0,NA
2201653_2,2023-01-04 17:02:44.896517,CLO,2201653.jpg,2201653,2,0,NA
2202008_2,2023-01-04 17:02:44.099453,CLO,2202008.jpg,2202008,2,0,NA
2203310_2,2023-01-04 17:02:43.224327,CLO,2203310.jpg,2203310,2,0,NA
2204818_2,2023-01-04 17:02:42.396070,CLO,2204818.jpg,2204818,2,0,NA
2204949_2,2023-01-04 17:02:41.583443,CLO,2204949.jpg,2204949,2,0,NA
2204956_2,2023-01-04 17:02:40.692702,CLO,2204956.jpg,2204956,2,0,NA
2206089_2,2023-01-04 17:02:39.880065,CLO,2206089.jpg,2206089,2,0,NA
2206101_2,2023-01-04 17:02:39.036332,CLO,2206101.jpg,2206101,2,0,NA
2206092_2,2023-01-04 17:02:38.114280,CLO,2206092.jpg,2206092,2,0,NA
2206476_2,2023-01-04 17:02:37.114035,CLO,2206476.jpg,2206476,2,0,NA
2214813_2,2023-01-04 17:02:35.926378,CLO,2214813.jpg,2214813,2,0,NA
2214818_2,2023-01-04 17:02:35.144988,CLO,2214818.jpg,2214818,2,0,NA
2105492_2,2023-01-04 17:02:34.176100,CLO,2105492.jpg,2105492,2,0,NA
2007947_2,2023-01-04 17:02:33.566621,CLO,2007947.jpg,2007947,2,0,NA
2213525_2,2023-01-04 17:02:32.863398,ACC,2213525.jpg,2213525,2,0,NA
2112401_2,2023-01-04 17:02:32.253947,CLO,2112401.jpg,2112401,2,0,NA
2200923_2,2023-01-04 17:02:29.409756,CLO,2200923.jpg,2200923,2,0,NA
2206352_2,2023-01-04 17:02:26.909508,CLO,2206352.jpg,2206352,2,0,NA
2107537_2,2023-01-04 17:02:24.924817,CLO,2107537.jpg,2107537,2,0,NA
2113656_2,2023-01-04 17:02:21.799311,CLO,2113656.jpg,2113656,2,0,NA
2108792_2,2023-01-04 17:02:17.673619,CLO,2108792.jpg,2108792,2,0,NA
2114730_2,2023-01-04 17:02:13.345005,CLO,2114730.jpg,2114730,2,0,NA
2115042_2,2023-01-04 17:02:09.437993,CLO,2115042.jpg,2115042,2,0,NA
2115046_2,2023-01-04 17:02:05.953109,CLO,2115046.jpg,2115046,2,0,NA
2115253_2,2023-01-04 17:02:01.827892,CLO,2115253.jpg,2115253,2,0,NA
2115296_2,2023-01-04 17:01:59.202119,CLO,2115296.jpg,2115296,2,0,NA
2115614_2,2023-01-04 17:01:56.592464,CLO,2115614.jpg,2115614,2,0,NA
2115422_2,2023-01-04 17:01:54.092265,CLO,2115422.jpg,2115422,2,0,NA
2200044_2,2023-01-04 17:01:51.154014,CLO,2200044.jpg,2200044,2,0,NA
2200267_2,2023-01-04 17:01:47.653476,CLO,2200267.jpg,2200267,2,0,NA
2200473_2,2023-01-04 17:01:45.668917,CLO,2200473.jpg,2200473,2,0,NA
2200717_2,2023-01-04 17:01:42.683986,CLO,2200717.jpg,2200717,2,0,NA
2202318_2,2023-01-04 17:01:39.777299,CLO,2202318.jpg,2202318,2,0,NA
2201990_2,2023-01-04 17:01:37.511481,CLO,2201990.jpg,2201990,2,0,NA
2202796_2,2023-01-04 17:01:33.448231,CLO,2202796.jpg,2202796,2,0,NA
2203101_2,2023-01-04 17:01:29.932095,CLO,2203101.jpg,2203101,2,0,NA
2204810_2,2023-01-04 17:01:27.103546,CLO,2204810.jpg,2204810,2,0,NA
2205052_2,2023-01-04 17:01:23.134178,CLO,2205052.jpg,2205052,2,0,NA
2205145_2,2023-01-04 17:01:20.993250,CLO,2205145.jpg,2205145,2,0,NA
2205161_2,2023-01-04 17:01:18.758606,CLO,2205161.jpg,2205161,2,0,NA
2205432_2,2023-01-04 17:01:15.617448,CLO,2205432.jpg,2205432,2,0,NA
2205335_2,2023-01-04 17:01:12.929703,CLO,2205335.jpg,2205335,2,0,NA
2201566_2,2023-01-04 17:01:10.897989,CLO,2201566.jpg,2201566,2,0,NA
2109054_2,2023-01-04 17:01:09.866591,CLO,2109054.jpg,2109054,2,0,NA
2214110_2,2023-01-04 17:01:04.397001,BEAUTY,2214110.jpg,2214110,2,0,NA
2210020_2,2023-01-04 17:01:03.834456,CLO,2210020.jpg,2210020,2,0,NA
2215457_2,2023-01-04 17:01:03.224950,ACC,2215457.jpg,2215457,2,0,NA
2215341_2,2023-01-04 17:01:01.162168,CLO,2215341.jpg,2215341,2,0,NA
2206334_2,2023-01-04 17:00:59.771326,CLO,2206334.jpg,2206334,2,0,NA
2205818_2,2023-01-04 17:00:58.708649,CLO,2205818.jpg,2205818,2,0,NA
2204821_2,2023-01-04 17:00:56.395803,CLO,2204821.jpg,2204821,2,0,NA
2204271_2,2023-01-04 17:00:54.754939,CLO,2204271.jpg,2204271,2,0,NA
2204056_2,2023-01-04 17:00:53.035924,CLO,2204056.jpg,2204056,2,0,NA
2202686_2,2023-01-04 17:00:51.551409,CLO,2202686.jpg,2202686,2,0,NA
2201789_2,2023-01-04 17:00:50.207390,CLO,2201789.jpg,2201789,2,0,NA
2201614_2,2023-01-04 17:00:48.457197,CLO,2201614.jpg,2201614,2,0,NA
2201587_2,2023-01-04 17:00:47.300703,CLO,2201587.jpg,2201587,2,0,NA
2200157_2,2023-01-04 17:00:45.941111,CLO,2200157.jpg,2200157,2,0,NA
2200023_2,2023-01-04 17:00:44.987835,CLO,2200023.jpg,2200023,2,0,NA
2115946_2,2023-01-04 17:00:43.706400,CLO,2115946.jpg,2115946,2,0,NA
2115512_2,2023-01-04 17:00:42.159320,CLO,2115512.jpg,2115512,2,0,NA
2113238_2,2023-01-04 17:00:40.659103,CLO,2113238.jpg,2113238,2,0,NA
2215092_2,2023-01-04 17:00:38.877587,ACC,2215092.jpg,2215092,2,0,NA
2215500_2,2023-01-04 17:00:35.798993,JEW,2215500.jpg,2215500,2,0,NA
2215516_2,2023-01-04 17:00:34.923862,JEW,2215516.jpg,2215516,2,0,NA
2217673_2,2023-01-04 17:00:34.439407,JEW,2217673.jpg,2217673,2,0,NA
2111335_2,2023-01-04 17:00:33.783052,ACC,2111335.jpg,2111335,2,0,NA
2111005_2,2023-01-04 17:00:33.157960,JEW,2111005.jpg,2111005,2,0,NA
2105668_2,2023-01-04 17:00:32.407867,ACC,2105668.jpg,2105668,2,0,NA
1604644_1,2023-01-04 17:00:31.782743,SHO,1604644.jpg,1604644,1,0,NA
2215060_2,2023-01-04 17:00:31.173274,ACC,2215060.jpg,2215060,2,0,NA
2215101_2,2023-01-04 17:00:30.626339,SHO,2215101.jpg,2215101,2,0,NA
2014291_2,2023-01-04 17:00:29.641813,CLO,2014291.jpg,2014291,2,0,NA
2014850_2,2023-01-04 17:00:28.407250,CLO,2014850.jpg,2014850,2,0,NA
2102231_2,2023-01-04 17:00:26.485087,CLO,2102231.jpg,2102231,2,0,NA
2107535_2,2023-01-04 17:00:23.969079,CLO,2107535.jpg,2107535,2,0,NA
2107986_2,2023-01-04 17:00:21.859401,CLO,2107986.jpg,2107986,2,0,NA
2113337_2,2023-01-04 17:00:19.780965,CLO,2113337.jpg,2113337,2,0,NA
2115947_2,2023-01-04 17:00:18.124477,CLO,2115947.jpg,2115947,2,0,NA
2115948_2,2023-01-04 17:00:15.670978,CLO,2115948.jpg,2115948,2,0,NA
2115949_2,2023-01-04 17:00:14.655194,CLO,2115949.jpg,2115949,2,0,NA
2205533_2,2023-01-04 17:00:12.873689,CLO,2205533.jpg,2205533,2,0,NA
2209918_2,2023-01-04 17:00:11.779773,CLO,2209918.jpg,2209918,2,0,NA
2210076_2,2023-01-04 17:00:10.685850,CLO,2210076.jpg,2210076,2,0,NA
2210070_2,2023-01-04 17:00:09.341893,CLO,2210070.jpg,2210070,2,0,NA
2210461_2,2023-01-04 17:00:08.029199,CLO,2210461.jpg,2210461,2,0,NA
2213830_2,2023-01-04 17:00:06.357096,CLO,2213830.jpg,2213830,2,0,NA
2215615_2,2023-01-04 17:00:04.528688,CLO,2215615.jpg,2215615,2,0,NA
2107667_2,2023-01-04 17:00:00.340553,ACC,2107667.jpg,2107667,2,0,NA
2218330_2,2023-01-04 16:59:59.731095,ACC,2218330.jpg,2218330,2,0,NA
1504472_1,2023-01-04 16:59:59.152873,ACC,1504472.jpg,1504472,1,0,NA
2218350_2,2023-01-04 16:59:58.527780,JEW,2218350.jpg,2218350,2,0,NA
2103141_2,2023-01-04 16:59:57.933962,JEW,2103141.jpg,2103141,2,0,NA
2218335_2,2023-01-04 16:59:57.293221,JEW,2218335.jpg,2218335,2,0,NA
2218331_2,2023-01-04 16:59:56.574359,ACC,2218331.jpg,2218331,2,0,NA
2011162_2,2023-01-04 16:59:55.964903,CLO,2011162.jpg,2011162,2,0,NA
2106993_2,2023-01-04 16:59:53.730207,CLO,2106993.jpg,2106993,2,0,NA
2108847_2,2023-01-04 16:59:50.901628,CLO,2108847.jpg,2108847,2,0,NA
2106998_2,2023-01-04 16:59:49.229516,CLO,2106998.jpg,2106998,2,0,NA
2108858_2,2023-01-04 16:59:47.479255,CLO,2108858.jpg,2108858,2,0,NA
2109738_2,2023-01-04 16:59:45.979029,CLO,2109738.jpg,2109738,2,0,NA
2110790_2,2023-01-04 16:59:44.744481,CLO,2110790.jpg,2110790,2,0,NA
2202942_2,2023-01-04 16:59:42.478521,CLO,2202942.jpg,2202942,2,0,NA
2203031_2,2023-01-04 16:59:40.353176,CLO,2203031.jpg,2203031,2,0,NA
2209839_2,2023-01-04 16:59:39.165498,CLO,2209839.jpg,2209839,2,0,NA
2214762_2,2023-01-04 16:59:35.977506,CLO,2214762.jpg,2214762,2,0,NA
2106689_2,2023-01-04 16:59:34.461660,JEW,2106689.jpg,2106689,2,0,NA
2106692_2,2023-01-04 16:59:33.492800,JEW,2106692.jpg,2106692,2,0,NA
2213528_2,2023-01-04 16:59:32.883322,ACC,2213528.jpg,2213528,2,0,NA
2215581_2,2023-01-04 16:59:32.289476,JEW,2215581.jpg,2215581,2,0,NA
2215670_2,2023-01-04 16:59:31.633098,JEW,2215670.jpg,2215670,2,0,NA
2215680_2,2023-01-04 16:59:31.070524,JEW,2215680.jpg,2215680,2,0,NA
2215779_2,2023-01-04 16:59:30.523564,CLO,2215779.jpg,2215779,2,0,NA
2210264_2,2023-01-04 16:59:27.179568,CLO,2210264.jpg,2210264,2,0,NA
2215768_2,2023-01-04 16:59:26.476090,CLO,2215768.jpg,2215768,2,0,NA
2215767_2,2023-01-04 16:59:25.507183,CLO,2215767.jpg,2215767,2,0,NA
2215864_2,2023-01-04 16:59:24.882115,CLO,2215864.jpg,2215864,2,0,NA
2215438_2,2023-01-04 16:59:24.225750,SHO,2215438.jpg,2215438,2,0,NA
2116001_2,2023-01-04 16:59:23.569403,CLO,2116001.jpg,2116001,2,0,NA
2215770_2,2023-01-04 16:59:21.678606,CLO,2215770.jpg,2215770,2,0,NA
2215868_2,2023-01-04 16:59:20.584590,JEW,2215868.jpg,2215868,2,0,NA
2105571_2,2023-01-04 16:59:19.709455,CLO,2105571.jpg,2105571,2,0,NA
2113061_2,2023-01-04 16:59:18.115470,CLO,2113061.jpg,2113061,2,0,NA
2112639_2,2023-01-04 16:59:16.537094,CLO,2112639.jpg,2112639,2,0,NA
2115036_2,2023-01-04 16:59:15.802623,CLO,2115036.jpg,2115036,2,0,NA
2114356_2,2023-01-04 16:59:13.896096,CLO,2114356.jpg,2114356,2,0,NA
2115040_2,2023-01-04 16:59:13.177234,CLO,2115040.jpg,2115040,2,0,NA
2115417_2,2023-01-04 16:59:12.505244,CLO,2115417.jpg,2115417,2,0,NA
2200362_2,2023-01-04 16:59:11.567609,CLO,2200362.jpg,2200362,2,0,NA
2115923_2,2023-01-04 16:59:10.676860,CLO,2115923.jpg,2115923,2,0,NA
2201029_2,2023-01-04 16:59:10.020504,CLO,2201029.jpg,2201029,2,0,NA
2200663_2,2023-01-04 16:59:09.317278,CLO,2200663.jpg,2200663,2,0,NA
2202406_2,2023-01-04 16:59:08.082978,CLO,2202406.jpg,2202406,2,0,NA
2202681_2,2023-01-04 16:59:07.254474,CLO,2202681.jpg,2202681,2,0,NA
2202407_2,2023-01-04 16:59:05.816771,CLO,2202407.jpg,2202407,2,0,NA
2202682_2,2023-01-04 16:59:04.660320,CLO,2202682.jpg,2202682,2,0,NA
2205823_2,2023-01-04 16:59:03.910535,CLO,2205823.jpg,2205823,2,0,NA
2205437_2,2023-01-04 16:59:02.597522,CLO,2205437.jpg,2205437,2,0,NA
2213189_2,2023-01-04 16:59:01.441113,CLO,2213189.jpg,2213189,2,0,NA
2106608_2,2023-01-04 16:59:00.378441,ACC,2106608.jpg,2106608,2,0,NA
2218390_2,2023-01-04 16:58:59.315768,BEAUTY,2218390.jpg,2218390,2,0,NA
1314100_1,2023-01-04 16:58:58.909762,BEAUTY,1314100.jpg,1314100,1,0,NA
2218389_2,2023-01-04 16:58:58.503143,BEAUTY,2218389.jpg,2218389,2,0,NA
2218377_2,2023-01-04 16:58:53.721319,ACC,2218377.jpg,2218377,2,0,NA
2218391_2,2023-01-04 16:58:53.221350,BEAUTY,2218391.jpg,2218391,2,0,NA
1314088_1,2023-01-04 16:58:52.815105,BEAUTY,1314088.jpg,1314088,1,0,NA
2218393_2,2023-01-04 16:58:52.393206,BEAUTY,2218393.jpg,2218393,2,0,NA
1600514_1,2023-01-04 16:58:51.565090,BEAUTY,1600514.jpg,1600514,1,0,NA
2218395_2,2023-01-04 16:58:50.924459,BEAUTY,2218395.jpg,2218395,2,0,NA
1600518_1,2023-01-04 16:58:50.486967,BEAUTY,1600518.jpg,1600518,1,0,NA
2218399_2,2023-01-04 16:58:49.940085,BEAUTY,2218399.jpg,2218399,2,0,NA
1804656_1,2023-01-04 16:58:49.377600,ACC,1804656.jpg,1804656,1,0,NA
2218380_2,2023-01-04 16:58:48.736985,BEAUTY,2218380.jpg,2218380,2,0,NA
2218386_2,2023-01-04 16:58:48.111977,BEAUTY,2218386.jpg,2218386,2,0,NA
1314097_1,2023-01-04 16:58:47.377627,BEAUTY,1314097.jpg,1314097,1,0,NA
2218384_2,2023-01-04 16:58:46.799482,BEAUTY,2218384.jpg,2218384,2,0,NA
2218414_2,2023-01-04 16:58:46.065094,BEAUTY,2218414.jpg,2218414,2,0,NA
2218400_2,2023-01-04 16:58:45.268246,BEAUTY,2218400.jpg,2218400,2,0,NA
1314083_1,2023-01-04 16:58:44.861982,BEAUTY,1314083.jpg,1314083,1,0,NA
2218378_2,2023-01-04 16:58:44.236983,ACC,2218378.jpg,2218378,2,0,NA
2111639_2,2023-01-04 16:58:43.236981,ACC,2111639.jpg,2111639,2,0,NA
2114837_2,2023-01-04 16:58:42.611990,ACC,2114837.jpg,2114837,2,0,NA
2205561_2,2023-01-04 16:58:42.018239,ACC,2205561.jpg,2205561,2,0,NA
2203806_2,2023-01-04 16:58:41.502628,JEW,2203806.jpg,2203806,2,0,NA
2205888_2,2023-01-04 16:58:31.584524,JEW,2205888.jpg,2205888,2,0,NA
2206812_2,2023-01-04 16:58:31.019517,ACC,2206812.jpg,2206812,2,0,NA
2110642_2,2023-01-04 16:58:30.487030,CLO,2110642.jpg,2110642,2,0,NA
2113555_2,2023-01-04 16:58:29.752672,CLO,2113555.jpg,2113555,2,0,NA
2115399_2,2023-01-04 16:58:28.424535,CLO,2115399.jpg,2115399,2,0,NA
2115415_2,2023-01-04 16:58:27.002665,CLO,2115415.jpg,2115415,2,0,NA
2115419_2,2023-01-04 16:58:26.127697,CLO,2115419.jpg,2115419,2,0,NA
2116096_2,2023-01-04 16:58:25.190173,CLO,2116096.jpg,2116096,2,0,NA
2200022_2,2023-01-04 16:58:24.299559,CLO,2200022.jpg,2200022,2,0,NA
2200090_2,2023-01-04 16:58:23.487075,CLO,2200090.jpg,2200090,2,0,NA
2200266_2,2023-01-04 16:58:22.377703,CLO,2200266.jpg,2200266,2,0,NA
2200264_2,2023-01-04 16:58:21.721454,CLO,2200264.jpg,2200264,2,0,NA
2200474_2,2023-01-04 16:58:21.002711,CLO,2200474.jpg,2200474,2,0,NA
2200665_2,2023-01-04 16:58:20.346484,CLO,2200665.jpg,2200665,2,0,NA
2200668_2,2023-01-04 16:58:19.690197,CLO,2200668.jpg,2200668,2,0,NA
2201470_2,2023-01-04 16:58:19.034057,CLO,2201470.jpg,2201470,2,0,NA
2202079_2,2023-01-04 16:58:18.299577,CLO,2202079.jpg,2202079,2,0,NA
2202131_2,2023-01-04 16:58:17.315256,CLO,2202131.jpg,2202131,2,0,NA
2202224_2,2023-01-04 16:58:16.393362,CLO,2202224.jpg,2202224,2,0,NA
2202225_2,2023-01-04 16:58:15.174869,CLO,2202225.jpg,2202225,2,0,NA
2202678_2,2023-01-04 16:58:14.487109,CLO,2202678.jpg,2202678,2,0,NA
2203146_2,2023-01-04 16:58:13.768492,CLO,2203146.jpg,2203146,2,0,NA
2205131_2,2023-01-04 16:58:12.893367,CLO,2205131.jpg,2205131,2,0,NA
2204953_2,2023-01-04 16:58:12.127738,CLO,2204953.jpg,2204953,2,0,NA
2205441_2,2023-01-04 16:58:11.002755,CLO,2205441.jpg,2205441,2,0,NA
2206212_2,2023-01-04 16:58:10.284004,CLO,2206212.jpg,2206212,2,0,NA
2207037_2,2023-01-04 16:58:09.534009,CLO,2207037.jpg,2207037,2,0,NA
2200741_2,2023-01-04 16:58:08.846515,ACC,2200741.jpg,2200741,2,0,NA
2204177_2,2023-01-04 16:57:50.377827,JEW,2204177.jpg,2204177,2,0,NA
2203764_2,2023-01-04 16:57:49.549709,JEW,2203764.jpg,2203764,2,0,NA
2204325_2,2023-01-04 16:57:48.877836,JEW,2204325.jpg,2204325,2,0,NA
2204335_2,2023-01-04 16:57:48.284106,JEW,2204335.jpg,2204335,2,0,NA
2203665_2,2023-01-04 16:57:47.659108,JEW,2203665.jpg,2203665,2,0,NA
2204447_2,2023-01-04 16:57:47.096593,JEW,2204447.jpg,2204447,2,0,NA
2204346_2,2023-01-04 16:57:46.455973,JEW,2204346.jpg,2204346,2,0,NA
2204448_2,2023-01-04 16:57:45.784092,JEW,2204448.jpg,2204448,2,0,NA
2204453_2,2023-01-04 16:57:44.940880,JEW,2204453.jpg,2204453,2,0,NA
2204480_2,2023-01-04 16:57:44.362224,JEW,2204480.jpg,2204480,2,0,NA
2208930_2,2023-01-04 16:57:43.784130,JEW,2208930.jpg,2208930,2,0,NA
2208928_2,2023-01-04 16:57:43.159111,JEW,2208928.jpg,2208928,2,0,NA
2209338_2,2023-01-04 16:57:42.612431,JEW,2209338.jpg,2209338,2,0,NA
2208944_2,2023-01-04 16:57:42.034106,JEW,2208944.jpg,2208944,2,0,NA
2208932_2,2023-01-04 16:57:41.440355,JEW,2208932.jpg,2208932,2,0,NA
2209618_2,2023-01-04 16:57:40.862254,JEW,2209618.jpg,2209618,2,0,NA
2105392_2,2023-01-04 16:57:40.190364,CLO,2105392.jpg,2105392,2,0,NA
2112890_2,2023-01-04 16:57:39.424730,CLO,2112890.jpg,2112890,2,0,NA
2115061_2,2023-01-04 16:57:38.737254,CLO,2115061.jpg,2115061,2,0,NA
2200024_2,2023-01-04 16:57:38.049742,CLO,2200024.jpg,2200024,2,0,NA
2201235_2,2023-01-04 16:57:37.206033,CLO,2201235.jpg,2201235,2,0,NA
2201334_2,2023-01-04 16:57:36.252900,CLO,2201334.jpg,2201334,2,0,NA
2201532_2,2023-01-04 16:57:35.550462,CLO,2201532.jpg,2201532,2,0,NA
2202056_2,2023-01-04 16:57:34.721646,CLO,2202056.jpg,2202056,2,0,NA
2203318_2,2023-01-04 16:57:33.924756,CLO,2203318.jpg,2203318,2,0,NA
2203461_2,2023-01-04 16:57:33.268514,CLO,2203461.jpg,2203461,2,0,NA
2204065_2,2023-01-04 16:57:32.581028,CLO,2204065.jpg,2204065,2,0,NA
2204191_2,2023-01-04 16:57:31.471648,CLO,2204191.jpg,2204191,2,0,NA
2204240_2,2023-01-04 16:57:30.737287,CLO,2204240.jpg,2204240,2,0,NA
2208252_2,2023-01-04 16:57:30.081010,CLO,2208252.jpg,2208252,2,0,NA
2208238_2,2023-01-04 16:57:29.393559,CLO,2208238.jpg,2208238,2,0,NA
2208729_2,2023-01-04 16:57:28.737283,CLO,2208729.jpg,2208729,2,0,NA
2210493_2,2023-01-04 16:57:28.049815,CLO,2210493.jpg,2210493,2,0,NA
2210541_2,2023-01-04 16:57:27.331034,CLO,2210541.jpg,2210541,2,0,NA
2213155_2,2023-01-04 16:57:26.096670,CLO,2213155.jpg,2213155,2,0,NA
2214956_2,2023-01-04 16:57:25.065427,CLO,2214956.jpg,2214956,2,0,NA
2214802_2,2023-01-04 16:57:23.862455,ACC,2214802.jpg,2214802,2,0,NA
2214803_2,2023-01-04 16:57:23.159189,ACC,2214803.jpg,2214803,2,0,NA
2104374_2,2023-01-04 16:57:22.315790,SHO,2104374.jpg,2104374,2,0,NA
2204706_2,2023-01-04 16:57:21.752945,SHO,2204706.jpg,2204706,2,0,NA
2212985_2,2023-01-04 16:57:21.127944,JEW,2212985.jpg,2212985,2,0,NA
2213093_2,2023-01-04 16:57:20.549815,ACC,2213093.jpg,2213093,2,0,NA
2213167_2,2023-01-04 16:57:19.846691,JEW,2213167.jpg,2213167,2,0,NA
2215632_2,2023-01-04 16:57:19.221699,JEW,2215632.jpg,2215632,2,0,NA
2215966_2,2023-01-04 16:57:18.518589,JEW,2215966.jpg,2215966,2,0,NA
2115726_2,2023-01-04 16:57:17.924826,CLO,2115726.jpg,2115726,2,0,NA
2115603_2,2023-01-04 16:57:17.097019,CLO,2115603.jpg,2115603,2,0,NA
2115723_2,2023-01-04 16:57:15.909209,CLO,2115723.jpg,2115723,2,0,NA
2115600_2,2023-01-04 16:57:15.284213,CLO,2115600.jpg,2115600,2,0,NA
2115349_2,2023-01-04 16:57:14.643583,CLO,2115349.jpg,2115349,2,0,NA
2115569_2,2023-01-04 16:57:13.862339,CLO,2115569.jpg,2115569,2,0,NA
2115597_2,2023-01-04 16:57:12.721719,CLO,2115597.jpg,2115597,2,0,NA
2109625_2,2023-01-04 16:57:11.956120,CLO,2109625.jpg,2109625,2,0,NA
2115740_2,2023-01-04 16:57:10.706084,CLO,2115740.jpg,2115740,2,0,NA
2115763_2,2023-01-04 16:57:09.612356,CLO,2115763.jpg,2115763,2,0,NA
2113058_2,2023-01-04 16:57:08.940630,CLO,2113058.jpg,2113058,2,0,NA
2114338_2,2023-01-04 16:57:08.237373,CLO,2114338.jpg,2114338,2,0,NA
2112397_2,2023-01-04 16:57:07.487370,CLO,2112397.jpg,2112397,2,0,NA
2204847_2,2023-01-04 16:57:06.549847,CLO,2204847.jpg,2204847,2,0,NA
2115053_2,2023-01-04 16:57:05.831121,CLO,2115053.jpg,2115053,2,0,NA
2115387_2,2023-01-04 16:57:05.034609,CLO,2115387.jpg,2115387,2,0,NA
2203126_2,2023-01-04 16:57:04.190502,CLO,2203126.jpg,2203126,2,0,NA
2115764_2,2023-01-04 16:57:03.409463,CLO,2115764.jpg,2115764,2,0,NA
2113207_2,2023-01-04 16:57:02.674889,CLO,2113207.jpg,2113207,2,0,NA
2116038_2,2023-01-04 16:57:01.971780,CLO,2116038.jpg,2116038,2,0,NA
2116023_2,2023-01-04 16:57:01.160036,CLO,2116023.jpg,2116023,2,0,NA
2115107_2,2023-01-04 16:56:59.753039,CLO,2115107.jpg,2115107,2,0,NA
2112643_2,2023-01-04 16:56:59.112396,CLO,2112643.jpg,2112643,2,0,NA
2114636_2,2023-01-04 16:56:58.253029,CLO,2114636.jpg,2114636,2,0,NA
2113538_2,2023-01-04 16:56:57.034290,SHO,2113538.jpg,2113538,2,0,NA
2113562_2,2023-01-04 16:56:55.800031,CLO,2113562.jpg,2113562,2,0,NA
2201380_2,2023-01-04 16:56:54.456172,CLO,2201380.jpg,2201380,2,0,NA
2200111_2,2023-01-04 16:56:53.846805,CLO,2200111.jpg,2200111,2,0,NA
2200949_2,2023-01-04 16:56:39.674970,CLO,2200949.jpg,2200949,2,0,NA
2204127_2,2023-01-04 16:56:38.815625,CLO,2204127.jpg,2204127,2,0,NA
2203487_2,2023-01-04 16:56:38.221859,CLO,2203487.jpg,2203487,2,0,NA
2115388_2,2023-01-04 16:56:37.206239,CLO,2115388.jpg,2115388,2,0,NA
2112296_2,2023-01-04 16:56:36.393734,CLO,2112296.jpg,2112296,2,0,NA
2201589_2,2023-01-04 16:56:35.721881,CLO,2201589.jpg,2201589,2,0,NA
2115707_2,2023-01-04 16:56:34.803892,CLO,2115707.jpg,2115707,2,0,NA
2205684_2,2023-01-04 16:56:34.081244,CLO,2205684.jpg,2205684,2,0,NA
2113289_2,2023-01-04 16:56:33.409374,CLO,2113289.jpg,2113289,2,0,NA
2110501_2,2023-01-04 16:56:32.690669,CLO,2110501.jpg,2110501,2,0,NA
2200132_2,2023-01-04 16:56:31.893780,CLO,2200132.jpg,2200132,2,0,NA
2116008_2,2023-01-04 16:56:31.268784,CLO,2116008.jpg,2116008,2,0,NA
2201147_2,2023-01-04 16:56:30.581266,CLO,2201147.jpg,2201147,2,0,NA
2114542_2,2023-01-04 16:56:29.925013,CLO,2114542.jpg,2114542,2,0,NA
2114472_2,2023-01-04 16:56:29.237501,CLO,2114472.jpg,2114472,2,0,NA
2200648_2,2023-01-04 16:56:28.284380,CLO,2200648.jpg,2200648,2,0,NA
2203067_2,2023-01-04 16:56:27.612535,CLO,2203067.jpg,2203067,2,0,NA
2203178_2,2023-01-04 16:56:26.909396,CLO,2203178.jpg,2203178,2,0,NA
2203072_2,2023-01-04 16:56:26.284381,CLO,2203072.jpg,2203072,2,0,NA
2203377_2,2023-01-04 16:56:25.550032,ACC,2203377.jpg,2203377,2,0,NA
2202741_2,2023-01-04 16:56:24.518796,ACC,2202741.jpg,2202741,2,0,NA
2114905_2,2023-01-04 16:56:23.643771,ACC,2114905.jpg,2114905,2,0,NA
2114899_2,2023-01-04 16:56:22.675039,ACC,2114899.jpg,2114899,2,0,NA
2114890_2,2023-01-04 16:56:21.909420,ACC,2114890.jpg,2114890,2,0,NA
2215028_2,2023-01-04 16:56:20.768811,CLO,2215028.jpg,2215028,2,0,NA
2215571_2,2023-01-04 16:56:19.940701,CLO,2215571.jpg,2215571,2,0,NA
2215750_2,2023-01-04 16:56:19.096934,CLO,2215750.jpg,2215750,2,0,NA
2215737_2,2023-01-04 16:56:18.331319,CLO,2215737.jpg,2215737,2,0,NA
2215761_2,2023-01-04 16:56:17.675056,CLO,2215761.jpg,2215761,2,0,NA
2215846_2,2023-01-04 16:56:16.940741,JEW,2215846.jpg,2215846,2,0,NA
2215838_2,2023-01-04 16:56:16.362569,JEW,2215838.jpg,2215838,2,0,NA
2215839_2,2023-01-04 16:56:15.737631,JEW,2215839.jpg,2215839,2,0,NA
2215974_2,2023-01-04 16:56:15.175078,JEW,2215974.jpg,2215974,2,0,NA
2215979_2,2023-01-04 16:56:14.612589,JEW,2215979.jpg,2215979,2,0,NA
2215980_2,2023-01-04 16:56:13.987568,JEW,2215980.jpg,2215980,2,0,NA
1902538_1,2023-01-04 16:56:13.394026,BEAUTY,1902538.jpg,1902538,1,0,NA
2218383_2,2023-01-04 16:56:12.878202,BEAUTY,2218383.jpg,2218383,2,0,NA
2218382_2,2023-01-04 16:56:12.331432,BEAUTY,2218382.jpg,2218382,2,0,NA
1314091_1,2023-01-04 16:56:11.940685,BEAUTY,1314091.jpg,1314091,1,0,NA
2218385_2,2023-01-04 16:56:11.378186,BEAUTY,2218385.jpg,2218385,2,0,NA
2218402_2,2023-01-04 16:56:10.800078,BEAUTY,2218402.jpg,2218402,2,0,NA
2200059_2,2023-01-04 16:56:09.940707,CLO,2200059.jpg,2200059,2,0,NA
2114524_2,2023-01-04 16:56:09.315733,CLO,2114524.jpg,2114524,2,0,NA
2115381_2,2023-01-04 16:56:08.675099,CLO,2115381.jpg,2115381,2,0,NA
2114545_2,2023-01-04 16:56:08.050096,CLO,2114545.jpg,2114545,2,0,NA
2115599_2,2023-01-04 16:56:07.128213,CLO,2115599.jpg,2115599,2,0,NA
2115607_2,2023-01-04 16:56:06.440715,CLO,2115607.jpg,2115607,2,0,NA
2200513_2,2023-01-04 16:56:05.768942,CLO,2200513.jpg,2200513,2,0,NA
2115757_2,2023-01-04 16:56:05.065708,CLO,2115757.jpg,2115757,2,0,NA
2201758_2,2023-01-04 16:56:04.331363,CLO,2201758.jpg,2201758,2,0,NA
2110573_2,2023-01-04 16:55:24.190900,CLO,2110573.jpg,2110573,2,0,NA
2201756_2,2023-01-04 16:55:22.925287,CLO,2201756.jpg,2201756,2,0,NA
2115870_2,2023-01-04 16:55:21.597145,CLO,2115870.jpg,2115870,2,0,NA
2113152_2,2023-01-04 16:55:20.915591,CLO,2113152.jpg,2113152,2,0,NA
2115334_2,2023-01-04 16:55:20.206503,CLO,2115334.jpg,2115334,2,0,NA
2115333_2,2023-01-04 16:55:19.565916,CLO,2115333.jpg,2115333,2,0,NA
2115990_2,2023-01-04 16:55:18.628388,CLO,2115990.jpg,2115990,2,0,NA
2201169_2,2023-01-04 16:55:17.862786,CLO,2201169.jpg,2201169,2,0,NA
2114342_2,2023-01-04 16:55:16.940905,CLO,2114342.jpg,2114342,2,0,NA
2201472_2,2023-01-04 16:55:16.237796,CLO,2201472.jpg,2201472,2,0,NA
2115566_2,2023-01-04 16:55:15.612774,CLO,2115566.jpg,2115566,2,0,NA
2115067_2,2023-01-04 16:55:14.972246,CLO,2115067.jpg,2115067,2,0,NA
2205195_2,2023-01-04 16:55:14.331555,CLO,2205195.jpg,2205195,2,0,NA
2114297_2,2023-01-04 16:55:13.300277,CLO,2114297.jpg,2114297,2,0,NA
2115601_2,2023-01-04 16:55:12.222198,CLO,2115601.jpg,2115601,2,0,NA
2114551_2,2023-01-04 16:55:11.612818,CLO,2114551.jpg,2114551,2,0,NA
2200239_2,2023-01-04 16:55:10.815942,CLO,2200239.jpg,2200239,2,0,NA
2116049_2,2023-01-04 16:55:10.269064,CLO,2116049.jpg,2116049,2,0,NA
2203066_2,2023-01-04 16:55:09.394081,CLO,2203066.jpg,2203066,2,0,NA
2212221_2,2023-01-04 16:55:08.753427,JEW,2212221.jpg,2212221,2,0,NA
2212227_2,2023-01-04 16:55:08.128455,JEW,2212227.jpg,2212227,2,0,NA
2212230_2,2023-01-04 16:55:07.565954,JEW,2212230.jpg,2212230,2,0,NA
2212229_2,2023-01-04 16:55:06.972182,JEW,2212229.jpg,2212229,2,0,NA
2212233_2,2023-01-04 16:55:06.456572,JEW,2212233.jpg,2212233,2,0,NA
2212241_2,2023-01-04 16:55:05.909711,JEW,2212241.jpg,2212241,2,0,NA
2212235_2,2023-01-04 16:55:05.347204,JEW,2212235.jpg,2212235,2,0,NA
2213782_2,2023-01-04 16:55:04.831566,BEAUTY,2213782.jpg,2213782,2,0,NA
2213783_2,2023-01-04 16:55:04.269076,BEAUTY,2213783.jpg,2213783,2,0,NA
2213784_2,2023-01-04 16:55:03.722198,BEAUTY,2213784.jpg,2213784,2,0,NA
2212246_2,2023-01-04 16:55:03.190974,JEW,2212246.jpg,2212246,2,0,NA
2214029_2,2023-01-04 16:55:02.597221,BEAUTY,2214029.jpg,2214029,2,0,NA
2214046_2,2023-01-04 16:55:02.019078,BEAUTY,2214046.jpg,2214046,2,0,NA
2213785_2,2023-01-04 16:55:01.425359,BEAUTY,2213785.jpg,2213785,2,0,NA
2214051_2,2023-01-04 16:55:00.862862,BEAUTY,2214051.jpg,2214051,2,0,NA
2214555_2,2023-01-04 16:55:00.300356,ACC,2214555.jpg,2214555,2,0,NA
2214556_2,2023-01-04 16:54:59.737856,ACC,2214556.jpg,2214556,2,0,NA
2215057_2,2023-01-04 16:54:59.175467,ACC,2215057.jpg,2215057,2,0,NA
2215058_2,2023-01-04 16:54:58.644140,ACC,2215058.jpg,2215058,2,0,NA
2215132_2,2023-01-04 16:54:58.081623,ACC,2215132.jpg,2215132,2,0,NA
2212724_2,2023-01-04 16:54:57.550366,JEW,2212724.jpg,2212724,2,0,NA
2212725_2,2023-01-04 16:54:56.972245,JEW,2212725.jpg,2212725,2,0,NA
2212748_2,2023-01-04 16:54:56.378496,JEW,2212748.jpg,2212748,2,0,NA
2212754_2,2023-01-04 16:54:55.847227,JEW,2212754.jpg,2212754,2,0,NA
2212756_2,2023-01-04 16:54:55.300359,JEW,2212756.jpg,2212756,2,0,NA
2212759_2,2023-01-04 16:54:54.690981,JEW,2212759.jpg,2212759,2,0,NA
2212762_2,2023-01-04 16:54:54.050380,JEW,2212762.jpg,2212762,2,0,NA
2212765_2,2023-01-04 16:54:53.550384,JEW,2212765.jpg,2212765,2,0,NA
2212766_2,2023-01-04 16:54:52.956689,JEW,2212766.jpg,2212766,2,0,NA
2212768_2,2023-01-04 16:54:52.316010,JEW,2212768.jpg,2212768,2,0,NA
2212940_2,2023-01-04 16:54:51.737884,JEW,2212940.jpg,2212940,2,0,NA
2212955_2,2023-01-04 16:54:51.112878,JEW,2212955.jpg,2212955,2,0,NA
2212971_2,2023-01-04 16:54:50.503515,JEW,2212971.jpg,2212971,2,0,NA
2213057_2,2023-01-04 16:54:49.941020,JEW,2213057.jpg,2213057,2,0,NA
2213059_2,2023-01-04 16:54:49.378503,JEW,2213059.jpg,2213059,2,0,NA
2213063_2,2023-01-04 16:54:48.862928,JEW,2213063.jpg,2213063,2,0,NA
2213068_2,2023-01-04 16:54:48.316023,JEW,2213068.jpg,2213068,2,0,NA
2213067_2,2023-01-04 16:54:47.722277,JEW,2213067.jpg,2213067,2,0,NA
2213176_2,2023-01-04 16:54:47.144178,JEW,2213176.jpg,2213176,2,0,NA
2213168_2,2023-01-04 16:54:46.566027,JEW,2213168.jpg,2213168,2,0,NA
2213074_2,2023-01-04 16:54:45.972271,JEW,2213074.jpg,2213074,2,0,NA
2213195_2,2023-01-04 16:54:45.347325,JEW,2213195.jpg,2213195,2,0,NA
2213200_2,2023-01-04 16:54:44.722311,JEW,2213200.jpg,2213200,2,0,NA
2213223_2,2023-01-04 16:54:44.128535,JEW,2213223.jpg,2213223,2,0,NA
2213209_2,2023-01-04 16:54:43.503540,JEW,2213209.jpg,2213209,2,0,NA
2214433_2,2023-01-04 16:54:42.831799,BEAUTY,2214433.jpg,2214433,2,0,NA
2214434_2,2023-01-04 16:54:42.206658,BEAUTY,2214434.jpg,2214434,2,0,NA
2213249_2,2023-01-04 16:54:41.628550,JEW,2213249.jpg,2213249,2,0,NA
2215171_2,2023-01-04 16:54:41.034785,ACC,2215171.jpg,2215171,2,0,NA
2203065_2,2023-01-04 16:54:40.472290,CLO,2203065.jpg,2203065,2,0,NA
2212944_2,2023-01-04 16:54:39.755441,JEW,2212944.jpg,2212944,2,0,NA
2212948_2,2023-01-04 16:54:39.159806,JEW,2212948.jpg,2212948,2,0,NA
2212946_2,2023-01-04 16:54:38.503542,JEW,2212946.jpg,2212946,2,0,NA
2212950_2,2023-01-04 16:54:37.972301,JEW,2212950.jpg,2212950,2,0,NA
2212961_2,2023-01-04 16:54:37.019177,JEW,2212961.jpg,2212961,2,0,NA
2213778_2,2023-01-04 16:54:36.237935,BEAUTY,2213778.jpg,2213778,2,0,NA
2212963_2,2023-01-04 16:54:35.659827,JEW,2212963.jpg,2212963,2,0,NA
2214070_2,2023-01-04 16:54:35.097330,BEAUTY,2214070.jpg,2214070,2,0,NA
2214106_2,2023-01-04 16:54:34.519344,BEAUTY,2214106.jpg,2214106,2,0,NA
2112222_2,2023-01-04 16:54:33.972342,CLO,2112222.jpg,2112222,2,0,NA
2112834_2,2023-01-04 16:54:33.316071,SHO,2112834.jpg,2112834,2,0,NA
2114470_2,2023-01-04 16:54:32.659853,CLO,2114470.jpg,2114470,2,0,NA
2114537_2,2023-01-04 16:54:31.878599,CLO,2114537.jpg,2114537,2,0,NA
2115604_2,2023-01-04 16:54:31.175462,CLO,2115604.jpg,2115604,2,0,NA
2200093_2,2023-01-04 16:54:30.409898,CLO,2200093.jpg,2200093,2,0,NA
2200483_2,2023-01-04 16:54:29.253604,CLO,2200483.jpg,2200483,2,0,NA
2200634_2,2023-01-04 16:54:28.441102,CLO,2200634.jpg,2200634,2,0,NA
2109025_2,2023-01-04 16:54:27.675475,CLO,2109025.jpg,2109025,2,0,NA
2112622_2,2023-01-04 16:54:26.987977,SHO,2112622.jpg,2112622,2,0,NA
2112702_2,2023-01-04 16:54:26.253607,SHO,2112702.jpg,2112702,2,0,NA
2112705_2,2023-01-04 16:54:25.612988,SHO,2112705.jpg,2112705,2,0,NA
2112707_2,2023-01-04 16:54:24.956757,SHO,2112707.jpg,2112707,2,0,NA
2112709_2,2023-01-04 16:54:24.284876,SHO,2112709.jpg,2112709,2,0,NA
2112782_2,2023-01-04 16:54:23.566118,SHO,2112782.jpg,2112782,2,0,NA
2113163_2,2023-01-04 16:54:22.722385,CLO,2113163.jpg,2113163,2,0,NA
2113528_2,2023-01-04 16:54:21.831819,SHO,2113528.jpg,2113528,2,0,NA
2113534_2,2023-01-04 16:54:21.112985,SHO,2113534.jpg,2113534,2,0,NA
2113539_2,2023-01-04 16:54:20.300504,SHO,2113539.jpg,2113539,2,0,NA
2113540_2,2023-01-04 16:54:19.613202,SHO,2113540.jpg,2113540,2,0,NA
2113590_2,2023-01-04 16:54:18.878655,SHO,2113590.jpg,2113590,2,0,NA
2113591_2,2023-01-04 16:54:18.175515,SHO,2113591.jpg,2113591,2,0,NA
2114212_2,2023-01-04 16:54:17.394263,SHO,2114212.jpg,2114212,2,0,NA
2114653_2,2023-01-04 16:54:16.613043,SHO,2114653.jpg,2114653,2,0,NA
2115917_2,2023-01-04 16:54:15.800677,CLO,2115917.jpg,2115917,2,0,NA
2200358_2,2023-01-04 16:54:14.878651,SHO,2200358.jpg,2200358,2,0,NA
2200361_2,2023-01-04 16:54:13.722410,SHO,2200361.jpg,2200361,2,0,NA
2200646_2,2023-01-04 16:54:12.894446,CLO,2200646.jpg,2200646,2,0,NA
2201452_2,2023-01-04 16:54:12.238035,CLO,2201452.jpg,2201452,2,0,NA
2201580_2,2023-01-04 16:54:11.472430,SHO,2201580.jpg,2201580,2,0,NA
2202727_2,2023-01-04 16:54:10.925579,SHO,2202727.jpg,2202727,2,0,NA
2202728_2,2023-01-04 16:54:10.222444,SHO,2202728.jpg,2202728,2,0,NA
2202854_2,2023-01-04 16:54:09.613070,CLO,2202854.jpg,2202854,2,0,NA
2203367_2,2023-01-04 16:54:09.003653,SHO,2203367.jpg,2203367,2,0,NA
2203503_2,2023-01-04 16:54:08.316177,SHO,2203503.jpg,2203503,2,0,NA
2203513_2,2023-01-04 16:54:07.456811,SHO,2203513.jpg,2203513,2,0,NA
2203524_2,2023-01-04 16:54:06.550564,SHO,2203524.jpg,2203524,2,0,NA
2203527_2,2023-01-04 16:54:05.863087,SHO,2203527.jpg,2203527,2,0,NA
2203583_2,2023-01-04 16:54:05.144324,SHO,2203583.jpg,2203583,2,0,NA
2204247_2,2023-01-04 16:54:04.410175,CLO,2204247.jpg,2204247,2,0,NA
2201862_2,2023-01-04 16:54:03.691192,CLO,2201862.jpg,2201862,2,0,NA
2200176_2,2023-01-04 16:54:02.863092,CLO,2200176.jpg,2200176,2,0,NA
2115181_2,2023-01-04 16:54:02.128721,CLO,2115181.jpg,2115181,2,0,NA
2115420_2,2023-01-04 16:54:01.363077,CLO,2115420.jpg,2115420,2,0,NA
2212209_2,2023-01-04 16:54:00.691187,JEW,2212209.jpg,2212209,2,0,NA
2212208_2,2023-01-04 16:54:00.128734,JEW,2212208.jpg,2212208,2,0,NA
2212362_2,2023-01-04 16:53:59.550585,ACC,2212362.jpg,2212362,2,0,NA
2212323_2,2023-01-04 16:53:59.003748,JEW,2212323.jpg,2212323,2,0,NA
2212604_2,2023-01-04 16:53:58.441386,JEW,2212604.jpg,2212604,2,0,NA
2212353_2,2023-01-04 16:53:57.925632,ACC,2212353.jpg,2212353,2,0,NA
2214031_2,2023-01-04 16:53:57.347470,JEW,2214031.jpg,2214031,2,0,NA
2212605_2,2023-01-04 16:53:56.753739,JEW,2212605.jpg,2212605,2,0,NA
2212607_2,2023-01-04 16:53:56.191222,JEW,2212607.jpg,2212607,2,0,NA
2214077_2,2023-01-04 16:53:55.581857,ACC,2214077.jpg,2214077,2,0,NA
2214081_2,2023-01-04 16:53:54.988196,ACC,2214081.jpg,2214081,2,0,NA
2214082_2,2023-01-04 16:53:54.285468,ACC,2214082.jpg,2214082,2,0,NA
2214083_2,2023-01-04 16:53:53.784988,ACC,2214083.jpg,2214083,2,0,NA
2214084_2,2023-01-04 16:53:53.191259,ACC,2214084.jpg,2214084,2,0,NA
2214461_2,2023-01-04 16:53:52.613120,ACC,2214461.jpg,2214461,2,0,NA
2214491_2,2023-01-04 16:53:52.003761,ACC,2214491.jpg,2214491,2,0,NA
2212178_2,2023-01-04 16:53:51.347650,JEW,2212178.jpg,2212178,2,0,NA
2212194_2,2023-01-04 16:53:50.769371,JEW,2212194.jpg,2212194,2,0,NA
2212452_2,2023-01-04 16:53:50.238123,JEW,2212452.jpg,2212452,2,0,NA
2212456_2,2023-01-04 16:53:49.675613,JEW,2212456.jpg,2212456,2,0,NA
2212461_2,2023-01-04 16:53:48.253778,JEW,2212461.jpg,2212461,2,0,NA
2212465_2,2023-01-04 16:53:47.659998,JEW,2212465.jpg,2212465,2,0,NA
2212545_2,2023-01-04 16:53:47.019390,JEW,2212545.jpg,2212545,2,0,NA
2212575_2,2023-01-04 16:53:46.097543,JEW,2212575.jpg,2212575,2,0,NA
2212609_2,2023-01-04 16:53:44.269412,JEW,2212609.jpg,2212609,2,0,NA
2214078_2,2023-01-04 16:53:43.691444,ACC,2214078.jpg,2214078,2,0,NA
2212344_2,2023-01-04 16:53:43.066330,JEW,2212344.jpg,2212344,2,0,NA
2212108_2,2023-01-04 16:53:42.425679,CLO,2212108.jpg,2212108,2,0,NA
2216814_2,2023-01-04 16:53:36.191330,CLO,2216814.jpg,2216814,2,0,NA
2215007_2,2023-01-04 16:53:34.394419,ACC,2215007.jpg,2215007,2,0,NA
2215009_2,2023-01-04 16:53:33.253836,ACC,2215009.jpg,2215009,2,0,NA
2213025_2,2023-01-04 16:53:32.269420,SHO,2213025.jpg,2213025,2,0,NA
2213950_2,2023-01-04 16:53:31.457046,CLO,2213950.jpg,2213950,2,0,NA
2214245_2,2023-01-04 16:53:30.644448,CLO,2214245.jpg,2214245,2,0,NA
2215032_2,2023-01-04 16:53:29.988183,CLO,2215032.jpg,2215032,2,0,NA
2215045_2,2023-01-04 16:53:29.175708,CLO,2215045.jpg,2215045,2,0,NA
2215087_2,2023-01-04 16:53:28.378875,CLO,2215087.jpg,2215087,2,0,NA
2215066_2,2023-01-04 16:53:27.738221,CLO,2215066.jpg,2215066,2,0,NA
2215117_2,2023-01-04 16:53:27.066333,CLO,2215117.jpg,2215117,2,0,NA
2215251_2,2023-01-04 16:53:26.066327,CLO,2215251.jpg,2215251,2,0,NA
2215297_2,2023-01-04 16:53:25.456968,CLO,2215297.jpg,2215297,2,0,NA
2215436_2,2023-01-04 16:52:42.394656,CLO,2215436.jpg,2215436,2,0,NA
2215524_2,2023-01-04 16:52:41.785260,CLO,2215524.jpg,2215524,2,0,NA
2215464_2,2023-01-04 16:52:41.207137,CLO,2215464.jpg,2215464,2,0,NA
2215525_2,2023-01-04 16:52:40.160550,CLO,2215525.jpg,2215525,2,0,NA
2215579_2,2023-01-04 16:52:39.441530,CLO,2215579.jpg,2215579,2,0,NA
2215583_2,2023-01-04 16:52:38.816526,CLO,2215583.jpg,2215583,2,0,NA
2215591_2,2023-01-04 16:52:38.066525,CLO,2215591.jpg,2215591,2,0,NA
2215623_2,2023-01-04 16:52:37.285271,CLO,2215623.jpg,2215623,2,0,NA
2215624_2,2023-01-04 16:52:36.722783,CLO,2215624.jpg,2215624,2,0,NA
2215625_2,2023-01-04 16:52:35.910290,CLO,2215625.jpg,2215625,2,0,NA
2215626_2,2023-01-04 16:52:35.269658,CLO,2215626.jpg,2215626,2,0,NA
2215702_2,2023-01-04 16:52:34.644661,CLO,2215702.jpg,2215702,2,0,NA
2215740_2,2023-01-04 16:52:34.004037,CLO,2215740.jpg,2215740,2,0,NA
2216062_2,2023-01-04 16:52:33.316544,CLO,2216062.jpg,2216062,2,0,NA
2216832_2,2023-01-04 16:52:32.691544,CLO,2216832.jpg,2216832,2,0,NA
2215081_2,2023-01-04 16:52:32.066546,CLO,2215081.jpg,2215081,2,0,NA
2215431_2,2023-01-04 16:52:31.394675,CLO,2215431.jpg,2215431,2,0,NA
2215522_2,2023-01-04 16:52:30.754051,CLO,2215522.jpg,2215522,2,0,NA
2215514_2,2023-01-04 16:52:30.144678,CLO,2215514.jpg,2215514,2,0,NA
2215704_2,2023-01-04 16:52:28.972806,CLO,2215704.jpg,2215704,2,0,NA
2215556_2,2023-01-04 16:52:27.941581,CLO,2215556.jpg,2215556,2,0,NA
2215781_2,2023-01-04 16:52:27.316571,CLO,2215781.jpg,2215781,2,0,NA
2218387_2,2023-01-04 16:52:26.691563,BEAUTY,2218387.jpg,2218387,2,0,NA
2218403_2,2023-01-04 16:52:26.113442,BEAUTY,2218403.jpg,2218403,2,0,NA
2218394_2,2023-01-04 16:52:25.535321,BEAUTY,2218394.jpg,2218394,2,0,NA
2218392_2,2023-01-04 16:52:24.910307,BEAUTY,2218392.jpg,2218392,2,0,NA
2218381_2,2023-01-04 16:52:24.379074,BEAUTY,2218381.jpg,2218381,2,0,NA
2102487_2,2023-01-04 16:52:23.847833,ACC,2102487.jpg,2102487,2,0,NA
2212176_2,2023-01-04 16:52:23.301028,JEW,2212176.jpg,2212176,2,0,NA
2212291_2,2023-01-04 16:52:22.707199,JEW,2212291.jpg,2212291,2,0,NA
2212201_2,2023-01-04 16:52:22.175963,JEW,2212201.jpg,2212201,2,0,NA
2212534_2,2023-01-04 16:52:21.582209,JEW,2212534.jpg,2212534,2,0,NA
2212576_2,2023-01-04 16:52:21.019713,JEW,2212576.jpg,2212576,2,0,NA
2212577_2,2023-01-04 16:52:20.504662,JEW,2212577.jpg,2212577,2,0,NA
2212530_2,2023-01-04 16:52:19.910372,JEW,2212530.jpg,2212530,2,0,NA
2212589_2,2023-01-04 16:52:19.363477,JEW,2212589.jpg,2212589,2,0,NA
2212563_2,2023-01-04 16:52:18.754101,JEW,2212563.jpg,2212563,2,0,NA
2212586_2,2023-01-04 16:52:18.129097,JEW,2212586.jpg,2212586,2,0,NA
2212592_2,2023-01-04 16:52:17.504096,JEW,2212592.jpg,2212592,2,0,NA
2212621_2,2023-01-04 16:52:16.957229,JEW,2212621.jpg,2212621,2,0,NA
2212599_2,2023-01-04 16:52:16.300967,JEW,2212599.jpg,2212599,2,0,NA
2212694_2,2023-01-04 16:52:15.722864,JEW,2212694.jpg,2212694,2,0,NA
2212737_2,2023-01-04 16:52:15.207228,JEW,2212737.jpg,2212737,2,0,NA
2212722_2,2023-01-04 16:52:14.644747,JEW,2212722.jpg,2212722,2,0,NA
2212866_2,2023-01-04 16:52:13.988465,JEW,2212866.jpg,2212866,2,0,NA
2213244_2,2023-01-04 16:52:13.316623,JEW,2213244.jpg,2213244,2,0,NA
2213238_2,2023-01-04 16:52:12.785379,JEW,2213238.jpg,2213238,2,0,NA
2213246_2,2023-01-04 16:52:11.597966,JEW,2213246.jpg,2213246,2,0,NA
2213247_2,2023-01-04 16:52:10.926073,JEW,2213247.jpg,2213247,2,0,NA
2213704_2,2023-01-04 16:52:10.347857,BEAUTY,2213704.jpg,2213704,2,0,NA
2214021_2,2023-01-04 16:52:09.801013,JEW,2214021.jpg,2214021,2,0,NA
2214020_2,2023-01-04 16:52:09.269763,JEW,2214020.jpg,2214020,2,0,NA
2214206_2,2023-01-04 16:52:08.722886,JEW,2214206.jpg,2214206,2,0,NA
2214183_2,2023-01-04 16:52:08.097894,JEW,2214183.jpg,2214183,2,0,NA
2215848_2,2023-01-04 16:52:07.488511,JEW,2215848.jpg,2215848,2,0,NA
2215860_2,2023-01-04 16:52:06.754155,JEW,2215860.jpg,2215860,2,0,NA
2216386_2,2023-01-04 16:52:05.816668,ACC,2216386.jpg,2216386,2,0,NA
2215971_2,2023-01-04 16:52:05.066658,JEW,2215971.jpg,2215971,2,0,NA
2215942_2,2023-01-04 16:52:04.316653,JEW,2215942.jpg,2215942,2,0,NA
2216389_2,2023-01-04 16:52:03.676027,ACC,2216389.jpg,2216389,2,0,NA
2216390_2,2023-01-04 16:52:03.160403,ACC,2216390.jpg,2216390,2,0,NA
2216391_2,2023-01-04 16:52:01.926030,ACC,2216391.jpg,2216391,2,0,NA
2216392_2,2023-01-04 16:52:01.394796,ACC,2216392.jpg,2216392,2,0,NA
2207802_2,2023-01-04 16:52:00.722921,JEW,2207802.jpg,2207802,2,0,NA
2212181_2,2023-01-04 16:51:59.972911,JEW,2212181.jpg,2212181,2,0,NA
2212180_2,2023-01-04 16:51:59.285423,JEW,2212180.jpg,2212180,2,0,NA
2212322_2,2023-01-04 16:51:58.582320,CLO,2212322.jpg,2212322,2,0,NA
2212451_2,2023-01-04 16:51:57.941673,JEW,2212451.jpg,2212451,2,0,NA
2212457_2,2023-01-04 16:51:57.222946,JEW,2212457.jpg,2212457,2,0,NA
2212463_2,2023-01-04 16:51:56.597937,JEW,2212463.jpg,2212463,2,0,NA
2212464_2,2023-01-04 16:51:55.754196,JEW,2212464.jpg,2212464,2,0,NA
2212473_2,2023-01-04 16:51:55.207311,JEW,2212473.jpg,2212473,2,0,NA
2212476_2,2023-01-04 16:51:54.644833,JEW,2212476.jpg,2212476,2,0,NA
2212496_2,2023-01-04 16:51:54.129268,JEW,2212496.jpg,2212496,2,0,NA
2212498_2,2023-01-04 16:51:53.597953,JEW,2212498.jpg,2212498,2,0,NA
2212501_2,2023-01-04 16:51:53.019850,JEW,2212501.jpg,2212501,2,0,NA
2212511_2,2023-01-04 16:51:52.488569,JEW,2212511.jpg,2212511,2,0,NA
2212544_2,2023-01-04 16:51:51.894856,JEW,2212544.jpg,2212544,2,0,NA
2212567_2,2023-01-04 16:51:51.332325,JEW,2212567.jpg,2212567,2,0,NA
2212568_2,2023-01-04 16:51:50.769850,JEW,2212568.jpg,2212568,2,0,NA
2212572_2,2023-01-04 16:51:50.207334,JEW,2212572.jpg,2212572,2,0,NA
2212582_2,2023-01-04 16:51:49.660461,JEW,2212582.jpg,2212582,2,0,NA
2212610_2,2023-01-04 16:51:49.035471,JEW,2212610.jpg,2212610,2,0,NA
2212861_2,2023-01-04 16:51:48.457344,JEW,2212861.jpg,2212861,2,0,NA
2213060_2,2023-01-04 16:51:47.847960,JEW,2213060.jpg,2213060,2,0,NA
2213501_2,2023-01-04 16:51:47.285481,JEW,2213501.jpg,2213501,2,0,NA
2213502_2,2023-01-04 16:51:46.769840,JEW,2213502.jpg,2213502,2,0,NA
2211038_2,2023-01-04 16:51:46.160482,JEW,2211038.jpg,2211038,2,0,NA
2213522_2,2023-01-04 16:51:45.754503,JEW,2213522.jpg,2213522,2,0,NA
2213521_2,2023-01-04 16:51:45.144849,JEW,2213521.jpg,2213521,2,0,NA
2214039_2,2023-01-04 16:51:44.519856,JEW,2214039.jpg,2214039,2,0,NA
2214041_2,2023-01-04 16:51:43.894838,JEW,2214041.jpg,2214041,2,0,NA
2214043_2,2023-01-04 16:51:42.660497,JEW,2214043.jpg,2214043,2,0,NA
2214131_2,2023-01-04 16:51:42.113623,BEAUTY,2214131.jpg,2214131,2,0,NA
2215858_2,2023-01-04 16:51:41.504236,JEW,2215858.jpg,2215858,2,0,NA
2215859_2,2023-01-04 16:51:40.472996,JEW,2215859.jpg,2215859,2,0,NA
2207620_2,2023-01-04 16:51:39.926114,CLO,2207620.jpg,2207620,2,0,NA
2213045_2,2023-01-04 16:51:39.347986,CLO,2213045.jpg,2213045,2,0,NA
2213390_2,2023-01-04 16:51:38.769882,CLO,2213390.jpg,2213390,2,0,NA
2213538_2,2023-01-04 16:51:38.129279,CLO,2213538.jpg,2213538,2,0,NA
2215604_2,2023-01-04 16:51:37.566753,CLO,2215604.jpg,2215604,2,0,NA
2215605_2,2023-01-04 16:51:36.894886,CLO,2215605.jpg,2215605,2,0,NA
2215755_2,2023-01-04 16:51:36.269884,CLO,2215755.jpg,2215755,2,0,NA
2112225_2,2023-01-04 16:51:35.707445,JEW,2112225.jpg,2112225,2,0,NA
2204867_2,2023-01-04 16:51:35.129261,BEAUTY,2204867.jpg,2204867,2,0,NA
2212202_2,2023-01-04 16:51:34.473018,JEW,2212202.jpg,2212202,2,0,NA
2212211_2,2023-01-04 16:51:33.863662,JEW,2212211.jpg,2212211,2,0,NA
2212446_2,2023-01-04 16:51:33.348050,JEW,2212446.jpg,2212446,2,0,NA
2212445_2,2023-01-04 16:51:32.754282,JEW,2212445.jpg,2212445,2,0,NA
2212447_2,2023-01-04 16:51:32.160538,JEW,2212447.jpg,2212447,2,0,NA
2212448_2,2023-01-04 16:51:31.598035,JEW,2212448.jpg,2212448,2,0,NA
2212449_2,2023-01-04 16:51:31.035528,JEW,2212449.jpg,2212449,2,0,NA
2212450_2,2023-01-04 16:51:30.473055,JEW,2212450.jpg,2212450,2,0,NA
2212478_2,2023-01-04 16:51:29.863664,JEW,2212478.jpg,2212478,2,0,NA
2212521_2,2023-01-04 16:51:29.301185,JEW,2212521.jpg,2212521,2,0,NA
2212479_2,2023-01-04 16:51:28.754309,JEW,2212479.jpg,2212479,2,0,NA
2212527_2,2023-01-04 16:51:28.207411,JEW,2212527.jpg,2212527,2,0,NA
2212525_2,2023-01-04 16:51:27.644945,JEW,2212525.jpg,2212525,2,0,NA
2212539_2,2023-01-04 16:51:27.113677,JEW,2212539.jpg,2212539,2,0,NA
2212562_2,2023-01-04 16:51:26.551258,JEW,2212562.jpg,2212562,2,0,NA
2212542_2,2023-01-04 16:51:25.988670,JEW,2212542.jpg,2212542,2,0,NA
2212573_2,2023-01-04 16:51:25.410571,JEW,2212573.jpg,2212573,2,0,NA
2212581_2,2023-01-04 16:51:24.894935,JEW,2212581.jpg,2212581,2,0,NA
2212583_2,2023-01-04 16:51:24.285538,JEW,2212583.jpg,2212583,2,0,NA
2212585_2,2023-01-04 16:51:23.738715,JEW,2212585.jpg,2212585,2,0,NA
2212587_2,2023-01-04 16:51:23.160563,JEW,2212587.jpg,2212587,2,0,NA
2212738_2,2023-01-04 16:51:22.488718,JEW,2212738.jpg,2212738,2,0,NA
2212739_2,2023-01-04 16:51:21.910619,JEW,2212739.jpg,2212739,2,0,NA
2213214_2,2023-01-04 16:51:21.363688,JEW,2213214.jpg,2213214,2,0,NA
2213232_2,2023-01-04 16:51:20.785587,JEW,2213232.jpg,2213232,2,0,NA
2213229_2,2023-01-04 16:51:20.160565,JEW,2213229.jpg,2213229,2,0,NA
2213235_2,2023-01-04 16:51:19.629321,JEW,2213235.jpg,2213235,2,0,NA
2213239_2,2023-01-04 16:51:19.066819,JEW,2213239.jpg,2213239,2,0,NA
2213245_2,2023-01-04 16:51:18.457498,JEW,2213245.jpg,2213245,2,0,NA
2214775_2,2023-01-04 16:51:17.941828,SHO,2214775.jpg,2214775,2,0,NA
2215699_2,2023-01-04 16:51:17.285583,SHO,2215699.jpg,2215699,2,0,NA
1705396_1,2023-01-04 16:51:16.848074,SHO,1705396.jpg,1705396,1,0,NA
2215913_2,2023-01-04 16:51:16.285618,JEW,2215913.jpg,2215913,2,0,NA
2212204_2,2023-01-04 16:51:15.644972,JEW,2212204.jpg,2212204,2,0,NA
2212477_2,2023-01-04 16:51:15.020065,JEW,2212477.jpg,2212477,2,0,NA
2212481_2,2023-01-04 16:51:14.441843,JEW,2212481.jpg,2212481,2,0,NA
2212564_2,2023-01-04 16:51:13.801221,JEW,2212564.jpg,2212564,2,0,NA
2212491_2,2023-01-04 16:51:13.254369,JEW,2212491.jpg,2212491,2,0,NA
2212570_2,2023-01-04 16:51:12.691850,JEW,2212570.jpg,2212570,2,0,NA
2212565_2,2023-01-04 16:51:12.145005,JEW,2212565.jpg,2212565,2,0,NA
2212578_2,2023-01-04 16:51:11.629353,JEW,2212578.jpg,2212578,2,0,NA
2212579_2,2023-01-04 16:51:11.066850,JEW,2212579.jpg,2212579,2,0,NA
2213499_2,2023-01-04 16:51:10.488739,JEW,2213499.jpg,2213499,2,0,NA
2212588_2,2023-01-04 16:51:10.082485,JEW,2212588.jpg,2212588,2,0,NA
2212580_2,2023-01-04 16:51:09.473109,JEW,2212580.jpg,2212580,2,0,NA
2209637_2,2023-01-04 16:51:08.879563,JEW,2209637.jpg,2209637,2,0,NA
2214019_2,2023-01-04 16:51:08.207489,JEW,2214019.jpg,2214019,2,0,NA
2214015_2,2023-01-04 16:51:07.457515,JEW,2214015.jpg,2214015,2,0,NA
2215861_2,2023-01-04 16:51:06.520109,JEW,2215861.jpg,2215861,2,0,NA
2216935_2,2023-01-04 16:51:05.801415,CLO,2216935.jpg,2216935,2,0,NA
2218450_2,2023-01-04 16:50:24.582658,ACC,2218450.jpg,2218450,2,0,NA
2212721_2,2023-01-04 16:50:24.020162,JEW,2212721.jpg,2212721,2,0,NA
2212718_2,2023-01-04 16:50:23.488910,JEW,2212718.jpg,2212718,2,0,NA
2212723_2,2023-01-04 16:50:22.957675,JEW,2212723.jpg,2212723,2,0,NA
2212733_2,2023-01-04 16:50:22.410976,JEW,2212733.jpg,2212733,2,0,NA
2212735_2,2023-01-04 16:50:21.879553,JEW,2212735.jpg,2212735,2,0,NA
2212741_2,2023-01-04 16:50:21.285798,JEW,2212741.jpg,2212741,2,0,NA
2212755_2,2023-01-04 16:50:20.754647,JEW,2212755.jpg,2212755,2,0,NA
2212757_2,2023-01-04 16:50:20.192028,JEW,2212757.jpg,2212757,2,0,NA
2212760_2,2023-01-04 16:50:19.660809,JEW,2212760.jpg,2212760,2,0,NA
2212763_2,2023-01-04 16:50:19.145197,JEW,2212763.jpg,2212763,2,0,NA
2212949_2,2023-01-04 16:50:18.598310,JEW,2212949.jpg,2212949,2,0,NA
2212968_2,2023-01-04 16:50:18.020229,JEW,2212968.jpg,2212968,2,0,NA
2212997_2,2023-01-04 16:50:17.457703,JEW,2212997.jpg,2212997,2,0,NA
2212977_2,2023-01-04 16:50:16.879671,JEW,2212977.jpg,2212977,2,0,NA
2213058_2,2023-01-04 16:50:16.332715,JEW,2213058.jpg,2213058,2,0,NA
2213072_2,2023-01-04 16:50:15.629588,JEW,2213072.jpg,2213072,2,0,NA
2213096_2,2023-01-04 16:50:15.051456,ACC,2213096.jpg,2213096,2,0,NA
2213098_2,2023-01-04 16:50:14.488944,ACC,2213098.jpg,2213098,2,0,NA
2213175_2,2023-01-04 16:50:13.926427,JEW,2213175.jpg,2213175,2,0,NA
2213179_2,2023-01-04 16:50:13.395207,JEW,2213179.jpg,2213179,2,0,NA
2213188_2,2023-01-04 16:50:12.801486,CLO,2213188.jpg,2213188,2,0,NA
2213190_2,2023-01-04 16:50:12.239074,CLO,2213190.jpg,2213190,2,0,NA
2213191_2,2023-01-04 16:50:11.598344,JEW,2213191.jpg,2213191,2,0,NA
2213217_2,2023-01-04 16:50:11.051462,JEW,2213217.jpg,2213217,2,0,NA
2213225_2,2023-01-04 16:50:10.504592,JEW,2213225.jpg,2213225,2,0,NA
2213228_2,2023-01-04 16:50:09.973346,JEW,2213228.jpg,2213228,2,0,NA
2213236_2,2023-01-04 16:50:09.410838,JEW,2213236.jpg,2213236,2,0,NA
2213759_2,2023-01-04 16:50:08.817112,BEAUTY,2213759.jpg,2213759,2,0,NA
2213248_2,2023-01-04 16:50:08.192092,JEW,2213248.jpg,2213248,2,0,NA
2214682_2,2023-01-04 16:50:07.660876,JEW,2214682.jpg,2214682,2,0,NA
2214689_2,2023-01-04 16:50:07.051477,JEW,2214689.jpg,2214689,2,0,NA
2214688_2,2023-01-04 16:50:06.473359,JEW,2214688.jpg,2214688,2,0,NA
2214684_2,2023-01-04 16:50:05.910856,JEW,2214684.jpg,2214684,2,0,NA
2214879_2,2023-01-04 16:50:05.238987,BEAUTY,2214879.jpg,2214879,2,0,NA
2214886_2,2023-01-04 16:50:04.629675,BEAUTY,2214886.jpg,2214886,2,0,NA
2214889_2,2023-01-04 16:50:04.098356,BEAUTY,2214889.jpg,2214889,2,0,NA
2214844_2,2023-01-04 16:50:03.363990,BEAUTY,2214844.jpg,2214844,2,0,NA
2214900_2,2023-01-04 16:50:02.614005,BEAUTY,2214900.jpg,2214900,2,0,NA
2214896_2,2023-01-04 16:50:01.864002,BEAUTY,2214896.jpg,2214896,2,0,NA
2214902_2,2023-01-04 16:50:01.160906,BEAUTY,2214902.jpg,2214902,2,0,NA
2214903_2,2023-01-04 16:50:00.364004,BEAUTY,2214903.jpg,2214903,2,0,NA
2215469_2,2023-01-04 16:49:59.770286,JEW,2215469.jpg,2215469,2,0,NA
2215989_2,2023-01-04 16:49:59.223530,ACC,2215989.jpg,2215989,2,0,NA
2216664_2,2023-01-04 16:49:58.629871,ACC,2216664.jpg,2216664,2,0,NA
2216659_2,2023-01-04 16:49:58.051513,ACC,2216659.jpg,2216659,2,0,NA
2215941_2,2023-01-04 16:49:57.489087,JEW,2215941.jpg,2215941,2,0,NA
2212547_2,2023-01-04 16:49:56.957858,ACC,2212547.jpg,2212547,2,0,NA
2212120_2,2023-01-04 16:49:56.379726,CLO,2212120.jpg,2212120,2,0,NA
2212560_2,2023-01-04 16:49:55.832829,ACC,2212560.jpg,2212560,2,0,NA
2214542_2,2023-01-04 16:49:55.317135,ACC,2214542.jpg,2214542,2,0,NA
2214552_2,2023-01-04 16:49:54.739138,ACC,2214552.jpg,2214552,2,0,NA
2215349_2,2023-01-04 16:49:54.192147,ACC,2215349.jpg,2215349,2,0,NA
2215348_2,2023-01-04 16:49:53.676548,ACC,2215348.jpg,2215348,2,0,NA
2214553_2,2023-01-04 16:49:53.145602,ACC,2214553.jpg,2214553,2,0,NA
2215355_2,2023-01-04 16:49:52.629651,ACC,2215355.jpg,2215355,2,0,NA
2215358_2,2023-01-04 16:49:52.082776,ACC,2215358.jpg,2215358,2,0,NA
2215352_2,2023-01-04 16:49:51.504648,ACC,2215352.jpg,2215352,2,0,NA
2215350_2,2023-01-04 16:49:50.973535,ACC,2215350.jpg,2215350,2,0,NA
2215357_2,2023-01-04 16:49:50.442149,ACC,2215357.jpg,2215357,2,0,NA
2215365_2,2023-01-04 16:49:49.895403,ACC,2215365.jpg,2215365,2,0,NA
2215368_2,2023-01-04 16:49:49.318277,ACC,2215368.jpg,2215368,2,0,NA
2215364_2,2023-01-04 16:49:48.786020,ACC,2215364.jpg,2215364,2,0,NA
2215728_2,2023-01-04 16:49:48.270381,JEW,2215728.jpg,2215728,2,0,NA
2215732_2,2023-01-04 16:49:47.739050,JEW,2215732.jpg,2215732,2,0,NA
2215731_2,2023-01-04 16:49:47.207805,JEW,2215731.jpg,2215731,2,0,NA
2215845_2,2023-01-04 16:49:46.551558,ACC,2215845.jpg,2215845,2,0,NA
2217185_2,2023-01-04 16:49:45.973554,BEAUTY,2217185.jpg,2217185,2,0,NA
2212219_2,2023-01-04 16:49:45.410931,JEW,2212219.jpg,2212219,2,0,NA
2212222_2,2023-01-04 16:49:44.848512,JEW,2212222.jpg,2212222,2,0,NA
2212220_2,2023-01-04 16:49:44.207803,JEW,2212220.jpg,2212220,2,0,NA
2212231_2,2023-01-04 16:49:43.660933,JEW,2212231.jpg,2212231,2,0,NA
2212228_2,2023-01-04 16:49:43.114048,JEW,2212228.jpg,2212228,2,0,NA
2212234_2,2023-01-04 16:49:42.317174,JEW,2212234.jpg,2212234,2,0,NA
2212232_2,2023-01-04 16:49:41.754704,JEW,2212232.jpg,2212232,2,0,NA
2212237_2,2023-01-04 16:49:41.207808,JEW,2212237.jpg,2212237,2,0,NA
2212238_2,2023-01-04 16:49:40.676560,JEW,2212238.jpg,2212238,2,0,NA
2212245_2,2023-01-04 16:49:40.098429,JEW,2212245.jpg,2212245,2,0,NA
2212243_2,2023-01-04 16:49:39.474441,JEW,2212243.jpg,2212243,2,0,NA
2212248_2,2023-01-04 16:49:38.880445,JEW,2212248.jpg,2212248,2,0,NA
2212249_2,2023-01-04 16:49:38.285942,JEW,2212249.jpg,2212249,2,0,NA
2213230_2,2023-01-04 16:49:37.598451,JEW,2213230.jpg,2213230,2,0,NA
2214683_2,2023-01-04 16:49:37.004885,JEW,2214683.jpg,2214683,2,0,NA
2214685_2,2023-01-04 16:49:36.411103,JEW,2214685.jpg,2214685,2,0,NA
2214658_2,2023-01-04 16:49:35.848477,JEW,2214658.jpg,2214658,2,0,NA
2214686_2,2023-01-04 16:49:35.270336,JEW,2214686.jpg,2214686,2,0,NA
2215725_2,2023-01-04 16:49:34.707843,JEW,2215725.jpg,2215725,2,0,NA
2212459_2,2023-01-04 16:49:34.035984,JEW,2212459.jpg,2212459,2,0,NA
2212460_2,2023-01-04 16:49:33.442230,JEW,2212460.jpg,2212460,2,0,NA
2212462_2,2023-01-04 16:49:32.864080,JEW,2212462.jpg,2212462,2,0,NA
2212466_2,2023-01-04 16:49:32.270338,JEW,2212466.jpg,2212466,2,0,NA
2212471_2,2023-01-04 16:49:31.692214,JEW,2212471.jpg,2212471,2,0,NA
2212467_2,2023-01-04 16:49:31.160967,JEW,2212467.jpg,2212467,2,0,NA
2212468_2,2023-01-04 16:49:30.551611,JEW,2212468.jpg,2212468,2,0,NA
2212475_2,2023-01-04 16:49:30.004748,JEW,2212475.jpg,2212475,2,0,NA
2212472_2,2023-01-04 16:49:29.426621,JEW,2212472.jpg,2212472,2,0,NA
2212483_2,2023-01-04 16:49:28.895391,JEW,2212483.jpg,2212483,2,0,NA
2212484_2,2023-01-04 16:49:28.396311,JEW,2212484.jpg,2212484,2,0,NA
2212486_2,2023-01-04 16:49:27.817299,JEW,2212486.jpg,2212486,2,0,NA
2212485_2,2023-01-04 16:49:27.223515,JEW,2212485.jpg,2212485,2,0,NA
2212487_2,2023-01-04 16:49:26.676631,JEW,2212487.jpg,2212487,2,0,NA
2212489_2,2023-01-04 16:49:26.145364,JEW,2212489.jpg,2212489,2,0,NA
2212488_2,2023-01-04 16:49:25.379962,JEW,2212488.jpg,2212488,2,0,NA
2212490_2,2023-01-04 16:49:24.817319,JEW,2212490.jpg,2212490,2,0,NA
2212502_2,2023-01-04 16:49:24.254807,JEW,2212502.jpg,2212502,2,0,NA
2212503_2,2023-01-04 16:49:23.629794,JEW,2212503.jpg,2212503,2,0,NA
2212504_2,2023-01-04 16:49:23.036022,JEW,2212504.jpg,2212504,2,0,NA
2212505_2,2023-01-04 16:49:22.489242,JEW,2212505.jpg,2212505,2,0,NA
2212506_2,2023-01-04 16:49:21.942266,JEW,2212506.jpg,2212506,2,0,NA
2212508_2,2023-01-04 16:49:21.348527,JEW,2212508.jpg,2212508,2,0,NA
2212507_2,2023-01-04 16:49:20.770410,JEW,2212507.jpg,2212507,2,0,NA
2212510_2,2023-01-04 16:49:20.223537,JEW,2212510.jpg,2212510,2,0,NA
2212512_2,2023-01-04 16:49:19.645419,JEW,2212512.jpg,2212512,2,0,NA
2212509_2,2023-01-04 16:49:19.114169,JEW,2212509.jpg,2212509,2,0,NA
2212517_2,2023-01-04 16:49:18.582924,JEW,2212517.jpg,2212517,2,0,NA
2212520_2,2023-01-04 16:49:18.020427,JEW,2212520.jpg,2212520,2,0,NA
2212519_2,2023-01-04 16:49:17.457924,JEW,2212519.jpg,2212519,2,0,NA
2212523_2,2023-01-04 16:49:16.895416,JEW,2212523.jpg,2212523,2,0,NA
2212522_2,2023-01-04 16:49:16.348543,JEW,2212522.jpg,2212522,2,0,NA
2212528_2,2023-01-04 16:49:15.832926,JEW,2212528.jpg,2212528,2,0,NA
2212524_2,2023-01-04 16:49:15.254807,JEW,2212524.jpg,2212524,2,0,NA
2212531_2,2023-01-04 16:49:14.676689,JEW,2212531.jpg,2212531,2,0,NA
2212529_2,2023-01-04 16:49:14.129801,JEW,2212529.jpg,2212529,2,0,NA
2212532_2,2023-01-04 16:49:13.504803,JEW,2212532.jpg,2212532,2,0,NA
2212536_2,2023-01-04 16:49:12.957935,JEW,2212536.jpg,2212536,2,0,NA
2212537_2,2023-01-04 16:49:12.411269,JEW,2212537.jpg,2212537,2,0,NA
2212538_2,2023-01-04 16:49:11.692315,JEW,2212538.jpg,2212538,2,0,NA
2212584_2,2023-01-04 16:49:11.114190,CLO,2212584.jpg,2212584,2,0,NA
2212683_2,2023-01-04 16:49:10.567320,JEW,2212683.jpg,2212683,2,0,NA
2214172_2,2023-01-04 16:49:09.926708,JEW,2214172.jpg,2214172,2,0,NA
2214181_2,2023-01-04 16:49:09.239206,JEW,2214181.jpg,2214181,2,0,NA
2214195_2,2023-01-04 16:49:08.661158,JEW,2214195.jpg,2214195,2,0,NA
2214399_2,2023-01-04 16:49:08.082961,JEW,2214399.jpg,2214399,2,0,NA
2214400_2,2023-01-04 16:49:07.442333,JEW,2214400.jpg,2214400,2,0,NA
2214402_2,2023-01-04 16:49:06.832971,JEW,2214402.jpg,2214402,2,0,NA
2215417_2,2023-01-04 16:49:06.208071,JEW,2215417.jpg,2215417,2,0,NA
2216538_2,2023-01-04 16:49:05.629838,CLO,2216538.jpg,2216538,2,0,NA
2009541_2,2023-01-04 16:49:02.161098,CLO,2009541.jpg,2009541,2,0,NA
2107001_2,2023-01-04 16:48:58.786115,CLO,2107001.jpg,2107001,2,0,NA
2112035_2,2023-01-04 16:48:54.864281,CLO,2112035.jpg,2112035,2,0,NA
2111189_2,2023-01-04 16:48:50.974008,CLO,2111189.jpg,2111189,2,0,NA
2200960_2,2023-01-04 16:48:47.739491,CLO,2200960.jpg,2200960,2,0,NA
2200054_2,2023-01-04 16:48:45.083488,CLO,2200054.jpg,2200054,2,0,NA
2200053_2,2023-01-04 16:48:42.364307,CLO,2200053.jpg,2200053,2,0,NA
2200967_2,2023-01-04 16:48:39.458076,CLO,2200967.jpg,2200967,2,0,NA
2201526_2,2023-01-04 16:48:36.645579,CLO,2201526.jpg,2201526,2,0,NA
2204383_2,2023-01-04 16:48:33.786386,CLO,2204383.jpg,2204383,2,0,NA
2209614_2,2023-01-04 16:48:31.223714,CLO,2209614.jpg,2209614,2,0,NA
2216076_2,2023-01-04 16:48:29.145864,CLO,2216076.jpg,2216076,2,0,NA
2212932_2,2023-01-04 16:48:26.708100,CLO,2212932.jpg,2212932,2,0,NA
2213860_2,2023-01-04 16:48:23.520678,CLO,2213860.jpg,2213860,2,0,NA
2213994_2,2023-01-04 16:48:21.223759,CLO,2213994.jpg,2213994,2,0,NA
2214002_2,2023-01-04 16:48:18.630035,CLO,2214002.jpg,2214002,2,0,NA
2214003_2,2023-01-04 16:48:16.301914,CLO,2214003.jpg,2214003,2,0,NA
2214004_2,2023-01-04 16:48:13.926908,CLO,2214004.jpg,2214004,2,0,NA
2214005_2,2023-01-04 16:48:12.005054,CLO,2214005.jpg,2214005,2,0,NA
2215129_2,2023-01-04 16:48:09.755066,CLO,2215129.jpg,2215129,2,0,NA
2215130_2,2023-01-04 16:48:07.598957,CLO,2215130.jpg,2215130,2,0,NA
2215606_2,2023-01-04 16:48:05.723821,CLO,2215606.jpg,2215606,2,0,NA
2216074_2,2023-01-04 16:48:03.942598,CLO,2216074.jpg,2216074,2,0,NA
2216075_2,2023-01-04 16:48:02.317700,CLO,2216075.jpg,2216075,2,0,NA
2216077_2,2023-01-04 16:48:00.786337,CLO,2216077.jpg,2216077,2,0,NA
2216078_2,2023-01-04 16:47:59.442588,CLO,2216078.jpg,2216078,2,0,NA
2216079_2,2023-01-04 16:47:57.223882,CLO,2216079.jpg,2216079,2,0,NA
2216809_2,2023-01-04 16:47:56.036330,CLO,2216809.jpg,2216809,2,0,NA
2216815_2,2023-01-04 16:47:52.927008,CLO,2216815.jpg,2216815,2,0,NA
2215521_2,2023-01-04 16:47:48.161381,CLO,2215521.jpg,2215521,2,0,NA
2215526_2,2023-01-04 16:47:47.536396,CLO,2215526.jpg,2215526,2,0,NA
2215539_2,2023-01-04 16:47:46.927010,CLO,2215539.jpg,2215539,2,0,NA
2215541_2,2023-01-04 16:47:46.364530,CLO,2215541.jpg,2215541,2,0,NA
2215545_2,2023-01-04 16:47:45.708273,CLO,2215545.jpg,2215545,2,0,NA
2215550_2,2023-01-04 16:47:45.068292,CLO,2215550.jpg,2215550,2,0,NA
2215733_2,2023-01-04 16:47:44.427003,CLO,2215733.jpg,2215733,2,0,NA
2215739_2,2023-01-04 16:47:43.864530,CLO,2215739.jpg,2215739,2,0,NA
2215749_2,2023-01-04 16:47:43.271049,CLO,2215749.jpg,2215749,2,0,NA
2215751_2,2023-01-04 16:47:42.645781,CLO,2215751.jpg,2215751,2,0,NA
2215753_2,2023-01-04 16:47:41.645796,CLO,2215753.jpg,2215753,2,0,NA
2215763_2,2023-01-04 16:47:41.052113,CLO,2215763.jpg,2215763,2,0,NA
2215783_2,2023-01-04 16:47:40.458296,CLO,2215783.jpg,2215783,2,0,NA
2215842_2,2023-01-04 16:47:29.927080,CLO,2215842.jpg,2215842,2,0,NA
2216029_2,2023-01-04 16:47:28.442865,CLO,2216029.jpg,2216029,2,0,NA
2216032_2,2023-01-04 16:47:27.802066,CLO,2216032.jpg,2216032,2,0,NA
2216036_2,2023-01-04 16:47:27.130220,CLO,2216036.jpg,2216036,2,0,NA
2216037_2,2023-01-04 16:47:26.552090,CLO,2216037.jpg,2216037,2,0,NA
2216038_2,2023-01-04 16:47:25.927092,CLO,2216038.jpg,2216038,2,0,NA
2216039_2,2023-01-04 16:47:25.224008,CLO,2216039.jpg,2216039,2,0,NA
2216040_2,2023-01-04 16:47:24.630230,CLO,2216040.jpg,2216040,2,0,NA
2216041_2,2023-01-04 16:47:24.005225,CLO,2216041.jpg,2216041,2,0,NA
2216044_2,2023-01-04 16:47:23.427253,CLO,2216044.jpg,2216044,2,0,NA
2216045_2,2023-01-04 16:47:22.786481,CLO,2216045.jpg,2216045,2,0,NA
2216046_2,2023-01-04 16:47:22.098962,CLO,2216046.jpg,2216046,2,0,NA
2216047_2,2023-01-04 16:47:21.427641,CLO,2216047.jpg,2216047,2,0,NA
2216050_2,2023-01-04 16:47:20.817747,CLO,2216050.jpg,2216050,2,0,NA
2216048_2,2023-01-04 16:47:20.177114,CLO,2216048.jpg,2216048,2,0,NA
2216052_2,2023-01-04 16:47:19.177188,CLO,2216052.jpg,2216052,2,0,NA
2216092_2,2023-01-04 16:47:18.474002,CLO,2216092.jpg,2216092,2,0,NA
2216154_2,2023-01-04 16:47:17.755247,CLO,2216154.jpg,2216154,2,0,NA
2216214_2,2023-01-04 16:47:17.099012,CLO,2216214.jpg,2216214,2,0,NA
2216240_2,2023-01-04 16:47:15.958360,CLO,2216240.jpg,2216240,2,0,NA
2216255_2,2023-01-04 16:47:15.286507,CLO,2216255.jpg,2216255,2,0,NA
2216282_2,2023-01-04 16:47:14.739633,CLO,2216282.jpg,2216282,2,0,NA
2216285_2,2023-01-04 16:47:14.130254,CLO,2216285.jpg,2216285,2,0,NA
2216921_2,2023-01-04 16:47:13.552137,CLO,2216921.jpg,2216921,2,0,NA
2216925_2,2023-01-04 16:47:12.895889,CLO,2216925.jpg,2216925,2,0,NA
2216930_2,2023-01-04 16:47:12.270902,CLO,2216930.jpg,2216930,2,0,NA
2217235_2,2023-01-04 16:47:11.677146,CLO,2217235.jpg,2217235,2,0,NA
2217240_2,2023-01-04 16:47:11.146025,CLO,2217240.jpg,2217240,2,0,NA
2217242_2,2023-01-04 16:47:10.474007,CLO,2217242.jpg,2217242,2,0,NA
2217246_2,2023-01-04 16:47:09.802138,CLO,2217246.jpg,2217246,2,0,NA
2217262_2,2023-01-04 16:47:09.114675,ACC,2217262.jpg,2217262,2,0,NA
2107988_2,2023-01-04 16:47:07.880339,CLO,2107988.jpg,2107988,2,0,NA
2112635_2,2023-01-04 16:47:07.302167,CLO,2112635.jpg,2112635,2,0,NA
2113727_2,2023-01-04 16:47:06.630292,CLO,2113727.jpg,2113727,2,0,NA
2200721_2,2023-01-04 16:47:05.849051,CLO,2200721.jpg,2200721,2,0,NA
2201275_2,2023-01-04 16:46:46.208496,CLO,2201275.jpg,2201275,2,0,NA
2202683_2,2023-01-04 16:46:44.817910,CLO,2202683.jpg,2202683,2,0,NA
2215329_2,2023-01-04 16:46:44.146005,CLO,2215329.jpg,2215329,2,0,NA
2215331_2,2023-01-04 16:46:43.442881,CLO,2215331.jpg,2215331,2,0,NA
2208735_2,2023-01-04 16:46:42.817877,SHO,2208735.jpg,2208735,2,0,NA
2212742_2,2023-01-04 16:46:42.224146,JEW,2212742.jpg,2212742,2,0,NA
2212744_2,2023-01-04 16:46:41.692863,JEW,2212744.jpg,2212744,2,0,NA
2212750_2,2023-01-04 16:46:41.114766,JEW,2212750.jpg,2212750,2,0,NA
2212938_2,2023-01-04 16:46:40.505388,JEW,2212938.jpg,2212938,2,0,NA
2212941_2,2023-01-04 16:46:39.880390,JEW,2212941.jpg,2212941,2,0,NA
2213061_2,2023-01-04 16:46:39.317900,JEW,2213061.jpg,2213061,2,0,NA
2213023_2,2023-01-04 16:46:38.755396,SHO,2213023.jpg,2213023,2,0,NA
2213069_2,2023-01-04 16:46:38.192897,JEW,2213069.jpg,2213069,2,0,NA
2213099_2,2023-01-04 16:46:37.583521,ACC,2213099.jpg,2213099,2,0,NA
2213747_2,2023-01-04 16:46:37.052294,BEAUTY,2213747.jpg,2213747,2,0,NA
2213250_2,2023-01-04 16:46:36.427327,JEW,2213250.jpg,2213250,2,0,NA
2213756_2,2023-01-04 16:46:35.880406,BEAUTY,2213756.jpg,2213756,2,0,NA
2213749_2,2023-01-04 16:46:35.317910,BEAUTY,2213749.jpg,2213749,2,0,NA
2213760_2,2023-01-04 16:46:34.739792,BEAUTY,2213760.jpg,2213760,2,0,NA
2214679_2,2023-01-04 16:46:34.224174,JEW,2214679.jpg,2214679,2,0,NA
2214773_2,2023-01-04 16:46:33.692925,SHO,2214773.jpg,2214773,2,0,NA
2215252_2,2023-01-04 16:46:33.114800,ACC,2215252.jpg,2215252,2,0,NA
2215256_2,2023-01-04 16:46:32.536699,ACC,2215256.jpg,2215256,2,0,NA
2215257_2,2023-01-04 16:46:31.896056,ACC,2215257.jpg,2215257,2,0,NA
2217596_2,2023-01-04 16:46:31.333564,JEW,2217596.jpg,2217596,2,0,NA
2217595_2,2023-01-04 16:46:30.786693,JEW,2217595.jpg,2217595,2,0,NA
2217599_2,2023-01-04 16:46:30.224188,JEW,2217599.jpg,2217599,2,0,NA
2217600_2,2023-01-04 16:46:29.630434,JEW,2217600.jpg,2217600,2,0,NA
2217602_2,2023-01-04 16:46:29.067934,JEW,2217602.jpg,2217602,2,0,NA
2217603_2,2023-01-04 16:46:28.521061,JEW,2217603.jpg,2217603,2,0,NA
2217607_2,2023-01-04 16:46:27.927320,JEW,2217607.jpg,2217607,2,0,NA
2217604_2,2023-01-04 16:46:27.380447,JEW,2217604.jpg,2217604,2,0,NA
2217608_2,2023-01-04 16:46:26.833571,JEW,2217608.jpg,2217608,2,0,NA
2217609_2,2023-01-04 16:46:26.255443,JEW,2217609.jpg,2217609,2,0,NA
2217611_2,2023-01-04 16:46:25.724201,JEW,2217611.jpg,2217611,2,0,NA
2217610_2,2023-01-04 16:46:25.208566,JEW,2217610.jpg,2217610,2,0,NA
2217626_2,2023-01-04 16:46:24.677343,ACC,2217626.jpg,2217626,2,0,NA
2217641_2,2023-01-04 16:46:24.114831,ACC,2217641.jpg,2217641,2,0,NA
2217629_2,2023-01-04 16:46:23.583584,ACC,2217629.jpg,2217629,2,0,NA
2217627_2,2023-01-04 16:46:22.692963,ACC,2217627.jpg,2217627,2,0,NA
2217643_2,2023-01-04 16:46:22.161720,ACC,2217643.jpg,2217643,2,0,NA
2217644_2,2023-01-04 16:46:21.458566,ACC,2217644.jpg,2217644,2,0,NA
2217645_2,2023-01-04 16:46:20.864848,ACC,2217645.jpg,2217645,2,0,NA
2217648_2,2023-01-04 16:46:20.349215,ACC,2217648.jpg,2217648,2,0,NA
2217647_2,2023-01-04 16:46:19.786714,ACC,2217647.jpg,2217647,2,0,NA
2217651_2,2023-01-04 16:46:19.256310,ACC,2217651.jpg,2217651,2,0,NA
2217649_2,2023-01-04 16:46:18.692995,ACC,2217649.jpg,2217649,2,0,NA
2217654_2,2023-01-04 16:46:18.177331,ACC,2217654.jpg,2217654,2,0,NA
2202680_2,2023-01-04 16:46:17.646106,CLO,2202680.jpg,2202680,2,0,NA
2213498_2,2023-01-04 16:46:16.989857,CLO,2213498.jpg,2213498,2,0,NA
2213500_2,2023-01-04 16:46:16.364861,CLO,2213500.jpg,2213500,2,0,NA
2214035_2,2023-01-04 16:46:15.771120,CLO,2214035.jpg,2214035,2,0,NA
2216147_2,2023-01-04 16:46:15.192997,CLO,2216147.jpg,2216147,2,0,NA
2216917_2,2023-01-04 16:46:14.536748,ACC,2216917.jpg,2216917,2,0,NA
2215254_2,2023-01-04 16:46:13.771122,ACC,2215254.jpg,2215254,2,0,NA
2216974_2,2023-01-04 16:46:13.193002,ACC,2216974.jpg,2216974,2,0,NA
2216977_2,2023-01-04 16:46:12.646123,ACC,2216977.jpg,2216977,2,0,NA
2216975_2,2023-01-04 16:46:12.114886,ACC,2216975.jpg,2216975,2,0,NA
2216976_2,2023-01-04 16:46:11.552411,CLO,2216976.jpg,2216976,2,0,NA
2216979_2,2023-01-04 16:46:10.943008,ACC,2216979.jpg,2216979,2,0,NA
2217284_2,2023-01-04 16:46:10.349258,JEW,2217284.jpg,2217284,2,0,NA
2217670_2,2023-01-04 16:46:09.786810,ACC,2217670.jpg,2217670,2,0,NA
2217671_2,2023-01-04 16:46:09.208725,ACC,2217671.jpg,2217671,2,0,NA
2217669_2,2023-01-04 16:46:08.693005,ACC,2217669.jpg,2217669,2,0,NA
2214146_2,2023-01-04 16:46:08.114895,SHO,2214146.jpg,2214146,2,0,NA
2215173_2,2023-01-04 16:46:05.802406,ACC,2215173.jpg,2215173,2,0,NA
2216978_2,2023-01-04 16:46:04.443031,ACC,2216978.jpg,2216978,2,0,NA
2217254_2,2023-01-04 16:46:01.630535,ACC,2217254.jpg,2217254,2,0,NA
2215275_2,2023-01-04 16:45:27.365035,CLO,2215275.jpg,2215275,2,0,NA
2215547_2,2023-01-04 16:45:26.365027,CLO,2215547.jpg,2215547,2,0,NA
2215754_2,2023-01-04 16:45:25.740055,CLO,2215754.jpg,2215754,2,0,NA
2216064_2,2023-01-04 16:45:25.146300,CLO,2216064.jpg,2216064,2,0,NA
2216210_2,2023-01-04 16:45:24.536928,CLO,2216210.jpg,2216210,2,0,NA
2216278_2,2023-01-04 16:45:23.911920,CLO,2216278.jpg,2216278,2,0,NA
2216536_2,2023-01-04 16:45:23.240072,CLO,2216536.jpg,2216536,2,0,NA
2215745_2,2023-01-04 16:45:22.646317,CLO,2215745.jpg,2215745,2,0,NA
2216119_2,2023-01-04 16:45:22.052562,CLO,2216119.jpg,2216119,2,0,NA
2212688_2,2023-01-04 16:45:21.474708,JEW,2212688.jpg,2212688,2,0,NA
2212689_2,2023-01-04 16:45:20.880672,JEW,2212689.jpg,2212689,2,0,NA
2212790_2,2023-01-04 16:45:20.271320,ACC,2212790.jpg,2212790,2,0,NA
2212868_2,2023-01-04 16:45:19.677572,JEW,2212868.jpg,2212868,2,0,NA
2212870_2,2023-01-04 16:45:19.161948,JEW,2212870.jpg,2212870,2,0,NA
2212877_2,2023-01-04 16:45:18.552581,JEW,2212877.jpg,2212877,2,0,NA
2212952_2,2023-01-04 16:45:17.990078,JEW,2212952.jpg,2212952,2,0,NA
2212956_2,2023-01-04 16:45:17.333833,JEW,2212956.jpg,2212956,2,0,NA
2212953_2,2023-01-04 16:45:16.786960,JEW,2212953.jpg,2212953,2,0,NA
2212981_2,2023-01-04 16:45:16.224466,JEW,2212981.jpg,2212981,2,0,NA
2213064_2,2023-01-04 16:45:15.677736,JEW,2213064.jpg,2213064,2,0,NA
2213065_2,2023-01-04 16:45:15.099465,JEW,2213065.jpg,2213065,2,0,NA
2213071_2,2023-01-04 16:45:14.568220,JEW,2213071.jpg,2213071,2,0,NA
2213862_2,2023-01-04 16:45:13.974464,BEAUTY,2213862.jpg,2213862,2,0,NA
2213091_2,2023-01-04 16:45:13.318228,ACC,2213091.jpg,2213091,2,0,NA
2213847_2,2023-01-04 16:45:12.771347,BEAUTY,2213847.jpg,2213847,2,0,NA
2213864_2,2023-01-04 16:45:12.208834,BEAUTY,2213864.jpg,2213864,2,0,NA
2214050_2,2023-01-04 16:45:11.661974,ACC,2214050.jpg,2214050,2,0,NA
2217855_2,2023-01-04 16:45:11.052700,ACC,2217855.jpg,2217855,2,0,NA
2216283_2,2023-01-04 16:45:10.490111,CLO,2216283.jpg,2216283,2,0,NA
2218415_2,2023-01-04 16:45:09.818244,BEAUTY,2218415.jpg,2218415,2,0,NA
2212705_2,2023-01-04 16:45:09.208864,JEW,2212705.jpg,2212705,2,0,NA
2212704_2,2023-01-04 16:45:08.661989,JEW,2212704.jpg,2212704,2,0,NA
2212706_2,2023-01-04 16:45:08.099471,JEW,2212706.jpg,2212706,2,0,NA
2212720_2,2023-01-04 16:45:07.552625,JEW,2212720.jpg,2212720,2,0,NA
2212729_2,2023-01-04 16:45:06.927622,JEW,2212729.jpg,2212729,2,0,NA
2212726_2,2023-01-04 16:45:06.380754,JEW,2212726.jpg,2212726,2,0,NA
2212731_2,2023-01-04 16:45:05.771380,JEW,2212731.jpg,2212731,2,0,NA
2212730_2,2023-01-04 16:45:05.208876,JEW,2212730.jpg,2212730,2,0,NA
2212743_2,2023-01-04 16:45:04.646383,JEW,2212743.jpg,2212743,2,0,NA
2212732_2,2023-01-04 16:45:04.099507,JEW,2212732.jpg,2212732,2,0,NA
2212876_2,2023-01-04 16:45:03.505756,JEW,2212876.jpg,2212876,2,0,NA
2212764_2,2023-01-04 16:45:02.990155,JEW,2212764.jpg,2212764,2,0,NA
2212745_2,2023-01-04 16:45:02.412018,JEW,2212745.jpg,2212745,2,0,NA
2212964_2,2023-01-04 16:45:01.818278,JEW,2212964.jpg,2212964,2,0,NA
2212951_2,2023-01-04 16:45:01.193268,JEW,2212951.jpg,2212951,2,0,NA
2213062_2,2023-01-04 16:45:00.646402,JEW,2213062.jpg,2213062,2,0,NA
2213171_2,2023-01-04 16:45:00.084044,JEW,2213171.jpg,2213171,2,0,NA
2213172_2,2023-01-04 16:44:59.568277,JEW,2213172.jpg,2213172,2,0,NA
2213206_2,2023-01-04 16:44:58.943287,JEW,2213206.jpg,2213206,2,0,NA
2213213_2,2023-01-04 16:44:58.412039,JEW,2213213.jpg,2213213,2,0,NA
2213219_2,2023-01-04 16:44:57.865165,JEW,2213219.jpg,2213219,2,0,NA
2213226_2,2023-01-04 16:44:57.302658,JEW,2213226.jpg,2213226,2,0,NA
2213233_2,2023-01-04 16:44:56.630791,JEW,2213233.jpg,2213233,2,0,NA
2213242_2,2023-01-04 16:44:56.083915,JEW,2213242.jpg,2213242,2,0,NA
2214111_2,2023-01-04 16:44:55.537040,BEAUTY,2214111.jpg,2214111,2,0,NA
2214175_2,2023-01-04 16:44:54.943302,JEW,2214175.jpg,2214175,2,0,NA
2214191_2,2023-01-04 16:44:54.318297,JEW,2214191.jpg,2214191,2,0,NA
2214203_2,2023-01-04 16:44:53.537048,JEW,2214203.jpg,2214203,2,0,NA
2214209_2,2023-01-04 16:44:52.974563,JEW,2214209.jpg,2214209,2,0,NA
2214211_2,2023-01-04 16:44:52.412058,JEW,2214211.jpg,2214211,2,0,NA
2214214_2,2023-01-04 16:44:51.849561,JEW,2214214.jpg,2214214,2,0,NA
2214958_2,2023-01-04 16:44:51.287059,JEW,2214958.jpg,2214958,2,0,NA
2214393_2,2023-01-04 16:44:50.708931,JEW,2214393.jpg,2214393,2,0,NA
2212629_2,2023-01-04 16:44:50.146441,JEW,2212629.jpg,2212629,2,0,NA
2212631_2,2023-01-04 16:44:49.490188,JEW,2212631.jpg,2212631,2,0,NA
2212634_2,2023-01-04 16:44:48.927705,JEW,2212634.jpg,2212634,2,0,NA
2212635_2,2023-01-04 16:44:48.318333,JEW,2212635.jpg,2212635,2,0,NA
2212636_2,2023-01-04 16:44:47.787148,JEW,2212636.jpg,2212636,2,0,NA
2212639_2,2023-01-04 16:44:47.224551,JEW,2212639.jpg,2212639,2,0,NA
2212646_2,2023-01-04 16:44:46.599566,JEW,2212646.jpg,2212646,2,0,NA
2212647_2,2023-01-04 16:44:46.021447,JEW,2212647.jpg,2212647,2,0,NA
2212672_2,2023-01-04 16:44:45.349580,JEW,2212672.jpg,2212672,2,0,NA
2215319_2,2023-01-04 16:44:44.771457,CLO,2215319.jpg,2215319,2,0,NA
2205919_2,2023-01-04 16:44:44.193347,CLO,2205919.jpg,2205919,2,0,NA
2215741_2,2023-01-04 16:44:43.490243,CLO,2215741.jpg,2215741,2,0,NA
2215747_2,2023-01-04 16:44:42.755844,CLO,2215747.jpg,2215747,2,0,NA
2216057_2,2023-01-04 16:44:42.005824,CLO,2216057.jpg,2216057,2,0,NA
2216060_2,2023-01-04 16:44:41.365211,CLO,2216060.jpg,2216060,2,0,NA
2216063_2,2023-01-04 16:44:40.724622,CLO,2216063.jpg,2216063,2,0,NA
2216066_2,2023-01-04 16:44:39.923095,CLO,2216066.jpg,2216066,2,0,NA
2216258_2,2023-01-04 16:44:39.193338,CLO,2216258.jpg,2216258,2,0,NA
2216259_2,2023-01-04 16:44:38.240216,CLO,2216259.jpg,2216259,2,0,NA
2216837_2,2023-01-04 16:44:37.287108,CLO,2216837.jpg,2216837,2,0,NA
2217997_2,2023-01-04 16:44:36.224625,CLO,2217997.jpg,2217997,2,0,NA
2213180_2,2023-01-04 16:44:35.521481,JEW,2213180.jpg,2213180,2,0,NA
2213181_2,2023-01-04 16:44:34.802757,JEW,2213181.jpg,2213181,2,0,NA
2209205_2,2023-01-04 16:44:34.146504,ACC,2209205.jpg,2209205,2,0,NA
2212284_2,2023-01-04 16:44:33.334003,JEW,2212284.jpg,2212284,2,0,NA
2212287_2,2023-01-04 16:44:32.630913,JEW,2212287.jpg,2212287,2,0,NA
2212302_2,2023-01-04 16:44:31.927763,ACC,2212302.jpg,2212302,2,0,NA
2212602_2,2023-01-04 16:44:31.193907,ACC,2212602.jpg,2212602,2,0,NA
2212613_2,2023-01-04 16:44:30.443377,JEW,2212613.jpg,2212613,2,0,NA
2212617_2,2023-01-04 16:44:29.646493,JEW,2212617.jpg,2212617,2,0,NA
2212619_2,2023-01-04 16:44:28.865246,JEW,2212619.jpg,2212619,2,0,NA
2214032_2,2023-01-04 16:44:28.021531,JEW,2214032.jpg,2214032,2,0,NA
2214053_2,2023-01-04 16:44:26.990255,BEAUTY,2214053.jpg,2214053,2,0,NA
2214058_2,2023-01-04 16:44:26.287154,BEAUTY,2214058.jpg,2214058,2,0,NA
2214069_2,2023-01-04 16:44:25.474709,ACC,2214069.jpg,2214069,2,0,NA
2214079_2,2023-01-04 16:44:24.755892,ACC,2214079.jpg,2214079,2,0,NA
2214145_2,2023-01-04 16:44:23.959015,ACC,2214145.jpg,2214145,2,0,NA
2214161_2,2023-01-04 16:44:23.068422,ACC,2214161.jpg,2214161,2,0,NA
2214394_2,2023-01-04 16:44:22.287176,ACC,2214394.jpg,2214394,2,0,NA
2214173_2,2023-01-04 16:44:21.302815,ACC,2214173.jpg,2214173,2,0,NA
2214397_2,2023-01-04 16:44:20.521538,ACC,2214397.jpg,2214397,2,0,NA
2214407_2,2023-01-04 16:44:19.755920,ACC,2214407.jpg,2214407,2,0,NA
2214408_2,2023-01-04 16:44:18.990304,ACC,2214408.jpg,2214408,2,0,NA
2214422_2,2023-01-04 16:44:18.146536,ACC,2214422.jpg,2214422,2,0,NA
2214423_2,2023-01-04 16:44:17.349684,ACC,2214423.jpg,2214423,2,0,NA
2214424_2,2023-01-04 16:44:16.552826,ACC,2214424.jpg,2214424,2,0,NA
2214430_2,2023-01-04 16:44:15.771555,BEAUTY,2214430.jpg,2214430,2,0,NA
2214426_2,2023-01-04 16:44:14.755993,BEAUTY,2214426.jpg,2214426,2,0,NA
2214437_2,2023-01-04 16:44:13.959255,ACC,2214437.jpg,2214437,2,0,NA
2214439_2,2023-01-04 16:44:12.787205,ACC,2214439.jpg,2214439,2,0,NA
2214441_2,2023-01-04 16:44:12.068452,ACC,2214441.jpg,2214441,2,0,NA
2214922_2,2023-01-04 16:44:10.630997,ACC,2214922.jpg,2214922,2,0,NA
2216805_2,2023-01-04 16:44:09.865327,JEW,2216805.jpg,2216805,2,0,NA
2217788_2,2023-01-04 16:44:08.959083,JEW,2217788.jpg,2217788,2,0,NA
2217897_2,2023-01-04 16:44:08.209081,ACC,2217897.jpg,2217897,2,0,NA
2217790_2,2023-01-04 16:44:07.443458,JEW,2217790.jpg,2217790,2,0,NA
2217899_2,2023-01-04 16:44:06.584114,ACC,2217899.jpg,2217899,2,0,NA
2217900_2,2023-01-04 16:44:05.834091,ACC,2217900.jpg,2217900,2,0,NA
2217901_2,2023-01-04 16:44:05.099720,ACC,2217901.jpg,2217901,2,0,NA
2217902_2,2023-01-04 16:44:04.318476,ACC,2217902.jpg,2217902,2,0,NA
2217903_2,2023-01-04 16:44:03.506070,ACC,2217903.jpg,2217903,2,0,NA
2218367_2,2023-01-04 16:44:01.771629,ACC,2218367.jpg,2218367,2,0,NA
2212612_2,2023-01-04 16:44:00.990379,ACC,2212612.jpg,2212612,2,0,NA
2212624_2,2023-01-04 16:43:59.256146,JEW,2212624.jpg,2212624,2,0,NA
2212623_2,2023-01-04 16:43:58.084136,JEW,2212623.jpg,2212623,2,0,NA
2212628_2,2023-01-04 16:43:57.131024,JEW,2212628.jpg,2212628,2,0,NA
2212625_2,2023-01-04 16:43:56.084320,JEW,2212625.jpg,2212625,2,0,NA
2212630_2,2023-01-04 16:43:55.115410,JEW,2212630.jpg,2212630,2,0,NA
2212632_2,2023-01-04 16:43:53.615382,JEW,2212632.jpg,2212632,2,0,NA
2212638_2,2023-01-04 16:43:52.365436,JEW,2212638.jpg,2212638,2,0,NA
2212637_2,2023-01-04 16:43:51.100027,JEW,2212637.jpg,2212637,2,0,NA
2212640_2,2023-01-04 16:43:49.537287,ACC,2212640.jpg,2212640,2,0,NA
2212648_2,2023-01-04 16:43:48.334173,JEW,2212648.jpg,2212648,2,0,NA
2212641_2,2023-01-04 16:43:47.506171,ACC,2212641.jpg,2212641,2,0,NA
2212649_2,2023-01-04 16:43:46.349793,JEW,2212649.jpg,2212649,2,0,NA
2212650_2,2023-01-04 16:43:44.865442,JEW,2212650.jpg,2212650,2,0,NA
2212656_2,2023-01-04 16:43:43.193719,ACC,2212656.jpg,2212656,2,0,NA
2212657_2,2023-01-04 16:43:42.037339,ACC,2212657.jpg,2212657,2,0,NA
2212658_2,2023-01-04 16:43:40.381193,ACC,2212658.jpg,2212658,2,0,NA
2212661_2,2023-01-04 16:43:38.928054,ACC,2212661.jpg,2212661,2,0,NA
2212662_2,2023-01-04 16:43:37.084247,JEW,2212662.jpg,2212662,2,0,NA
2212663_2,2023-01-04 16:43:35.506088,ACC,2212663.jpg,2212663,2,0,NA
2212664_2,2023-01-04 16:43:34.443609,JEW,2212664.jpg,2212664,2,0,NA
2212670_2,2023-01-04 16:43:31.881133,ACC,2212670.jpg,2212670,2,0,NA
2212669_2,2023-01-04 16:43:31.084456,JEW,2212669.jpg,2212669,2,0,NA
2212671_2,2023-01-04 16:43:30.225145,ACC,2212671.jpg,2212671,2,0,NA
2213792_2,2023-01-04 16:43:29.396770,JEW,2213792.jpg,2213792,2,0,NA
2213793_2,2023-01-04 16:43:28.006215,JEW,2213793.jpg,2213793,2,0,NA
2213794_2,2023-01-04 16:43:26.568640,JEW,2213794.jpg,2213794,2,0,NA
2215069_2,2023-01-04 16:43:24.896771,CLO,2215069.jpg,2215069,2,0,NA
2215351_2,2023-01-04 16:43:24.037384,ACC,2215351.jpg,2215351,2,0,NA
2215354_2,2023-01-04 16:43:22.896784,ACC,2215354.jpg,2215354,2,0,NA
2215353_2,2023-01-04 16:43:21.428123,ACC,2215353.jpg,2215353,2,0,NA
2215356_2,2023-01-04 16:43:19.990537,ACC,2215356.jpg,2215356,2,0,NA
2215359_2,2023-01-04 16:43:18.553221,ACC,2215359.jpg,2215359,2,0,NA
2215360_2,2023-01-04 16:43:17.271926,ACC,2215360.jpg,2215360,2,0,NA
2215361_2,2023-01-04 16:43:15.818804,ACC,2215361.jpg,2215361,2,0,NA
2215362_2,2023-01-04 16:43:14.521803,ACC,2215362.jpg,2215362,2,0,NA
2215363_2,2023-01-04 16:43:13.646805,ACC,2215363.jpg,2215363,2,0,NA
2215366_2,2023-01-04 16:43:09.662457,ACC,2215366.jpg,2215366,2,0,NA
2215385_2,2023-01-04 16:43:08.724951,ACC,2215385.jpg,2215385,2,0,NA
2215367_2,2023-01-04 16:43:07.787574,ACC,2215367.jpg,2215367,2,0,NA
2215651_2,2023-01-04 16:43:06.881210,BEAUTY,2215651.jpg,2215651,2,0,NA
2216802_2,2023-01-04 16:43:06.021858,JEW,2216802.jpg,2216802,2,0,NA
2216803_2,2023-01-04 16:43:05.209350,JEW,2216803.jpg,2216803,2,0,NA
2216804_2,2023-01-04 16:43:04.334352,JEW,2216804.jpg,2216804,2,0,NA
2216806_2,2023-01-04 16:43:03.506211,JEW,2216806.jpg,2216806,2,0,NA
2216807_2,2023-01-04 16:43:01.709355,JEW,2216807.jpg,2216807,2,0,NA
2216808_2,2023-01-04 16:43:00.818749,JEW,2216808.jpg,2216808,2,0,NA
2115955_2,2023-01-04 16:43:00.006238,CLO,2115955.jpg,2115955,2,0,NA
2201284_2,2023-01-04 16:42:54.615663,CLO,2201284.jpg,2201284,2,0,NA
2218362_2,2023-01-04 16:42:52.428154,ACC,2218362.jpg,2218362,2,0,NA
2218379_2,2023-01-04 16:42:51.600178,ACC,2218379.jpg,2218379,2,0,NA
2212174_2,2023-01-04 16:42:50.615664,JEW,2212174.jpg,2212174,2,0,NA
2212177_2,2023-01-04 16:42:49.803150,JEW,2212177.jpg,2212177,2,0,NA
2212183_2,2023-01-04 16:42:48.975042,JEW,2212183.jpg,2212183,2,0,NA
2212185_2,2023-01-04 16:42:48.209399,JEW,2212185.jpg,2212185,2,0,NA
2212192_2,2023-01-04 16:42:47.459415,JEW,2212192.jpg,2212192,2,0,NA
2212225_2,2023-01-04 16:42:46.678169,JEW,2212225.jpg,2212225,2,0,NA
2212258_2,2023-01-04 16:42:45.818805,JEW,2212258.jpg,2212258,2,0,NA
2212276_2,2023-01-04 16:42:44.443802,JEW,2212276.jpg,2212276,2,0,NA
2212369_2,2023-01-04 16:42:43.490734,JEW,2212369.jpg,2212369,2,0,NA
2212391_2,2023-01-04 16:42:42.725054,JEW,2212391.jpg,2212391,2,0,NA
2212393_2,2023-01-04 16:42:41.959444,JEW,2212393.jpg,2212393,2,0,NA
2212405_2,2023-01-04 16:42:41.006306,JEW,2212405.jpg,2212405,2,0,NA
2212408_2,2023-01-04 16:42:39.834439,JEW,2212408.jpg,2212408,2,0,NA
2212410_2,2023-01-04 16:42:39.053181,JEW,2212410.jpg,2212410,2,0,NA
2212606_2,2023-01-04 16:42:37.256304,JEW,2212606.jpg,2212606,2,0,NA
2212614_2,2023-01-04 16:42:36.334455,JEW,2212614.jpg,2212614,2,0,NA
2212633_2,2023-01-04 16:42:35.443820,JEW,2212633.jpg,2212633,2,0,NA
2214427_2,2023-01-04 16:42:33.865721,BEAUTY,2214427.jpg,2214427,2,0,NA
2216810_2,2023-01-04 16:42:32.709481,JEW,2216810.jpg,2216810,2,0,NA
2216811_2,2023-01-04 16:42:31.865723,JEW,2216811.jpg,2216811,2,0,NA
2216812_2,2023-01-04 16:42:30.943848,JEW,2216812.jpg,2216812,2,0,NA
2213394_2,2023-01-04 16:42:30.053226,ACC,2213394.jpg,2213394,2,0,NA
2213349_2,2023-01-04 16:42:26.569463,ACC,2213349.jpg,2213349,2,0,NA
2213395_2,2023-01-04 16:42:21.459510,ACC,2213395.jpg,2213395,2,0,NA
2215134_2,2023-01-04 16:42:18.100157,ACC,2215134.jpg,2215134,2,0,NA
2218363_2,2023-01-04 16:42:11.740796,ACC,2218363.jpg,2218363,2,0,NA
2212184_2,2023-01-04 16:42:10.865784,JEW,2212184.jpg,2212184,2,0,NA
2212172_2,2023-01-04 16:42:09.912842,JEW,2212172.jpg,2212172,2,0,NA
2212198_2,2023-01-04 16:42:09.084543,JEW,2212198.jpg,2212198,2,0,NA
2212259_2,2023-01-04 16:42:08.272061,JEW,2212259.jpg,2212259,2,0,NA
2212197_2,2023-01-04 16:42:06.100182,JEW,2212197.jpg,2212197,2,0,NA
2212277_2,2023-01-04 16:42:05.084575,JEW,2212277.jpg,2212277,2,0,NA
2212278_2,2023-01-04 16:42:04.256454,JEW,2212278.jpg,2212278,2,0,NA
2212375_2,2023-01-04 16:42:02.928316,JEW,2212375.jpg,2212375,2,0,NA
2212377_2,2023-01-04 16:42:01.443961,JEW,2212377.jpg,2212377,2,0,NA
2212378_2,2023-01-04 16:42:00.568963,JEW,2212378.jpg,2212378,2,0,NA
2212384_2,2023-01-04 16:41:59.240856,JEW,2212384.jpg,2212384,2,0,NA
2212382_2,2023-01-04 16:41:58.006544,JEW,2212382.jpg,2212382,2,0,NA
2212385_2,2023-01-04 16:41:56.647108,JEW,2212385.jpg,2212385,2,0,NA
2212414_2,2023-01-04 16:41:55.756497,JEW,2212414.jpg,2212414,2,0,NA
2212593_2,2023-01-04 16:41:50.787875,JEW,2212593.jpg,2212593,2,0,NA
2212594_2,2023-01-04 16:41:49.022147,JEW,2212594.jpg,2212594,2,0,NA
2212618_2,2023-01-04 16:41:48.053661,JEW,2212618.jpg,2212618,2,0,NA
2212611_2,2023-01-04 16:41:47.115887,JEW,2212611.jpg,2212611,2,0,NA
2212787_2,2023-01-04 16:41:46.178405,ACC,2212787.jpg,2212787,2,0,NA
2212960_2,2023-01-04 16:41:45.037794,JEW,2212960.jpg,2212960,2,0,NA
2213076_2,2023-01-04 16:41:44.194151,JEW,2213076.jpg,2213076,2,0,NA
2213840_2,2023-01-04 16:41:43.272253,BEAUTY,2213840.jpg,2213840,2,0,NA
2213845_2,2023-01-04 16:41:42.303633,BEAUTY,2213845.jpg,2213845,2,0,NA
2213866_2,2023-01-04 16:41:41.287765,BEAUTY,2213866.jpg,2213866,2,0,NA
2214074_2,2023-01-04 16:41:40.209788,BEAUTY,2214074.jpg,2214074,2,0,NA
2214657_2,2023-01-04 16:41:39.334673,JEW,2214657.jpg,2214657,2,0,NA
2215063_2,2023-01-04 16:41:38.459846,ACC,2215063.jpg,2215063,2,0,NA
2214920_2,2023-01-04 16:41:37.069069,ACC,2214920.jpg,2214920,2,0,NA
2217674_2,2023-01-04 16:41:35.647191,JEW,2217674.jpg,2217674,2,0,NA
2217690_2,2023-01-04 16:41:34.741071,JEW,2217690.jpg,2217690,2,0,NA
2217696_2,2023-01-04 16:41:33.350319,JEW,2217696.jpg,2217696,2,0,NA
2217705_2,2023-01-04 16:41:31.709766,JEW,2217705.jpg,2217705,2,0,NA
2217727_2,2023-01-04 16:41:30.647466,JEW,2217727.jpg,2217727,2,0,NA
2214543_2,2023-01-04 16:41:29.412851,ACC,2214543.jpg,2214543,2,0,NA
2218371_2,2023-01-04 16:41:25.053485,ACC,2218371.jpg,2218371,2,0,NA
2218360_2,2023-01-04 16:41:23.740992,ACC,2218360.jpg,2218360,2,0,NA
2212168_2,2023-01-04 16:41:22.084756,JEW,2212168.jpg,2212168,2,0,NA
2212179_2,2023-01-04 16:41:20.694120,JEW,2212179.jpg,2212179,2,0,NA
2212169_2,2023-01-04 16:41:19.662878,JEW,2212169.jpg,2212169,2,0,NA
2212191_2,2023-01-04 16:41:18.053626,JEW,2212191.jpg,2212191,2,0,NA
2212260_2,2023-01-04 16:41:16.412948,JEW,2212260.jpg,2212260,2,0,NA
2212379_2,2023-01-04 16:41:14.975393,JEW,2212379.jpg,2212379,2,0,NA
2212373_2,2023-01-04 16:41:13.537881,JEW,2212373.jpg,2212373,2,0,NA
2212615_2,2023-01-04 16:41:12.069137,JEW,2212615.jpg,2212615,2,0,NA
2212616_2,2023-01-04 16:41:11.006657,JEW,2212616.jpg,2212616,2,0,NA
2212643_2,2023-01-04 16:41:09.100430,JEW,2212643.jpg,2212643,2,0,NA
2212655_2,2023-01-04 16:41:06.991071,JEW,2212655.jpg,2212655,2,0,NA
2212753_2,2023-01-04 16:41:06.053547,JEW,2212753.jpg,2212753,2,0,NA
2212668_2,2023-01-04 16:41:05.241057,JEW,2212668.jpg,2212668,2,0,NA
2213795_2,2023-01-04 16:41:03.803638,JEW,2213795.jpg,2213795,2,0,NA
2214017_2,2023-01-04 16:41:01.725450,JEW,2214017.jpg,2214017,2,0,NA
2214026_2,2023-01-04 16:41:00.850580,JEW,2214026.jpg,2214026,2,0,NA
2214550_2,2023-01-04 16:41:00.022348,ACC,2214550.jpg,2214550,2,0,NA
2215862_2,2023-01-04 16:40:58.006709,JEW,2215862.jpg,2215862,2,0,NA
2215336_2,2023-01-04 16:40:57.053589,BEAUTY,2215336.jpg,2215336,2,0,NA
2215333_2,2023-01-04 16:40:55.163096,BEAUTY,2215333.jpg,2215333,2,0,NA
2216801_2,2023-01-04 16:40:54.272477,JEW,2216801.jpg,2216801,2,0,NA
2216813_2,2023-01-04 16:40:53.303600,JEW,2216813.jpg,2216813,2,0,NA
2217678_2,2023-01-04 16:40:52.460037,JEW,2217678.jpg,2217678,2,0,NA
2217681_2,2023-01-04 16:40:51.428929,JEW,2217681.jpg,2217681,2,0,NA
2217687_2,2023-01-04 16:40:50.225568,JEW,2217687.jpg,2217687,2,0,NA
2217729_2,2023-01-04 16:40:48.694266,JEW,2217729.jpg,2217729,2,0,NA
2217730_2,2023-01-04 16:40:47.194317,JEW,2217730.jpg,2217730,2,0,NA
2218053_2,2023-01-04 16:40:45.506748,JEW,2218053.jpg,2218053,2,0,NA
2218054_2,2023-01-04 16:40:44.459918,JEW,2218054.jpg,2218054,2,0,NA
2218056_2,2023-01-04 16:40:43.069276,JEW,2218056.jpg,2218056,2,0,NA
2218055_2,2023-01-04 16:40:41.663255,JEW,2218055.jpg,2218055,2,0,NA
2218057_2,2023-01-04 16:40:40.147401,JEW,2218057.jpg,2218057,2,0,NA
2218058_2,2023-01-04 16:40:38.553634,JEW,2218058.jpg,2218058,2,0,NA
2212206_2,2023-01-04 16:40:37.584903,ACC,2212206.jpg,2212206,2,0,NA
2212205_2,2023-01-04 16:40:21.272650,ACC,2212205.jpg,2212205,2,0,NA
2214436_2,2023-01-04 16:40:17.584989,ACC,2214436.jpg,2214436,2,0,NA
2214471_2,2023-01-04 16:40:14.444386,ACC,2214471.jpg,2214471,2,0,NA
2218313_2,2023-01-04 16:40:11.116264,JEW,2218313.jpg,2218313,2,0,NA
2212100_2,2023-01-04 16:40:09.600750,CLO,2212100.jpg,2212100,2,0,NA
2212170_2,2023-01-04 16:40:07.647545,JEW,2212170.jpg,2212170,2,0,NA
2212186_2,2023-01-04 16:40:06.725668,JEW,2212186.jpg,2212186,2,0,NA
2212189_2,2023-01-04 16:40:05.647541,JEW,2212189.jpg,2212189,2,0,NA
2212193_2,2023-01-04 16:40:04.147534,JEW,2212193.jpg,2212193,2,0,NA
2212285_2,2023-01-04 16:40:02.663175,JEW,2212285.jpg,2212285,2,0,NA
2212293_2,2023-01-04 16:40:01.538174,CLO,2212293.jpg,2212293,2,0,NA
2212203_2,2023-01-04 16:40:00.007593,JEW,2212203.jpg,2212203,2,0,NA
2212597_2,2023-01-04 16:39:58.929010,JEW,2212597.jpg,2212597,2,0,NA
2212561_2,2023-01-04 16:39:57.460075,JEW,2212561.jpg,2212561,2,0,NA
2212300_2,2023-01-04 16:39:56.538197,JEW,2212300.jpg,2212300,2,0,NA
2212608_2,2023-01-04 16:39:55.616333,JEW,2212608.jpg,2212608,2,0,NA
2212600_2,2023-01-04 16:39:54.256976,JEW,2212600.jpg,2212600,2,0,NA
2212627_2,2023-01-04 16:39:52.944467,JEW,2212627.jpg,2212627,2,0,NA
2212644_2,2023-01-04 16:39:51.819480,JEW,2212644.jpg,2212644,2,0,NA
2212651_2,2023-01-04 16:39:50.225740,JEW,2212651.jpg,2212651,2,0,NA
2212660_2,2023-01-04 16:39:48.616497,JEW,2212660.jpg,2212660,2,0,NA
2213199_2,2023-01-04 16:39:47.663381,JEW,2213199.jpg,2213199,2,0,NA
2212666_2,2023-01-04 16:39:46.585100,JEW,2212666.jpg,2212666,2,0,NA
2214023_2,2023-01-04 16:39:45.444491,JEW,2214023.jpg,2214023,2,0,NA
2213211_2,2023-01-04 16:39:43.913222,JEW,2213211.jpg,2213211,2,0,NA
2214022_2,2023-01-04 16:39:42.381980,JEW,2214022.jpg,2214022,2,0,NA
2213796_2,2023-01-04 16:39:40.803857,JEW,2213796.jpg,2213796,2,0,NA
2214027_2,2023-01-04 16:39:39.194484,JEW,2214027.jpg,2214027,2,0,NA
2214024_2,2023-01-04 16:39:38.225940,JEW,2214024.jpg,2214024,2,0,NA
2214064_2,2023-01-04 16:39:36.525458,ACC,2214064.jpg,2214064,2,0,NA
2214028_2,2023-01-04 16:39:34.647652,JEW,2214028.jpg,2214028,2,0,NA
2214066_2,2023-01-04 16:39:33.788683,ACC,2214066.jpg,2214066,2,0,NA
2214086_2,2023-01-04 16:39:32.944547,ACC,2214086.jpg,2214086,2,0,NA
2214135_2,2023-01-04 16:39:31.444542,ACC,2214135.jpg,2214135,2,0,NA
2214137_2,2023-01-04 16:39:30.428907,ACC,2214137.jpg,2214137,2,0,NA
2214162_2,2023-01-04 16:39:29.053931,ACC,2214162.jpg,2214162,2,0,NA
2214165_2,2023-01-04 16:39:27.522676,ACC,2214165.jpg,2214165,2,0,NA
2214144_2,2023-01-04 16:39:26.491416,ACC,2214144.jpg,2214144,2,0,NA
2214687_2,2023-01-04 16:39:24.553923,JEW,2214687.jpg,2214687,2,0,NA
2214659_2,2023-01-04 16:39:23.678971,JEW,2214659.jpg,2214659,2,0,NA
2214656_2,2023-01-04 16:39:22.053985,JEW,2214656.jpg,2214656,2,0,NA
2215253_2,2023-01-04 16:39:21.116598,ACC,2215253.jpg,2215253,2,0,NA
2215103_2,2023-01-04 16:39:20.116846,JEW,2215103.jpg,2215103,2,0,NA
2215863_2,2023-01-04 16:39:18.710226,JEW,2215863.jpg,2215863,2,0,NA
2217682_2,2023-01-04 16:39:17.225839,JEW,2217682.jpg,2217682,2,0,NA
2217684_2,2023-01-04 16:39:16.241623,JEW,2217684.jpg,2217684,2,0,NA
2217685_2,2023-01-04 16:39:14.710337,JEW,2217685.jpg,2217685,2,0,NA
2217747_2,2023-01-04 16:39:13.460232,JEW,2217747.jpg,2217747,2,0,NA
2217741_2,2023-01-04 16:39:11.882212,JEW,2217741.jpg,2217741,2,0,NA
2217750_2,2023-01-04 16:39:10.929027,JEW,2217750.jpg,2217750,2,0,NA
2217751_2,2023-01-04 16:39:09.491515,JEW,2217751.jpg,2217751,2,0,NA
2217752_2,2023-01-04 16:39:07.960246,JEW,2217752.jpg,2217752,2,0,NA
2217753_2,2023-01-04 16:39:06.569656,JEW,2217753.jpg,2217753,2,0,NA
2217756_2,2023-01-04 16:39:04.991646,JEW,2217756.jpg,2217756,2,0,NA
2217757_2,2023-01-04 16:39:04.085262,JEW,2217757.jpg,2217757,2,0,NA
2217763_2,2023-01-04 16:39:02.679029,JEW,2217763.jpg,2217763,2,0,NA
2217766_2,2023-01-04 16:39:01.085297,JEW,2217766.jpg,2217766,2,0,NA
2217764_2,2023-01-04 16:38:59.429040,JEW,2217764.jpg,2217764,2,0,NA
2217765_2,2023-01-04 16:38:58.507145,JEW,2217765.jpg,2217765,2,0,NA
2217768_2,2023-01-04 16:38:56.944658,JEW,2217768.jpg,2217768,2,0,NA
2217767_2,2023-01-04 16:38:56.022975,JEW,2217767.jpg,2217767,2,0,NA
2217769_2,2023-01-04 16:38:54.991722,JEW,2217769.jpg,2217769,2,0,NA
2217781_2,2023-01-04 16:38:53.725948,JEW,2217781.jpg,2217781,2,0,NA
2217773_2,2023-01-04 16:38:52.366567,JEW,2217773.jpg,2217773,2,0,NA
2217777_2,2023-01-04 16:38:51.038447,JEW,2217777.jpg,2217777,2,0,NA
2217774_2,2023-01-04 16:38:49.491552,JEW,2217774.jpg,2217774,2,0,NA
2215774_2,2023-01-04 16:38:48.569713,CLO,2215774.jpg,2215774,2,0,NA
2216104_2,2023-01-04 16:38:46.257309,CLO,2216104.jpg,2216104,2,0,NA
2216163_2,2023-01-04 16:38:42.975959,CLO,2216163.jpg,2216163,2,0,NA
2216248_2,2023-01-04 16:38:40.585354,CLO,2216248.jpg,2216248,2,0,NA
2216286_2,2023-01-04 16:38:37.007239,CLO,2216286.jpg,2216286,2,0,NA
2216288_2,2023-01-04 16:38:33.538512,CLO,2216288.jpg,2216288,2,0,NA
2216823_2,2023-01-04 16:38:30.679152,CLO,2216823.jpg,2216823,2,0,NA
2217407_2,2023-01-04 16:38:26.413533,CLO,2217407.jpg,2217407,2,0,NA
2217606_2,2023-01-04 16:38:23.116673,CLO,2217606.jpg,2217606,2,0,NA
2217912_2,2023-01-04 16:38:18.897938,CLO,2217912.jpg,2217912,2,0,NA
2217913_2,2023-01-04 16:38:15.913595,CLO,2217913.jpg,2217913,2,0,NA
2217971_2,2023-01-04 16:38:12.835461,CLO,2217971.jpg,2217971,2,0,NA
2217973_2,2023-01-04 16:38:09.569860,CLO,2217973.jpg,2217973,2,0,NA
2215707_2,2023-01-04 16:38:06.554360,CLO,2215707.jpg,2215707,2,0,NA
2216095_2,2023-01-04 16:38:02.898014,CLO,2216095.jpg,2216095,2,0,NA
2216144_2,2023-01-04 16:37:59.054245,CLO,2216144.jpg,2216144,2,0,NA
2216149_2,2023-01-04 16:37:55.632486,CLO,2216149.jpg,2216149,2,0,NA
2216257_2,2023-01-04 16:37:51.757418,CLO,2216257.jpg,2216257,2,0,NA
2216776_2,2023-01-04 16:37:47.554306,CLO,2216776.jpg,2216776,2,0,NA
2217749_2,2023-01-04 16:37:44.038705,CLO,2217749.jpg,2217749,2,0,NA
2217989_2,2023-01-04 16:37:40.101202,CLO,2217989.jpg,2217989,2,0,NA
2215806_2,2023-01-04 16:37:36.741843,CLO,2215806.jpg,2215806,2,0,NA
2216134_2,2023-01-04 16:37:32.773113,CLO,2216134.jpg,2216134,2,0,NA
2216054_2,2023-01-04 16:37:29.304374,CLO,2216054.jpg,2216054,2,0,NA
2216136_2,2023-01-04 16:37:24.570023,CLO,2216136.jpg,2216136,2,0,NA
2216137_2,2023-01-04 16:37:20.476281,CLO,2216137.jpg,2216137,2,0,NA
2216254_2,2023-01-04 16:37:17.445046,CLO,2216254.jpg,2216254,2,0,NA
2216274_2,2023-01-04 16:37:14.460682,CLO,2216274.jpg,2216274,2,0,NA
2216799_2,2023-01-04 16:37:10.023202,CLO,2216799.jpg,2216799,2,0,NA
2217231_2,2023-01-04 16:37:06.866964,CLO,2217231.jpg,2217231,2,0,NA
2217780_2,2023-01-04 16:37:03.492462,CLO,2217780.jpg,2217780,2,0,NA
2218003_2,2023-01-04 16:36:59.992028,CLO,2218003.jpg,2218003,2,0,NA
2212200_2,2023-01-04 16:36:56.820124,JEW,2212200.jpg,2212200,2,0,NA
2212175_2,2023-01-04 16:36:55.695113,JEW,2212175.jpg,2212175,2,0,NA
2212280_2,2023-01-04 16:36:54.492012,JEW,2212280.jpg,2212280,2,0,NA
2212261_2,2023-01-04 16:36:53.304512,JEW,2212261.jpg,2212261,2,0,NA
2212368_2,2023-01-04 16:36:51.632652,JEW,2212368.jpg,2212368,2,0,NA
2212603_2,2023-01-04 16:36:49.679553,JEW,2212603.jpg,2212603,2,0,NA
2212281_2,2023-01-04 16:36:48.617039,JEW,2212281.jpg,2212281,2,0,NA
2212622_2,2023-01-04 16:36:46.322245,JEW,2212622.jpg,2212622,2,0,NA
2212620_2,2023-01-04 16:36:45.257684,JEW,2212620.jpg,2212620,2,0,NA
2212645_2,2023-01-04 16:36:43.460807,JEW,2212645.jpg,2212645,2,0,NA
2214014_2,2023-01-04 16:36:41.804589,JEW,2214014.jpg,2214014,2,0,NA
2217759_2,2023-01-04 16:36:40.538954,JEW,2217759.jpg,2217759,2,0,NA
2217758_2,2023-01-04 16:36:39.038957,JEW,2217758.jpg,2217758,2,0,NA
2217761_2,2023-01-04 16:36:37.335832,JEW,2217761.jpg,2217761,2,0,NA
2217760_2,2023-01-04 16:36:35.773331,JEW,2217760.jpg,2217760,2,0,NA
2217762_2,2023-01-04 16:36:34.288978,JEW,2217762.jpg,2217762,2,0,NA
2217770_2,2023-01-04 16:36:32.788954,JEW,2217770.jpg,2217770,2,0,NA
2217772_2,2023-01-04 16:36:31.742099,JEW,2217772.jpg,2217772,2,0,NA
2217771_2,2023-01-04 16:36:30.101453,JEW,2217771.jpg,2217771,2,0,NA
2217783_2,2023-01-04 16:36:29.038979,JEW,2217783.jpg,2217783,2,0,NA
2218022_2,2023-01-04 16:36:27.898350,CLO,2218022.jpg,2218022,2,0,NA
2216098_2,2023-01-04 16:36:25.507737,CLO,2216098.jpg,2216098,2,0,NA
2216155_2,2023-01-04 16:36:20.945274,CLO,2216155.jpg,2216155,2,0,NA
2216160_2,2023-01-04 16:36:17.492184,CLO,2216160.jpg,2216160,2,0,NA
2216218_2,2023-01-04 16:36:13.429654,CLO,2216218.jpg,2216218,2,0,NA
2216239_2,2023-01-04 16:36:09.460934,CLO,2216239.jpg,2216239,2,0,NA
2216772_2,2023-01-04 16:36:05.867360,CLO,2216772.jpg,2216772,2,0,NA
2216792_2,2023-01-04 16:36:03.085933,CLO,2216792.jpg,2216792,2,0,NA
2217186_2,2023-01-04 16:35:59.882849,CLO,2217186.jpg,2217186,2,0,NA
2214597_2,2023-01-04 16:35:54.445356,CLO,2214597.jpg,2214597,2,0,NA
2215078_2,2023-01-04 16:35:52.132859,CLO,2215078.jpg,2215078,2,0,NA
2215369_2,2023-01-04 16:35:49.617241,CLO,2215369.jpg,2215369,2,0,NA
2215384_2,2023-01-04 16:35:47.164133,CLO,2215384.jpg,2215384,2,0,NA
2215389_2,2023-01-04 16:35:45.273510,CLO,2215389.jpg,2215389,2,0,NA
2215390_2,2023-01-04 16:35:42.945426,CLO,2215390.jpg,2215390,2,0,NA
2215391_2,2023-01-04 16:35:40.211032,CLO,2215391.jpg,2215391,2,0,NA
2215597_2,2023-01-04 16:35:37.539174,CLO,2215597.jpg,2215597,2,0,NA
2216051_2,2023-01-04 16:35:34.570433,CLO,2216051.jpg,2216051,2,0,NA
2216053_2,2023-01-04 16:35:31.367313,CLO,2216053.jpg,2216053,2,0,NA
2216069_2,2023-01-04 16:35:29.804836,CLO,2216069.jpg,2216069,2,0,NA
2216071_2,2023-01-04 16:35:27.742337,CLO,2216071.jpg,2216071,2,0,NA
2216072_2,2023-01-04 16:35:26.320666,CLO,2216072.jpg,2216072,2,0,NA
2218193_2,2023-01-04 16:35:00.898699,CLO,2218193.jpg,2218193,2,0,NA
2217856_2,2023-01-04 16:34:59.664321,ACC,2217856.jpg,2217856,2,0,NA
2217858_2,2023-01-04 16:34:58.945565,ACC,2217858.jpg,2217858,2,0,NA
2217859_2,2023-01-04 16:34:58.242625,ACC,2217859.jpg,2217859,2,0,NA
2217860_2,2023-01-04 16:34:57.648709,ACC,2217860.jpg,2217860,2,0,NA
2217861_2,2023-01-04 16:34:56.898714,ACC,2217861.jpg,2217861,2,0,NA
2217918_2,2023-01-04 16:34:56.211233,JEW,2217918.jpg,2217918,2,0,NA
2217862_2,2023-01-04 16:34:55.554951,ACC,2217862.jpg,2217862,2,0,NA
2217919_2,2023-01-04 16:34:54.883083,JEW,2217919.jpg,2217919,2,0,NA
2217920_2,2023-01-04 16:34:54.195595,JEW,2217920.jpg,2217920,2,0,NA
2217921_2,2023-01-04 16:34:53.414346,JEW,2217921.jpg,2217921,2,0,NA
2217922_2,2023-01-04 16:34:52.773711,JEW,2217922.jpg,2217922,2,0,NA
2217924_2,2023-01-04 16:34:51.929463,JEW,2217924.jpg,2217924,2,0,NA
2217925_2,2023-01-04 16:34:51.258089,JEW,2217925.jpg,2217925,2,0,NA
2217926_2,2023-01-04 16:34:50.461225,JEW,2217926.jpg,2217926,2,0,NA
2217928_2,2023-01-04 16:34:49.492509,JEW,2217928.jpg,2217928,2,0,NA
2217927_2,2023-01-04 16:34:48.492484,JEW,2217927.jpg,2217927,2,0,NA
2217929_2,2023-01-04 16:34:47.539375,JEW,2217929.jpg,2217929,2,0,NA
2218059_2,2023-01-04 16:34:46.508109,JEW,2218059.jpg,2218059,2,0,NA
2218061_2,2023-01-04 16:34:45.602014,JEW,2218061.jpg,2218061,2,0,NA
2218062_2,2023-01-04 16:34:44.867639,JEW,2218062.jpg,2218062,2,0,NA
2218063_2,2023-01-04 16:34:44.070653,JEW,2218063.jpg,2218063,2,0,NA
2218066_2,2023-01-04 16:34:43.372192,JEW,2218066.jpg,2218066,2,0,NA
2218067_2,2023-01-04 16:34:42.648787,JEW,2218067.jpg,2218067,2,0,NA
2218068_2,2023-01-04 16:34:41.992516,JEW,2218068.jpg,2218068,2,0,NA
2218069_2,2023-01-04 16:34:41.196001,JEW,2218069.jpg,2218069,2,0,NA
2218072_2,2023-01-04 16:34:40.476881,JEW,2218072.jpg,2218072,2,0,NA
2218091_2,2023-01-04 16:34:39.820637,JEW,2218091.jpg,2218091,2,0,NA
2218093_2,2023-01-04 16:34:39.039393,JEW,2218093.jpg,2218093,2,0,NA
2218094_2,2023-01-04 16:34:38.211263,JEW,2218094.jpg,2218094,2,0,NA
2218147_2,2023-01-04 16:34:37.148935,JEW,2218147.jpg,2218147,2,0,NA
2218148_2,2023-01-04 16:34:36.523800,JEW,2218148.jpg,2218148,2,0,NA
2210919_2,2023-01-04 16:34:35.758149,ACC,2210919.jpg,2210919,2,0,NA
2214660_2,2023-01-04 16:34:35.039420,JEW,2214660.jpg,2214660,2,0,NA
2214680_2,2023-01-04 16:34:34.289429,JEW,2214680.jpg,2214680,2,0,NA
2214681_2,2023-01-04 16:34:33.445683,JEW,2214681.jpg,2214681,2,0,NA
2215067_2,2023-01-04 16:34:32.758162,CLO,2215067.jpg,2215067,2,0,NA
2215070_2,2023-01-04 16:34:31.445661,CLO,2215070.jpg,2215070,2,0,NA
2215074_2,2023-01-04 16:34:30.383190,CLO,2215074.jpg,2215074,2,0,NA
2215102_2,2023-01-04 16:34:29.680071,JEW,2215102.jpg,2215102,2,0,NA
2217528_2,2023-01-04 16:34:28.914462,SHO,2217528.jpg,2217528,2,0,NA
2217529_2,2023-01-04 16:34:28.117573,SHO,2217529.jpg,2217529,2,0,NA
2217562_2,2023-01-04 16:34:27.414535,JEW,2217562.jpg,2217562,2,0,NA
2217563_2,2023-01-04 16:34:26.789579,JEW,2217563.jpg,2217563,2,0,NA
2217564_2,2023-01-04 16:34:26.039463,JEW,2217564.jpg,2217564,2,0,NA
2217566_2,2023-01-04 16:34:25.164739,JEW,2217566.jpg,2217566,2,0,NA
2217568_2,2023-01-04 16:34:24.383217,JEW,2217568.jpg,2217568,2,0,NA
2217569_2,2023-01-04 16:34:23.570953,JEW,2217569.jpg,2217569,2,0,NA
2212556_2,2023-01-04 16:34:22.476970,JEW,2212556.jpg,2212556,2,0,NA
2212551_2,2023-01-04 16:34:21.680103,ACC,2212551.jpg,2212551,2,0,NA
2212558_2,2023-01-04 16:34:20.305091,JEW,2212558.jpg,2212558,2,0,NA
2212557_2,2023-01-04 16:34:19.476987,JEW,2212557.jpg,2212557,2,0,NA
2212559_2,2023-01-04 16:34:18.648871,JEW,2212559.jpg,2212559,2,0,NA
2212686_2,2023-01-04 16:34:17.789603,JEW,2212686.jpg,2212686,2,0,NA
2212685_2,2023-01-04 16:34:17.133242,JEW,2212685.jpg,2212685,2,0,NA
2212687_2,2023-01-04 16:34:16.258246,JEW,2212687.jpg,2212687,2,0,NA
2212692_2,2023-01-04 16:34:15.601986,JEW,2212692.jpg,2212692,2,0,NA
2212693_2,2023-01-04 16:34:14.680125,JEW,2212693.jpg,2212693,2,0,NA
2212703_2,2023-01-04 16:34:14.008254,JEW,2212703.jpg,2212703,2,0,NA
2212856_2,2023-01-04 16:34:13.180133,ACC,2212856.jpg,2212856,2,0,NA
2212857_2,2023-01-04 16:34:12.555120,ACC,2212857.jpg,2212857,2,0,NA
2212863_2,2023-01-04 16:34:11.164526,JEW,2212863.jpg,2212863,2,0,NA
2212865_2,2023-01-04 16:34:10.320783,CLO,2212865.jpg,2212865,2,0,NA
2212869_2,2023-01-04 16:34:09.617630,JEW,2212869.jpg,2212869,2,0,NA
2213789_2,2023-01-04 16:34:08.945758,BEAUTY,2213789.jpg,2213789,2,0,NA
2214122_2,2023-01-04 16:34:08.273937,BEAUTY,2214122.jpg,2214122,2,0,NA
2214117_2,2023-01-04 16:34:07.492648,BEAUTY,2214117.jpg,2214117,2,0,NA
2214129_2,2023-01-04 16:34:06.727002,BEAUTY,2214129.jpg,2214129,2,0,NA
2214125_2,2023-01-04 16:34:06.070781,BEAUTY,2214125.jpg,2214125,2,0,NA
2214127_2,2023-01-04 16:34:05.383272,BEAUTY,2214127.jpg,2214127,2,0,NA
2214215_2,2023-01-04 16:34:04.742650,JEW,2214215.jpg,2214215,2,0,NA
2214392_2,2023-01-04 16:34:04.055162,JEW,2214392.jpg,2214392,2,0,NA
2214391_2,2023-01-04 16:34:03.430160,JEW,2214391.jpg,2214391,2,0,NA
2214398_2,2023-01-04 16:34:02.727041,JEW,2214398.jpg,2214398,2,0,NA
2214396_2,2023-01-04 16:34:01.852045,JEW,2214396.jpg,2214396,2,0,NA
2214405_2,2023-01-04 16:34:00.117679,JEW,2214405.jpg,2214405,2,0,NA
2215912_2,2023-01-04 16:33:59.367682,JEW,2215912.jpg,2215912,2,0,NA
2218539_2,2023-01-04 16:33:58.695815,JEW,2218539.jpg,2218539,2,0,NA
2218374_2,2023-01-04 16:33:40.227185,ACC,2218374.jpg,2218374,2,0,NA
1804753_1,2023-01-04 16:33:39.633375,ACC,1804753.jpg,1804753,1,0,NA
1804988_1,2023-01-04 16:33:39.024004,ACC,1804988.jpg,1804988,1,0,NA
1709973_1,2023-01-04 16:33:38.430254,ACC,1709973.jpg,1709973,1,0,NA
2218326_2,2023-01-04 16:33:37.789636,ACC,2218326.jpg,2218326,2,0,NA
2218333_2,2023-01-04 16:33:37.180274,JEW,2218333.jpg,2218333,2,0,NA
2218339_2,2023-01-04 16:33:36.648995,JEW,2218339.jpg,2218339,2,0,NA
2218337_2,2023-01-04 16:33:36.102148,ACC,2218337.jpg,2218337,2,0,NA
2218329_2,2023-01-04 16:33:35.570894,JEW,2218329.jpg,2218329,2,0,NA
2218444_2,2023-01-04 16:33:34.945899,ACC,2218444.jpg,2218444,2,0,NA
2218448_2,2023-01-04 16:33:34.367775,ACC,2218448.jpg,2218448,2,0,NA
2218341_2,2023-01-04 16:33:33.617774,ACC,2218341.jpg,2218341,2,0,NA
2218344_2,2023-01-04 16:33:32.977152,ACC,2218344.jpg,2218344,2,0,NA
2218348_2,2023-01-04 16:33:32.180285,ACC,2218348.jpg,2218348,2,0,NA
2212376_2,2023-01-04 16:33:31.555271,JEW,2212376.jpg,2212376,2,0,NA
2212126_2,2023-01-04 16:33:30.680295,CLO,2212126.jpg,2212126,2,0,NA
2212549_2,2023-01-04 16:33:29.883409,JEW,2212549.jpg,2212549,2,0,NA
2212555_2,2023-01-04 16:33:29.133515,JEW,2212555.jpg,2212555,2,0,NA
2212697_2,2023-01-04 16:33:28.352159,JEW,2212697.jpg,2212697,2,0,NA
2212699_2,2023-01-04 16:33:27.555310,JEW,2212699.jpg,2212699,2,0,NA
2212847_2,2023-01-04 16:33:26.758431,JEW,2212847.jpg,2212847,2,0,NA
2212879_2,2023-01-04 16:33:26.024057,JEW,2212879.jpg,2212879,2,0,NA
2214177_2,2023-01-04 16:33:24.977173,JEW,2214177.jpg,2214177,2,0,NA
2214200_2,2023-01-04 16:33:24.164682,JEW,2214200.jpg,2214200,2,0,NA
2214213_2,2023-01-04 16:33:23.352180,JEW,2214213.jpg,2214213,2,0,NA
2215073_2,2023-01-04 16:33:22.586567,CLO,2215073.jpg,2215073,2,0,NA
2215075_2,2023-01-04 16:33:21.477200,CLO,2215075.jpg,2215075,2,0,NA
2215077_2,2023-01-04 16:33:20.524086,CLO,2215077.jpg,2215077,2,0,NA
2217558_2,2023-01-04 16:33:19.570944,JEW,2217558.jpg,2217558,2,0,NA
2217544_2,2023-01-04 16:33:18.867814,JEW,2217544.jpg,2217544,2,0,NA
2217560_2,2023-01-04 16:33:17.992825,JEW,2217560.jpg,2217560,2,0,NA
2217551_2,2023-01-04 16:33:17.180424,JEW,2217551.jpg,2217551,2,0,NA
2217561_2,2023-01-04 16:33:16.024150,JEW,2217561.jpg,2217561,2,0,NA
2218158_2,2023-01-04 16:33:15.242847,ACC,2218158.jpg,2218158,2,0,NA
2212552_2,2023-01-04 16:33:14.102234,JEW,2212552.jpg,2212552,2,0,NA
2214180_2,2023-01-04 16:33:13.117865,JEW,2214180.jpg,2214180,2,0,NA
2212553_2,2023-01-04 16:33:12.367859,JEW,2212553.jpg,2212553,2,0,NA
2212684_2,2023-01-04 16:33:11.242861,JEW,2212684.jpg,2212684,2,0,NA
2214182_2,2023-01-04 16:33:10.227270,JEW,2214182.jpg,2214182,2,0,NA
2214184_2,2023-01-04 16:33:09.477351,JEW,2214184.jpg,2214184,2,0,NA
2214185_2,2023-01-04 16:33:08.508494,JEW,2214185.jpg,2214185,2,0,NA
2214205_2,2023-01-04 16:33:07.524128,JEW,2214205.jpg,2214205,2,0,NA
2214187_2,2023-01-04 16:33:06.477263,JEW,2214187.jpg,2214187,2,0,NA
2214208_2,2023-01-04 16:33:05.649139,JEW,2214208.jpg,2214208,2,0,NA
2214212_2,2023-01-04 16:33:04.867882,JEW,2214212.jpg,2214212,2,0,NA
2217539_2,2023-01-04 16:33:03.945995,JEW,2217539.jpg,2217539,2,0,NA
2217541_2,2023-01-04 16:33:03.008586,JEW,2217541.jpg,2217541,2,0,NA
2217540_2,2023-01-04 16:33:02.211678,JEW,2217540.jpg,2217540,2,0,NA
2217549_2,2023-01-04 16:33:01.258526,JEW,2217549.jpg,2217549,2,0,NA
2217554_2,2023-01-04 16:33:00.180401,JEW,2217554.jpg,2217554,2,0,NA
2217553_2,2023-01-04 16:32:59.414771,JEW,2217553.jpg,2217553,2,0,NA
2217556_2,2023-01-04 16:32:58.508635,JEW,2217556.jpg,2217556,2,0,NA
2218334_2,2023-01-04 16:32:57.492923,JEW,2218334.jpg,2218334,2,0,NA
2217557_2,2023-01-04 16:32:56.446042,JEW,2217557.jpg,2217557,2,0,NA
2218545_2,2023-01-04 16:32:55.430479,JEW,2218545.jpg,2218545,2,0,NA
2212727_2,2023-01-04 16:32:53.930439,JEW,2212727.jpg,2212727,2,0,NA
2212736_2,2023-01-04 16:32:53.102306,JEW,2212736.jpg,2212736,2,0,NA
2212728_2,2023-01-04 16:32:52.242936,JEW,2212728.jpg,2212728,2,0,NA
2212991_2,2023-01-04 16:32:51.383576,JEW,2212991.jpg,2212991,2,0,NA
2212992_2,2023-01-04 16:32:49.242948,JEW,2212992.jpg,2212992,2,0,NA
2213075_2,2023-01-04 16:32:48.383842,JEW,2213075.jpg,2213075,2,0,NA
2213097_2,2023-01-04 16:32:47.617949,ACC,2213097.jpg,2213097,2,0,NA
2213197_2,2023-01-04 16:32:46.821079,JEW,2213197.jpg,2213197,2,0,NA
2213202_2,2023-01-04 16:32:45.571090,JEW,2213202.jpg,2213202,2,0,NA
2213208_2,2023-01-04 16:32:44.024217,JEW,2213208.jpg,2213208,2,0,NA
2213203_2,2023-01-04 16:32:41.649223,JEW,2213203.jpg,2213203,2,0,NA
2213241_2,2023-01-04 16:32:40.743057,JEW,2213241.jpg,2213241,2,0,NA
2213222_2,2023-01-04 16:32:39.836740,JEW,2213222.jpg,2213222,2,0,NA
2213850_2,2023-01-04 16:32:38.508611,BEAUTY,2213850.jpg,2213850,2,0,NA
2214126_2,2023-01-04 16:32:36.055497,BEAUTY,2214126.jpg,2214126,2,0,NA
2215987_2,2023-01-04 16:32:35.071152,ACC,2215987.jpg,2215987,2,0,NA
2216762_2,2023-01-04 16:32:34.321136,JEW,2216762.jpg,2216762,2,0,NA
2217524_2,2023-01-04 16:32:33.524263,SHO,2217524.jpg,2217524,2,0,NA
2217285_2,2023-01-04 16:32:32.118167,ACC,2217285.jpg,2217285,2,0,NA
2218124_2,2023-01-04 16:32:30.539911,JEW,2218124.jpg,2218124,2,0,NA
2218129_2,2023-01-04 16:32:29.633649,JEW,2218129.jpg,2218129,2,0,NA
2218133_2,2023-01-04 16:32:28.243025,JEW,2218133.jpg,2218133,2,0,NA
2218285_2,2023-01-04 16:32:27.055541,JEW,2218285.jpg,2218285,2,0,NA
2218135_2,2023-01-04 16:32:25.555537,JEW,2218135.jpg,2218135,2,0,NA
2218294_2,2023-01-04 16:32:24.602635,JEW,2218294.jpg,2218294,2,0,NA
2218287_2,2023-01-04 16:32:22.321183,JEW,2218287.jpg,2218287,2,0,NA
2218295_2,2023-01-04 16:32:21.227424,JEW,2218295.jpg,2218295,2,0,NA
2218305_2,2023-01-04 16:32:20.305553,JEW,2218305.jpg,2218305,2,0,NA
2218311_2,2023-01-04 16:32:19.133692,JEW,2218311.jpg,2218311,2,0,NA
2218317_2,2023-01-04 16:32:17.899317,JEW,2218317.jpg,2218317,2,0,NA
2218320_2,2023-01-04 16:32:17.121118,JEW,2218320.jpg,2218320,2,0,NA
2213532_2,2023-01-04 16:32:16.274324,CLO,2213532.jpg,2213532,2,0,NA
2213536_2,2023-01-04 16:32:13.743082,CLO,2213536.jpg,2213536,2,0,NA
2213738_2,2023-01-04 16:32:11.118093,CLO,2213738.jpg,2213738,2,0,NA
2216169_2,2023-01-04 16:32:07.430718,CLO,2216169.jpg,2216169,2,0,NA
2216225_2,2023-01-04 16:32:02.743130,CLO,2216225.jpg,2216225,2,0,NA
2216256_2,2023-01-04 16:32:00.149364,CLO,2216256.jpg,2216256,2,0,NA
2216287_2,2023-01-04 16:31:57.321272,CLO,2216287.jpg,2216287,2,0,NA
2216394_2,2023-01-04 16:31:54.821307,CLO,2216394.jpg,2216394,2,0,NA
2216759_2,2023-01-04 16:31:52.071278,CLO,2216759.jpg,2216759,2,0,NA
2216764_2,2023-01-04 16:31:49.305691,CLO,2216764.jpg,2216764,2,0,NA
2216767_2,2023-01-04 16:31:46.711940,CLO,2216767.jpg,2216767,2,0,NA
2216769_2,2023-01-04 16:31:38.243206,CLO,2216769.jpg,2216769,2,0,NA
2216773_2,2023-01-04 16:31:34.977612,CLO,2216773.jpg,2216773,2,0,NA
2216774_2,2023-01-04 16:31:32.102622,CLO,2216774.jpg,2216774,2,0,NA
2216775_2,2023-01-04 16:31:29.196396,CLO,2216775.jpg,2216775,2,0,NA
2216777_2,2023-01-04 16:31:23.696496,CLO,2216777.jpg,2216777,2,0,NA
2216780_2,2023-01-04 16:31:20.852649,CLO,2216780.jpg,2216780,2,0,NA
2216781_2,2023-01-04 16:31:18.915254,CLO,2216781.jpg,2216781,2,0,NA
2216785_2,2023-01-04 16:31:15.665185,CLO,2216785.jpg,2216785,2,0,NA
2216787_2,2023-01-04 16:31:12.727687,CLO,2216787.jpg,2216787,2,0,NA
2216788_2,2023-01-04 16:31:09.868343,CLO,2216788.jpg,2216788,2,0,NA
2216797_2,2023-01-04 16:31:06.790206,CLO,2216797.jpg,2216797,2,0,NA
2216872_2,2023-01-04 16:31:02.212217,CLO,2216872.jpg,2216872,2,0,NA
2216884_2,2023-01-04 16:30:59.930846,CLO,2216884.jpg,2216884,2,0,NA
2216888_2,2023-01-04 16:30:56.680873,CLO,2216888.jpg,2216888,2,0,NA
2217776_2,2023-01-04 16:30:53.446518,CLO,2217776.jpg,2217776,2,0,NA
2218008_2,2023-01-04 16:30:50.852778,CLO,2218008.jpg,2218008,2,0,NA
2218029_2,2023-01-04 16:30:48.524658,CLO,2218029.jpg,2218029,2,0,NA
2218031_2,2023-01-04 16:30:45.665298,CLO,2218031.jpg,2218031,2,0,NA
2218037_2,2023-01-04 16:30:43.462190,CLO,2218037.jpg,2218037,2,0,NA
2218192_2,2023-01-04 16:30:41.243451,CLO,2218192.jpg,2218192,2,0,NA
2215334_2,2023-01-04 16:30:34.134095,BEAUTY,2215334.jpg,2215334,2,0,NA
2218115_2,2023-01-04 16:30:33.227846,JEW,2218115.jpg,2218115,2,0,NA
2218119_2,2023-01-04 16:30:32.415421,JEW,2218119.jpg,2218119,2,0,NA
2218120_2,2023-01-04 16:30:31.618476,JEW,2218120.jpg,2218120,2,0,NA
2218123_2,2023-01-04 16:30:30.774717,JEW,2218123.jpg,2218123,2,0,NA
2218125_2,2023-01-04 16:30:29.665346,JEW,2218125.jpg,2218125,2,0,NA
2218126_2,2023-01-04 16:30:28.727970,JEW,2218126.jpg,2218126,2,0,NA
2218128_2,2023-01-04 16:30:27.852880,JEW,2218128.jpg,2218128,2,0,NA
2218130_2,2023-01-04 16:30:26.993494,JEW,2218130.jpg,2218130,2,0,NA
2218134_2,2023-01-04 16:30:26.118500,JEW,2218134.jpg,2218134,2,0,NA
2218283_2,2023-01-04 16:30:25.165376,JEW,2218283.jpg,2218283,2,0,NA
2218288_2,2023-01-04 16:30:24.009251,JEW,2218288.jpg,2218288,2,0,NA
2218300_2,2023-01-04 16:30:22.150047,JEW,2218300.jpg,2218300,2,0,NA
2218301_2,2023-01-04 16:30:21.165402,JEW,2218301.jpg,2218301,2,0,NA
2218314_2,2023-01-04 16:30:19.196654,JEW,2218314.jpg,2218314,2,0,NA
2218397_2,2023-01-04 16:30:18.212278,JEW,2218397.jpg,2218397,2,0,NA
2218323_2,2023-01-04 16:30:17.306029,JEW,2218323.jpg,2218323,2,0,NA
2218409_2,2023-01-04 16:30:15.977911,JEW,2218409.jpg,2218409,2,0,NA
2112012_2,2023-01-04 16:30:14.415418,ACC,2112012.jpg,2112012,2,0,NA
2217950_2,2023-01-04 16:30:13.509159,JEW,2217950.jpg,2217950,2,0,NA
2213193_2,2023-01-04 16:30:12.040434,CLO,2213193.jpg,2213193,2,0,NA
2217954_2,2023-01-04 16:30:10.477908,JEW,2217954.jpg,2217954,2,0,NA
2217957_2,2023-01-04 16:30:08.837312,JEW,2217957.jpg,2217957,2,0,NA
2217958_2,2023-01-04 16:30:07.321683,JEW,2217958.jpg,2217958,2,0,NA
2217960_2,2023-01-04 16:30:05.852951,JEW,2217960.jpg,2217960,2,0,NA
2217959_2,2023-01-04 16:30:04.196695,JEW,2217959.jpg,2217959,2,0,NA
2217961_2,2023-01-04 16:30:03.196711,JEW,2217961.jpg,2217961,2,0,NA
2217962_2,2023-01-04 16:30:01.243601,JEW,2217962.jpg,2217962,2,0,NA
2217968_2,2023-01-04 16:30:00.212337,JEW,2217968.jpg,2217968,2,0,NA
2217967_2,2023-01-04 16:29:59.384221,JEW,2217967.jpg,2217967,2,0,NA
2217972_2,2023-01-04 16:29:57.634224,JEW,2217972.jpg,2217972,2,0,NA
2217974_2,2023-01-04 16:29:56.743614,JEW,2217974.jpg,2217974,2,0,NA
2217977_2,2023-01-04 16:29:55.306120,JEW,2217977.jpg,2217977,2,0,NA
2217979_2,2023-01-04 16:29:54.353054,JEW,2217979.jpg,2217979,2,0,NA
2217975_2,2023-01-04 16:29:53.509232,JEW,2217975.jpg,2217975,2,0,NA
2217978_2,2023-01-04 16:29:51.837464,JEW,2217978.jpg,2217978,2,0,NA
2218084_2,2023-01-04 16:29:50.493619,JEW,2218084.jpg,2218084,2,0,NA
2218406_2,2023-01-04 16:29:48.978003,JEW,2218406.jpg,2218406,2,0,NA
2218411_2,2023-01-04 16:29:47.368666,JEW,2218411.jpg,2218411,2,0,NA
2215466_2,2023-01-04 16:29:46.384275,CLO,2215466.jpg,2215466,2,0,NA
2216757_2,2023-01-04 16:29:43.649891,CLO,2216757.jpg,2216757,2,0,NA
2216766_2,2023-01-04 16:29:39.853127,CLO,2216766.jpg,2216766,2,0,NA
2216778_2,2023-01-04 16:29:36.790568,CLO,2216778.jpg,2216778,2,0,NA
2216786_2,2023-01-04 16:29:33.837460,CLO,2216786.jpg,2216786,2,0,NA
2216779_2,2023-01-04 16:29:31.228084,CLO,2216779.jpg,2216779,2,0,NA
2216790_2,2023-01-04 16:29:28.400058,CLO,2216790.jpg,2216790,2,0,NA
2216971_2,2023-01-04 16:29:25.774986,CLO,2216971.jpg,2216971,2,0,NA
2217594_2,2023-01-04 16:29:23.290612,CLO,2217594.jpg,2217594,2,0,NA
2217601_2,2023-01-04 16:29:20.212490,CLO,2217601.jpg,2217601,2,0,NA
2217615_2,2023-01-04 16:29:17.024995,CLO,2217615.jpg,2217615,2,0,NA
2218144_2,2023-01-04 16:29:13.790631,CLO,2218144.jpg,2218144,2,0,NA
2218160_2,2023-01-04 16:29:10.869074,CLO,2218160.jpg,2218160,2,0,NA
2218308_2,2023-01-04 16:29:08.446921,CLO,2218308.jpg,2218308,2,0,NA
2218310_2,2023-01-04 16:29:05.384405,CLO,2218310.jpg,2218310,2,0,NA
2218316_2,2023-01-04 16:29:02.540852,CLO,2218316.jpg,2218316,2,0,NA
2218327_2,2023-01-04 16:28:59.462552,CLO,2218327.jpg,2218327,2,0,NA
2218472_2,2023-01-04 16:28:57.134440,CLO,2218472.jpg,2218472,2,0,NA
2216585_2,2023-01-04 16:28:53.712574,CLO,2216585.jpg,2216585,2,0,NA
2109176_2,2023-01-04 16:28:50.806359,CLO,2109176.jpg,2109176,2,0,NA
2114530_2,2023-01-04 16:28:47.650103,CLO,2114530.jpg,2114530,2,0,NA
2115418_2,2023-01-04 16:28:44.962672,CLO,2115418.jpg,2115418,2,0,NA
2116011_2,2023-01-04 16:28:42.525121,CLO,2116011.jpg,2116011,2,0,NA
2116013_2,2023-01-04 16:28:40.572004,CLO,2116013.jpg,2116013,2,0,NA
2200118_2,2023-01-04 16:28:38.993892,CLO,2200118.jpg,2200118,2,0,NA
2201041_2,2023-01-04 16:28:36.931401,CLO,2201041.jpg,2201041,2,0,NA
2202019_2,2023-01-04 16:28:34.431399,CLO,2202019.jpg,2202019,2,0,NA
2202691_2,2023-01-04 16:28:33.072063,CLO,2202691.jpg,2202691,2,0,NA
2218150_2,2023-01-04 16:28:23.322140,CLO,2218150.jpg,2218150,2,0,NA
2203588_2,2023-01-04 16:28:20.900213,SHO,2203588.jpg,2203588,2,0,NA
2107939_2,2023-01-04 16:28:20.118961,SHO,2107939.jpg,2107939,2,0,NA
2111462_2,2023-01-04 16:28:19.400210,SHO,2111462.jpg,2111462,2,0,NA
2111467_2,2023-01-04 16:28:18.619090,SHO,2111467.jpg,2111467,2,0,NA
2112470_2,2023-01-04 16:28:17.806500,SHO,2112470.jpg,2112470,2,0,NA
2113576_2,2023-01-04 16:28:17.040982,SHO,2113576.jpg,2113576,2,0,NA
2113579_2,2023-01-04 16:28:16.275252,SHO,2113579.jpg,2113579,2,0,NA
2114993_2,2023-01-04 16:28:15.509629,SHO,2114993.jpg,2114993,2,0,NA
2200355_2,2023-01-04 16:28:14.822106,SHO,2200355.jpg,2200355,2,0,NA
2203511_2,2023-01-04 16:28:14.009793,SHO,2203511.jpg,2203511,2,0,NA
2212872_2,2023-01-04 16:28:12.837758,ACC,2212872.jpg,2212872,2,0,NA
2212871_2,2023-01-04 16:28:11.915980,ACC,2212871.jpg,2212871,2,0,NA
2212696_2,2023-01-04 16:28:10.681493,JEW,2212696.jpg,2212696,2,0,NA
2212873_2,2023-01-04 16:28:09.806516,JEW,2212873.jpg,2212873,2,0,NA
2217952_2,2023-01-04 16:28:08.790874,JEW,2217952.jpg,2217952,2,0,NA
2217956_2,2023-01-04 16:28:08.009631,JEW,2217956.jpg,2217956,2,0,NA
2217963_2,2023-01-04 16:28:07.212779,JEW,2217963.jpg,2217963,2,0,NA
2217966_2,2023-01-04 16:28:06.275512,JEW,2217966.jpg,2217966,2,0,NA
2217970_2,2023-01-04 16:28:05.369039,JEW,2217970.jpg,2217970,2,0,NA
2217969_2,2023-01-04 16:28:04.587798,JEW,2217969.jpg,2217969,2,0,NA
2218121_2,2023-01-04 16:28:03.822172,JEW,2218121.jpg,2218121,2,0,NA
2218290_2,2023-01-04 16:28:03.134667,JEW,2218290.jpg,2218290,2,0,NA
2218291_2,2023-01-04 16:28:02.431606,JEW,2218291.jpg,2218291,2,0,NA
2218293_2,2023-01-04 16:28:01.431566,JEW,2218293.jpg,2218293,2,0,NA
2218296_2,2023-01-04 16:28:00.697746,JEW,2218296.jpg,2218296,2,0,NA
2218304_2,2023-01-04 16:27:58.697179,JEW,2218304.jpg,2218304,2,0,NA
2218297_2,2023-01-04 16:27:57.775314,JEW,2218297.jpg,2218297,2,0,NA
2218407_2,2023-01-04 16:27:56.869087,JEW,2218407.jpg,2218407,2,0,NA
2216886_2,2023-01-04 16:27:54.728450,CLO,2216886.jpg,2216886,2,0,NA
2111413_2,2023-01-04 16:27:52.822240,ACC,2111413.jpg,2111413,2,0,NA
2212349_2,2023-01-04 16:27:51.869080,JEW,2212349.jpg,2212349,2,0,NA
2212415_2,2023-01-04 16:27:50.994092,JEW,2212415.jpg,2212415,2,0,NA
2214545_2,2023-01-04 16:27:50.197215,ACC,2214545.jpg,2214545,2,0,NA
2214546_2,2023-01-04 16:27:49.400370,ACC,2214546.jpg,2214546,2,0,NA
2214921_2,2023-01-04 16:27:48.478486,ACC,2214921.jpg,2214921,2,0,NA
2115142_2,2023-01-04 16:27:47.228484,CLO,2115142.jpg,2115142,2,0,NA
2215967_2,2023-01-04 16:27:34.634779,CLO,2215967.jpg,2215967,2,0,NA
2213092_2,2023-01-04 16:27:33.494172,ACC,2213092.jpg,2213092,2,0,NA
2213198_2,2023-01-04 16:27:32.525409,JEW,2213198.jpg,2213198,2,0,NA
2214149_2,2023-01-04 16:27:31.806669,ACC,2214149.jpg,2214149,2,0,NA
2216250_2,2023-01-04 16:27:31.041039,JEW,2216250.jpg,2216250,2,0,NA
2216309_2,2023-01-04 16:27:30.275426,JEW,2216309.jpg,2216309,2,0,NA
2216247_2,2023-01-04 16:27:29.525425,JEW,2216247.jpg,2216247,2,0,NA
2216332_2,2023-01-04 16:27:28.759799,JEW,2216332.jpg,2216332,2,0,NA
2216318_2,2023-01-04 16:27:27.947304,JEW,2216318.jpg,2216318,2,0,NA
2216342_2,2023-01-04 16:27:27.087925,ACC,2216342.jpg,2216342,2,0,NA
2216344_2,2023-01-04 16:27:26.275445,JEW,2216344.jpg,2216344,2,0,NA
2216346_2,2023-01-04 16:27:25.353567,JEW,2216346.jpg,2216346,2,0,NA
2216345_2,2023-01-04 16:27:24.369200,JEW,2216345.jpg,2216345,2,0,NA
2216356_2,2023-01-04 16:27:23.119282,JEW,2216356.jpg,2216356,2,0,NA
2216359_2,2023-01-04 16:27:22.166080,JEW,2216359.jpg,2216359,2,0,NA
2216352_2,2023-01-04 16:27:21.337965,JEW,2216352.jpg,2216352,2,0,NA
2216470_2,2023-01-04 16:27:20.603592,ACC,2216470.jpg,2216470,2,0,NA
2216475_2,2023-01-04 16:27:19.712961,ACC,2216475.jpg,2216475,2,0,NA
2216643_2,2023-01-04 16:27:18.917242,JEW,2216643.jpg,2216643,2,0,NA
2216498_2,2023-01-04 16:27:18.259851,JEW,2216498.jpg,2216498,2,0,NA
2216587_2,2023-01-04 16:27:17.619200,JEW,2216587.jpg,2216587,2,0,NA
2216839_2,2023-01-04 16:27:16.916126,ACC,2216839.jpg,2216839,2,0,NA
2216842_2,2023-01-04 16:27:16.088009,ACC,2216842.jpg,2216842,2,0,NA
2216885_2,2023-01-04 16:27:15.337998,ACC,2216885.jpg,2216885,2,0,NA
2216847_2,2023-01-04 16:27:14.588003,ACC,2216847.jpg,2216847,2,0,NA
2216887_2,2023-01-04 16:27:13.775486,ACC,2216887.jpg,2216887,2,0,NA
2216889_2,2023-01-04 16:27:13.119236,ACC,2216889.jpg,2216889,2,0,NA
2217548_2,2023-01-04 16:27:12.416174,BEAUTY,2217548.jpg,2217548,2,0,NA
2216926_2,2023-01-04 16:27:11.666114,ACC,2216926.jpg,2216926,2,0,NA
2217980_2,2023-01-04 16:27:10.947370,JEW,2217980.jpg,2217980,2,0,NA
2217874_2,2023-01-04 16:27:10.025500,ACC,2217874.jpg,2217874,2,0,NA
2217708_2,2023-01-04 16:27:09.259862,BEAUTY,2217708.jpg,2217708,2,0,NA
2214201_2,2023-01-04 16:27:08.447388,JEW,2214201.jpg,2214201,2,0,NA
2217477_2,2023-01-04 16:27:07.666110,ACC,2217477.jpg,2217477,2,0,NA
2217476_2,2023-01-04 16:27:06.306766,ACC,2217476.jpg,2217476,2,0,NA
2217480_2,2023-01-04 16:27:05.369383,ACC,2217480.jpg,2217480,2,0,NA
2217478_2,2023-01-04 16:27:04.150997,ACC,2217478.jpg,2217478,2,0,NA
2218116_2,2023-01-04 16:27:02.681786,JEW,2218116.jpg,2218116,2,0,NA
2217543_2,2023-01-04 16:27:01.806765,CLO,2217543.jpg,2217543,2,0,NA
2217988_2,2023-01-04 16:26:58.744275,CLO,2217988.jpg,2217988,2,0,NA
2217991_2,2023-01-04 16:26:55.603692,CLO,2217991.jpg,2217991,2,0,NA
2218001_2,2023-01-04 16:26:52.463132,CLO,2218001.jpg,2218001,2,0,NA
2218023_2,2023-01-04 16:26:49.197443,CLO,2218023.jpg,2218023,2,0,NA
2218357_2,2023-01-04 16:26:45.244331,CLO,2218357.jpg,2218357,2,0,NA
1907244_1,2023-01-04 16:26:40.572484,SHO,1907244.jpg,1907244,1,0,NA
1912807_1,2023-01-04 16:26:32.416245,SHO,1912807.jpg,1912807,1,0,NA
2001639_2,2023-01-04 16:26:30.978749,SHO,2001639.jpg,2001639,2,0,NA
1806349_1,2023-01-04 16:26:30.197496,SHO,1806349.jpg,1806349,1,0,NA
2007952_2,2023-01-04 16:26:28.853795,SHO,2007952.jpg,2007952,2,0,NA
2218410_2,2023-01-04 16:26:27.478795,BEAUTY,2218410.jpg,2218410,2,0,NA
2218343_2,2023-01-04 16:26:26.806921,JEW,2218343.jpg,2218343,2,0,NA
1215560_1,2023-01-04 16:26:26.244541,BEAUTY,1215560.jpg,1215560,1,0,NA
1508414_1,2023-01-04 16:26:25.838141,BEAUTY,1508414.jpg,1508414,1,0,NA
1809673_1,2023-01-04 16:26:25.103790,BEAUTY,1809673.jpg,1809673,1,0,NA
2218347_2,2023-01-04 16:26:24.525757,CLO,2218347.jpg,2218347,2,0,NA
1311919_1,2023-01-04 16:26:23.010028,BEAUTY,1311919.jpg,1311919,1,0,NA
2212388_2,2023-01-04 16:26:22.291284,JEW,2212388.jpg,2212388,2,0,NA
2216320_2,2023-01-04 16:26:21.494436,ACC,2216320.jpg,2216320,2,0,NA
2111458_2,2023-01-04 16:26:20.697569,SHO,2111458.jpg,2111458,2,0,NA
2202217_2,2023-01-04 16:26:20.041344,CLO,2202217.jpg,2202217,2,0,NA
2203071_2,2023-01-04 16:26:19.275677,CLO,2203071.jpg,2203071,2,0,NA
2203519_2,2023-01-04 16:26:18.431952,SHO,2203519.jpg,2203519,2,0,NA
2203609_2,2023-01-04 16:26:17.588185,SHO,2203609.jpg,2203609,2,0,NA
2203950_2,2023-01-04 16:26:16.666337,CLO,2203950.jpg,2203950,2,0,NA
2205088_2,2023-01-04 16:26:15.838196,CLO,2205088.jpg,2205088,2,0,NA
2214913_2,2023-01-04 16:26:15.010080,ACC,2214913.jpg,2214913,2,0,NA
2214914_2,2023-01-04 16:26:14.385108,ACC,2214914.jpg,2214914,2,0,NA
2214923_2,2023-01-04 16:26:13.650728,ACC,2214923.jpg,2214923,2,0,NA
2214929_2,2023-01-04 16:26:12.963222,ACC,2214929.jpg,2214929,2,0,NA
2214930_2,2023-01-04 16:26:12.369457,ACC,2214930.jpg,2214930,2,0,NA
2214932_2,2023-01-04 16:26:11.697592,ACC,2214932.jpg,2214932,2,0,NA
2203737_2,2023-01-04 16:26:11.041357,BEAUTY,2203737.jpg,2203737,2,0,NA
2212959_2,2023-01-04 16:26:10.416329,JEW,2212959.jpg,2212959,2,0,NA
2212973_2,2023-01-04 16:26:09.322602,JEW,2212973.jpg,2212973,2,0,NA
2212975_2,2023-01-04 16:26:07.994590,JEW,2212975.jpg,2212975,2,0,NA
2212976_2,2023-01-04 16:26:06.978873,JEW,2212976.jpg,2212976,2,0,NA
2212978_2,2023-01-04 16:25:51.447661,JEW,2212978.jpg,2212978,2,0,NA
2213697_2,2023-01-04 16:25:50.541416,BEAUTY,2213697.jpg,2213697,2,0,NA
2213701_2,2023-01-04 16:25:49.932048,BEAUTY,2213701.jpg,2213701,2,0,NA
2218104_2,2023-01-04 16:25:49.322683,JEW,2218104.jpg,2218104,2,0,NA
2218105_2,2023-01-04 16:25:48.510318,JEW,2218105.jpg,2218105,2,0,NA
2218106_2,2023-01-04 16:25:47.932061,ACC,2218106.jpg,2218106,2,0,NA
2218145_2,2023-01-04 16:25:47.150824,JEW,2218145.jpg,2218145,2,0,NA
2218161_2,2023-01-04 16:25:46.432056,JEW,2218161.jpg,2218161,2,0,NA
2218462_2,2023-01-04 16:25:45.791452,JEW,2218462.jpg,2218462,2,0,NA
2218164_2,2023-01-04 16:25:45.041461,CLO,2218164.jpg,2218164,2,0,NA
2218463_2,2023-01-04 16:25:44.369576,JEW,2218463.jpg,2218463,2,0,NA
2218478_2,2023-01-04 16:25:43.619573,JEW,2218478.jpg,2218478,2,0,NA
2218487_2,2023-01-04 16:25:42.978961,JEW,2218487.jpg,2218487,2,0,NA
2218488_2,2023-01-04 16:25:42.322703,JEW,2218488.jpg,2218488,2,0,NA
2218490_2,2023-01-04 16:25:41.744592,JEW,2218490.jpg,2218490,2,0,NA
2218491_2,2023-01-04 16:25:41.150851,JEW,2218491.jpg,2218491,2,0,NA
2213693_2,2023-01-04 16:25:40.478943,BEAUTY,2213693.jpg,2213693,2,0,NA
2214045_2,2023-01-04 16:25:39.932063,ACC,2214045.jpg,2214045,2,0,NA
2218013_2,2023-01-04 16:25:39.182087,CLO,2218013.jpg,2218013,2,0,NA
2218021_2,2023-01-04 16:25:38.338474,CLO,2218021.jpg,2218021,2,0,NA
2218004_2,2023-01-04 16:25:37.385248,CLO,2218004.jpg,2218004,2,0,NA
2218074_2,2023-01-04 16:25:36.072712,ACC,2218074.jpg,2218074,2,0,NA
2218136_2,2023-01-04 16:25:35.322745,JEW,2218136.jpg,2218136,2,0,NA
2218103_2,2023-01-04 16:25:34.697737,JEW,2218103.jpg,2218103,2,0,NA
2218140_2,2023-01-04 16:25:34.072737,JEW,2218140.jpg,2218140,2,0,NA
2218162_2,2023-01-04 16:25:33.353997,JEW,2218162.jpg,2218162,2,0,NA
2218484_2,2023-01-04 16:25:32.744678,JEW,2218484.jpg,2218484,2,0,NA
2218486_2,2023-01-04 16:25:32.088352,JEW,2218486.jpg,2218486,2,0,NA
2218497_2,2023-01-04 16:25:31.338357,JEW,2218497.jpg,2218497,2,0,NA
2008788_2,2023-01-04 16:25:30.697765,CLO,2008788.jpg,2008788,2,0,NA
2103829_2,2023-01-04 16:25:30.057114,CLO,2103829.jpg,2103829,2,0,NA
2105569_2,2023-01-04 16:25:29.416497,CLO,2105569.jpg,2105569,2,0,NA
2109010_2,2023-01-04 16:25:28.822745,CLO,2109010.jpg,2109010,2,0,NA
2110423_2,2023-01-04 16:25:28.244641,CLO,2110423.jpg,2110423,2,0,NA
2113333_2,2023-01-04 16:25:27.525869,CLO,2113333.jpg,2113333,2,0,NA
2114731_2,2023-01-04 16:25:26.932153,CLO,2114731.jpg,2114731,2,0,NA
2115056_2,2023-01-04 16:25:25.900892,CLO,2115056.jpg,2115056,2,0,NA
2200047_2,2023-01-04 16:25:24.900877,CLO,2200047.jpg,2200047,2,0,NA
2200387_2,2023-01-04 16:25:23.932137,CLO,2200387.jpg,2200387,2,0,NA
2200388_2,2023-01-04 16:25:23.307204,CLO,2200388.jpg,2200388,2,0,NA
2200661_2,2023-01-04 16:25:22.744657,CLO,2200661.jpg,2200661,2,0,NA
2200667_2,2023-01-04 16:25:22.150893,CLO,2200667.jpg,2200667,2,0,NA
2201370_2,2023-01-04 16:25:21.463428,CLO,2201370.jpg,2201370,2,0,NA
2202533_2,2023-01-04 16:25:20.838393,CLO,2202533.jpg,2202533,2,0,NA
2203103_2,2023-01-04 16:25:20.244660,CLO,2203103.jpg,2203103,2,0,NA
2203300_2,2023-01-04 16:25:19.635312,CLO,2203300.jpg,2203300,2,0,NA
2203315_2,2023-01-04 16:25:18.807149,CLO,2203315.jpg,2203315,2,0,NA
2204120_2,2023-01-04 16:25:18.072804,CLO,2204120.jpg,2204120,2,0,NA
2204948_2,2023-01-04 16:25:17.088449,CLO,2204948.jpg,2204948,2,0,NA
2205912_2,2023-01-04 16:25:16.447841,CLO,2205912.jpg,2205912,2,0,NA
2206170_2,2023-01-04 16:25:15.760315,CLO,2206170.jpg,2206170,2,0,NA
2210484_2,2023-01-04 16:25:15.104041,CLO,2210484.jpg,2210484,2,0,NA
2213589_2,2023-01-04 16:25:13.932167,CLO,2213589.jpg,2213589,2,0,NA
2215386_2,2023-01-04 16:25:12.604369,CLO,2215386.jpg,2215386,2,0,NA
2215387_2,2023-01-04 16:25:11.525930,CLO,2215387.jpg,2215387,2,0,NA
2215388_2,2023-01-04 16:25:10.088436,CLO,2215388.jpg,2215388,2,0,NA
2215991_2,2023-01-04 16:25:07.916577,CLO,2215991.jpg,2215991,2,0,NA
2216056_2,2023-01-04 16:24:57.244958,CLO,2216056.jpg,2216056,2,0,NA
2216070_2,2023-01-04 16:24:56.682257,CLO,2216070.jpg,2216070,2,0,NA
2216284_2,2023-01-04 16:24:56.119767,CLO,2216284.jpg,2216284,2,0,NA
2216576_2,2023-01-04 16:24:55.541629,CLO,2216576.jpg,2216576,2,0,NA
2216758_2,2023-01-04 16:24:54.979143,CLO,2216758.jpg,2216758,2,0,NA
2216800_2,2023-01-04 16:24:54.401036,CLO,2216800.jpg,2216800,2,0,NA
2216869_2,2023-01-04 16:24:53.651001,CLO,2216869.jpg,2216869,2,0,NA
2216879_2,2023-01-04 16:24:52.979124,CLO,2216879.jpg,2216879,2,0,NA
2216890_2,2023-01-04 16:24:52.369780,CLO,2216890.jpg,2216890,2,0,NA
2216964_2,2023-01-04 16:24:51.744776,CLO,2216964.jpg,2216964,2,0,NA
2216968_2,2023-01-04 16:24:51.166634,CLO,2216968.jpg,2216968,2,0,NA
2216970_2,2023-01-04 16:24:50.588511,CLO,2216970.jpg,2216970,2,0,NA
2216987_2,2023-01-04 16:24:50.026012,CLO,2216987.jpg,2216987,2,0,NA
2217222_2,2023-01-04 16:24:49.432267,CLO,2217222.jpg,2217222,2,0,NA
2217370_2,2023-01-04 16:24:48.838521,CLO,2217370.jpg,2217370,2,0,NA
2217397_2,2023-01-04 16:24:48.322905,CLO,2217397.jpg,2217397,2,0,NA
2217547_2,2023-01-04 16:24:47.776032,CLO,2217547.jpg,2217547,2,0,NA
2217559_2,2023-01-04 16:24:47.198078,CLO,2217559.jpg,2217559,2,0,NA
2217565_2,2023-01-04 16:24:46.572932,CLO,2217565.jpg,2217565,2,0,NA
2217578_2,2023-01-04 16:24:45.994783,CLO,2217578.jpg,2217578,2,0,NA
2217591_2,2023-01-04 16:24:45.416662,CLO,2217591.jpg,2217591,2,0,NA
2217593_2,2023-01-04 16:24:44.619837,CLO,2217593.jpg,2217593,2,0,NA
2217597_2,2023-01-04 16:24:44.026147,CLO,2217597.jpg,2217597,2,0,NA
2217612_2,2023-01-04 16:24:43.385440,CLO,2217612.jpg,2217612,2,0,NA
2217614_2,2023-01-04 16:24:42.744821,CLO,2217614.jpg,2217614,2,0,NA
2217616_2,2023-01-04 16:24:42.151181,CLO,2217616.jpg,2217616,2,0,NA
2217621_2,2023-01-04 16:24:41.588798,CLO,2217621.jpg,2217621,2,0,NA
2217632_2,2023-01-04 16:24:40.932389,CLO,2217632.jpg,2217632,2,0,NA
2217635_2,2023-01-04 16:24:11.869920,CLO,2217635.jpg,2217635,2,0,NA
2217639_2,2023-01-04 16:24:11.213655,CLO,2217639.jpg,2217639,2,0,NA
2217646_2,2023-01-04 16:24:10.198138,CLO,2217646.jpg,2217646,2,0,NA
2217689_2,2023-01-04 16:24:09.244938,CLO,2217689.jpg,2217689,2,0,NA
2217693_2,2023-01-04 16:24:08.291818,CLO,2217693.jpg,2217693,2,0,NA
2217701_2,2023-01-04 16:24:07.651314,CLO,2217701.jpg,2217701,2,0,NA
2217704_2,2023-01-04 16:24:07.041824,CLO,2217704.jpg,2217704,2,0,NA
2217706_2,2023-01-04 16:24:06.494951,CLO,2217706.jpg,2217706,2,0,NA
2217736_2,2023-01-04 16:24:05.932499,CLO,2217736.jpg,2217736,2,0,NA
2217797_2,2023-01-04 16:24:05.354328,CLO,2217797.jpg,2217797,2,0,NA
2217896_2,2023-01-04 16:24:04.713685,CLO,2217896.jpg,2217896,2,0,NA
2217907_2,2023-01-04 16:24:04.088728,CLO,2217907.jpg,2217907,2,0,NA
2217909_2,2023-01-04 16:24:03.526216,CLO,2217909.jpg,2217909,2,0,NA
2217910_2,2023-01-04 16:24:02.963705,CLO,2217910.jpg,2217910,2,0,NA
2217911_2,2023-01-04 16:24:02.245046,CLO,2217911.jpg,2217911,2,0,NA
2217965_2,2023-01-04 16:24:01.698090,CLO,2217965.jpg,2217965,2,0,NA
2217981_2,2023-01-04 16:24:01.135601,CLO,2217981.jpg,2217981,2,0,NA
2217982_2,2023-01-04 16:24:00.448098,CLO,2217982.jpg,2217982,2,0,NA
2217984_2,2023-01-04 16:23:59.651212,CLO,2217984.jpg,2217984,2,0,NA
2217995_2,2023-01-04 16:23:58.932617,CLO,2217995.jpg,2217995,2,0,NA
2218007_2,2023-01-04 16:23:58.088792,CLO,2218007.jpg,2218007,2,0,NA
2218012_2,2023-01-04 16:23:57.463732,CLO,2218012.jpg,2218012,2,0,NA
2218026_2,2023-01-04 16:23:56.760675,CLO,2218026.jpg,2218026,2,0,NA
2218043_2,2023-01-04 16:23:56.151239,CLO,2218043.jpg,2218043,2,0,NA
2218114_2,2023-01-04 16:23:55.448100,CLO,2218114.jpg,2218114,2,0,NA
2218137_2,2023-01-04 16:23:54.838822,CLO,2218137.jpg,2218137,2,0,NA
2218141_2,2023-01-04 16:23:54.198105,CLO,2218141.jpg,2218141,2,0,NA
2218196_2,2023-01-04 16:23:53.479390,CLO,2218196.jpg,2218196,2,0,NA
2218237_2,2023-01-04 16:23:52.791842,CLO,2218237.jpg,2218237,2,0,NA
2218239_2,2023-01-04 16:23:52.088731,CLO,2218239.jpg,2218239,2,0,NA
2218240_2,2023-01-04 16:23:51.479352,CLO,2218240.jpg,2218240,2,0,NA
2218244_2,2023-01-04 16:23:50.854356,CLO,2218244.jpg,2218244,2,0,NA
2218245_2,2023-01-04 16:23:50.182486,CLO,2218245.jpg,2218245,2,0,NA
2218510_2,2023-01-04 16:23:49.494983,CLO,2218510.jpg,2218510,2,0,NA
2218511_2,2023-01-04 16:23:48.885593,CLO,2218511.jpg,2218511,2,0,NA
2218524_2,2023-01-04 16:23:48.323090,CLO,2218524.jpg,2218524,2,0,NA
2218525_2,2023-01-04 16:23:47.666850,CLO,2218525.jpg,2218525,2,0,NA
2218548_2,2023-01-04 16:23:47.041839,CLO,2218548.jpg,2218548,2,0,NA
2218550_2,2023-01-04 16:23:46.276211,CLO,2218550.jpg,2218550,2,0,NA
2218554_2,2023-01-04 16:23:45.651211,CLO,2218554.jpg,2218554,2,0,NA
2218555_2,2023-01-04 16:23:44.854345,CLO,2218555.jpg,2218555,2,0,NA
2218556_2,2023-01-04 16:23:44.104346,CLO,2218556.jpg,2218556,2,0,NA
2218558_2,2023-01-04 16:23:43.229331,CLO,2218558.jpg,2218558,2,0,NA
2218609_2,2023-01-04 16:23:41.854320,CLO,2218609.jpg,2218609,2,0,NA
2218612_2,2023-01-04 16:23:41.057451,CLO,2218612.jpg,2218612,2,0,NA
2218613_2,2023-01-04 16:23:40.416821,CLO,2218613.jpg,2218613,2,0,NA
2218614_2,2023-01-04 16:23:39.776212,CLO,2218614.jpg,2218614,2,0,NA
2218651_2,2023-01-04 16:23:39.119942,CLO,2218651.jpg,2218651,2,0,NA
2218652_2,2023-01-04 16:23:38.448080,CLO,2218652.jpg,2218652,2,0,NA
2218653_2,2023-01-04 16:23:37.838777,CLO,2218653.jpg,2218653,2,0,NA
2218654_2,2023-01-04 16:23:37.166822,CLO,2218654.jpg,2218654,2,0,NA
2218656_2,2023-01-04 16:23:36.541824,CLO,2218656.jpg,2218656,2,0,NA
2218657_2,2023-01-04 16:23:35.823200,CLO,2218657.jpg,2218657,2,0,NA
2104931_2,2023-01-04 16:23:35.229311,ACC,2104931.jpg,2104931,2,0,NA
2216589_2,2023-01-04 16:23:34.494949,JEW,2216589.jpg,2216589,2,0,NA
2216634_2,2023-01-04 16:23:33.744933,JEW,2216634.jpg,2216634,2,0,NA
2216632_2,2023-01-04 16:23:32.994992,JEW,2216632.jpg,2216632,2,0,NA
2216922_2,2023-01-04 16:23:32.276181,ACC,2216922.jpg,2216922,2,0,NA
2217479_2,2023-01-04 16:23:31.510551,ACC,2217479.jpg,2217479,2,0,NA
2217552_2,2023-01-04 16:23:30.682513,BEAUTY,2217552.jpg,2217552,2,0,NA
2217738_2,2023-01-04 16:23:29.994927,BEAUTY,2217738.jpg,2217738,2,0,NA
2217875_2,2023-01-04 16:23:29.260548,ACC,2217875.jpg,2217875,2,0,NA
2217876_2,2023-01-04 16:23:28.526172,ACC,2217876.jpg,2217876,2,0,NA
2102443_2,2023-01-04 16:23:27.854316,JEW,2102443.jpg,2102443,2,0,NA
2216496_2,2023-01-04 16:23:27.104295,JEW,2216496.jpg,2216496,2,0,NA
2218099_2,2023-01-04 16:23:26.401184,JEW,2218099.jpg,2218099,2,0,NA
2218100_2,2023-01-04 16:23:25.385540,JEW,2218100.jpg,2218100,2,0,NA
2218102_2,2023-01-04 16:23:24.635541,JEW,2218102.jpg,2218102,2,0,NA
2218107_2,2023-01-04 16:23:23.823049,JEW,2218107.jpg,2218107,2,0,NA
2218108_2,2023-01-04 16:23:22.963684,JEW,2218108.jpg,2218108,2,0,NA
2218110_2,2023-01-04 16:23:22.182416,JEW,2218110.jpg,2218110,2,0,NA
2218112_2,2023-01-04 16:23:21.276161,JEW,2218112.jpg,2218112,2,0,NA
2218131_2,2023-01-04 16:23:20.088646,JEW,2218131.jpg,2218131,2,0,NA
2218483_2,2023-01-04 16:23:19.307403,JEW,2218483.jpg,2218483,2,0,NA
2218485_2,2023-01-04 16:23:18.479278,JEW,2218485.jpg,2218485,2,0,NA
2216765_2,2023-01-04 16:23:17.760534,JEW,2216765.jpg,2216765,2,0,NA
2212751_2,2023-01-04 16:23:16.807410,JEW,2212751.jpg,2212751,2,0,NA
2216916_2,2023-01-04 16:23:16.135535,JEW,2216916.jpg,2216916,2,0,NA
2218073_2,2023-01-04 16:23:15.401149,JEW,2218073.jpg,2218073,2,0,NA
2218101_2,2023-01-04 16:23:14.401155,JEW,2218101.jpg,2218101,2,0,NA
2218113_2,2023-01-04 16:23:13.729377,JEW,2218113.jpg,2218113,2,0,NA
2218097_2,2023-01-04 16:23:12.963659,JEW,2218097.jpg,2218097,2,0,NA
2218118_2,2023-01-04 16:23:12.182390,JEW,2218118.jpg,2218118,2,0,NA
2218109_2,2023-01-04 16:23:11.479261,JEW,2218109.jpg,2218109,2,0,NA
2218168_2,2023-01-04 16:23:10.666784,JEW,2218168.jpg,2218168,2,0,NA
2218127_2,2023-01-04 16:23:09.869903,JEW,2218127.jpg,2218127,2,0,NA
2218122_2,2023-01-04 16:23:09.213757,JEW,2218122.jpg,2218122,2,0,NA
2218167_2,2023-01-04 16:23:08.432423,JEW,2218167.jpg,2218167,2,0,NA
2218075_2,2023-01-04 16:23:07.666768,JEW,2218075.jpg,2218075,2,0,NA
2218076_2,2023-01-04 16:23:06.948017,JEW,2218076.jpg,2218076,2,0,NA
2116030_2,2023-01-04 16:23:06.229265,CLO,2116030.jpg,2116030,2,0,NA
2200032_2,2023-01-04 16:23:05.619875,CLO,2200032.jpg,2200032,2,0,NA
2200033_2,2023-01-04 16:23:04.963758,CLO,2200033.jpg,2200033,2,0,NA
2201534_2,2023-01-04 16:23:04.416761,CLO,2201534.jpg,2201534,2,0,NA
2115680_2,2023-01-04 16:23:03.807365,CLO,2115680.jpg,2115680,2,0,NA
2200155_2,2023-01-04 16:23:03.198016,CLO,2200155.jpg,2200155,2,0,NA
2114703_2,2023-01-04 16:23:02.557386,CLO,2114703.jpg,2114703,2,0,NA
2103193_2,2023-01-04 16:23:01.885507,ACC,2103193.jpg,2103193,2,0,NA
2105331_2,2023-01-04 16:23:01.088622,ACC,2105331.jpg,2105331,2,0,NA
2218358_2,2023-01-04 16:23:00.276119,ACC,2218358.jpg,2218358,2,0,NA
2105570_2,2023-01-04 16:22:58.307372,CLO,2105570.jpg,2105570,2,0,NA
2105578_2,2023-01-04 16:22:57.557363,CLO,2105578.jpg,2105578,2,0,NA
2113655_2,2023-01-04 16:22:56.322972,CLO,2113655.jpg,2113655,2,0,NA
2115993_2,2023-01-04 16:22:55.416726,CLO,2115993.jpg,2115993,2,0,NA
2116033_2,2023-01-04 16:22:54.494962,CLO,2116033.jpg,2116033,2,0,NA
2200403_2,2023-01-04 16:22:53.838623,CLO,2200403.jpg,2200403,2,0,NA
2115994_2,2023-01-04 16:22:52.932374,CLO,2115994.jpg,2115994,2,0,NA
2205041_2,2023-01-04 16:22:51.713591,CLO,2205041.jpg,2205041,2,0,NA
2216304_2,2023-01-04 16:22:49.338608,JEW,2216304.jpg,2216304,2,0,NA
2216307_2,2023-01-04 16:22:48.651076,JEW,2216307.jpg,2216307,2,0,NA
2216328_2,2023-01-04 16:22:47.854242,JEW,2216328.jpg,2216328,2,0,NA
2216333_2,2023-01-04 16:22:47.089294,JEW,2216333.jpg,2216333,2,0,NA
2216335_2,2023-01-04 16:22:45.354236,JEW,2216335.jpg,2216335,2,0,NA
2216336_2,2023-01-04 16:22:44.557315,JEW,2216336.jpg,2216336,2,0,NA
2216354_2,2023-01-04 16:22:43.526096,JEW,2216354.jpg,2216354,2,0,NA
2216351_2,2023-01-04 16:22:42.151104,JEW,2216351.jpg,2216351,2,0,NA
2216863_2,2023-01-04 16:22:40.526088,ACC,2216863.jpg,2216863,2,0,NA
2216868_2,2023-01-04 16:22:39.807342,ACC,2216868.jpg,2216868,2,0,NA
2217534_2,2023-01-04 16:22:38.963592,BEAUTY,2217534.jpg,2217534,2,0,NA
2217358_2,2023-01-04 16:22:37.479203,BEAUTY,2217358.jpg,2217358,2,0,NA
2217794_2,2023-01-04 16:22:36.526062,ACC,2217794.jpg,2217794,2,0,NA
2217535_2,2023-01-04 16:22:35.698142,BEAUTY,2217535.jpg,2217535,2,0,NA
2300133_2,2023-01-04 16:22:34.744818,JEW,2300133.jpg,2300133,2,0,NA
2300131_2,2023-01-04 16:22:33.713573,JEW,2300131.jpg,2300131,2,0,NA
2216973_2,2023-01-04 16:22:32.713639,CLO,2216973.jpg,2216973,2,0,NA
2217881_2,2023-01-04 16:22:28.120058,CLO,2217881.jpg,2217881,2,0,NA
2217880_2,2023-01-04 16:22:25.338556,CLO,2217880.jpg,2217880,2,0,NA
2217882_2,2023-01-04 16:22:24.026065,CLO,2217882.jpg,2217882,2,0,NA
2006683_2,2023-01-04 16:22:04.229105,CLO,2006683.jpg,2006683,2,0,NA
2104539_2,2023-01-04 16:22:03.275993,CLO,2104539.jpg,2104539,2,0,NA
2112399_2,2023-01-04 16:22:02.650990,CLO,2112399.jpg,2112399,2,0,NA
2112646_2,2023-01-04 16:22:02.057248,CLO,2112646.jpg,2112646,2,0,NA
2113759_2,2023-01-04 16:22:01.510372,CLO,2113759.jpg,2113759,2,0,NA
2114809_2,2023-01-04 16:22:00.822955,CLO,2114809.jpg,2114809,2,0,NA
2200028_2,2023-01-04 16:22:00.166590,CLO,2200028.jpg,2200028,2,0,NA
2200244_2,2023-01-04 16:21:59.572869,CLO,2200244.jpg,2200244,2,0,NA
2200461_2,2023-01-04 16:21:58.963466,CLO,2200461.jpg,2200461,2,0,NA
2200653_2,2023-01-04 16:21:58.400996,CLO,2200653.jpg,2200653,2,0,NA
2200655_2,2023-01-04 16:21:57.682522,CLO,2200655.jpg,2200655,2,0,NA
2201659_2,2023-01-04 16:21:57.010376,CLO,2201659.jpg,2201659,2,0,NA
2202097_2,2023-01-04 16:21:56.322869,CLO,2202097.jpg,2202097,2,0,NA
2202461_2,2023-01-04 16:21:55.651044,CLO,2202461.jpg,2202461,2,0,NA
2203131_2,2023-01-04 16:21:54.994711,CLO,2203131.jpg,2203131,2,0,NA
2203543_2,2023-01-04 16:21:54.275955,CLO,2203543.jpg,2203543,2,0,NA
2206478_2,2023-01-04 16:21:53.604100,CLO,2206478.jpg,2206478,2,0,NA
2210501_2,2023-01-04 16:21:52.994707,CLO,2210501.jpg,2210501,2,0,NA
2214561_2,2023-01-04 16:21:52.354099,CLO,2214561.jpg,2214561,2,0,NA
2216626_2,2023-01-04 16:21:51.666600,CLO,2216626.jpg,2216626,2,0,NA
2216644_2,2023-01-04 16:21:51.057200,CLO,2216644.jpg,2216644,2,0,NA
2216771_2,2023-01-04 16:21:50.432229,CLO,2216771.jpg,2216771,2,0,NA
2216966_2,2023-01-04 16:21:49.697869,CLO,2216966.jpg,2216966,2,0,NA
2217579_2,2023-01-04 16:21:48.994727,CLO,2217579.jpg,2217579,2,0,NA
2217605_2,2023-01-04 16:21:48.244709,CLO,2217605.jpg,2217605,2,0,NA
2217613_2,2023-01-04 16:21:47.416565,CLO,2217613.jpg,2217613,2,0,NA
2217631_2,2023-01-04 16:21:46.635337,CLO,2217631.jpg,2217631,2,0,NA
2217653_2,2023-01-04 16:21:45.947808,CLO,2217653.jpg,2217653,2,0,NA
2217664_2,2023-01-04 16:21:44.994740,CLO,2217664.jpg,2217664,2,0,NA
2217686_2,2023-01-04 16:21:43.947823,CLO,2217686.jpg,2217686,2,0,NA
2217688_2,2023-01-04 16:21:43.244717,CLO,2217688.jpg,2217688,2,0,NA
2217695_2,2023-01-04 16:21:42.651198,CLO,2217695.jpg,2217695,2,0,NA
2217698_2,2023-01-04 16:21:41.885323,CLO,2217698.jpg,2217698,2,0,NA
2217710_2,2023-01-04 16:21:41.182187,CLO,2217710.jpg,2217710,2,0,NA
2217775_2,2023-01-04 16:21:40.369677,CLO,2217775.jpg,2217775,2,0,NA
2217778_2,2023-01-04 16:21:39.635397,CLO,2217778.jpg,2217778,2,0,NA
2217829_2,2023-01-04 16:21:38.900920,CLO,2217829.jpg,2217829,2,0,NA
2217906_2,2023-01-04 16:21:38.010309,CLO,2217906.jpg,2217906,2,0,NA
2217951_2,2023-01-04 16:21:37.197795,CLO,2217951.jpg,2217951,2,0,NA
2217953_2,2023-01-04 16:21:36.322791,CLO,2217953.jpg,2217953,2,0,NA
2217976_2,2023-01-04 16:21:35.541549,CLO,2217976.jpg,2217976,2,0,NA
2218005_2,2023-01-04 16:21:34.557163,CLO,2218005.jpg,2218005,2,0,NA
2218016_2,2023-01-04 16:21:33.479055,CLO,2218016.jpg,2218016,2,0,NA
2218024_2,2023-01-04 16:21:32.713480,CLO,2218024.jpg,2218024,2,0,NA
2218028_2,2023-01-04 16:21:31.994685,CLO,2218028.jpg,2218028,2,0,NA
2218030_2,2023-01-04 16:21:31.385281,CLO,2218030.jpg,2218030,2,0,NA
2218033_2,2023-01-04 16:21:30.744654,CLO,2218033.jpg,2218033,2,0,NA
2218052_2,2023-01-04 16:21:30.088498,CLO,2218052.jpg,2218052,2,0,NA
2218166_2,2023-01-04 16:21:29.463404,CLO,2218166.jpg,2218166,2,0,NA
2218194_2,2023-01-04 16:21:28.854057,CLO,2218194.jpg,2218194,2,0,NA
2218227_2,2023-01-04 16:21:28.244647,CLO,2218227.jpg,2218227,2,0,NA
2218238_2,2023-01-04 16:21:27.666549,CLO,2218238.jpg,2218238,2,0,NA
2218241_2,2023-01-04 16:21:27.041542,CLO,2218241.jpg,2218241,2,0,NA
2218289_2,2023-01-04 16:21:26.432168,CLO,2218289.jpg,2218289,2,0,NA
2218328_2,2023-01-04 16:21:25.604023,CLO,2218328.jpg,2218328,2,0,NA
2218500_2,2023-01-04 16:21:25.010265,CLO,2218500.jpg,2218500,2,0,NA
2218508_2,2023-01-04 16:21:24.400883,CLO,2218508.jpg,2218508,2,0,NA
2218522_2,2023-01-04 16:21:23.572762,CLO,2218522.jpg,2218522,2,0,NA
2218528_2,2023-01-04 16:21:22.807143,CLO,2218528.jpg,2218528,2,0,NA
2218608_2,2023-01-04 16:21:21.963448,CLO,2218608.jpg,2218608,2,0,NA
2202335_2,2023-01-04 16:21:20.744648,BEAUTY,2202335.jpg,2202335,2,0,NA
2202337_2,2023-01-04 16:21:19.182144,BEAUTY,2202337.jpg,2202337,2,0,NA
2218643_2,2023-01-04 16:21:18.150871,ACC,2218643.jpg,2218643,2,0,NA
2202338_2,2023-01-04 16:21:17.244631,BEAUTY,2202338.jpg,2202338,2,0,NA
2214774_2,2023-01-04 16:21:16.541528,SHO,2214774.jpg,2214774,2,0,NA
2116003_2,2023-01-04 16:21:15.947749,CLO,2116003.jpg,2116003,2,0,NA
2200058_2,2023-01-04 16:21:15.135273,CLO,2200058.jpg,2200058,2,0,NA
2204762_2,2023-01-04 16:21:14.541492,ACC,2204762.jpg,2204762,2,0,NA
2203068_2,2023-01-04 16:21:13.400898,CLO,2203068.jpg,2203068,2,0,NA
2201549_2,2023-01-04 16:21:12.853989,CLO,2201549.jpg,2201549,2,0,NA
2113671_2,2023-01-04 16:21:12.229077,JEW,2113671.jpg,2113671,2,0,NA
2115926_2,2023-01-04 16:20:45.400819,CLO,2115926.jpg,2115926,2,0,NA
2115739_2,2023-01-04 16:20:44.791452,CLO,2115739.jpg,2115739,2,0,NA
2104307_2,2023-01-04 16:20:44.103934,JEW,2104307.jpg,2104307,2,0,NA
2200508_2,2023-01-04 16:20:43.072707,CLO,2200508.jpg,2200508,2,0,NA
2205505_2,2023-01-04 16:20:42.291446,ACC,2205505.jpg,2205505,2,0,NA
2203518_2,2023-01-04 16:20:41.416441,SHO,2203518.jpg,2203518,2,0,NA
2115602_2,2023-01-04 16:20:40.635182,CLO,2115602.jpg,2115602,2,0,NA
2113673_2,2023-01-04 16:20:39.994566,JEW,2113673.jpg,2113673,2,0,NA
2202849_2,2023-01-04 16:20:39.369559,CLO,2202849.jpg,2202849,2,0,NA
2115988_2,2023-01-04 16:20:38.900796,CLO,2115988.jpg,2115988,2,0,NA
2114829_2,2023-01-04 16:20:38.025808,ACC,2114829.jpg,2114829,2,0,NA
2202232_2,2023-01-04 16:20:37.353931,CLO,2202232.jpg,2202232,2,0,NA
2200079_2,2023-01-04 16:20:36.635181,CLO,2200079.jpg,2200079,2,0,NA
2215327_2,2023-01-04 16:20:35.947687,CLO,2215327.jpg,2215327,2,0,NA
2216398_2,2023-01-04 16:20:35.072684,SHO,2216398.jpg,2216398,2,0,NA
2216400_2,2023-01-04 16:20:34.322662,SHO,2216400.jpg,2216400,2,0,NA
2216403_2,2023-01-04 16:20:33.619560,SHO,2216403.jpg,2216403,2,0,NA
2300132_2,2023-01-04 16:20:32.947645,JEW,2300132.jpg,2300132,2,0,NA
2300134_2,2023-01-04 16:20:32.260171,JEW,2300134.jpg,2300134,2,0,NA
2216464_2,2023-01-04 16:20:31.588283,ACC,2216464.jpg,2216464,2,0,NA
2216465_2,2023-01-04 16:20:30.932027,ACC,2216465.jpg,2216465,2,0,NA
2216471_2,2023-01-04 16:20:30.213405,ACC,2216471.jpg,2216471,2,0,NA
2216474_2,2023-01-04 16:20:29.510138,ACC,2216474.jpg,2216474,2,0,NA
2216478_2,2023-01-04 16:20:28.760156,ACC,2216478.jpg,2216478,2,0,NA
2216480_2,2023-01-04 16:20:28.072664,ACC,2216480.jpg,2216480,2,0,NA
2216479_2,2023-01-04 16:20:27.260173,ACC,2216479.jpg,2216479,2,0,NA
2216580_2,2023-01-04 16:20:26.572634,JEW,2216580.jpg,2216580,2,0,NA
2216503_2,2023-01-04 16:20:25.916391,JEW,2216503.jpg,2216503,2,0,NA
2216602_2,2023-01-04 16:20:25.197651,JEW,2216602.jpg,2216602,2,0,NA
2216581_2,2023-01-04 16:20:24.463266,JEW,2216581.jpg,2216581,2,0,NA
2216614_2,2023-01-04 16:20:23.728928,JEW,2216614.jpg,2216614,2,0,NA
2216604_2,2023-01-04 16:20:22.869499,JEW,2216604.jpg,2216604,2,0,NA
2216615_2,2023-01-04 16:20:22.244594,JEW,2216615.jpg,2216615,2,0,NA
2216618_2,2023-01-04 16:20:21.416407,JEW,2216618.jpg,2216618,2,0,NA
2216617_2,2023-01-04 16:20:20.760190,JEW,2216617.jpg,2216617,2,0,NA
2216633_2,2023-01-04 16:20:20.056992,JEW,2216633.jpg,2216633,2,0,NA
2217475_2,2023-01-04 16:20:19.291382,ACC,2217475.jpg,2217475,2,0,NA
2217261_2,2023-01-04 16:20:18.416375,ACC,2217261.jpg,2217261,2,0,NA
2217351_2,2023-01-04 16:20:17.478887,ACC,2217351.jpg,2217351,2,0,NA
2216639_2,2023-01-04 16:20:16.760112,JEW,2216639.jpg,2216639,2,0,NA
2217677_2,2023-01-04 16:20:15.994563,BEAUTY,2217677.jpg,2217677,2,0,NA
2217694_2,2023-01-04 16:20:15.385118,BEAUTY,2217694.jpg,2217694,2,0,NA
2217895_2,2023-01-04 16:20:14.666372,ACC,2217895.jpg,2217895,2,0,NA
2217898_2,2023-01-04 16:20:13.838238,ACC,2217898.jpg,2217898,2,0,NA
2201552_2,2023-01-04 16:20:13.056978,CLO,2201552.jpg,2201552,2,0,NA
2205001_2,2023-01-04 16:20:12.213255,CLO,2205001.jpg,2205001,2,0,NA
2205084_2,2023-01-04 16:20:11.619507,CLO,2205084.jpg,2205084,2,0,NA
2110392_2,2023-01-04 16:20:11.072602,CLO,2110392.jpg,2110392,2,0,NA
2205092_2,2023-01-04 16:20:10.447592,CLO,2205092.jpg,2205092,2,0,NA
2201061_2,2023-01-04 16:20:09.869474,CLO,2201061.jpg,2201061,2,0,NA
2116035_2,2023-01-04 16:20:09.072626,CLO,2116035.jpg,2116035,2,0,NA
2114252_2,2023-01-04 16:20:08.322613,CLO,2114252.jpg,2114252,2,0,NA
2204080_2,2023-01-04 16:20:07.479056,CLO,2204080.jpg,2204080,2,0,NA
2114365_2,2023-01-04 16:20:06.807090,CLO,2114365.jpg,2114365,2,0,NA
2116037_2,2023-01-04 16:20:05.900717,CLO,2116037.jpg,2116037,2,0,NA
2205108_2,2023-01-04 16:20:04.978867,CLO,2205108.jpg,2205108,2,0,NA
2216486_2,2023-01-04 16:20:04.182028,JEW,2216486.jpg,2216486,2,0,NA
2216598_2,2023-01-04 16:20:03.353863,JEW,2216598.jpg,2216598,2,0,NA
2216575_2,2023-01-04 16:20:02.619481,JEW,2216575.jpg,2216575,2,0,NA
2216489_2,2023-01-04 16:20:01.791354,JEW,2216489.jpg,2216489,2,0,NA
2217425_2,2023-01-04 16:20:01.041376,ACC,2217425.jpg,2217425,2,0,NA
2217426_2,2023-01-04 16:20:00.385105,ACC,2217426.jpg,2217426,2,0,NA
2217427_2,2023-01-04 16:19:59.603853,ACC,2217427.jpg,2217427,2,0,NA
2217714_2,2023-01-04 16:19:58.932032,JEW,2217714.jpg,2217714,2,0,NA
2217428_2,2023-01-04 16:19:58.166322,ACC,2217428.jpg,2217428,2,0,NA
2217715_2,2023-01-04 16:19:57.431980,JEW,2217715.jpg,2217715,2,0,NA
2217720_2,2023-01-04 16:19:56.494474,JEW,2217720.jpg,2217720,2,0,NA
2217722_2,2023-01-04 16:19:55.338198,JEW,2217722.jpg,2217722,2,0,NA
2217721_2,2023-01-04 16:19:54.619536,JEW,2217721.jpg,2217721,2,0,NA
2217724_2,2023-01-04 16:19:53.917404,JEW,2217724.jpg,2217724,2,0,NA
2217723_2,2023-01-04 16:19:53.166492,JEW,2217723.jpg,2217723,2,0,NA
2217726_2,2023-01-04 16:19:52.494462,JEW,2217726.jpg,2217726,2,0,NA
2300155_2,2023-01-04 16:19:51.838222,JEW,2300155.jpg,2300155,2,0,NA
2216595_2,2023-01-04 16:19:51.088191,JEW,2216595.jpg,2216595,2,0,NA
2216743_2,2023-01-04 16:19:50.353820,JEW,2216743.jpg,2216743,2,0,NA
2216726_2,2023-01-04 16:19:49.510067,JEW,2216726.jpg,2216726,2,0,NA
2217739_2,2023-01-04 16:19:48.650691,BEAUTY,2217739.jpg,2217739,2,0,NA
2217737_2,2023-01-04 16:19:47.838193,BEAUTY,2217737.jpg,2217737,2,0,NA
2217735_2,2023-01-04 16:19:47.025704,BEAUTY,2217735.jpg,2217735,2,0,NA
2217740_2,2023-01-04 16:19:46.213179,BEAUTY,2217740.jpg,2217740,2,0,NA
2217742_2,2023-01-04 16:19:45.526018,BEAUTY,2217742.jpg,2217742,2,0,NA
2300156_2,2023-01-04 16:19:44.760186,JEW,2300156.jpg,2300156,2,0,NA
2300158_2,2023-01-04 16:19:44.042035,JEW,2300158.jpg,2300158,2,0,NA
2217985_2,2023-01-04 16:19:43.228787,CLO,2217985.jpg,2217985,2,0,NA
2218620_2,2023-01-04 16:19:42.119412,CLO,2218620.jpg,2218620,2,0,NA
2217986_2,2023-01-04 16:19:40.947684,CLO,2217986.jpg,2217986,2,0,NA
2218275_2,2023-01-04 16:19:40.181923,CLO,2218275.jpg,2218275,2,0,NA
2218621_2,2023-01-04 16:19:39.510450,CLO,2218621.jpg,2218621,2,0,NA
2300071_2,2023-01-04 16:19:38.760151,CLO,2300071.jpg,2300071,2,0,NA
2300072_2,2023-01-04 16:19:38.010055,CLO,2300072.jpg,2300072,2,0,NA
2212294_2,2023-01-04 16:19:36.932414,CLO,2212294.jpg,2212294,2,0,NA
2212417_2,2023-01-04 16:19:35.681907,CLO,2212417.jpg,2212417,2,0,NA
2212418_2,2023-01-04 16:19:34.400664,CLO,2212418.jpg,2212418,2,0,NA
2216742_2,2023-01-04 16:19:33.353764,JEW,2216742.jpg,2216742,2,0,NA
2300145_2,2023-01-04 16:19:32.572533,JEW,2300145.jpg,2300145,2,0,NA
2300146_2,2023-01-04 16:19:31.603803,JEW,2300146.jpg,2300146,2,0,NA
2300148_2,2023-01-04 16:19:30.635045,JEW,2300148.jpg,2300148,2,0,NA
2212324_2,2023-01-04 16:19:29.572529,ACC,2212324.jpg,2212324,2,0,NA
2215128_2,2023-01-04 16:18:48.681801,BEAUTY,2215128.jpg,2215128,2,0,NA
2214192_2,2023-01-04 16:18:47.791180,JEW,2214192.jpg,2214192,2,0,NA
2216213_2,2023-01-04 16:18:46.963055,JEW,2216213.jpg,2216213,2,0,NA
2216227_2,2023-01-04 16:18:45.963065,ACC,2216227.jpg,2216227,2,0,NA
2216229_2,2023-01-04 16:18:44.838049,ACC,2216229.jpg,2216229,2,0,NA
2216219_2,2023-01-04 16:18:43.853657,JEW,2216219.jpg,2216219,2,0,NA
2216571_2,2023-01-04 16:18:42.900548,JEW,2216571.jpg,2216571,2,0,NA
2217265_2,2023-01-04 16:18:42.025636,ACC,2217265.jpg,2217265,2,0,NA
2217263_2,2023-01-04 16:18:41.088045,ACC,2217263.jpg,2217263,2,0,NA
2217725_2,2023-01-04 16:18:40.228726,JEW,2217725.jpg,2217725,2,0,NA
2300136_2,2023-01-04 16:18:39.369290,JEW,2300136.jpg,2300136,2,0,NA
2217266_2,2023-01-04 16:18:38.463037,ACC,2217266.jpg,2217266,2,0,NA
2300142_2,2023-01-04 16:18:37.494262,JEW,2300142.jpg,2300142,2,0,NA
2300157_2,2023-01-04 16:18:36.666182,JEW,2300157.jpg,2300157,2,0,NA
2300165_2,2023-01-04 16:18:35.853652,JEW,2300165.jpg,2300165,2,0,NA
2300285_2,2023-01-04 16:18:34.994349,JEW,2300285.jpg,2300285,2,0,NA
2212419_2,2023-01-04 16:18:33.931781,CLO,2212419.jpg,2212419,2,0,NA
2216242_2,2023-01-04 16:18:32.963005,JEW,2216242.jpg,2216242,2,0,NA
2216235_2,2023-01-04 16:18:32.134893,JEW,2216235.jpg,2216235,2,0,NA
2216319_2,2023-01-04 16:18:31.166156,JEW,2216319.jpg,2216319,2,0,NA
2216322_2,2023-01-04 16:18:30.322401,JEW,2216322.jpg,2216322,2,0,NA
2216327_2,2023-01-04 16:18:29.588036,JEW,2216327.jpg,2216327,2,0,NA
2216334_2,2023-01-04 16:18:28.775588,JEW,2216334.jpg,2216334,2,0,NA
2216350_2,2023-01-04 16:18:27.744260,JEW,2216350.jpg,2216350,2,0,NA
2216859_2,2023-01-04 16:18:26.572402,ACC,2216859.jpg,2216859,2,0,NA
2216865_2,2023-01-04 16:18:25.619256,ACC,2216865.jpg,2216865,2,0,NA
2217872_2,2023-01-04 16:18:24.619339,ACC,2217872.jpg,2217872,2,0,NA
2217536_2,2023-01-04 16:18:23.869232,BEAUTY,2217536.jpg,2217536,2,0,NA
2300137_2,2023-01-04 16:18:22.963003,JEW,2300137.jpg,2300137,2,0,NA
2217904_2,2023-01-04 16:18:22.056748,BEAUTY,2217904.jpg,2217904,2,0,NA
2300140_2,2023-01-04 16:18:21.228632,JEW,2300140.jpg,2300140,2,0,NA
2300141_2,2023-01-04 16:18:20.338003,JEW,2300141.jpg,2300141,2,0,NA
2300124_2,2023-01-04 16:18:19.556758,CLO,2300124.jpg,2300124,2,0,NA
2300046_2,2023-01-04 16:18:18.791255,CLO,2300046.jpg,2300046,2,0,NA
2300012_2,2023-01-04 16:18:18.009859,CLO,2300012.jpg,2300012,2,0,NA
2300010_2,2023-01-04 16:18:17.384951,CLO,2300010.jpg,2300010,2,0,NA
2300008_2,2023-01-04 16:18:16.603611,CLO,2300008.jpg,2300008,2,0,NA
2300007_2,2023-01-04 16:18:15.916119,CLO,2300007.jpg,2300007,2,0,NA
2218682_2,2023-01-04 16:18:15.025492,CLO,2218682.jpg,2218682,2,0,NA
2218514_2,2023-01-04 16:18:14.291114,CLO,2218514.jpg,2218514,2,0,NA
2218247_2,2023-01-04 16:18:13.603611,CLO,2218247.jpg,2218247,2,0,NA
2218209_2,2023-01-04 16:18:12.916107,CLO,2218209.jpg,2218209,2,0,NA
2218206_2,2023-01-04 16:18:12.291126,CLO,2218206.jpg,2218206,2,0,NA
2218204_2,2023-01-04 16:18:11.650483,CLO,2218204.jpg,2218204,2,0,NA
2218203_2,2023-01-04 16:18:11.025461,CLO,2218203.jpg,2218203,2,0,NA
2218200_2,2023-01-04 16:18:10.337976,CLO,2218200.jpg,2218200,2,0,NA
2218202_2,2023-01-04 16:18:09.587971,CLO,2218202.jpg,2218202,2,0,NA
2218197_2,2023-01-04 16:18:08.931728,CLO,2218197.jpg,2218197,2,0,NA
2218049_2,2023-01-04 16:18:08.244233,CLO,2218049.jpg,2218049,2,0,NA
2218017_2,2023-01-04 16:18:07.509853,CLO,2218017.jpg,2218017,2,0,NA
2218015_2,2023-01-04 16:18:06.791089,CLO,2218015.jpg,2218015,2,0,NA
2218014_2,2023-01-04 16:18:06.041091,CLO,2218014.jpg,2218014,2,0,NA
2217983_2,2023-01-04 16:18:05.322333,CLO,2217983.jpg,2217983,2,0,NA
2217908_2,2023-01-04 16:18:04.572334,CLO,2217908.jpg,2217908,2,0,NA
2217582_2,2023-01-04 16:18:03.822316,CLO,2217582.jpg,2217582,2,0,NA
2217406_2,2023-01-04 16:18:03.150460,CLO,2217406.jpg,2217406,2,0,NA
2216713_2,2023-01-04 16:18:02.369199,CLO,2216713.jpg,2216713,2,0,NA
2216714_2,2023-01-04 16:18:01.666078,CLO,2216714.jpg,2216714,2,0,NA
2216711_2,2023-01-04 16:18:00.994201,CLO,2216711.jpg,2216711,2,0,NA
2216712_2,2023-01-04 16:18:00.322323,CLO,2216712.jpg,2216712,2,0,NA
2216068_2,2023-01-04 16:17:59.713029,CLO,2216068.jpg,2216068,2,0,NA
2215312_2,2023-01-04 16:17:59.087954,CLO,2215312.jpg,2215312,2,0,NA
2216006_2,2023-01-04 16:17:58.353701,ACC,2216006.jpg,2216006,2,0,NA
2214171_2,2023-01-04 16:17:57.775532,JEW,2214171.jpg,2214171,2,0,NA
2216080_2,2023-01-04 16:17:56.744202,JEW,2216080.jpg,2216080,2,0,NA
2216031_2,2023-01-04 16:17:55.822315,JEW,2216031.jpg,2216031,2,0,NA
2216089_2,2023-01-04 16:17:54.822314,JEW,2216089.jpg,2216089,2,0,NA
2216237_2,2023-01-04 16:17:53.931703,JEW,2216237.jpg,2216237,2,0,NA
2216241_2,2023-01-04 16:17:52.962931,JEW,2216241.jpg,2216241,2,0,NA
2216357_2,2023-01-04 16:17:51.978562,JEW,2216357.jpg,2216357,2,0,NA
2216353_2,2023-01-04 16:17:51.072279,JEW,2216353.jpg,2216353,2,0,NA
2216360_2,2023-01-04 16:17:50.150421,JEW,2216360.jpg,2216360,2,0,NA
2216609_2,2023-01-04 16:17:49.244176,JEW,2216609.jpg,2216609,2,0,NA
2300130_2,2023-01-04 16:17:48.400423,JEW,2300130.jpg,2300130,2,0,NA
2300135_2,2023-01-04 16:17:47.556669,JEW,2300135.jpg,2300135,2,0,NA
2300139_2,2023-01-04 16:17:46.681667,JEW,2300139.jpg,2300139,2,0,NA
2300143_2,2023-01-04 16:17:45.728626,JEW,2300143.jpg,2300143,2,0,NA
2300286_2,2023-01-04 16:17:44.806685,JEW,2300286.jpg,2300286,2,0,NA
2300287_2,2023-01-04 16:17:43.884821,JEW,2300287.jpg,2300287,2,0,NA
2214060_2,2023-01-04 16:17:42.900387,ACC,2214060.jpg,2214060,2,0,NA
2212326_2,2023-01-04 16:17:41.978525,ACC,2212326.jpg,2212326,2,0,NA
2214428_2,2023-01-04 16:17:40.556700,BEAUTY,2214428.jpg,2214428,2,0,NA
2214548_2,2023-01-04 16:17:39.744152,ACC,2214548.jpg,2214548,2,0,NA
2214551_2,2023-01-04 16:17:38.932009,ACC,2214551.jpg,2214551,2,0,NA
2217342_2,2023-01-04 16:17:38.119165,ACC,2217342.jpg,2217342,2,0,NA
2215115_2,2023-01-04 16:17:37.134789,ACC,2215115.jpg,2215115,2,0,NA
2217353_2,2023-01-04 16:17:36.291009,ACC,2217353.jpg,2217353,2,0,NA
2217387_2,2023-01-04 16:17:35.322251,ACC,2217387.jpg,2217387,2,0,NA
2217381_2,2023-01-04 16:17:34.525398,ACC,2217381.jpg,2217381,2,0,NA
2217389_2,2023-01-04 16:17:33.603516,ACC,2217389.jpg,2217389,2,0,NA
2217420_2,2023-01-04 16:17:32.884766,ACC,2217420.jpg,2217420,2,0,NA
2217421_2,2023-01-04 16:17:32.181638,ACC,2217421.jpg,2217421,2,0,NA
2217424_2,2023-01-04 16:17:31.400381,ACC,2217424.jpg,2217424,2,0,NA
2217431_2,2023-01-04 16:17:30.697241,ACC,2217431.jpg,2217431,2,0,NA
2217512_2,2023-01-04 16:17:29.728527,ACC,2217512.jpg,2217512,2,0,NA
2218428_2,2023-01-04 16:17:28.978505,JEW,2218428.jpg,2218428,2,0,NA
2218435_2,2023-01-04 16:17:28.119145,JEW,2218435.jpg,2218435,2,0,NA
2218437_2,2023-01-04 16:17:27.369124,JEW,2218437.jpg,2218437,2,0,NA
2218466_2,2023-01-04 16:17:26.416003,JEW,2218466.jpg,2218466,2,0,NA
2218465_2,2023-01-04 16:17:25.634749,JEW,2218465.jpg,2218465,2,0,NA
2214917_2,2023-01-04 16:17:24.712863,ACC,2214917.jpg,2214917,2,0,NA
2217716_2,2023-01-04 16:17:23.837848,JEW,2217716.jpg,2217716,2,0,NA
2217717_2,2023-01-04 16:17:23.072248,JEW,2217717.jpg,2217717,2,0,NA
2217718_2,2023-01-04 16:17:22.275375,JEW,2217718.jpg,2217718,2,0,NA
2217719_2,2023-01-04 16:17:21.556619,JEW,2217719.jpg,2217719,2,0,NA
2218438_2,2023-01-04 16:17:20.853484,JEW,2218438.jpg,2218438,2,0,NA
2300173_2,2023-01-04 16:17:20.197234,JEW,2300173.jpg,2300173,2,0,NA
2300284_2,2023-01-04 16:17:19.369117,JEW,2300284.jpg,2300284,2,0,NA
2214151_2,2023-01-04 16:17:18.478495,ACC,2214151.jpg,2214151,2,0,NA
2217538_2,2023-01-04 16:17:17.884736,CLO,2217538.jpg,2217538,2,0,NA
2217533_2,2023-01-04 16:17:17.181606,CLO,2217533.jpg,2217533,2,0,NA
2218278_2,2023-01-04 16:17:16.478596,CLO,2218278.jpg,2218278,2,0,NA
2214445_2,2023-01-04 16:17:15.712839,ACC,2214445.jpg,2214445,2,0,NA
2218340_2,2023-01-04 16:17:15.072222,CLO,2218340.jpg,2218340,2,0,NA
2300051_2,2023-01-04 16:17:14.072227,CLO,2300051.jpg,2300051,2,0,NA
2218324_2,2023-01-04 16:17:13.087840,CLO,2218324.jpg,2218324,2,0,NA
2300061_2,2023-01-04 16:17:12.212842,CLO,2300061.jpg,2300061,2,0,NA
2216291_2,2023-01-04 16:17:11.322219,JEW,2216291.jpg,2216291,2,0,NA
2216569_2,2023-01-04 16:17:10.353464,JEW,2216569.jpg,2216569,2,0,NA
2216601_2,2023-01-04 16:17:09.525348,JEW,2216601.jpg,2216601,2,0,NA
2216593_2,2023-01-04 16:17:08.712831,JEW,2216593.jpg,2216593,2,0,NA
2216675_2,2023-01-04 16:17:07.728453,JEW,2216675.jpg,2216675,2,0,NA
2216657_2,2023-01-04 16:17:06.884703,JEW,2216657.jpg,2216657,2,0,NA
2216918_2,2023-01-04 16:17:06.025307,JEW,2216918.jpg,2216918,2,0,NA
2216684_2,2023-01-04 16:17:05.119073,JEW,2216684.jpg,2216684,2,0,NA
2217197_2,2023-01-04 16:17:04.181605,JEW,2217197.jpg,2217197,2,0,NA
2217189_2,2023-01-04 16:17:03.525320,JEW,2217189.jpg,2217189,2,0,NA
2217199_2,2023-01-04 16:17:02.744049,JEW,2217199.jpg,2217199,2,0,NA
2218443_2,2023-01-04 16:17:01.759676,JEW,2218443.jpg,2218443,2,0,NA
2218447_2,2023-01-04 16:17:00.915948,JEW,2218447.jpg,2218447,2,0,NA
2218456_2,2023-01-04 16:17:00.088001,JEW,2218456.jpg,2218456,2,0,NA
2300147_2,2023-01-04 16:16:59.337819,JEW,2300147.jpg,2300147,2,0,NA
2300138_2,2023-01-04 16:16:58.384838,JEW,2300138.jpg,2300138,2,0,NA
2300149_2,2023-01-04 16:16:57.165936,JEW,2300149.jpg,2300149,2,0,NA
2300150_2,2023-01-04 16:16:56.134705,JEW,2300150.jpg,2300150,2,0,NA
2300151_2,2023-01-04 16:16:54.884899,JEW,2300151.jpg,2300151,2,0,NA
2300152_2,2023-01-04 16:16:53.869142,JEW,2300152.jpg,2300152,2,0,NA
2300154_2,2023-01-04 16:16:52.728435,JEW,2300154.jpg,2300154,2,0,NA
2300153_2,2023-01-04 16:16:51.603425,JEW,2300153.jpg,2300153,2,0,NA
2300160_2,2023-01-04 16:16:50.744085,JEW,2300160.jpg,2300160,2,0,NA
2300159_2,2023-01-04 16:16:49.728418,JEW,2300159.jpg,2300159,2,0,NA
2300170_2,2023-01-04 16:16:48.838012,JEW,2300170.jpg,2300170,2,0,NA
2300167_2,2023-01-04 16:16:47.931592,JEW,2300167.jpg,2300167,2,0,NA
2300168_2,2023-01-04 16:16:47.040890,JEW,2300168.jpg,2300168,2,0,NA
2300172_2,2023-01-04 16:16:45.775288,JEW,2300172.jpg,2300172,2,0,NA
2217345_2,2023-01-04 16:16:44.790943,ACC,2217345.jpg,2217345,2,0,NA
2216605_2,2023-01-04 16:16:37.181519,JEW,2216605.jpg,2216605,2,0,NA
2216612_2,2023-01-04 16:16:36.400263,JEW,2216612.jpg,2216612,2,0,NA
2216607_2,2023-01-04 16:16:35.650255,JEW,2216607.jpg,2216607,2,0,NA
2216649_2,2023-01-04 16:16:34.728388,JEW,2216649.jpg,2216649,2,0,NA
2217202_2,2023-01-04 16:16:33.822129,JEW,2217202.jpg,2217202,2,0,NA
2217216_2,2023-01-04 16:16:32.822135,JEW,2217216.jpg,2217216,2,0,NA
2218430_2,2023-01-04 16:16:32.040865,JEW,2218430.jpg,2218430,2,0,NA
2218439_2,2023-01-04 16:16:31.150238,JEW,2218439.jpg,2218439,2,0,NA
2218441_2,2023-01-04 16:16:30.212749,JEW,2218441.jpg,2218441,2,0,NA
2218454_2,2023-01-04 16:16:29.415864,JEW,2218454.jpg,2218454,2,0,NA
2300161_2,2023-01-04 16:16:28.665852,JEW,2300161.jpg,2300161,2,0,NA
2214118_2,2023-01-04 16:16:27.915887,BEAUTY,2214118.jpg,2214118,2,0,NA
2214120_2,2023-01-04 16:16:27.025416,BEAUTY,2214120.jpg,2214120,2,0,NA
2214164_2,2023-01-04 16:16:26.150240,ACC,2214164.jpg,2214164,2,0,NA
2214169_2,2023-01-04 16:16:25.353478,ACC,2214169.jpg,2214169,2,0,NA
2214540_2,2023-01-04 16:16:24.509621,ACC,2214540.jpg,2214540,2,0,NA
2215106_2,2023-01-04 16:16:23.493995,ACC,2215106.jpg,2215106,2,0,NA
2215107_2,2023-01-04 16:16:22.525241,ACC,2215107.jpg,2215107,2,0,NA
2215111_2,2023-01-04 16:16:21.556477,ACC,2215111.jpg,2215111,2,0,NA
2217853_2,2023-01-04 16:16:20.650218,ACC,2217853.jpg,2217853,2,0,NA
2217854_2,2023-01-04 16:16:19.884602,ACC,2217854.jpg,2217854,2,0,NA
2215114_2,2023-01-04 16:16:19.103347,ACC,2215114.jpg,2215114,2,0,NA
2215112_2,2023-01-04 16:16:17.743974,ACC,2215112.jpg,2215112,2,0,NA
2217396_2,2023-01-04 16:16:15.587720,ACC,2217396.jpg,2217396,2,0,NA
2207438_2,2023-01-04 16:16:14.728353,CLO,2207438.jpg,2207438,2,0,NA
2115525_2,2023-01-04 16:16:14.072150,CLO,2115525.jpg,2115525,2,0,NA
2202400_2,2023-01-04 16:16:12.634823,CLO,2202400.jpg,2202400,2,0,NA
2214056_2,2023-01-04 16:16:10.790836,ACC,2214056.jpg,2214056,2,0,NA
2214156_2,2023-01-04 16:16:09.915860,ACC,2214156.jpg,2214156,2,0,NA
2214148_2,2023-01-04 16:16:09.025227,ACC,2214148.jpg,2214148,2,0,NA
2214147_2,2023-01-04 16:16:08.197082,ACC,2214147.jpg,2214147,2,0,NA
2214435_2,2023-01-04 16:16:06.743969,ACC,2214435.jpg,2214435,2,0,NA
2214163_2,2023-01-04 16:16:05.369023,ACC,2214163.jpg,2214163,2,0,NA
2214159_2,2023-01-04 16:16:03.806432,ACC,2214159.jpg,2214159,2,0,NA
2214404_2,2023-01-04 16:16:01.447061,ACC,2214404.jpg,2214404,2,0,NA
2214443_2,2023-01-04 16:16:00.540785,ACC,2214443.jpg,2214443,2,0,NA
2214459_2,2023-01-04 16:15:59.634562,ACC,2214459.jpg,2214459,2,0,NA
2214466_2,2023-01-04 16:15:58.665806,ACC,2214466.jpg,2214466,2,0,NA
2214678_2,2023-01-04 16:15:57.197050,ACC,2214678.jpg,2214678,2,0,NA
2214544_2,2023-01-04 16:15:55.806428,ACC,2214544.jpg,2214544,2,0,NA
2216482_2,2023-01-04 16:15:54.790882,CLO,2216482.jpg,2216482,2,0,NA
2216468_2,2023-01-04 16:15:53.915812,ACC,2216468.jpg,2216468,2,0,NA
2217258_2,2023-01-04 16:15:52.525365,ACC,2217258.jpg,2217258,2,0,NA
2217408_2,2023-01-04 16:15:51.353354,ACC,2217408.jpg,2217408,2,0,NA
2217409_2,2023-01-04 16:15:49.775155,ACC,2217409.jpg,2217409,2,0,NA
2217455_2,2023-01-04 16:15:48.275135,ACC,2217455.jpg,2217455,2,0,NA
2217441_2,2023-01-04 16:15:47.275153,ACC,2217441.jpg,2217441,2,0,NA
2217458_2,2023-01-04 16:15:46.118900,ACC,2217458.jpg,2217458,2,0,NA
2217456_2,2023-01-04 16:15:45.212653,ACC,2217456.jpg,2217456,2,0,NA
2217467_2,2023-01-04 16:15:43.790768,ACC,2217467.jpg,2217467,2,0,NA
2217481_2,2023-01-04 16:15:42.118891,ACC,2217481.jpg,2217481,2,0,NA
2217555_2,2023-01-04 16:15:40.212640,BEAUTY,2217555.jpg,2217555,2,0,NA
2217707_2,2023-01-04 16:15:38.353258,BEAUTY,2217707.jpg,2217707,2,0,NA
2217841_2,2023-01-04 16:15:37.103269,ACC,2217841.jpg,2217841,2,0,NA
2217840_2,2023-01-04 16:15:32.978266,ACC,2217840.jpg,2217840,2,0,NA
2218182_2,2023-01-04 16:15:32.009495,ACC,2218182.jpg,2218182,2,0,NA
2218181_2,2023-01-04 16:15:30.728244,ACC,2218181.jpg,2218181,2,0,NA
2214210_2,2023-01-04 16:15:29.743993,ACC,2214210.jpg,2214210,2,0,NA
2216215_2,2023-01-04 16:15:28.931370,JEW,2216215.jpg,2216215,2,0,NA
2216625_2,2023-01-04 16:15:27.946986,JEW,2216625.jpg,2216625,2,0,NA
2216582_2,2023-01-04 16:15:27.165738,JEW,2216582.jpg,2216582,2,0,NA
2216586_2,2023-01-04 16:15:26.415730,JEW,2216586.jpg,2216586,2,0,NA
2216628_2,2023-01-04 16:15:25.400117,JEW,2216628.jpg,2216628,2,0,NA
2216629_2,2023-01-04 16:15:24.462607,JEW,2216629.jpg,2216629,2,0,NA
2217663_2,2023-01-04 16:15:23.634497,BEAUTY,2217663.jpg,2217663,2,0,NA
2217665_2,2023-01-04 16:15:22.743850,BEAUTY,2217665.jpg,2217665,2,0,NA
2216647_2,2023-01-04 16:15:21.868858,JEW,2216647.jpg,2216647,2,0,NA
2217667_2,2023-01-04 16:15:20.072006,BEAUTY,2217667.jpg,2217667,2,0,NA
2217668_2,2023-01-04 16:15:19.353220,BEAUTY,2217668.jpg,2217668,2,0,NA
2217666_2,2023-01-04 16:15:18.087586,BEAUTY,2217666.jpg,2217666,2,0,NA
2300459_2,2023-01-04 11:56:13.095338,CLO,2300459.jpg,2300459,2,0,NA
2300458_2,2023-01-04 11:50:34.862310,CLO,2300458.jpg,2300458,2,0,NA
2300457_2,2023-01-04 11:39:54.067964,CLO,2300457.jpg,2300457,2,0,NA
2300454_2,2023-01-03 22:35:35.468395,CLO,2300454.JPG,2300454,2,0,NA
0_0,2023-01-03 13:38:48.556000,Ropa,Thumbs.db,0,0,0,ROPA
0_0,2023-01-03 13:26:40.082000,SANDALIA,Thumbs.db,0,0,0,NA
2300450_2,2022-12-29 10:32:09.218454,CLO,2300450.jpg,2300450,2,0,NA
2300449_2,2022-12-29 10:32:00.215463,CLO,2300449.jpg,2300449,2,0,NA
2300448_2,2022-12-29 10:31:50.931047,CLO,2300448.jpg,2300448,2,0,NA
2300447_2,2022-12-29 10:31:42.149665,CLO,2300447.jpg,2300447,2,0,NA
2300446_2,2022-12-29 10:31:32.698967,CLO,2300446.jpg,2300446,2,0,NA
2300445_2,2022-12-29 10:24:42.964001,CLO,2300445.jpg,2300445,2,0,NA
2300445_2,2022-12-29 10:24:42.964001,Print,2300445.jpg,2300445,2,0,NA
2300444_2,2022-12-29 10:22:28.035102,CLO,2300444.jpg,2300444,2,0,NA
2300443_2,2022-12-29 10:21:15.866877,CLO,2300443.jpg,2300443,2,0,NA
0_0,2022-12-25 15:19:13.787577,Disco local (C) - Acceso directo.ln,I:Disco local (C) - Acceso directo.lnk,0,0,0,ACCESORIOS
2300388_2,2022-12-23 15:35:25.242809,SHO,2300388.jpg,2300388,2,0,NA
2300387_2,2022-12-23 15:25:47.026837,SHO,2300387.jpg,2300387,2,0,NA
2300386_2,2022-12-23 15:21:26.651572,SHO,2300386.jpg,2300386,2,0,NA
2300372_2,2022-12-23 10:46:32.621418,CLO,2300372.jpg,2300372,2,0,NA
2300371_2,2022-12-23 10:46:20.185042,CLO,2300371.jpg,2300371,2,0,NA
2300370_2,2022-12-23 10:42:48.125192,CLO,2300370.jpg,2300370,2,0,NA
2300369_2,2022-12-23 10:41:16.242440,CLO,2300369.jpg,2300369,2,0,NA
2300346_2,2022-12-22 17:34:47.798750,CLO,2300346.JPG,2300346,2,0,NA
2300123_2,2022-12-21 09:05:55.573888,Ropa,2300123.jpg,2300123,2,0,ROPA
2300122_2,2022-12-21 09:05:04.789924,Ropa,2300122.jpg,2300122,2,0,ROPA
2300121_2,2022-12-21 09:04:53.867451,Ropa,2300121.jpg,2300121,2,0,ROPA
2300120_2,2022-12-21 09:04:41.257404,Ropa,2300120.jpg,2300120,2,0,ROPA
2300119_2,2022-12-21 09:04:31.756930,Ropa,2300119.jpg,2300119,2,0,ROPA
2300118_2,2022-12-21 09:04:20.115659,Ropa,2300118.jpg,2300118,2,0,ROPA
2300117_2,2022-12-21 09:04:06.193041,Ropa,2300117.jpg,2300117,2,0,ROPA
2300116_2,2022-12-21 09:03:53.989259,Ropa,2300116.jpg,2300116,2,0,ROPA
2300115_2,2022-12-21 09:03:39.488484,Ropa,2300115.jpg,2300115,2,0,ROPA
2300114_2,2022-12-21 09:03:27.033772,Ropa,2300114.jpg,2300114,2,0,ROPA
2300113_2,2022-12-21 09:03:15.797695,Ropa,2300113.jpg,2300113,2,0,ROPA
2300111_2,2022-12-21 09:03:03.155179,Ropa,2300111.jpg,2300111,2,0,ROPA
2300110_2,2022-12-21 09:02:51.559696,Ropa,2300110.jpg,2300110,2,0,ROPA
2300109_2,2022-12-21 09:02:39.182842,Ropa,2300109.jpg,2300109,2,0,ROPA
2300108_2,2022-12-21 09:02:25.868345,Ropa,2300108.jpg,2300108,2,0,ROPA
2300021_2,2022-12-21 09:02:14.460406,Ropa,2300021.jpg,2300021,2,0,ROPA
2300107_2,2022-12-21 09:01:57.082810,Ropa,2300107.jpg,2300107,2,0,ROPA
2300103_2,2022-12-21 09:01:39.627046,Ropa,2300103.jpg,2300103,2,0,ROPA
2300101_2,2022-12-21 09:01:29.953720,Ropa,2300101.jpg,2300101,2,0,ROPA
2300099_2,2022-12-21 09:01:16.842392,Ropa,2300099.jpg,2300099,2,0,ROPA
2300106_2,2022-12-21 09:01:03.121568,Ropa,2300106.jpg,2300106,2,0,ROPA
2300105_2,2022-12-21 09:00:43.946828,Ropa,2300105.jpg,2300105,2,0,ROPA
2300098_2,2022-12-21 08:59:27.466624,Ropa,2300098.jpg,2300098,2,0,ROPA
2300095_2,2022-12-21 08:59:15.761744,Ropa,2300095.jpg,2300095,2,0,ROPA
2300094_2,2022-12-21 08:59:00.290679,Ropa,2300094.jpg,2300094,2,0,ROPA
2300112_2,2022-12-21 08:58:47.132643,Ropa,2300112.jpg,2300112,2,0,ROPA
2300093_2,2022-12-21 08:58:35.302815,Ropa,2300093.jpg,2300093,2,0,ROPA
2300092_2,2022-12-21 08:56:17.147087,Ropa,2300092.jpg,2300092,2,0,ROPA
2300091_2,2022-12-21 08:55:58.006524,Ropa,2300091.jpg,2300091,2,0,ROPA
2300089_2,2022-12-21 08:55:40.506607,Ropa,2300089.jpg,2300089,2,0,ROPA
2300298_2,2022-12-20 12:45:56.993817,CLO,2300298.jpg,2300298,2,0,NA
2300299_2,2022-12-20 12:21:44.918019,CLO,2300299.jfif,2300299,2,0,NA
2300292_2,2022-12-20 11:14:32.860245,CLO,2300292.jpg,2300292,2,0,NA
2300290_2,2022-12-20 11:14:25.516432,CLO,2300290.jpg,2300290,2,0,NA
2218666_2,2022-12-20 11:14:17.078849,CLO,2218666.jpg,2218666,2,0,NA
2218664_2,2022-12-20 11:14:09.500674,CLO,2218664.jpg,2218664,2,0,NA
2100136_2,2022-12-19 12:57:37.673298,BEAUTY,2100136.jpg,2100136,2,0,NA
2300297_2,2022-12-19 09:36:54.141057,CLO,2300297.jfif,2300297,2,0,NA
2300296_2,2022-12-19 09:36:10.437833,CLO,2300296.jfif,2300296,2,0,NA
2300295_2,2022-12-19 09:36:03.094073,CLO,2300295.jfif,2300295,2,0,NA
2300305_2,2022-12-19 09:31:07.593429,CLO,2300305.jpg,2300305,2,0,NA
2300304_2,2022-12-19 09:30:16.421422,CLO,2300304.jpg,2300304,2,0,NA
2300303_2,2022-12-19 09:30:02.218259,CLO,2300303.jpg,2300303,2,0,NA
2300302_2,2022-12-19 09:29:54.968265,CLO,2300302.jpg,2300302,2,0,NA
2300301_2,2022-12-19 09:26:03.327098,CLO,2300301.jpg,2300301,2,0,NA
2300300_2,2022-12-19 09:25:27.608281,CLO,2300300.jpg,2300300,2,0,NA
2216663_2,2022-12-16 12:18:11.365325,CLO,2216663.jpg,2216663,2,0,NA
2300221_2,2022-12-16 08:18:19.338325,CLO,2300221.jpg,2300221,2,0,NA
2300218_2,2022-12-16 08:18:06.010094,CLO,2300218.jpg,2300218,2,0,NA
2300214_2,2022-12-15 11:50:27.273652,CLO,2300214.jpg,2300214,2,0,NA
2300243_2,2022-12-15 11:50:25.211141,CLO,2300243.jpg,2300243,2,0,NA
2300240_2,2022-12-15 11:50:19.492383,CLO,2300240.jpg,2300240,2,0,NA
2300247_2,2022-12-15 11:50:18.211127,CLO,2300247.jpg,2300247,2,0,NA
2300212_2,2022-12-15 11:50:01.898588,CLO,2300212.jpg,2300212,2,0,NA
2300222_2,2022-12-15 11:49:53.304829,CLO,2300222.jpg,2300222,2,0,NA
2300216_2,2022-12-15 11:35:41.052923,CLO,2300216.jpg,2300216,2,0,NA
2300215_2,2022-12-15 11:35:31.912276,CLO,2300215.jpg,2300215,2,0,NA
2300204_2,2022-12-15 11:35:25.137478,CLO,2300204.jpg,2300204,2,0,NA
2300203_2,2022-12-15 11:35:15.746546,CLO,2300203.jpg,2300203,2,0,NA
2300217_2,2022-12-15 11:35:06.615356,CLO,2300217.jpg,2300217,2,0,NA
2300202_2,2022-12-15 11:35:03.062519,CLO,2300202.jpg,2300202,2,0,NA
2300201_2,2022-12-15 11:34:52.968303,CLO,2300201.jpg,2300201,2,0,NA
2300248_2,2022-12-15 11:34:48.115306,CLO,2300248.jpg,2300248,2,0,NA
2300279_2,2022-12-15 11:34:28.162042,CLO,2300279.jpg,2300279,2,0,NA
2300200_2,2022-12-15 11:34:16.632573,CLO,2300200.jpg,2300200,2,0,NA
2300223_2,2022-12-15 11:33:33.099641,CLO,2300223.jpg,2300223,2,0,NA
2300220_2,2022-12-15 11:33:24.287007,CLO,2300220.jpg,2300220,2,0,NA
2300238_2,2022-12-15 11:33:07.099440,CLO,2300238.jpg,2300238,2,0,NA
2300210_2,2022-12-14 13:05:19.533108,CLO,2300210.jpg,2300210,2,0,NA
2300211_2,2022-12-14 13:05:09.423319,CLO,2300211.jpg,2300211,2,0,NA
2300206_2,2022-12-14 13:04:27.781704,CLO,2300206.jpg,2300206,2,0,NA
2300257_2,2022-12-14 12:54:59.622773,CLO,2300257.jpg,2300257,2,0,NA
2300209_2,2022-12-14 12:54:38.310447,CLO,2300209.jpg,2300209,2,0,NA
2300208_2,2022-12-14 12:54:27.513313,CLO,2300208.jpg,2300208,2,0,NA
2300205_2,2022-12-14 12:54:17.497656,CLO,2300205.jpg,2300205,2,0,NA
2300207_2,2022-12-14 12:54:07.044508,CLO,2300207.jpg,2300207,2,0,NA
2300241_2,2022-12-12 16:27:04.750479,CLO,2300241.jpg,2300241,2,0,NA
2300174_2,2022-12-12 16:26:30.984772,CLO,2300174.jpg,2300174,2,0,NA
2300030_2,2022-12-09 13:04:43.673576,CLO,2300030.jpg,2300030,2,0,NA
0_0,2022-12-09 12:00:11.524770,IT\Instalacion,Dell Latitude 3440 Laptop Dell Wireless 1705 802.11b g n BT Driver for windows 10.EXE,0,0,0,NA
2300129_2,2022-12-08 18:44:45.471028,CLO,2300129.jpeg,2300129,2,0,NA
2300219_2,2022-12-08 18:44:08.033410,CLO,2300219.jpeg,2300219,2,0,NA
2300053_2,2022-12-08 18:44:05.424032,CLO,2300053.jpeg,2300053,2,0,NA
2300015_2,2022-12-08 18:43:10.267147,CLO,2300015.jpeg,2300015,2,0,NA
2300213_2,2022-12-08 18:42:59.656770,CLO,2300213.jpeg,2300213,2,0,NA
2300022_2,2022-12-08 18:42:37.302149,CLO,2300022.jpeg,2300022,2,0,NA
2218681_2,2022-12-08 17:35:10.520958,CLO,2218681.PNG,2218681,2,0,NA
2218679_2,2022-12-08 17:34:37.849006,CLO,2218679.PNG,2218679,2,0,NA
0_0,2022-12-08 13:49:21.493299,IT\AV\Bitdefender viersión en inglés,epskit_x64.exe,0,0,0,NA
0_0,2022-12-08 13:49:14.770034,IT\AV\Bitdefender viersión en inglés,installer.xml,0,0,0,NA
2300033_2,2022-12-08 10:33:23.733183,CLO,2300033.png,2300033,2,0,NA
2300031_2,2022-12-08 10:33:17.711955,CLO,2300031.png,2300031,2,0,NA
2300027_2,2022-12-08 10:33:09.513405,CLO,2300027.png,2300027,2,0,NA
2300023_2,2022-12-08 10:33:01.593078,CLO,2300023.png,2300023,2,0,NA
2300020_2,2022-12-08 10:32:43.956497,CLO,2300020.png,2300020,2,0,NA
2300017_2,2022-12-08 10:32:29.017852,CLO,2300017.png,2300017,2,0,NA
2300014_2,2022-12-08 10:32:11.656271,CLO,2300014.png,2300014,2,0,NA
2300059_2,2022-12-08 10:28:51.919392,CLO,2300059.jpg,2300059,2,0,NA
2300177_2,2022-12-08 10:18:25.245843,CLO,2300177.jpg,2300177,2,0,NA
2300179_2,2022-12-08 09:40:21.395979,CLO,2300179.jpg,2300179,2,0,NA
2300178_2,2022-12-08 09:38:53.442674,CLO,2300178.jpg,2300178,2,0,NA
2300176_2,2022-12-08 09:38:05.255027,CLO,2300176.jpg,2300176,2,0,NA
2300175_2,2022-12-08 09:32:32.894907,CLO,2300175.jpg,2300175,2,0,NA
2300125_2,2022-12-08 09:29:26.097627,CLO,2300125.jpg,2300125,2,0,NA
2300067_2,2022-12-08 09:29:08.191349,CLO,2300067.jpg,2300067,2,0,NA
2300064_2,2022-12-08 09:29:00.006246,CLO,2300064.jpg,2300064,2,0,NA
2300180_2,2022-12-08 09:28:45.316280,CLO,2300180.jpg,2300180,2,0,NA
2218678_2,2022-12-08 08:48:25.339167,CLO,2218678.jpg,2218678,2,0,NA
2300025_2,2022-12-08 08:35:15.321769,CLO,2300025.jpg,2300025,2,0,NA
2300016_2,2022-12-08 08:29:27.383499,CLO,2300016.jpg,2300016,2,0,NA
2300032_2,2022-12-08 08:28:57.524054,CLO,2300032.jpg,2300032,2,0,NA
2217253_2,2022-12-07 15:47:42.525782,CLO,2217253.jpg,2217253,2,0,NA
2218260_2,2022-12-07 15:47:17.681976,CLO,2218260.jpg,2218260,2,0,NA
2218259_2,2022-12-07 15:47:02.869799,CLO,2218259.jpg,2218259,2,0,NA
2217252_2,2022-12-07 15:46:49.931955,CLO,2217252.jpg,2217252,2,0,NA
2217251_2,2022-12-07 15:46:35.353849,CLO,2217251.jpg,2217251,2,0,NA
2217250_2,2022-12-07 15:46:24.869375,CLO,2217250.jpg,2217250,2,0,NA
2217249_2,2022-12-07 15:46:12.853798,CLO,2217249.jpg,2217249,2,0,NA
2217248_2,2022-12-07 15:45:59.478720,CLO,2217248.jpg,2217248,2,0,NA
2217247_2,2022-12-07 15:45:48.166151,CLO,2217247.jpg,2217247,2,0,NA
2218569_2,2022-12-07 15:45:24.384865,CLO,2218569.jpg,2218569,2,0,NA
2218566_2,2022-12-07 15:45:11.650453,CLO,2218566.jpg,2218566,2,0,NA
2218046_2,2022-12-07 15:45:00.087927,CLO,2218046.jpg,2218046,2,0,NA
2218044_2,2022-12-07 15:44:46.369152,CLO,2218044.jpg,2218044,2,0,NA
2218041_2,2022-12-07 15:44:33.603498,CLO,2218041.jpg,2218041,2,0,NA
2217863_2,2022-12-07 15:44:20.822226,CLO,2217863.jpg,2217863,2,0,NA
2217863_2,2022-12-07 15:44:07.072196,CLO,2217863.png,2217863,2,0,NA
0_0,2022-12-07 13:11:04.434999,Shasa (S) - Acceso directo.ln,I:Shasa (S) - Acceso directo.lnk,0,0,0,ACCESORIOS
2300019_2,2022-12-07 12:48:29.901772,CLO,2300019.jpg,2300019,2,0,NA
2300037_2,2022-12-07 12:47:55.589175,CLO,2300037.jpg,2300037,2,0,NA
2300028_2,2022-12-07 12:47:47.964169,CLO,2300028.jpg,2300028,2,0,NA
2300013_2,2022-12-07 12:47:42.667282,CLO,2300013.jpg,2300013,2,0,NA
2300040_2,2022-12-07 12:47:20.682914,CLO,2300040.jpg,2300040,2,0,NA
2300038_2,2022-12-07 12:47:13.792222,CLO,2300038.jpg,2300038,2,0,NA
0_0,2022-12-02 15:08:32.612140,IT,Jet Basics Setup.exe,0,0,0,NA
2218574_2,2022-12-02 13:03:33.776209,CLO,2218574.jpg,2218574,2,0,NA
2218584_2,2022-12-02 13:03:20.446620,CLO,2218584.jpg,2218584,2,0,NA
2218570_2,2022-12-02 13:03:09.257862,CLO,2218570.jpg,2218570,2,0,NA
2218571_2,2022-12-02 13:02:58.100402,CLO,2218571.jpg,2218571,2,0,NA
2218593_2,2022-12-02 13:02:43.348716,CLO,2218593.jpg,2218593,2,0,NA
2218576_2,2022-12-02 13:02:02.703593,CLO,2218576.jpg,2218576,2,0,NA
2218581_2,2022-12-02 13:01:31.200081,CLO,2218581.jpg,2218581,2,0,NA
2218572_2,2022-12-02 13:01:20.573912,CLO,2218572.jpg,2218572,2,0,NA
2218589_2,2022-12-02 13:01:11.229113,CLO,2218589.jpg,2218589,2,0,NA
2218583_2,2022-12-02 13:01:00.917986,CLO,2218583.jpg,2218583,2,0,NA
2218582_2,2022-12-02 13:00:50.398782,CLO,2218582.jpg,2218582,2,0,NA
2218578_2,2022-12-02 13:00:41.569568,CLO,2218578.jpg,2218578,2,0,NA
2218580_2,2022-12-02 13:00:22.489335,CLO,2218580.jpg,2218580,2,0,NA
2218592_2,2022-12-02 12:59:44.641372,CLO,2218592.jpg,2218592,2,0,NA
2218585_2,2022-12-02 12:59:35.405967,CLO,2218585.jpg,2218585,2,0,NA
2218591_2,2022-12-02 12:59:12.075251,CLO,2218590      2218591.jpg,2218591,2,0,NA
2218577_2,2022-12-02 12:58:47.167331,CLO,2218577.jpg,2218577,2,0,NA
2218586_2,2022-12-02 12:58:37.167329,CLO,2218586.jpg,2218586,2,0,NA
2218575_2,2022-12-02 12:58:25.807886,CLO,2218575.jpg,2218575,2,0,NA
2218579_2,2022-12-02 12:58:10.323491,CLO,2218579.jpg,2218579,2,0,NA
2218553_2,2022-12-02 10:48:22.600539,CLO,2218553.jpg,2218553,2,0,NA
2218530_2,2022-12-01 17:56:50.756769,CLO,2218530.jpg,2218530,2,0,NA
2218568_2,2022-12-01 17:54:51.553286,CLO,2218568.jpg,2218568,2,0,NA
2218532_2,2022-12-01 12:18:54.450710,CLO,2218532.jpg,2218532,2,0,NA
2218499_2,2022-12-01 12:00:30.348020,CLO,2218499.jpg,2218499,2,0,NA
2218493_2,2022-12-01 11:10:24.090113,CLO,2218493.jpg,2218493,2,0,NA
2218494_2,2022-12-01 11:07:53.796541,CLO,2218494.jpg,2218494,2,0,NA
2214515_2,2022-11-30 12:00:19.212558,CLO,2214515.jpg,2214515,2,0,NA
1043432_1,2022-11-30 11:59:01.172338,CLO,1043432.jpg,1043432,1,0,NA
2218509_2,2022-11-30 11:57:45.091583,CLO,2218509.jpg,2218509,2,0,NA
2218552_2,2022-11-30 11:57:14.779016,CLO,2218551 y 2218552.jpg,2218552,2,0,NA
2218533_2,2022-11-30 11:52:53.872191,CLO,2218533.jpg,2218533,2,0,NA
2300258_2,2022-11-30 11:52:17.715851,CLO,2300258.jpg,2300258,2,0,NA
2300259_2,2022-11-30 11:52:08.418953,CLO,2300259.jpg,2300259,2,0,NA
2300039_2,2022-11-30 11:50:58.747170,CLO,2300039.jpg,2300039,2,0,NA
2300042_2,2022-11-30 11:50:52.700025,CLO,2300042.jpg,2300042,2,0,NA
2300036_2,2022-11-30 11:50:46.825044,CLO,2300036.jpg,2300036,2,0,NA
2300034_2,2022-11-30 11:50:39.903718,CLO,2300034.jpg,2300034,2,0,NA
2300029_2,2022-11-30 11:50:33.903131,CLO,2300029.jpg,2300029,2,0,NA
2218236_2,2022-11-24 15:21:40.713959,CLO,2218236.png,2218236,2,0,NA
2218235_2,2022-11-24 15:21:28.758289,CLO,2218235.png,2218235,2,0,NA
2218233_2,2022-11-24 15:21:18.199724,CLO,2218233.png,2218233,2,0,NA
2218232_2,2022-11-24 15:21:08.112010,CLO,2218232.png,2218232,2,0,NA
2218231_2,2022-11-24 15:20:57.331458,CLO,2218231.png,2218231,2,0,NA
2218230_2,2022-11-24 15:20:48.119404,CLO,2218230.png,2218230,2,0,NA
2218229_2,2022-11-24 15:20:36.789759,CLO,2218229.png,2218229,2,0,NA
2218228_2,2022-11-24 15:20:30.878011,CLO,2218228.png,2218228,2,0,NA
2218210_2,2022-11-24 08:47:24.166869,CLO,2218210.jpg,2218210,2,0,NA
2218205_2,2022-11-23 17:23:47.090590,CLO,2218205.jpg,2218205,2,0,NA
0_2,2022-11-23 13:28:13.035717,CLO,221855.jpg,0,2,0,NA
2218199_2,2022-11-23 13:27:56.098185,CLO,2218199.jpg,2218199,2,0,NA
2218201_2,2022-11-23 13:27:50.863789,CLO,2218201.jpg,2218201,2,0,NA
2218198_2,2022-11-23 13:27:32.176239,CLO,2218198.jpg,2218198,2,0,NA
2218195_2,2022-11-23 13:27:01.941818,CLO,2218195.jpg,2218195,2,0,NA
0_0,2022-11-22 11:08:59.188000,Thumbs.d,I:Thumbs.db,0,0,0,NA
2218083_2,2022-11-21 00:27:50.559654,CLO,2218083.jpg,2218083,2,0,NA
2218081_2,2022-11-21 00:16:42.166683,CLO,2218081.jpg,2218081,2,0,NA
2218080_2,2022-11-21 00:10:00.083608,CLO,2218080.jpg,2218080,2,0,NA
2218079_2,2022-11-21 00:04:33.337863,CLO,2218079.jpg,2218079,2,0,NA
2218077_2,2022-11-21 00:03:37.460239,CLO,2218077.jpg,2218077,2,0,NA
2218078_2,2022-11-21 00:03:14.723486,CLO,2218078.jpg,2218078,2,0,NA
2217955_2,2022-11-17 13:53:50.409906,CLO,2217955.jpg,2217955,2,0,NA
2217894_2,2022-11-17 11:54:52.467880,CLO,2217894.jpg,2217894,2,0,NA
2217893_2,2022-11-17 11:46:13.232270,CLO,2217893.jpg,2217893,2,0,NA
2217892_2,2022-11-17 10:45:22.437292,CLO,2217892.png,2217892,2,0,NA
2217891_2,2022-11-17 10:45:06.757683,CLO,2217891.png,2217891,2,0,NA
2217890_2,2022-11-17 10:44:52.389813,CLO,2217890.png,2217890,2,0,NA
2217889_2,2022-11-17 10:44:34.316897,CLO,2217889.png,2217889,2,0,NA
2217888_2,2022-11-17 10:43:37.815977,CLO,2217888.png,2217888,2,0,NA
2217887_2,2022-11-17 10:43:26.951139,CLO,2217887.png,2217887,2,0,NA
2217885_2,2022-11-17 10:43:11.012885,CLO,2217885.png,2217885,2,0,NA
2217884_2,2022-11-17 10:43:03.097883,CLO,2217884.png,2217884,2,0,NA
2218036_2,2022-11-17 08:22:01.027234,CLO,2218036.jpg,2218036,2,0,NA
2218042_2,2022-11-17 08:21:32.511545,CLO,2218042.jpg,2218042,2,0,NA
2218035_2,2022-11-17 08:17:46.401458,CLO,2218035.jpg,2218035,2,0,NA
2218034_2,2022-11-17 08:17:24.245013,CLO,2218034.jpg,2218034,2,0,NA
2218039_2,2022-11-17 08:17:14.276181,CLO,2218039.jpg,2218039,2,0,NA
2218032_2,2022-11-17 08:17:04.776093,CLO,2218032.jpg,2218032,2,0,NA
2217998_2,2022-11-16 18:54:01.235520,CLO,2217998.jpeg,2217998,2,0,NA
2217999_2,2022-11-16 18:52:05.297761,CLO,2217999.jpeg,2217999,2,0,NA
2217994_2,2022-11-16 18:51:05.657003,CLO,2217994.jpeg,2217994,2,0,NA
2217992_2,2022-11-16 18:50:41.453827,CLO,2217992.jpeg,2217992,2,0,NA
2218048_2,2022-11-16 18:36:18.848295,CLO,2218048.jpeg,2218048,2,0,NA
2218050_2,2022-11-16 18:36:15.618666,CLO,2218050.jpeg,2218050,2,0,NA
2217914_2,2022-11-16 18:36:09.582901,CLO,2217914.jpeg,2217914,2,0,NA
2218051_2,2022-11-16 18:36:07.868459,CLO,2218051.jpeg,2218051,2,0,NA
2218025_2,2022-11-16 18:35:59.445858,CLO,2218025.jpeg,2218025,2,0,NA
2218019_2,2022-11-16 18:35:57.631622,CLO,2218019.jpeg,2218019,2,0,NA
2217993_2,2022-11-16 18:35:48.175687,CLO,2217993.jpeg,2217993,2,0,NA
2218000_2,2022-11-16 18:35:40.875158,CLO,2218000.jpeg,2218000,2,0,NA
0_2,2022-11-16 18:35:37.451835,CLO,221796.jpeg,0,2,0,NA
2217990_2,2022-11-16 18:35:36.657794,CLO,2217990.jpeg,2217990,2,0,NA
2218040_2,2022-11-16 14:32:30.506758,CLO,2218040.jpg,2218040,2,0,NA
2217832_2,2022-11-16 11:58:29.834418,CLO,2217832.png,2217832,2,0,NA
2217820_2,2022-11-15 16:39:10.472461,SHO,2217820.jpg,2217820,2,0,NA
2217819_2,2022-11-15 16:38:58.769321,SHO,2217819.jpg,2217819,2,0,NA
2217818_2,2022-11-15 16:38:20.175478,SHO,2217818.jpg,2217818,2,0,NA
2217817_2,2022-11-15 16:35:37.206383,SHO,2217817.jpg,2217817,2,0,NA
2217816_2,2022-11-15 16:32:48.362233,SHO,2217816.jpg,2217816,2,0,NA
2217815_2,2022-11-15 16:27:48.314700,SHO,2217815.jpg,2217815,2,0,NA
2217814_2,2022-11-15 16:21:56.985772,SHO,2217814.jpg,2217814,2,0,NA
2217813_2,2022-11-15 16:19:19.001068,SHO,2217813.jpg,2217813,2,0,NA
2217812_2,2022-11-15 16:16:39.796685,SHO,2217812.jpg,2217812,2,0,NA
2217811_2,2022-11-15 16:13:39.498248,SHO,2217811.png,2217811,2,0,NA
2217808_2,2022-11-15 16:10:14.635799,SHO,2217808.jpg,2217808,2,0,NA
2217796_2,2022-11-15 12:20:42.866865,CLO,2217796.jpg,2217796,2,0,NA
2217692_2,2022-11-14 12:16:55.401310,CLO,2217692.png,2217692,2,0,NA
2217675_2,2022-11-14 09:35:08.144006,SHO,2217675.jpg,2217675,2,0,NA
2217598_2,2022-11-11 13:05:36.128248,CLO,2217598.JPG,2217598,2,0,NA
2217590_2,2022-11-11 11:34:37.943801,CLO,2217590.jpg,2217590,2,0,NA
2217586_2,2022-11-11 11:33:11.484994,CLO,2217586.jpg,2217586,2,0,NA
2217580_2,2022-11-11 11:30:15.935766,CLO,2217580.jpg,2217580,2,0,NA
2217584_2,2022-11-11 11:29:36.001352,CLO,2217584.jpg,2217584,2,0,NA
2217581_2,2022-11-11 11:29:18.422390,CLO,2217581.jpg,2217581,2,0,NA
2217545_2,2022-11-11 11:18:02.697872,CLO,2217545.jpg,2217545,2,0,NA
2217537_2,2022-11-11 11:08:46.625556,CLO,2217537.jpg,2217537,2,0,NA
2217576_2,2022-11-11 10:46:15.714090,CLO,2217576.png,2217576,2,0,NA
2217567_2,2022-11-11 10:45:59.891288,CLO,2217567.png,2217567,2,0,NA
2217571_2,2022-11-11 10:45:46.860601,CLO,2217571.png,2217571,2,0,NA
2217510_2,2022-11-11 08:51:36.334911,CLO,2217510.jfif,2217510,2,0,NA
2217502_2,2022-11-11 08:15:16.459740,CLO,2217502.jpg,2217502,2,0,NA
2217617_2,2022-11-10 16:08:20.104462,CLO,2217617.jpg,2217617,2,0,NA
2217531_2,2022-11-10 16:08:11.041862,CLO,2217531.jpg,2217531,2,0,NA
2217517_2,2022-11-10 13:03:14.450492,CLO,2217517.jpg,2217517,2,0,NA
2217521_2,2022-11-10 13:02:25.045420,CLO,2217521.jpg,2217521,2,0,NA
2217628_2,2022-11-10 13:02:09.639500,CLO,2217628.jpg,2217628,2,0,NA
2217378_2,2022-11-10 13:02:01.436547,CLO,2217378.jpg,2217378,2,0,NA
2217371_2,2022-11-10 13:01:53.905483,CLO,2217371.jpg,2217371,2,0,NA
2217355_2,2022-11-10 13:01:18.125051,CLO,2217355.jpg,2217355,2,0,NA
2217356_2,2022-11-10 13:01:01.734854,CLO,2217356.jpg,2217356,2,0,NA
2217354_2,2022-11-10 13:00:53.875634,CLO,2217354.jpg,2217354,2,0,NA
2217373_2,2022-11-10 13:00:47.094568,CLO,2217373.jpg,2217373,2,0,NA
2217376_2,2022-11-10 13:00:40.860302,CLO,2217376.jpg,2217376,2,0,NA
2217592_2,2022-11-10 13:00:33.079235,CLO,2217592.jpg,2217592,2,0,NA
2217369_2,2022-11-10 13:00:25.579415,CLO,2217369.jpg,2217369,2,0,NA
2217618_2,2022-11-10 13:00:16.626490,CLO,2217618.jpg,2217618,2,0,NA
2217525_2,2022-11-10 13:00:08.111047,CLO,2217525.jpg,2217525,2,0,NA
2217623_2,2022-11-10 12:59:59.017519,CLO,2217623.jpg,2217623,2,0,NA
2217587_2,2022-11-10 12:59:38.799246,CLO,2217587.jpg,2217587,2,0,NA
2217583_2,2022-11-10 12:59:30.127587,CLO,2217583.jpg,2217583,2,0,NA
2217367_2,2022-11-09 13:56:57.766517,CLO,2217367.jpg,2217367,2,0,NA
2217357_2,2022-11-09 13:55:24.155144,CLO,2217357.jpg,2217357,2,0,NA
0_0,2022-11-09 13:39:27.858530,IT,rufus-3.20.exe,0,0,0,NA
2217532_2,2022-11-09 12:56:55.241195,CLO,2217532.jpg,2217532,2,0,NA
2217530_2,2022-11-09 12:56:49.350449,CLO,2217530.jpg,2217530,2,0,NA
2217527_2,2022-11-09 12:56:43.647202,CLO,2217527.jpg,2217527,2,0,NA
2217526_2,2022-11-09 12:55:19.582865,CLO,2217526.jpg,2217526,2,0,NA
2215065_2,2022-11-09 10:47:26.599725,ACC,2215065.jpg,2215065,2,0,NA
2215062_2,2022-11-09 10:47:25.818449,ACC,2215062.jpg,2215062,2,0,NA
2215061_2,2022-11-09 10:47:25.255950,ACC,2215061.jpg,2215061,2,0,NA
2215059_2,2022-11-09 10:47:24.709056,ACC,2215059.jpg,2215059,2,0,NA
2215056_2,2022-11-09 10:47:24.130922,ACC,2215056.jpg,2215056,2,0,NA
2215054_2,2022-11-09 10:47:23.146503,ACC,2215054.jpg,2215054,2,0,NA
2215434_2,2022-11-09 10:47:22.052757,SHO,2215434.jpg,2215434,2,0,NA
2214771_2,2022-11-09 10:47:20.334043,SHO,2214771.jpg,2214771,2,0,NA
2215658_2,2022-11-09 10:47:19.599669,SHO,2215658.jpg,2215658,2,0,NA
2214772_2,2022-11-09 10:47:13.943201,SHO,2214772.jpg,2214772,2,0,NA
2213029_2,2022-11-09 10:47:12.724413,SHO,2213029.jpg,2213029,2,0,NA
2213028_2,2022-11-09 10:47:11.505654,SHO,2213028.jpg,2213028,2,0,NA
2213027_2,2022-11-09 10:47:10.318125,SHO,2213027.jpg,2213027,2,0,NA
2213026_2,2022-11-09 10:47:09.193102,SHO,2213026.jpg,2213026,2,0,NA
2210686_2,2022-11-09 10:47:05.302450,SHO,2210686.jpg,2210686,2,0,NA
2215343_2,2022-11-09 10:47:04.427412,CLO,2215343.jpg,2215343,2,0,NA
2215342_2,2022-11-09 10:46:55.177193,CLO,2215342.jpg,2215342,2,0,NA
2215105_2,2022-11-09 10:46:45.520719,CLO,2215105.jpg,2215105,2,0,NA
2215104_2,2022-11-09 10:46:37.848677,CLO,2215104.jpg,2215104,2,0,NA
2214770_2,2022-11-09 10:46:32.864190,CLO,2214770.jpg,2214770,2,0,NA
2214769_2,2022-11-09 10:46:28.254728,CLO,2214769.jpg,2214769,2,0,NA
2214761_2,2022-11-09 10:46:22.488994,CLO,2214761.jpg,2214761,2,0,NA
2214760_2,2022-11-09 10:46:15.082570,CLO,2214760.jpg,2214760,2,0,NA
2214752_2,2022-11-09 10:46:05.754241,CLO,2214752.jpg,2214752,2,0,NA
2214748_2,2022-11-09 10:45:57.488428,CLO,2214748.jpg,2214748,2,0,NA
2214746_2,2022-11-09 10:45:50.097650,CLO,2214746.jpg,2214746,2,0,NA
2214745_2,2022-11-09 10:45:39.347408,CLO,2214745.jpg,2214745,2,0,NA
2214740_2,2022-11-09 10:45:32.316016,CLO,2214740.jpg,2214740,2,0,NA
2214691_2,2022-11-09 10:45:19.831367,CLO,2214691.jpg,2214691,2,0,NA
2214637_2,2022-11-09 10:45:13.473199,CLO,2214637.jpg,2214637,2,0,NA
2214634_2,2022-11-09 10:45:06.174895,CLO,2214634.jpg,2214634,2,0,NA
2214631_2,2022-11-09 10:44:58.909037,CLO,2214631.jpg,2214631,2,0,NA
2214559_2,2022-11-09 10:44:55.299608,CLO,2214559.jpg,2214559,2,0,NA
2214558_2,2022-11-09 10:44:39.314876,CLO,2214558.jpg,2214558,2,0,NA
2213997_2,2022-11-09 10:44:19.471167,CLO,2213997.jpg,2213997,2,0,NA
2213996_2,2022-11-09 10:44:10.517363,CLO,2213996.jpg,2213996,2,0,NA
2213995_2,2022-11-09 10:44:03.610949,CLO,2213995.jpg,2213995,2,0,NA
2213993_2,2022-11-09 10:43:59.798392,CLO,2213993.jpg,2213993,2,0,NA
2213992_2,2022-11-09 10:43:57.032720,CLO,2213992.jpg,2213992,2,0,NA
2213991_2,2022-11-09 10:43:53.985753,CLO,2213991.jpg,2213991,2,0,NA
2213863_2,2022-11-09 10:43:49.126295,CLO,2213863.jpg,2213863,2,0,NA
2213861_2,2022-11-09 10:43:42.923041,CLO,2213861.jpg,2213861,2,0,NA
2206776_2,2022-11-09 10:43:31.422776,CLO,2206776.jpg,2206776,2,0,NA
2216280_2,2022-11-09 10:43:25.875776,CLO,2216280.jpg,2216280,2,0,NA
2216058_2,2022-11-09 10:43:15.781818,CLO,2216058.jpg,2216058,2,0,NA
2215961_2,2022-11-09 10:42:51.718789,CLO,2215961.jpg,2215961,2,0,NA
2215837_2,2022-11-09 10:42:26.343242,CLO,2215837.jpg,2215837,2,0,NA
2215828_2,2022-11-09 10:42:21.077509,CLO,2215828.jpg,2215828,2,0,NA
2215819_2,2022-11-09 10:42:14.467988,CLO,2215819.jpg,2215819,2,0,NA
2215812_2,2022-11-09 10:42:10.061722,CLO,2215812.jpg,2215812,2,0,NA
2215810_2,2022-11-09 10:42:05.295930,CLO,2215810.jpg,2215810,2,0,NA
2215799_2,2022-11-09 10:42:00.373951,CLO,2215799.jpg,2215799,2,0,NA
2215794_2,2022-11-09 10:41:55.170696,CLO,2215794.jpg,2215794,2,0,NA
2215791_2,2022-11-09 10:41:50.826855,CLO,2215791.jpg,2215791,2,0,NA
2215775_2,2022-11-09 10:41:45.701748,CLO,2215775.jpg,2215775,2,0,NA
2215773_2,2022-11-09 10:41:40.951641,CLO,2215773.jpg,2215773,2,0,NA
2215771_2,2022-11-09 10:41:34.592124,CLO,2215771.jpg,2215771,2,0,NA
2215769_2,2022-11-09 10:41:31.107681,CLO,2215769.jpg,2215769,2,0,NA
2215714_2,2022-11-09 10:41:26.170067,CLO,2215714.jpg,2215714,2,0,NA
2215713_2,2022-11-09 10:41:21.044957,CLO,2215713.jpg,2215713,2,0,NA
2215712_2,2022-11-09 10:41:15.997965,CLO,2215712.jpg,2215712,2,0,NA
2215708_2,2022-11-09 10:41:10.935468,CLO,2215708.jpg,2215708,2,0,NA
2215706_2,2022-11-09 10:41:06.872771,CLO,2215706.jpg,2215706,2,0,NA
2215703_2,2022-11-09 10:41:02.278935,CLO,2215703.jpg,2215703,2,0,NA
2215690_2,2022-11-09 10:40:57.075680,CLO,2215690.jpg,2215690,2,0,NA
2215619_2,2022-11-09 10:40:53.591230,CLO,2215619.jpg,2215619,2,0,NA
2215617_2,2022-11-09 10:40:47.466098,CLO,2215617.jpg,2215617,2,0,NA
2215608_2,2022-11-09 10:40:40.309702,CLO,2215608.jpg,2215608,2,0,NA
2215607_2,2022-11-09 10:40:35.294214,CLO,2215607.jpg,2215607,2,0,NA
2215602_2,2022-11-09 10:40:29.184447,CLO,2215602.jpg,2215602,2,0,NA
2215600_2,2022-11-09 10:40:24.528103,CLO,2215600.jpg,2215600,2,0,NA
2215595_2,2022-11-09 10:40:13.324790,CLO,2215595.jpg,2215595,2,0,NA
2215528_2,2022-11-09 10:40:07.043351,CLO,2215528.jpg,2215528,2,0,NA
2215527_2,2022-11-09 10:40:02.418248,CLO,2215527.jpg,2215527,2,0,NA
2215523_2,2022-11-09 10:39:57.293153,CLO,2215523.jpg,2215523,2,0,NA
2215520_2,2022-11-09 10:39:50.730515,CLO,2215520.jpg,2215520,2,0,NA
2215441_2,2022-11-09 10:39:44.996010,CLO,2215441.jpg,2215441,2,0,NA
2215295_2,2022-11-09 10:39:38.886499,CLO,2215295.jpg,2215295,2,0,NA
2215276_2,2022-11-09 10:39:33.933321,CLO,2215276.jpg,2215276,2,0,NA
2215244_2,2022-11-09 10:39:28.948798,CLO,2215244.jpg,2215244,2,0,NA
2215241_2,2022-11-09 10:39:23.729928,CLO,2215241.jpg,2215241,2,0,NA
2215240_2,2022-11-09 10:39:17.823535,CLO,2215240.jpg,2215240,2,0,NA
2215222_2,2022-11-09 10:39:13.354706,CLO,2215222.jpg,2215222,2,0,NA
2215212_2,2022-11-09 10:39:09.198364,CLO,2215212.jpg,2215212,2,0,NA
2215210_2,2022-11-09 10:39:04.979515,CLO,2215210.jpg,2215210,2,0,NA
2215208_2,2022-11-09 10:39:00.948186,CLO,2215208.jpg,2215208,2,0,NA
2215195_2,2022-11-09 10:38:55.744935,CLO,2215195.jpg,2215195,2,0,NA
2215193_2,2022-11-09 10:38:50.447964,CLO,2215193.jpg,2215193,2,0,NA
2215191_2,2022-11-09 10:38:45.557233,CLO,2215191.jpg,2215191,2,0,NA
2215190_2,2022-11-09 10:38:38.244570,CLO,2215190.jpg,2215190,2,0,NA
2215189_2,2022-11-09 10:38:31.478950,CLO,2215189.jpg,2215189,2,0,NA
2215188_2,2022-11-09 10:38:26.338042,CLO,2215188.jpg,2215188,2,0,NA
2215187_2,2022-11-09 10:38:22.291092,CLO,2215187.jpg,2215187,2,0,NA
2215120_2,2022-11-09 10:38:13.900378,CLO,2215120.jpg,2215120,2,0,NA
2215110_2,2022-11-09 10:38:08.572045,CLO,2215110.jpg,2215110,2,0,NA
2215088_2,2022-11-09 10:38:03.556408,CLO,2215088.jpg,2215088,2,0,NA
2215085_2,2022-11-09 10:37:58.134318,CLO,2215085.jpg,2215085,2,0,NA
2215084_2,2022-11-09 10:37:52.915464,CLO,2215084.jpg,2215084,2,0,NA
2215072_2,2022-11-09 10:37:40.649569,CLO,2215072.jpg,2215072,2,0,NA
2215050_2,2022-11-09 10:37:34.399547,CLO,2215050.jpg,2215050,2,0,NA
2215048_2,2022-11-09 10:37:29.024327,CLO,2215048.jpg,2215048,2,0,NA
2215046_2,2022-11-09 10:37:22.930448,CLO,2215046.jpg,2215046,2,0,NA
2215040_2,2022-11-09 10:37:17.383442,CLO,2215040.jpg,2215040,2,0,NA
2215038_2,2022-11-09 10:37:12.602085,CLO,2215038.jpg,2215038,2,0,NA
2215037_2,2022-11-09 10:37:05.851941,CLO,2215037.jpg,2215037,2,0,NA
2215036_2,2022-11-09 10:36:59.961189,CLO,2215036.jpg,2215036,2,0,NA
2215034_2,2022-11-09 10:36:52.336022,CLO,2215034.jpg,2215034,2,0,NA
2215030_2,2022-11-09 10:36:47.257873,CLO,2215030.jpg,2215030,2,0,NA
2215029_2,2022-11-09 10:36:41.648303,CLO,2215029.jpg,2215029,2,0,NA
2215027_2,2022-11-09 10:36:36.570148,CLO,2215027.jpg,2215027,2,0,NA
2215024_2,2022-11-09 10:36:32.491865,CLO,2215024.jpg,2215024,2,0,NA
2215023_2,2022-11-09 10:36:28.382449,CLO,2215023.jpg,2215023,2,0,NA
2215020_2,2022-11-09 10:36:24.179202,CLO,2215020.jpg,2215020,2,0,NA
2215018_2,2022-11-09 10:36:19.038441,CLO,2215018.jpg,2215018,2,0,NA
2215017_2,2022-11-09 10:36:13.194557,CLO,2215017.jpg,2215017,2,0,NA
2215016_2,2022-11-09 10:36:08.569465,CLO,2215016.jpg,2215016,2,0,NA
2215014_2,2022-11-09 10:35:50.912819,CLO,2215014.jpg,2215014,2,0,NA
2215010_2,2022-11-09 10:35:44.084648,CLO,2215010.jpg,2215010,2,0,NA
2215005_2,2022-11-09 10:35:25.490406,CLO,2215005.jpg,2215005,2,0,NA
2215003_2,2022-11-09 10:35:00.989875,CLO,2215003.jpg,2215003,2,0,NA
2214996_2,2022-11-09 10:34:40.551920,CLO,2214996.jpg,2214996,2,0,NA
2214817_2,2022-11-09 10:33:56.644734,CLO,2214817.jpg,2214817,2,0,NA
2214811_2,2022-11-09 10:33:50.175868,CLO,2214811.jpg,2214811,2,0,NA
2214612_2,2022-11-09 10:33:23.019000,CLO,2214612.jpg,2214612,2,0,NA
2214564_2,2022-11-09 10:33:11.940794,CLO,2214564.jpg,2214564,2,0,NA
2214008_2,2022-11-09 10:33:02.987350,CLO,2214008.jpg,2214008,2,0,NA
2213970_2,2022-11-09 10:32:53.737214,CLO,2213970.jpg,2213970,2,0,NA
2213966_2,2022-11-09 10:32:44.455692,CLO,2213966.jpg,2213966,2,0,NA
2213962_2,2022-11-09 10:32:03.861064,CLO,2213962.jpg,2213962,2,0,NA
2213961_2,2022-11-09 10:31:57.985938,CLO,2213961.jpg,2213961,2,0,NA
2213947_2,2022-11-09 10:31:37.735494,CLO,2213947.jpg,2213947,2,0,NA
2213944_2,2022-11-09 10:31:24.953968,CLO,2213944.jpg,2213944,2,0,NA
2213828_2,2022-11-09 10:31:18.281954,CLO,2213828.jpg,2213828,2,0,NA
2213827_2,2022-11-09 10:31:13.531842,CLO,2213827.jpg,2213827,2,0,NA
2213824_2,2022-11-09 10:31:03.781646,CLO,2213824.jpg,2213824,2,0,NA
2213739_2,2022-11-09 10:30:53.437675,CLO,2213739.jpg,2213739,2,0,NA
2213724_2,2022-11-09 10:30:52.218899,CLO,2213724.jpg,2213724,2,0,NA
2213319_2,2022-11-09 10:30:47.234421,CLO,2213319.jpg,2213319,2,0,NA
2213192_2,2022-11-09 10:30:44.296844,CLO,2213192.jpg,2213192,2,0,NA
2213187_2,2022-11-09 10:30:41.578042,CLO,2213187.jpg,2213187,2,0,NA
2213156_2,2022-11-09 10:30:34.952888,CLO,2213156.jpg,2213156,2,0,NA
2213154_2,2022-11-09 10:30:28.171498,CLO,2213154.jpg,2213154,2,0,NA
2213153_2,2022-11-09 10:30:24.952672,CLO,2213153.jpg,2213153,2,0,NA
2213152_2,2022-11-09 10:30:18.577536,CLO,2213152.jpg,2213152,2,0,NA
2212125_2,2022-11-09 10:29:59.483377,CLO,2212125.jpg,2212125,2,0,NA
2212109_2,2022-11-09 10:29:55.842678,CLO,2212109.jpg,2212109,2,0,NA
2212106_2,2022-11-09 10:29:44.108047,CLO,2212106.jpg,2212106,2,0,NA
2212105_2,2022-11-09 10:29:33.654680,CLO,2212105.jpg,2212105,2,0,NA
2212101_2,2022-11-09 10:29:28.857730,CLO,2212101.jpg,2212101,2,0,NA
2212093_2,2022-11-09 10:29:28.263953,CLO,2212093.jpg,2212093,2,0,NA
2212092_2,2022-11-09 10:29:27.013912,CLO,2212092.jpg,2212092,2,0,NA
2212091_2,2022-11-09 10:29:26.498293,CLO,2212091.jpg,2212091,2,0,NA
2211363_2,2022-11-09 10:29:25.826400,CLO,2211363.jpg,2211363,2,0,NA
2210804_2,2022-11-09 10:29:18.623108,CLO,2210804.jpg,2210804,2,0,NA
2210757_2,2022-11-09 10:29:13.810544,CLO,2210757.jpg,2210757,2,0,NA
2210489_2,2022-11-09 10:29:06.325982,CLO,2210489.jpg,2210489,2,0,NA
2210396_2,2022-11-09 10:28:58.888302,CLO,2210396.jpg,2210396,2,0,NA
2210395_2,2022-11-09 10:28:54.544461,CLO,2210395.jpg,2210395,2,0,NA
2210294_2,2022-11-09 10:28:45.888057,CLO,2210294.jpg,2210294,2,0,NA
2210202_2,2022-11-09 10:28:38.747286,CLO,2210202.jpg,2210202,2,0,NA
2206630_2,2022-11-09 10:28:33.512776,CLO,2206630.jpg,2206630,2,0,NA
2206629_2,2022-11-09 10:28:24.825090,CLO,2206629.jpg,2206629,2,0,NA
2206628_2,2022-11-09 10:28:09.230994,CLO,2206628.jpg,2206628,2,0,NA
2206627_2,2022-11-09 10:27:59.512029,CLO,2206627.jpg,2206627,2,0,NA
2206626_2,2022-11-09 10:27:51.324372,CLO,2206626.jpg,2206626,2,0,NA
2206625_2,2022-11-09 10:27:40.855390,CLO,2206625.jpg,2206625,2,0,NA
2206550_2,2022-11-09 10:27:32.620848,CLO,2206550.jpg,2206550,2,0,NA
2206548_2,2022-11-09 10:27:13.948557,CLO,2206548.jpg,2206548,2,0,NA
2206547_2,2022-11-09 10:27:04.870224,CLO,2206547.jpg,2206547,2,0,NA
2206546_2,2022-11-09 10:26:55.354384,CLO,2206546.jpg,2206546,2,0,NA
2206545_2,2022-11-09 10:26:45.776049,CLO,2206545.jpg,2206545,2,0,NA
2206191_2,2022-11-09 10:26:28.806974,CLO,2206191.jpg,2206191,2,0,NA
2206189_2,2022-11-09 10:26:22.416198,CLO,2206189.jpg,2206189,2,0,NA
2206185_2,2022-11-09 10:26:14.041027,CLO,2206185.jpg,2206185,2,0,NA
2201671_2,2022-11-09 10:26:07.384622,CLO,2201671.jpg,2201671,2,0,NA
2200542_2,2022-11-09 10:25:52.649911,CLO,2200542.jpg,2200542,2,0,NA
2108801_2,2022-11-09 10:25:29.321321,CLO,2108801.jpg,2108801,2,0,NA
2108224_2,2022-11-09 10:24:59.242513,CLO,2108224.jpg,2108224,2,0,NA
2108218_2,2022-11-09 10:24:29.179351,CLO,2108218.jpg,2108218,2,0,NA
2215656_2,2022-11-09 10:24:19.507297,BEAUTY,2215656.jpg,2215656,2,0,NA
2215655_2,2022-11-09 10:24:17.538514,BEAUTY,2215655.jpg,2215655,2,0,NA
2215553_2,2022-11-09 10:24:16.444721,BEAUTY,2215553.jpg,2215553,2,0,NA
2214512_2,2022-11-09 10:24:12.788403,BEAUTY,2214512.jpg,2214512,2,0,NA
2214511_2,2022-11-09 10:24:10.382077,BEAUTY,2214511.jpg,2214511,2,0,NA
2214510_2,2022-11-09 10:24:08.897687,BEAUTY,2214510.jpg,2214510,2,0,NA
2214501_2,2022-11-09 10:24:07.835164,BEAUTY,2214501.jpg,2214501,2,0,NA
2214104_2,2022-11-09 10:24:06.303893,BEAUTY,2214104.jpg,2214104,2,0,NA
2214094_2,2022-11-09 10:24:05.116357,BEAUTY,2214094.jpg,2214094,2,0,NA
2214073_2,2022-11-09 10:24:02.694415,BEAUTY,2214073.jpg,2214073,2,0,NA
2214071_2,2022-11-09 10:23:55.006751,BEAUTY,2214071.jpg,2214071,2,0,NA
2213769_2,2022-11-09 10:23:53.537966,BEAUTY,2213769.jpg,2213769,2,0,NA
2213768_2,2022-11-09 10:23:50.084774,BEAUTY,2213768.jpg,2213768,2,0,NA
2213767_2,2022-11-09 10:23:48.850368,BEAUTY,2213767.jpg,2213767,2,0,NA
2213766_2,2022-11-09 10:23:46.834707,BEAUTY,2213766.jpg,2213766,2,0,NA
2213765_2,2022-11-09 10:23:45.272179,BEAUTY,2213765.jpg,2213765,2,0,NA
2213755_2,2022-11-09 10:23:43.881533,BEAUTY,2213755.jpg,2213755,2,0,NA
2213754_2,2022-11-09 10:23:42.740856,BEAUTY,2213754.jpg,2213754,2,0,NA
2213748_2,2022-11-09 10:23:41.459637,BEAUTY,2213748.jpg,2213748,2,0,NA
2213699_2,2022-11-09 10:23:39.600169,BEAUTY,2213699.jpg,2213699,2,0,NA
2208498_2,2022-11-09 10:23:38.193895,BEAUTY,2208498.jpg,2208498,2,0,NA
2215986_2,2022-11-09 10:23:33.193774,JEW,2215986.jpg,2215986,2,0,NA
2215984_2,2022-11-09 10:23:30.849979,JEW,2215984.jpg,2215984,2,0,NA
2215982_2,2022-11-09 10:23:28.303057,JEW,2215982.jpg,2215982,2,0,NA
2215981_2,2022-11-09 10:23:26.365517,JEW,2215981.jpg,2215981,2,0,NA
2215978_2,2022-11-09 10:23:24.552963,JEW,2215978.jpg,2215978,2,0,NA
2215976_2,2022-11-09 10:23:21.693546,JEW,2215976.jpg,2215976,2,0,NA
2215975_2,2022-11-09 10:23:20.334127,JEW,2215975.jpg,2215975,2,0,NA
2215973_2,2022-11-09 10:23:18.693463,JEW,2215973.jpg,2215973,2,0,NA
2215972_2,2022-11-09 10:23:16.787173,JEW,2215972.jpg,2215972,2,0,NA
2215970_2,2022-11-09 10:23:15.318397,JEW,2215970.jpg,2215970,2,0,NA
2215969_2,2022-11-09 10:23:14.380879,JEW,2215969.jpg,2215969,2,0,NA
2215968_2,2022-11-09 10:23:13.162217,JEW,2215968.jpg,2215968,2,0,NA
2215965_2,2022-11-09 10:23:11.708970,JEW,2215965.jpg,2215965,2,0,NA
2215964_2,2022-11-09 10:23:02.411889,JEW,2215964.jpg,2215964,2,0,NA
2215949_2,2022-11-09 10:22:54.864878,JEW,2215949.jpg,2215949,2,0,NA
2215948_2,2022-11-09 10:22:53.411691,JEW,2215948.jpg,2215948,2,0,NA
2215946_2,2022-11-09 10:22:51.974159,JEW,2215946.jpg,2215946,2,0,NA
2215944_2,2022-11-09 10:22:50.771008,JEW,2215944.jpg,2215944,2,0,NA
2215939_2,2022-11-09 10:22:49.302214,JEW,2215939.jpg,2215939,2,0,NA
2215938_2,2022-11-09 10:22:48.020934,JEW,2215938.jpg,2215938,2,0,NA
2215934_2,2022-11-09 10:22:47.036533,JEW,2215934.jpg,2215934,2,0,NA
2215933_2,2022-11-09 10:22:45.802140,JEW,2215933.jpg,2215933,2,0,NA
2215910_2,2022-11-09 10:22:44.677104,JEW,2215910.jpg,2215910,2,0,NA
2215909_2,2022-11-09 10:22:43.723968,JEW,2215909.jpg,2215909,2,0,NA
2215908_2,2022-11-09 10:22:42.489570,JEW,2215908.jpg,2215908,2,0,NA
2215907_2,2022-11-09 10:22:40.770770,JEW,2215907.jpg,2215907,2,0,NA
2215906_2,2022-11-09 10:22:39.286367,JEW,2215906.jpg,2215906,2,0,NA
2215905_2,2022-11-09 10:22:38.161330,JEW,2215905.jpg,2215905,2,0,NA
2215904_2,2022-11-09 10:22:37.208196,JEW,2215904.jpg,2215904,2,0,NA
2215903_2,2022-11-09 10:22:35.911291,JEW,2215903.jpg,2215903,2,0,NA
2215902_2,2022-11-09 10:22:34.458194,JEW,2215902.jpg,2215902,2,0,NA
2215901_2,2022-11-09 10:22:33.192483,JEW,2215901.jpg,2215901,2,0,NA
2215899_2,2022-11-09 10:22:31.379941,JEW,2215899.jpg,2215899,2,0,NA
2215898_2,2022-11-09 10:22:30.161181,JEW,2215898.jpg,2215898,2,0,NA
2215897_2,2022-11-09 10:22:28.864263,JEW,2215897.jpg,2215897,2,0,NA
2215896_2,2022-11-09 10:22:27.676752,JEW,2215896.jpg,2215896,2,0,NA
2215895_2,2022-11-09 10:22:25.582967,JEW,2215895.jpg,2215895,2,0,NA
2215894_2,2022-11-09 10:22:24.317290,JEW,2215894.jpg,2215894,2,0,NA
2215893_2,2022-11-09 10:22:22.817271,JEW,2215893.jpg,2215893,2,0,NA
2215892_2,2022-11-09 10:22:21.176606,JEW,2215892.jpg,2215892,2,0,NA
2215891_2,2022-11-09 10:22:19.332818,JEW,2215891.jpg,2215891,2,0,NA
2215890_2,2022-11-09 10:22:17.395285,JEW,2215890.jpg,2215890,2,0,NA
2215889_2,2022-11-09 10:22:16.317206,JEW,2215889.jpg,2215889,2,0,NA
2215888_2,2022-11-09 10:22:15.348361,JEW,2215888.jpg,2215888,2,0,NA
2215887_2,2022-11-09 10:22:14.473352,JEW,2215887.jpg,2215887,2,0,NA
2215886_2,2022-11-09 10:22:13.207690,JEW,2215886.jpg,2215886,2,0,NA
2215885_2,2022-11-09 10:22:12.082644,JEW,2215885.jpg,2215885,2,0,NA
2215884_2,2022-11-09 10:22:10.488902,JEW,2215884.jpg,2215884,2,0,NA
2215883_2,2022-11-09 10:22:09.191987,JEW,2215883.jpg,2215883,2,0,NA
2215882_2,2022-11-09 10:22:07.910705,JEW,2215882.jpg,2215882,2,0,NA
2215881_2,2022-11-09 10:22:07.020057,JEW,2215881.jpg,2215881,2,0,NA
2215880_2,2022-11-09 10:22:05.113761,JEW,2215880.jpg,2215880,2,0,NA
2215879_2,2022-11-09 10:22:04.066874,JEW,2215879.jpg,2215879,2,0,NA
2215878_2,2022-11-09 10:22:01.144914,JEW,2215878.jpg,2215878,2,0,NA
2215877_2,2022-11-09 10:21:59.660528,JEW,2215877.jpg,2215877,2,0,NA
2215876_2,2022-11-09 10:21:58.144847,JEW,2215876.jpg,2215876,2,0,NA
2215875_2,2022-11-09 10:21:57.332349,JEW,2215875.jpg,2215875,2,0,NA
2215874_2,2022-11-09 10:21:54.597919,JEW,2215874.jpg,2215874,2,0,NA
2215873_2,2022-11-09 10:21:53.394778,JEW,2215873.jpg,2215873,2,0,NA
2215872_2,2022-11-09 10:21:52.113480,JEW,2215872.jpg,2215872,2,0,NA
2215871_2,2022-11-09 10:21:51.175965,JEW,2215871.jpg,2215871,2,0,NA
2215870_2,2022-11-09 10:21:50.004073,JEW,2215870.jpg,2215870,2,0,NA
2215869_2,2022-11-09 10:21:48.738400,JEW,2215869.jpg,2215869,2,0,NA
2215867_2,2022-11-09 10:21:47.800880,JEW,2215867.jpg,2215867,2,0,NA
2215866_2,2022-11-09 10:21:46.566495,JEW,2215866.jpg,2215866,2,0,NA
2215865_2,2022-11-09 10:21:45.347709,JEW,2215865.jpg,2215865,2,0,NA
2215857_2,2022-11-09 10:21:44.378929,JEW,2215857.jpg,2215857,2,0,NA
2215856_2,2022-11-09 10:21:42.832108,JEW,2215856.jpg,2215856,2,0,NA
2215855_2,2022-11-09 10:21:41.550748,JEW,2215855.jpg,2215855,2,0,NA
2215854_2,2022-11-09 10:21:40.613229,JEW,2215854.jpg,2215854,2,0,NA
2215853_2,2022-11-09 10:21:39.394442,JEW,2215853.jpg,2215853,2,0,NA
2215852_2,2022-11-09 10:21:37.644408,JEW,2215852.jpg,2215852,2,0,NA
2215851_2,2022-11-09 10:21:36.128767,JEW,2215851.jpg,2215851,2,0,NA
2215850_2,2022-11-09 10:21:34.659964,JEW,2215850.jpg,2215850,2,0,NA
2215849_2,2022-11-09 10:21:33.316210,JEW,2215849.jpg,2215849,2,0,NA
2215847_2,2022-11-09 10:21:31.722409,JEW,2215847.jpg,2215847,2,0,NA
2215844_2,2022-11-09 10:21:30.691144,JEW,2215844.jpg,2215844,2,0,NA
2215843_2,2022-11-09 10:21:29.456731,JEW,2215843.jpg,2215843,2,0,NA
2215840_2,2022-11-09 10:21:27.394195,JEW,2215840.jpg,2215840,2,0,NA
2215730_2,2022-11-09 10:21:26.441126,JEW,2215730.jpg,2215730,2,0,NA
2215729_2,2022-11-09 10:21:24.878520,JEW,2215729.jpg,2215729,2,0,NA
2215727_2,2022-11-09 10:21:23.362863,JEW,2215727.jpg,2215727,2,0,NA
2215724_2,2022-11-09 10:21:22.097215,JEW,2215724.jpg,2215724,2,0,NA
2215723_2,2022-11-09 10:21:20.190917,JEW,2215723.jpg,2215723,2,0,NA
2215721_2,2022-11-09 10:21:18.925265,JEW,2215721.jpg,2215721,2,0,NA
2215719_2,2022-11-09 10:21:17.831583,JEW,2215719.jpg,2215719,2,0,NA
2215718_2,2022-11-09 10:21:16.675216,JEW,2215718.jpg,2215718,2,0,NA
2215717_2,2022-11-09 10:21:15.503309,JEW,2215717.jpg,2215717,2,0,NA
2215716_2,2022-11-09 10:21:14.597048,JEW,2215716.jpg,2215716,2,0,NA
2215689_2,2022-11-09 10:21:13.190770,JEW,2215689.jpg,2215689,2,0,NA
2215688_2,2022-11-09 10:21:11.987602,JEW,2215688.jpg,2215688,2,0,NA
2215687_2,2022-11-09 10:21:10.971955,JEW,2215687.jpg,2215687,2,0,NA
2215686_2,2022-11-09 10:21:09.971955,JEW,2215686.jpg,2215686,2,0,NA
2215685_2,2022-11-09 10:21:08.753169,JEW,2215685.jpg,2215685,2,0,NA
2215684_2,2022-11-09 10:21:07.768775,JEW,2215684.jpg,2215684,2,0,NA
2215683_2,2022-11-09 10:21:06.268745,JEW,2215683.jpg,2215683,2,0,NA
2215682_2,2022-11-09 10:21:03.940632,JEW,2215682.jpg,2215682,2,0,NA
2215681_2,2022-11-09 10:21:02.846783,JEW,2215681.jpg,2215681,2,0,NA
2215679_2,2022-11-09 10:21:02.018669,JEW,2215679.jpg,2215679,2,0,NA
2215678_2,2022-11-09 10:21:00.127982,JEW,2215678.jpg,2215678,2,0,NA
2215677_2,2022-11-09 10:20:58.909194,JEW,2215677.jpg,2215677,2,0,NA
2215676_2,2022-11-09 10:20:57.690435,JEW,2215676.jpg,2215676,2,0,NA
2215675_2,2022-11-09 10:20:56.581019,JEW,2215675.jpg,2215675,2,0,NA
2215674_2,2022-11-09 10:20:55.299762,JEW,2215674.jpg,2215674,2,0,NA
2215673_2,2022-11-09 10:20:54.424748,JEW,2215673.jpg,2215673,2,0,NA
2215672_2,2022-11-09 10:20:52.518451,JEW,2215672.jpg,2215672,2,0,NA
2215671_2,2022-11-09 10:20:50.909050,JEW,2215671.jpg,2215671,2,0,NA
2215669_2,2022-11-09 10:20:49.737152,JEW,2215669.jpg,2215669,2,0,NA
2215668_2,2022-11-09 10:20:48.705858,JEW,2215668.jpg,2215668,2,0,NA
2215667_2,2022-11-09 10:20:46.799562,JEW,2215667.jpg,2215667,2,0,NA
2215666_2,2022-11-09 10:20:45.299546,JEW,2215666.jpg,2215666,2,0,NA
2215665_2,2022-11-09 10:20:42.861993,JEW,2215665.jpg,2215665,2,0,NA
2215664_2,2022-11-09 10:20:41.627590,JEW,2215664.jpg,2215664,2,0,NA
2215663_2,2022-11-09 10:20:40.408808,JEW,2215663.jpg,2215663,2,0,NA
2215662_2,2022-11-09 10:20:38.893249,JEW,2215662.jpg,2215662,2,0,NA
2215661_2,2022-11-09 10:20:37.752585,JEW,2215661.jpg,2215661,2,0,NA
2215650_2,2022-11-09 10:20:36.471216,JEW,2215650.jpg,2215650,2,0,NA
2215649_2,2022-11-09 10:20:35.174331,JEW,2215649.jpg,2215649,2,0,NA
2215647_2,2022-11-09 10:20:33.518043,JEW,2215647.jpg,2215647,2,0,NA
2215646_2,2022-11-09 10:20:32.252379,JEW,2215646.jpg,2215646,2,0,NA
2215645_2,2022-11-09 10:20:31.127467,JEW,2215645.jpg,2215645,2,0,NA
2215643_2,2022-11-09 10:20:30.080554,JEW,2215643.jpg,2215643,2,0,NA
2215636_2,2022-11-09 10:20:28.580437,JEW,2215636.jpg,2215636,2,0,NA
2215635_2,2022-11-09 10:20:26.189759,JEW,2215635.jpg,2215635,2,0,NA
2215634_2,2022-11-09 10:20:24.814712,JEW,2215634.jpg,2215634,2,0,NA
2215633_2,2022-11-09 10:20:22.720934,JEW,2215633.jpg,2215633,2,0,NA
2215631_2,2022-11-09 10:20:21.439660,JEW,2215631.jpg,2215631,2,0,NA
2215630_2,2022-11-09 10:20:19.220842,JEW,2215630.jpg,2215630,2,0,NA
2215596_2,2022-11-09 10:20:16.642668,JEW,2215596.jpg,2215596,2,0,NA
2215593_2,2022-11-09 10:20:15.142627,JEW,2215593.jpg,2215593,2,0,NA
2215592_2,2022-11-09 10:20:13.017626,JEW,2215592.jpg,2215592,2,0,NA
2215590_2,2022-11-09 10:20:11.736310,JEW,2215590.jpg,2215590,2,0,NA
2215586_2,2022-11-09 10:20:10.064404,JEW,2215586.jpg,2215586,2,0,NA
2215585_2,2022-11-09 10:20:08.892529,JEW,2215585.jpg,2215585,2,0,NA
2215584_2,2022-11-09 10:20:05.876813,JEW,2215584.jpg,2215584,2,0,NA
2215580_2,2022-11-09 10:20:04.470540,JEW,2215580.jpg,2215580,2,0,NA
2215570_2,2022-11-09 10:20:03.298634,JEW,2215570.jpg,2215570,2,0,NA
2215568_2,2022-11-09 10:20:02.126740,JEW,2215568.jpg,2215568,2,0,NA
2215567_2,2022-11-09 10:20:00.251707,JEW,2215567.jpg,2215567,2,0,NA
2215565_2,2022-11-09 10:19:58.329762,JEW,2215565.jpg,2215565,2,0,NA
2215562_2,2022-11-09 10:19:56.798501,JEW,2215562.jpg,2215562,2,0,NA
2215561_2,2022-11-09 10:19:54.454691,JEW,2215561.jpg,2215561,2,0,NA
2215560_2,2022-11-09 10:19:52.032752,JEW,2215560.jpg,2215560,2,0,NA
2215558_2,2022-11-09 10:19:50.767128,JEW,2215558.jpg,2215558,2,0,NA
2215517_2,2022-11-09 10:19:49.017062,JEW,2215517.jpg,2215517,2,0,NA
2215513_2,2022-11-09 10:19:46.251379,JEW,2215513.jpg,2215513,2,0,NA
2215512_2,2022-11-09 10:19:45.204489,JEW,2215512.jpg,2215512,2,0,NA
2215511_2,2022-11-09 10:19:44.595095,JEW,2215511.jpg,2215511,2,0,NA
2215509_2,2022-11-09 10:19:42.579427,JEW,2215509.jpg,2215509,2,0,NA
2215507_2,2022-11-09 10:19:41.954448,JEW,2215507.jpg,2215507,2,0,NA
2215505_2,2022-11-09 10:19:40.876326,JEW,2215505.jpg,2215505,2,0,NA
2215503_2,2022-11-09 10:19:40.298120,JEW,2215503.jpg,2215503,2,0,NA
2215499_2,2022-11-09 10:19:39.079356,JEW,2215499.jpg,2215499,2,0,NA
2215495_2,2022-11-09 10:19:35.048010,JEW,2215495.jpg,2215495,2,0,NA
2215492_2,2022-11-09 10:19:30.610448,JEW,2215492.jpg,2215492,2,0,NA
2215491_2,2022-11-09 10:19:28.704132,JEW,2215491.jpg,2215491,2,0,NA
2215489_2,2022-11-09 10:19:27.547850,JEW,2215489.jpg,2215489,2,0,NA
2215488_2,2022-11-09 10:19:24.844665,JEW,2215488.jpg,2215488,2,0,NA
2215485_2,2022-11-09 10:19:21.985253,JEW,2215485.jpg,2215485,2,0,NA
2215484_2,2022-11-09 10:19:18.578960,JEW,2215484.jpg,2215484,2,0,NA
2215483_2,2022-11-09 10:19:17.188258,JEW,2215483.jpg,2215483,2,0,NA
2215480_2,2022-11-09 10:19:13.735053,JEW,2215480.jpg,2215480,2,0,NA
2215479_2,2022-11-09 10:19:12.281918,JEW,2215479.jpg,2215479,2,0,NA
2215474_2,2022-11-09 10:19:10.703753,JEW,2215474.jpg,2215474,2,0,NA
2215461_2,2022-11-09 10:19:09.344361,JEW,2215461.jpg,2215461,2,0,NA
2215460_2,2022-11-09 10:19:08.078682,JEW,2215460.jpg,2215460,2,0,NA
2215452_2,2022-11-09 10:19:06.922411,JEW,2215452.jpg,2215452,2,0,NA
2215451_2,2022-11-09 10:19:05.781766,JEW,2215451.jpg,2215451,2,0,NA
2215449_2,2022-11-09 10:19:05.219267,JEW,2215449.jpg,2215449,2,0,NA
2215448_2,2022-11-09 10:19:04.719239,JEW,2215448.jpg,2215448,2,0,NA
2215446_2,2022-11-09 10:19:03.703604,JEW,2215446.jpg,2215446,2,0,NA
2215445_2,2022-11-09 10:19:02.797321,JEW,2215445.jpg,2215445,2,0,NA
2215428_2,2022-11-09 10:19:01.641046,JEW,2215428.jpg,2215428,2,0,NA
2215427_2,2022-11-09 10:19:00.750394,JEW,2215427.jpg,2215427,2,0,NA
2215425_2,2022-11-09 10:18:59.469136,JEW,2215425.jpg,2215425,2,0,NA
2215424_2,2022-11-09 10:18:56.156742,JEW,2215424.jpg,2215424,2,0,NA
2215422_2,2022-11-09 10:18:54.734648,JEW,2215422.jpg,2215422,2,0,NA
2215420_2,2022-11-09 10:18:53.515870,JEW,2215420.jpg,2215420,2,0,NA
2215418_2,2022-11-09 10:18:51.781468,JEW,2215418.jpg,2215418,2,0,NA
2214957_2,2022-11-09 10:18:50.093918,JEW,2214957.jpg,2214957,2,0,NA
2214038_2,2022-11-09 10:18:48.968978,JEW,2214038.jpg,2214038,2,0,NA
2214037_2,2022-11-09 10:18:48.140745,JEW,2214037.jpg,2214037,2,0,NA
2214034_2,2022-11-09 10:18:46.734487,JEW,2214034.jpg,2214034,2,0,NA
2214033_2,2022-11-09 10:18:45.906408,JEW,2214033.jpg,2214033,2,0,NA
2214012_2,2022-11-09 10:18:44.703179,JEW,2214012.jpg,2214012,2,0,NA
2213752_2,2022-11-09 10:18:43.796927,JEW,2213752.jpg,2213752,2,0,NA
2213751_2,2022-11-09 10:18:42.750025,JEW,2213751.jpg,2213751,2,0,NA
2213750_2,2022-11-09 10:18:41.281244,JEW,2213750.jpg,2213750,2,0,NA
2213599_2,2022-11-09 10:18:39.718702,JEW,2213599.jpg,2213599,2,0,NA
2213177_2,2022-11-09 10:18:38.515547,JEW,2213177.jpg,2213177,2,0,NA
2213073_2,2022-11-09 10:18:36.999890,JEW,2213073.jpg,2213073,2,0,NA
2212996_2,2022-11-09 10:18:35.984241,JEW,2212996.jpg,2212996,2,0,NA
2212994_2,2022-11-09 10:18:34.062377,JEW,2212994.jpg,2212994,2,0,NA
2212988_2,2022-11-09 10:18:32.640416,JEW,2212988.jpg,2212988,2,0,NA
2212771_2,2022-11-09 10:18:31.390389,JEW,2212771.jpg,2212771,2,0,NA
2212770_2,2022-11-09 10:18:30.062244,JEW,2212770.jpg,2212770,2,0,NA
2212769_2,2022-11-09 10:18:29.077838,JEW,2212769.jpg,2212769,2,0,NA
2212767_2,2022-11-09 10:18:28.249693,JEW,2212767.jpg,2212767,2,0,NA
2212749_2,2022-11-09 10:18:26.937188,JEW,2212749.jpg,2212749,2,0,NA
2212747_2,2022-11-09 10:18:25.921532,JEW,2212747.jpg,2212747,2,0,NA
2212746_2,2022-11-09 10:18:24.155847,JEW,2212746.jpg,2212746,2,0,NA
2212734_2,2022-11-09 10:18:21.937063,JEW,2212734.jpg,2212734,2,0,NA
2212346_2,2022-11-09 10:18:20.733911,JEW,2212346.jpg,2212346,2,0,NA
2212341_2,2022-11-09 10:18:19.343275,JEW,2212341.jpg,2212341,2,0,NA
2212337_2,2022-11-09 10:18:18.483867,JEW,2212337.jpg,2212337,2,0,NA
2212315_2,2022-11-09 10:18:16.186958,JEW,2212315.jpg,2212315,2,0,NA
2212290_2,2022-11-09 10:18:08.374276,JEW,2212290.jpg,2212290,2,0,NA
2211973_2,2022-11-09 10:18:07.343061,JEW,2211973.jpg,2211973,2,0,NA
2208174_2,2022-11-09 10:18:06.124229,JEW,2208174.jpg,2208174,2,0,NA
2208118_2,2022-11-09 10:18:04.139801,JEW,2208118.jpg,2208118,2,0,NA
2208115_2,2022-11-09 10:18:02.874155,JEW,2208115.jpg,2208115,2,0,NA
2208114_2,2022-11-09 10:18:01.905398,JEW,2208114.jpg,2208114,2,0,NA
2106695_2,2022-11-09 10:18:00.530366,JEW,2106695.jpg,2106695,2,0,NA
2106691_2,2022-11-09 10:17:58.874068,JEW,2106691.jpg,2106691,2,0,NA
2105634_2,2022-11-09 10:17:56.358382,JEW,2105634.jpg,2105634,2,0,NA
2011163_2,2022-11-09 10:17:55.045860,JEW,2011163.jpg,2011163,2,0,NA
2007446_2,2022-11-09 10:17:53.905215,JEW,2007446.jpg,2007446,2,0,NA
2007350_2,2022-11-09 10:17:53.030197,JEW,2007350.jpg,2007350,2,0,NA
2007349_2,2022-11-09 10:17:50.998914,JEW,2007349.jpg,2007349,2,0,NA
2007348_2,2022-11-09 10:17:49.639487,JEW,2007348.jpg,2007348,2,0,NA
2216330_2,2022-11-09 10:17:47.905227,ACC,2216330.jpg,2216330,2,0,NA
2215698_2,2022-11-09 10:17:45.920695,ACC,2215698.jpg,2215698,2,0,NA
2215697_2,2022-11-09 10:17:44.217508,ACC,2215697.jpg,2215697,2,0,NA
2215696_2,2022-11-09 10:17:42.217443,ACC,2215696.jpg,2215696,2,0,NA
2215695_2,2022-11-09 10:17:40.373680,ACC,2215695.jpg,2215695,2,0,NA
2215693_2,2022-11-09 10:17:38.920523,ACC,2215693.jpg,2215693,2,0,NA
2215692_2,2022-11-09 10:17:37.561103,ACC,2215692.jpg,2215692,2,0,NA
2215506_2,2022-11-09 10:17:33.404776,ACC,2215506.jpg,2215506,2,0,NA
2215456_2,2022-11-09 10:17:32.311007,ACC,2215456.jpg,2215456,2,0,NA
2215455_2,2022-11-09 10:17:02.700985,ACC,2215455.jpg,2215455,2,0,NA
2215454_2,2022-11-09 10:16:38.122344,ACC,2215454.jpg,2215454,2,0,NA
2215426_2,2022-11-09 10:15:53.621383,ACC,2215426.jpg,2215426,2,0,NA
2215175_2,2022-11-09 10:14:42.447964,ACC,2215175.jpg,2215175,2,0,NA
2215174_2,2022-11-09 10:14:38.541614,ACC,2215174.jpg,2215174,2,0,NA
2215172_2,2022-11-09 10:14:32.494599,ACC,2215172.jpg,2215172,2,0,NA
2215141_2,2022-11-09 10:14:29.588315,ACC,2215141.jpg,2215141,2,0,NA
2215140_2,2022-11-09 10:14:23.572542,ACC,2215140.jpg,2215140,2,0,NA
2215139_2,2022-11-09 10:14:07.134698,ACC,2215139.jpg,2215139,2,0,NA
2215138_2,2022-11-09 10:14:01.978340,ACC,2215138.jpg,2215138,2,0,NA
2214989_2,2022-11-09 10:13:52.071960,ACC,2214989.jpg,2214989,2,0,NA
2214967_2,2022-11-09 10:13:39.853072,ACC,2214967.jpg,2214967,2,0,NA
2214966_2,2022-11-09 10:13:28.524736,ACC,2214966.jpg,2214966,2,0,NA
2214965_2,2022-11-09 10:13:19.790250,ACC,2214965.jpg,2214965,2,0,NA
2214964_2,2022-11-09 10:13:16.180779,ACC,2214964.jpg,2214964,2,0,NA
2214963_2,2022-11-09 10:13:12.977618,ACC,2214963.jpg,2214963,2,0,NA
2214962_2,2022-11-09 10:13:09.790084,ACC,2214962.jpg,2214962,2,0,NA
2214961_2,2022-11-09 10:13:08.180678,ACC,2214961.jpg,2214961,2,0,NA
2214949_2,2022-11-09 10:12:58.868084,ACC,2214949.jpg,2214949,2,0,NA
2214948_2,2022-11-09 10:12:56.211738,ACC,2214948.jpg,2214948,2,0,NA
2214947_2,2022-11-09 10:12:53.399209,ACC,2214947.jpg,2214947,2,0,NA
2214554_2,2022-11-09 10:12:48.211625,ACC,2214554.jpg,2214554,2,0,NA
2213384_2,2022-11-09 10:12:46.461588,ACC,2213384.jpg,2213384,2,0,NA
2213094_2,2022-11-09 10:12:41.977156,ACC,2213094.jpg,2213094,2,0,NA
2212792_2,2022-11-09 10:12:37.961472,ACC,2212792.jpg,2212792,2,0,NA
2212359_2,2022-11-09 10:12:34.555159,ACC,2212359.jpg,2212359,2,0,NA
2212357_2,2022-11-09 10:12:33.523881,ACC,2212357.jpg,2212357,2,0,NA
2212356_2,2022-11-09 10:12:32.586378,ACC,2212356.jpg,2212356,2,0,NA
2212333_2,2022-11-09 10:12:31.601988,ACC,2212333.jpg,2212333,2,0,NA
2212319_2,2022-11-09 10:12:30.976979,ACC,2212319.jpg,2212319,2,0,NA
2105774_2,2022-11-09 10:12:29.508193,ACC,2105774.jpg,2105774,2,0,NA
2102710_2,2022-11-09 10:11:47.632567,ACC,2102710.jpg,2102710,2,0,NA
2006754_2,2022-11-09 10:11:40.476193,ACC,2006754.jpg,2006754,2,0,NA
0_0,2022-11-07 15:29:12.825198,CLO,BASE DE DATOS 23.08.2022.csv,0,0,0,NA
2217209_2,2022-11-07 13:36:03.756477,SHO,2217209.jpg,2217209,2,0,NA
2217208_2,2022-11-07 13:29:31.591776,SHO,2217208.jpg,2217208,2,0,NA
2217207_2,2022-11-07 13:13:33.977530,SHO,2217207.jpg,2217207,2,0,NA
2216983_2,2022-11-04 15:57:17.261583,CLO,2216983.jpeg,2216983,2,0,NA
2216981_2,2022-11-04 15:55:45.233922,SHO,2216981.png,2216981,2,0,NA
2216982_2,2022-11-04 15:54:53.919831,CLO,2216982.png,2216982,2,0,NA
2216984_2,2022-11-04 15:54:49.186193,CLO,2216984.png,2216984,2,0,NA
2216939_2,2022-11-04 15:48:44.380662,CLO,2216939.jpg,2216939,2,0,NA
2216880_2,2022-11-04 15:48:32.396212,CLO,2216880.jpg,2216880,2,0,NA
2216830_2,2022-11-04 15:48:23.989615,CLO,2216830.jpg,2216830,2,0,NA
2212682_2,2022-11-04 15:47:44.348122,CLO,2212682.jpg,2212682,2,0,NA
2216829_2,2022-11-04 15:47:31.613509,CLO,2216829.jpg,2216829,2,0,NA
2216876_2,2022-11-04 15:47:21.847647,CLO,2216876.jpg,2216876,2,0,NA
2216826_2,2022-11-04 15:46:58.987758,CLO,2216826.jpg,2216826,2,0,NA
2216867_2,2022-11-04 15:46:48.456306,CLO,2216867.jpg,2216867,2,0,NA
2216862_2,2022-11-04 15:46:37.206067,CLO,2216862.jpg,2216862,2,0,NA
2216856_2,2022-11-04 15:46:27.658998,CLO,2216856.jpg,2216856,2,0,NA
2216025_2,2022-11-04 15:45:41.423619,CLO,2216025.jpg,2216025,2,0,NA
2215588_2,2022-11-04 15:45:30.095250,CLO,2215588.jpg,2215588,2,0,NA
2215538_2,2022-11-04 15:45:18.891874,CLO,2215538.jpg,2215538,2,0,NA
2215544_2,2022-11-04 15:45:05.797814,CLO,2215544.jpg,2215544,2,0,NA
2215554_2,2022-11-04 15:44:56.141369,CLO,2215554.jpg,2215554,2,0,NA
2215294_2,2022-11-04 15:44:43.984915,CLO,2215294.jpg,2215294,2,0,NA
2215557_2,2022-11-04 15:44:33.797140,CLO,2215557.jpg,2215557,2,0,NA
2215555_2,2022-11-04 15:44:19.999969,CLO,2215555.jpg,2215555,2,0,NA
2213939_2,2022-11-04 15:44:09.655973,CLO,2213939.jpg,2213939,2,0,NA
2215293_2,2022-11-04 15:43:58.405769,CLO,2215293.jpg,2215293,2,0,NA
2216919_2,2022-11-04 15:43:41.358526,CLO,2216919.jpg,2216919,2,0,NA
2215549_2,2022-11-04 15:43:21.779991,CLO,2215549.jpg,2215549,2,0,NA
2215546_2,2022-11-04 15:43:12.124406,CLO,2215546.jpg,2215546,2,0,NA
2215543_2,2022-11-04 15:43:02.076534,CLO,2215543.jpg,2215543,2,0,NA
2215542_2,2022-11-04 15:42:50.076184,CLO,2215542.jpg,2215542,2,0,NA
2215540_2,2022-11-04 15:42:36.997782,CLO,2215540.jpg,2215540,2,0,NA
2215291_2,2022-11-04 15:42:26.153754,CLO,2215291.jpg,2215291,2,0,NA
2215743_2,2022-11-04 15:42:14.669171,CLO,2215743.jpg,2215743,2,0,NA
2215537_2,2022-11-04 15:42:02.825127,CLO,2215537.jpg,2215537,2,0,NA
2215536_2,2022-11-04 15:41:21.777380,CLO,2215536.jpg,2215536,2,0,NA
2215535_2,2022-11-04 15:41:09.183353,CLO,2215535.jpg,2215535,2,0,NA
2215534_2,2022-11-04 15:40:56.604981,CLO,2215534.jpg,2215534,2,0,NA
2216967_2,2022-11-04 15:38:16.601509,SHO,2216967.png,2216967,2,0,NA
2216960_2,2022-11-04 13:18:23.758340,SHO,2216960.png,2216960,2,0,NA
2216956_2,2022-11-04 12:57:15.485284,SHO,2216956.png,2216956,2,0,NA
2216955_2,2022-11-04 12:49:02.427786,SHO,2216955.png,2216955,2,0,NA
2216958_2,2022-11-04 12:46:42.427691,CLO,2216958.png,2216958,2,0,NA
2216957_2,2022-11-04 12:46:32.099542,CLO,2216957.png,2216957,2,0,NA
2216959_2,2022-11-04 12:46:23.635770,CLO,2216959.png,2216959,2,0,NA
2216961_2,2022-11-04 12:46:15.049441,CLO,2216961.png,2216961,2,0,NA
2216962_2,2022-11-04 12:46:05.477530,CLO,2216962.png,2216962,2,0,NA
2216963_2,2022-11-04 12:45:46.882443,CLO,2216963.png,2216963,2,0,NA
2216965_2,2022-11-04 12:45:35.214452,CLO,2216965.png,2216965,2,0,NA
2216934_2,2022-11-04 12:00:07.928675,SHO,2216934.png,2216934,2,0,NA
2216932_2,2022-11-04 10:49:31.644195,CLO,2216932.jpg,2216932,2,0,NA
2216928_2,2022-11-04 10:24:58.159363,CLO,2216928.jpg,2216928,2,0,NA
2216924_2,2022-11-04 10:20:10.746779,CLO,2216924.jpg,2216924,2,0,NA
2216923_2,2022-11-04 10:12:29.753083,CLO,2216923.jpg,2216923,2,0,NA
2216904_2,2022-11-03 19:44:53.064533,CLO,2216904.JPG,2216904,2,0,NA
2216947_2,2022-11-03 15:26:15.059109,CLO,2216947.png,2216947,2,0,NA
2216946_2,2022-11-03 15:25:55.873253,CLO,2216946.png,2216946,2,0,NA
2216943_2,2022-11-03 15:25:40.304150,CLO,2216943.png,2216943,2,0,NA
2216945_2,2022-11-03 15:25:23.805649,CLO,2216945.png,2216945,2,0,NA
2216944_2,2022-11-03 15:25:13.174129,CLO,2216944.png,2216944,2,0,NA
2216942_2,2022-11-03 15:24:59.965504,CLO,2216942.png,2216942,2,0,NA
2216941_2,2022-11-03 15:24:47.656744,CLO,2216941.png,2216941,2,0,NA
2216938_2,2022-11-03 15:24:37.191229,CLO,2216938.png,2216938,2,0,NA
2216950_2,2022-11-03 12:21:52.777195,CLO,2216950.jpeg,2216950,2,0,NA
2216948_2,2022-11-03 12:21:47.558038,CLO,2216948.jpeg,2216948,2,0,NA
2216906_2,2022-11-03 12:21:25.620080,CLO,2216906.jpeg,2216906,2,0,NA
2216908_2,2022-11-03 12:20:38.040998,CLO,2216908.jpeg,2216908,2,0,NA
2216907_2,2022-11-03 12:18:41.473184,CLO,2216907.jpeg,2216907,2,0,NA
2216909_2,2022-11-03 12:18:32.391175,CLO,2216909.jpeg,2216909,2,0,NA
2216905_2,2022-11-03 12:18:26.269948,CLO,2216905.jpeg,2216905,2,0,NA
2216954_2,2022-11-03 12:18:19.890333,CLO,2216954.jpeg,2216954,2,0,NA
2216953_2,2022-11-03 12:17:55.542702,CLO,2216953.jpeg,2216953,2,0,NA
2216951_2,2022-11-03 11:34:03.189260,CLO,2216951.jpg,2216951,2,0,NA
0_0,2022-11-02 16:54:30.000000,IT\Instalacion\Bitdefender paquete normal,installer.xml,0,0,0,NA
0_0,2022-11-02 16:54:28.476601,IT\AV\Bitdefender paquete normal,installer.xml,0,0,0,NA
2216833_2,2022-11-02 12:14:25.009246,CLO,2216833.PNG,2216833,2,0,NA
2216915_2,2022-11-02 11:37:34.717110,CLO,2216915.jfif,2216915,2,0,NA
2216870_2,2022-11-02 11:36:31.122230,CLO,2216870.jfif,2216870,2,0,NA
2216898_2,2022-11-02 11:36:12.840386,CLO,2216898.jfif,2216898,2,0,NA
2216896_2,2022-11-02 11:35:55.262145,CLO,2216896.jfif,2216896,2,0,NA
2216892_2,2022-11-02 11:35:40.886512,CLO,2216892.jfif,2216892,2,0,NA
2216864_2,2022-11-02 11:34:16.212786,CLO,2216864.jfif,2216864,2,0,NA
2216858_2,2022-11-02 11:34:04.884469,CLO,2216858.jfif,2216858,2,0,NA
2216914_2,2022-11-02 11:15:25.110280,CLO,2216914.jfif,2216914,2,0,NA
2216911_2,2022-11-02 11:15:16.688212,CLO,2216911.jfif,2216911,2,0,NA
2216912_2,2022-11-02 11:15:10.375603,CLO,2216912.jfif,2216912,2,0,NA
2216910_2,2022-11-02 11:15:03.047298,CLO,2216910.jfif,2216910,2,0,NA
2216913_2,2022-11-02 11:13:45.655075,CLO,2216913.jfif,2216913,2,0,NA
2216883_2,2022-11-02 11:13:09.638992,CLO,2216883.jfif,2216883,2,0,NA
2216877_2,2022-11-02 11:12:33.622715,CLO,2216877.jfif,2216877,2,0,NA
2216980_2,2022-11-02 11:12:09.669252,CLO,2216980.jfif,2216980,2,0,NA
2216848_2,2022-11-02 11:11:39.434412,CLO,2216848.jfif,2216848,2,0,NA
2216825_2,2022-11-02 10:31:38.231783,CLO,2216825.jfif,2216825,2,0,NA
2216824_2,2022-11-02 10:10:12.517908,SHO,2216824.jpg,2216824,2,0,NA
2216819_2,2022-11-01 12:33:46.654867,SHO,2216819.png,2216819,2,0,NA
2216817_2,2022-11-01 12:28:01.600544,SHO,2216817.png,2216817,2,0,NA
2216816_2,2022-11-01 12:19:37.074040,SHO,2216816.png,2216816,2,0,NA
2216818_2,2022-11-01 12:17:29.993558,CLO,2216818.jfif,2216818,2,0,NA
2216796_2,2022-11-01 08:16:32.140273,CLO,2216796.JPG,2216796,2,0,NA
2216789_2,2022-10-31 15:35:42.368429,CLO,2216789.png,2216789,2,0,NA
2216768_2,2022-10-28 18:57:45.289843,CLO,2216768.jpeg,2216768,2,0,NA
2216783_2,2022-10-28 18:50:32.974014,CLO,2216783.jpeg,2216783,2,0,NA
2216760_2,2022-10-28 18:49:26.878848,CLO,2216760.jpeg,2216760,2,0,NA
2216828_2,2022-10-28 18:48:58.753223,CLO,2216828.jpeg,2216828,2,0,NA
2216770_2,2022-10-28 18:45:42.269915,CLO,2216770.jpeg,2216770,2,0,NA
2216763_2,2022-10-28 18:45:17.175668,CLO,2216763.jpeg,2216763,2,0,NA
2216827_2,2022-10-28 18:45:01.367522,CLO,2216827.jpeg,2216827,2,0,NA
2216782_2,2022-10-28 18:44:31.190700,CLO,2216782.jpeg,2216782,2,0,NA
2216831_2,2022-10-28 18:44:05.691594,CLO,2216831.jpeg,2216831,2,0,NA
2216655_2,2022-10-28 16:10:21.122241,CLO,2216655.JPG,2216655,2,0,NA
2216453_2,2022-10-27 21:14:06.516625,CLO,2216453.JPG,2216453,2,0,NA
2216611_2,2022-10-27 12:47:23.546340,CLO,2216611.jpg,2216611,2,0,NA
2216631_2,2022-10-27 12:46:57.498762,CLO,2216631.jpg,2216631,2,0,NA
2216441_2,2022-10-27 12:33:12.074718,CLO,2216441.jpg,2216441,2,0,NA
2216648_2,2022-10-27 12:32:20.151693,CLO,2216648.jpg,2216648,2,0,NA
2216640_2,2022-10-27 12:31:53.088596,CLO,2216640.jpg,2216640,2,0,NA
2216600_2,2022-10-27 12:31:28.807113,CLO,2216600.jpg,2216600,2,0,NA
2216443_2,2022-10-27 12:30:38.712049,CLO,2216443.jpg,2216443,2,0,NA
2216447_2,2022-10-27 11:56:19.001942,CLO,2216447.jpg,2216447,2,0,NA
2216420_2,2022-10-27 08:59:02.131034,CLO,2216420.jfif,2216420,2,0,NA
2216445_2,2022-10-27 08:52:18.498491,CLO,2216445.jpg,2216445,2,0,NA
2216446_2,2022-10-27 08:49:51.714072,CLO,2216446.jpg,2216446,2,0,NA
2216442_2,2022-10-27 08:16:30.686516,CLO,2216442.jpg,2216442,2,0,NA
2216431_2,2022-10-27 08:16:08.764179,CLO,2216431.jpg,2216431,2,0,NA
2216551_2,2022-10-27 08:15:58.060846,CLO,2216551.jpg,2216551,2,0,NA
2216548_2,2022-10-27 08:15:48.154359,CLO,2216548.jpg,2216548,2,0,NA
2216444_2,2022-10-27 08:15:37.872899,CLO,2216444.jpg,2216444,2,0,NA
2216531_2,2022-10-27 08:15:17.122564,CLO,2216531.jpg,2216531,2,0,NA
2216532_2,2022-10-27 08:14:57.278262,CLO,2216532.jpg,2216532,2,0,NA
2216622_2,2022-10-27 08:14:36.652806,CLO,2216622.jpg,2216622,2,0,NA
2216621_2,2022-10-27 08:14:16.621974,CLO,2216621.jpg,2216621,2,0,NA
2216533_2,2022-10-27 08:14:07.870954,CLO,2216533.jpg,2216533,2,0,NA
2216423_2,2022-10-27 08:13:56.777122,CLO,2216423.jpg,2216423,2,0,NA
2216434_2,2022-10-27 08:13:46.058164,CLO,2216434.jpg,2216434,2,0,NA
2216428_2,2022-10-27 08:13:35.573572,CLO,2216428.jpg,2216428,2,0,NA
2216512_2,2022-10-27 08:13:14.385653,CLO,2216512.jpg,2216512,2,0,NA
2216526_2,2022-10-27 08:08:11.131523,CLO,2216526.jpg,2216526,2,0,NA
2216519_2,2022-10-27 08:08:01.241272,CLO,2216519.jpg,2216519,2,0,NA
2216523_2,2022-10-27 08:07:26.412677,CLO,2216523.jpg,2216523,2,0,NA
2216528_2,2022-10-27 08:07:15.693895,CLO,2216528.jpg,2216528,2,0,NA
2216637_2,2022-10-27 08:06:10.740621,CLO,2216637.jpg,2216637,2,0,NA
2216449_2,2022-10-27 08:05:18.912381,CLO,2216449.jpg,2216449,2,0,NA
2216450_2,2022-10-27 08:04:20.396609,CLO,2216450.jpg,2216450,2,0,NA
2216451_2,2022-10-27 08:04:10.240358,CLO,2216451.jpg,2216451,2,0,NA
2216455_2,2022-10-27 08:03:59.084075,CLO,2216455.jpg,2216455,2,0,NA
2216452_2,2022-10-27 08:03:49.130929,CLO,2216452.jpg,2216452,2,0,NA
2216448_2,2022-10-27 08:03:17.569130,CLO,2216448.jpg,2216448,2,0,NA
0_0,2022-10-26 11:39:35.839372,IT,TeamsSetup_c_w_ (1).exe,0,0,1,NA
2216300_2,2022-10-26 10:28:18.326433,CLO,2216300.jpg,2216300,2,0,NA
2216299_2,2022-10-26 10:28:07.677036,CLO,2216299.jpg,2216299,2,0,NA
2216298_2,2022-10-26 10:27:56.075411,CLO,2216298.jpg,2216298,2,0,NA
2216301_2,2022-10-26 10:27:40.964327,CLO,2216301.jpg,2216301,2,0,NA
2216302_2,2022-10-26 10:27:28.059256,CLO,2216302.jpg,2216302,2,0,NA
2216381_2,2022-10-26 10:27:14.016740,CLO,2216381.jpg,2216381,2,0,NA
2216272_2,2022-10-25 15:14:54.874801,CLO,2216272.JPG,2216272,2,0,NA
2216264_2,2022-10-25 11:29:24.290282,SHO,2216264.jpg,2216264,2,0,NA
2216263_2,2022-10-25 11:16:45.508287,SHO,2216263.jpg,2216263,2,0,NA
2216261_2,2022-10-25 10:53:41.812078,SHO,2216261.jpg,2216261,2,0,NA
2216195_2,2022-10-24 14:37:47.550202,SHO,2216195.png,2216195,2,0,NA
2207105_2,2022-10-24 14:30:04.133778,CLO,2207105.jpg,2207105,2,0,NA
2210605_2,2022-10-24 14:29:42.618005,CLO,2210605.jpg,2210605,2,0,NA
2212786_2,2022-10-24 14:28:47.882156,CLO,2212786.jpg,2212786,2,0,NA
2104896_2,2022-10-24 14:28:12.131479,CLO,2104896 negro.jpg,2104896,2,0,NA
2201565_2,2022-10-24 14:27:23.442846,CLO,2201565 verde cazador.jpg,2201565,2,0,NA
2211340_2,2022-10-24 14:26:41.770057,CLO,2211340.jpg,2211340,2,0,NA
2211283_2,2022-10-24 14:25:27.252884,CLO,2211283.jpg,2211283,2,0,NA
2211623_2,2022-10-24 14:23:44.797513,CLO,2211623 negro.jpg,2211623,2,0,NA
2216178_2,2022-10-24 13:37:54.430531,SHO,2216178.png,2216178,2,0,NA
2216171_2,2022-10-24 13:33:22.065362,SHO,2216171.png,2216171,2,0,NA
2216167_2,2022-10-24 12:58:16.869561,SHO,2216167.jpg,2216167,2,0,NA
2216142_2,2022-10-24 12:56:06.866458,SHO,2216142.png,2216142,2,0,NA
2216162_2,2022-10-24 12:54:58.208693,SHO,2216162.jpg,2216162,2,0,NA
2216159_2,2022-10-24 12:45:38.259010,SHO,2216159.jpg,2216159,2,0,NA
2216156_2,2022-10-24 12:43:33.709485,SHO,2216156.jpg,2216156,2,0,NA
2216156_2,2022-10-24 12:43:24.162354,SHO,2216156.png,2216156,2,0,NA
2216146_2,2022-10-24 12:38:24.202781,SHO,2216146.jpg,2216146,2,0,NA
2216135_2,2022-10-24 12:06:46.775098,SHO,2216135.png,2216135,2,0,NA
2216130_2,2022-10-24 12:01:48.042583,SHO,2216130.png,2216130,2,0,NA
2216124_2,2022-10-24 11:53:17.040500,SHO,2216124.png,2216124,2,0,NA
2216034_2,2022-10-24 11:48:56.972811,CLO,2216034.jpg,2216034,2,0,NA
2216117_2,2022-10-24 11:46:16.687681,SHO,2216117.png,2216117,2,0,NA
2216067_2,2022-10-21 16:50:28.289448,CLO,2216067.jpg,2216067,2,0,NA
2216065_2,2022-10-21 16:40:08.119819,SHO,2216065.png,2216065,2,0,NA
2216061_2,2022-10-21 16:34:09.533951,SHO,2216061.png,2216061,2,0,NA
2216059_2,2022-10-21 16:29:34.856129,SHO,2216059.png,2216059,2,0,NA
2216055_2,2022-10-21 16:25:10.178537,SHO,2216055.png,2216055,2,0,NA
0_0,2022-10-21 13:48:44.012206,IT\AV\Bitdefender paquete PDV,installer.xml,0,0,0,NA
2215310_2,2022-10-21 12:06:06.902043,SHO,2215310.jpg,2215310,2,0,NA
2215135_2,2022-10-21 12:06:06.433016,SHO,2215135.jpg,2215135,2,0,NA
2215133_2,2022-10-21 12:06:05.948798,SHO,2215133.jpg,2215133,2,0,NA
2215131_2,2022-10-21 12:06:05.432871,SHO,2215131.jpg,2215131,2,0,NA
2214739_2,2022-10-21 12:06:04.932861,ACC,2214739.jpg,2214739,2,0,NA
2214736_2,2022-10-21 12:06:04.604728,ACC,2214736.jpg,2214736,2,0,NA
2214735_2,2022-10-21 12:06:04.245351,ACC,2214735.jpg,2214735,2,0,NA
2214733_2,2022-10-21 12:06:03.917224,ACC,2214733.jpg,2214733,2,0,NA
2214727_2,2022-10-21 12:06:03.401597,ACC,2214727.jpg,2214727,2,0,NA
2214707_2,2022-10-21 12:06:03.042237,ACC,2214707.jpg,2214707,2,0,NA
2214706_2,2022-10-21 12:06:02.667329,ACC,2214706.jpg,2214706,2,0,NA
2214705_2,2022-10-21 12:06:02.307901,ACC,2214705.jpg,2214705,2,0,NA
2214703_2,2022-10-21 12:06:01.948589,ACC,2214703.jpg,2214703,2,0,NA
2214699_2,2022-10-21 12:06:01.589213,ACC,2214699.jpg,2214699,2,0,NA
2213746_2,2022-10-21 12:06:01.167390,ACC,2213746.jpg,2213746,2,0,NA
2213745_2,2022-10-21 12:06:00.823578,ACC,2213745.jpg,2213745,2,0,NA
2214784_2,2022-10-21 12:06:00.448563,JEW,2214784.jpg,2214784,2,0,NA
2214782_2,2022-10-21 12:06:00.136097,JEW,2214782.jpg,2214782,2,0,NA
2214781_2,2022-10-21 12:05:59.760962,JEW,2214781.jpg,2214781,2,0,NA
2210087_2,2022-10-21 12:05:59.417369,JEW,2210087.jpg,2210087,2,0,NA
2214845_2,2022-10-21 12:05:58.932836,SHO,2214845.jpg,2214845,2,0,NA
2213786_2,2022-10-21 12:05:57.729712,SHO,2213786.jpg,2213786,2,0,NA
2213024_2,2022-10-21 12:05:57.401724,SHO,2213024.jpg,2213024,2,0,NA
2212411_2,2022-10-21 12:05:57.073462,SHO,2212411.jpg,2212411,2,0,NA
2212255_2,2022-10-21 12:05:56.573457,SHO,2212255.jpg,2212255,2,0,NA
2212217_2,2022-10-21 12:05:56.214079,SHO,2212217.jpg,2212217,2,0,NA
2210911_2,2022-10-21 12:05:55.854821,SHO,2210911.jpg,2210911,2,0,NA
2210910_2,2022-10-21 12:05:55.542319,SHO,2210910.jpg,2210910,2,0,NA
2210459_2,2022-10-21 12:05:55.198666,SHO,2210459.jpg,2210459,2,0,NA
2210454_2,2022-10-21 12:05:54.839082,SHO,2210454.jpg,2210454,2,0,NA
2210451_2,2022-10-21 12:05:54.495538,SHO,2210451.jpg,2210451,2,0,NA
2210449_2,2022-10-21 12:05:54.151602,SHO,2210449.jpg,2210449,2,0,NA
2210448_2,2022-10-21 12:05:53.807825,SHO,2210448.jpg,2210448,2,0,NA
2210447_2,2022-10-21 12:05:53.464072,SHO,2210447.jpg,2210447,2,0,NA
2210446_2,2022-10-21 12:05:53.151756,SHO,2210446.jpg,2210446,2,0,NA
2210445_2,2022-10-21 12:05:51.401560,SHO,2210445.jpg,2210445,2,0,NA
2209953_2,2022-10-21 12:05:51.042301,SHO,2209953.jpg,2209953,2,0,NA
2208443_2,2022-10-21 12:05:50.714079,SHO,2208443.jpg,2208443,2,0,NA
2208441_2,2022-10-21 12:05:50.229890,SHO,2208441.jpg,2208441,2,0,NA
2208436_2,2022-10-21 12:05:49.776608,SHO,2208436.jpg,2208436,2,0,NA
2208431_2,2022-10-21 12:05:49.120315,SHO,2208431.jpg,2208431,2,0,NA
2208428_2,2022-10-21 12:05:48.604690,SHO,2208428.jpg,2208428,2,0,NA
2208424_2,2022-10-21 12:05:46.620312,SHO,2208424.jpg,2208424,2,0,NA
2207570_2,2022-10-21 12:05:46.136024,SHO,2207570.jpg,2207570,2,0,NA
2207542_2,2022-10-21 12:05:45.620307,SHO,2207542.jpg,2207542,2,0,NA
2207478_2,2022-10-21 12:05:45.151561,SHO,2207478.jpg,2207478,2,0,NA
2207177_2,2022-10-21 12:05:44.417181,SHO,2207177.jpg,2207177,2,0,NA
2215274_2,2022-10-21 12:05:43.635927,CLO,2215274.jpg,2215274,2,0,NA
2215215_2,2022-10-21 12:05:41.823534,CLO,2215215.jpg,2215215,2,0,NA
2215203_2,2022-10-21 12:05:39.901546,CLO,2215203.jpg,2215203,2,0,NA
2215198_2,2022-10-21 12:05:37.917187,CLO,2215198.jpg,2215198,2,0,NA
2215047_2,2022-10-21 12:05:35.604661,CLO,2215047.jpg,2215047,2,0,NA
2214815_2,2022-10-21 12:05:29.557758,CLO,2214815.jpg,2214815,2,0,NA
2214629_2,2022-10-21 12:05:19.120233,CLO,2214629.jpg,2214629,2,0,NA
2214628_2,2022-10-21 12:05:16.620240,CLO,2214628.jpg,2214628,2,0,NA
2214598_2,2022-10-21 12:05:15.292114,CLO,2214598.jpg,2214598,2,0,NA
2214593_2,2022-10-21 12:05:14.198349,CLO,2214593.jpg,2214593,2,0,NA
2214587_2,2022-10-21 12:05:12.963978,CLO,2214587.jpg,2214587,2,0,NA
2214571_2,2022-10-21 12:05:12.104597,CLO,2214571.jpg,2214571,2,0,NA
2214323_2,2022-10-21 12:05:10.963973,CLO,2214323.jpg,2214323,2,0,NA
2213971_2,2022-10-21 12:05:08.995608,CLO,2213971.jpg,2213971,2,0,NA
2213969_2,2022-10-21 12:05:07.854665,CLO,2213969.jpg,2213969,2,0,NA
2213964_2,2022-10-21 12:05:06.198337,CLO,2213964.jpg,2213964,2,0,NA
2213958_2,2022-10-21 12:05:04.995223,CLO,2213958.jpg,2213958,2,0,NA
2213956_2,2022-10-21 12:05:02.401446,CLO,2213956.jpg,2213956,2,0,NA
2213953_2,2022-10-21 12:05:00.073322,CLO,2213953.jpg,2213953,2,0,NA
2213949_2,2022-10-21 12:04:56.838951,CLO,2213949.jpg,2213949,2,0,NA
2213945_2,2022-10-21 12:04:55.635815,CLO,2213945.jpg,2213945,2,0,NA
2213839_2,2022-10-21 12:04:54.260805,CLO,2213839.jpg,2213839,2,0,NA
2213832_2,2022-10-21 12:04:53.104555,CLO,2213832.jpg,2213832,2,0,NA
2213831_2,2022-10-21 12:04:51.885897,CLO,2213831.jpg,2213831,2,0,NA
2213822_2,2022-10-21 12:04:50.760828,CLO,2213822.jpg,2213822,2,0,NA
2213473_2,2022-10-21 12:04:49.417089,CLO,2213473.jpg,2213473,2,0,NA
2213205_2,2022-10-21 12:04:48.557740,CLO,2213205.jpg,2213205,2,0,NA
2213066_2,2022-10-21 12:04:46.479854,CLO,2213066.jpg,2213066,2,0,NA
2212107_2,2022-10-21 12:04:45.747137,CLO,2212107.jpg,2212107,2,0,NA
2212104_2,2022-10-21 12:04:44.854937,CLO,2212104.jpg,2212104,2,0,NA
2212103_2,2022-10-21 12:04:43.901426,CLO,2212103.jpg,2212103,2,0,NA
2212098_2,2022-10-21 12:04:42.963915,CLO,2212098.jpg,2212098,2,0,NA
2212090_2,2022-10-21 12:04:42.276444,CLO,2212090.jpg,2212090,2,0,NA
2212089_2,2022-10-21 12:04:41.917031,CLO,2212089.jpg,2212089,2,0,NA
2212088_2,2022-10-21 12:04:41.557680,CLO,2212088.jpg,2212088,2,0,NA
2212087_2,2022-10-21 12:04:41.167233,CLO,2212087.jpg,2212087,2,0,NA
2212076_2,2022-10-21 12:04:39.307670,CLO,2212076.jpg,2212076,2,0,NA
2212075_2,2022-10-21 12:04:37.698290,CLO,2212075.jpg,2212075,2,0,NA
2212074_2,2022-10-21 12:04:36.401399,CLO,2212074.jpg,2212074,2,0,NA
2212073_2,2022-10-21 12:04:35.542060,CLO,2212073.jpg,2212073,2,0,NA
2211978_2,2022-10-21 12:04:33.479621,CLO,2211978.jpg,2211978,2,0,NA
2211977_2,2022-10-21 12:04:33.151606,CLO,2211977.jpg,2211977,2,0,NA
2211976_2,2022-10-21 12:04:32.839115,CLO,2211976.jpg,2211976,2,0,NA
2210953_2,2022-10-21 12:04:32.198291,CLO,2210953.jpg,2210953,2,0,NA
2210698_2,2022-10-21 12:04:30.932636,CLO,2210698.jpg,2210698,2,0,NA
2210671_2,2022-10-21 12:04:29.792199,CLO,2210671.jpg,2210671,2,0,NA
2210668_2,2022-10-21 12:04:29.167144,CLO,2210668.jpg,2210668,2,0,NA
2210656_2,2022-10-21 12:04:28.573370,CLO,2210656.jpg,2210656,2,0,NA
2210654_2,2022-10-21 12:04:28.010746,CLO,2210654.jpg,2210654,2,0,NA
2210650_2,2022-10-21 12:04:27.354495,CLO,2210650.jpg,2210650,2,0,NA
2210630_2,2022-10-21 12:04:26.745134,CLO,2210630.jpg,2210630,2,0,NA
2210629_2,2022-10-21 12:04:26.073256,CLO,2210629.jpg,2210629,2,0,NA
2210025_2,2022-10-21 12:04:24.713864,CLO,2210025.jpg,2210025,2,0,NA
2208719_2,2022-10-21 12:04:24.151445,CLO,2208719.jpg,2208719,2,0,NA
2208463_2,2022-10-21 12:04:22.526370,CLO,2208463.jpg,2208463,2,0,NA
2206408_2,2022-10-21 12:04:22.104490,CLO,2206408.jpg,2206408,2,0,NA
2206385_2,2022-10-21 12:04:20.791982,CLO,2206385.jpg,2206385,2,0,NA
2206375_2,2022-10-21 12:04:18.557644,CLO,2206375.jpg,2206375,2,0,NA
2206347_2,2022-10-21 12:04:16.870094,CLO,2206347.jpg,2206347,2,0,NA
2205810_2,2022-10-21 12:04:15.135764,CLO,2205810.jpg,2205810,2,0,NA
2205701_2,2022-10-21 12:04:14.166966,CLO,2205701.jpg,2205701,2,0,NA
2205016_2,2022-10-21 12:04:12.979464,CLO,2205016.jpg,2205016,2,0,NA
2205013_2,2022-10-21 12:04:12.104462,CLO,2205013.jpg,2205013,2,0,NA
2203777_2,2022-10-21 12:04:11.338879,CLO,2203777.jpg,2203777,2,0,NA
2202845_2,2022-10-21 12:04:10.760838,CLO,2202845.jpg,2202845,2,0,NA
2215497_2,2022-10-21 12:04:09.573229,JEW,2215497.jpg,2215497,2,0,NA
2215494_2,2022-10-21 12:04:09.151473,JEW,2215494.jpg,2215494,2,0,NA
2215493_2,2022-10-21 12:04:08.651473,JEW,2215493.jpg,2215493,2,0,NA
2215487_2,2022-10-21 12:04:08.182851,JEW,2215487.jpg,2215487,2,0,NA
2215486_2,2022-10-21 12:04:07.713847,JEW,2215486.jpg,2215486,2,0,NA
2215478_2,2022-10-21 12:04:07.229672,JEW,2215478.jpg,2215478,2,0,NA
2215477_2,2022-10-21 12:04:06.729506,JEW,2215477.jpg,2215477,2,0,NA
2215476_2,2022-10-21 12:04:06.260691,JEW,2215476.jpg,2215476,2,0,NA
2215475_2,2022-10-21 12:04:05.885708,JEW,2215475.jpg,2215475,2,0,NA
2215473_2,2022-10-21 12:04:05.463821,JEW,2215473.jpg,2215473,2,0,NA
2215472_2,2022-10-21 12:04:05.026321,JEW,2215472.jpg,2215472,2,0,NA
2215471_2,2022-10-21 12:04:04.604447,JEW,2215471.jpg,2215471,2,0,NA
2215470_2,2022-10-21 12:04:04.182569,JEW,2215470.jpg,2215470,2,0,NA
2215468_2,2022-10-21 12:04:03.588815,JEW,2215468.jpg,2215468,2,0,NA
2215467_2,2022-10-21 12:04:03.167003,JEW,2215467.jpg,2215467,2,0,NA
2215465_2,2022-10-21 12:04:02.651321,JEW,2215465.jpg,2215465,2,0,NA
2215462_2,2022-10-21 12:04:02.151350,JEW,2215462.jpg,2215462,2,0,NA
2215459_2,2022-10-21 12:04:01.666977,JEW,2215459.jpg,2215459,2,0,NA
2214580_2,2022-10-21 12:04:01.229439,JEW,2214580.jpg,2214580,2,0,NA
2214579_2,2022-10-21 12:04:00.901316,JEW,2214579.jpg,2214579,2,0,NA
2214578_2,2022-10-21 12:04:00.588839,JEW,2214578.jpg,2214578,2,0,NA
2213935_2,2022-10-21 12:04:00.260683,JEW,2213935.jpg,2213935,2,0,NA
2213929_2,2022-10-21 12:03:59.916937,JEW,2213929.jpg,2213929,2,0,NA
2213921_2,2022-10-21 12:03:59.588805,JEW,2213921.jpg,2213921,2,0,NA
2213917_2,2022-10-21 12:03:59.260686,JEW,2213917.jpg,2213917,2,0,NA
2213890_2,2022-10-21 12:03:58.901394,JEW,2213890.jpg,2213890,2,0,NA
2213889_2,2022-10-21 12:03:58.510684,JEW,2213889.jpg,2213889,2,0,NA
2213887_2,2022-10-21 12:03:58.182551,JEW,2213887.jpg,2213887,2,0,NA
2213886_2,2022-10-21 12:03:57.838807,JEW,2213886.jpg,2213886,2,0,NA
2213885_2,2022-10-21 12:03:57.510676,JEW,2213885.jpg,2213885,2,0,NA
2213870_2,2022-10-21 12:03:57.198279,JEW,2213870.jpg,2213870,2,0,NA
2213553_2,2022-10-21 12:03:56.885700,JEW,2213553.jpg,2213553,2,0,NA
2213551_2,2022-10-21 12:03:56.510696,JEW,2213551.jpg,2213551,2,0,NA
2213547_2,2022-10-21 12:03:56.135788,JEW,2213547.jpg,2213547,2,0,NA
2213504_2,2022-10-21 12:03:55.823182,JEW,2213504.jpg,2213504,2,0,NA
2213452_2,2022-10-21 12:03:55.495057,JEW,2213452.jpg,2213452,2,0,NA
2213451_2,2022-10-21 12:03:55.182550,JEW,2213451.jpg,2213451,2,0,NA
2213450_2,2022-10-21 12:03:54.823176,JEW,2213450.jpg,2213450,2,0,NA
2213449_2,2022-10-21 12:03:54.495075,JEW,2213449.jpg,2213449,2,0,NA
2213446_2,2022-10-21 12:03:54.182751,JEW,2213446.jpg,2213446,2,0,NA
2213442_2,2022-10-21 12:03:53.729419,JEW,2213442.jpg,2213442,2,0,NA
2212947_2,2022-10-21 12:03:53.338832,JEW,2212947.jpg,2212947,2,0,NA
2212945_2,2022-10-21 12:03:52.995087,JEW,2212945.jpg,2212945,2,0,NA
2212943_2,2022-10-21 12:03:52.666918,JEW,2212943.jpg,2212943,2,0,NA
2212761_2,2022-10-21 12:03:52.354486,JEW,2212761.jpg,2212761,2,0,NA
2212681_2,2022-10-21 12:03:52.057546,JEW,2212681.jpg,2212681,2,0,NA
2211924_2,2022-10-21 12:03:51.729418,JEW,2211924.jpg,2211924,2,0,NA
2208364_2,2022-10-21 12:03:51.370044,JEW,2208364.jpg,2208364,2,0,NA
2208360_2,2022-10-21 12:03:51.073171,JEW,2208360.jpg,2208360,2,0,NA
2208068_2,2022-10-21 12:03:50.745068,JEW,2208068.jpg,2208068,2,0,NA
2207994_2,2022-10-21 12:03:50.432534,JEW,2207994.jpg,2207994,2,0,NA
2207793_2,2022-10-21 12:03:50.104413,JEW,2207793.jpg,2207793,2,0,NA
2207786_2,2022-10-21 12:03:49.776344,JEW,2207786.jpg,2207786,2,0,NA
2207737_2,2022-10-21 12:03:49.291930,JEW,2207737.jpg,2207737,2,0,NA
2207731_2,2022-10-21 12:03:48.776460,JEW,2207731.jpg,2207731,2,0,NA
2207729_2,2022-10-21 12:03:48.245344,JEW,2207729.jpg,2207729,2,0,NA
2200402_2,2022-10-21 12:03:47.791916,JEW,2200402.jpg,2200402,2,0,NA
2110265_2,2022-10-21 12:03:47.307555,JEW,2110265.jpg,2110265,2,0,NA
2105584_2,2022-10-21 12:03:46.635701,JEW,2105584.jpg,2105584,2,0,NA
2214801_2,2022-10-21 12:03:46.307601,CLO,2214801.jpg,2214801,2,0,NA
2214789_2,2022-10-21 12:03:45.104639,CLO,2214789.jpg,2214789,2,0,NA
2214786_2,2022-10-21 12:03:43.276277,CLO,2214786.jpg,2214786,2,0,NA
2214778_2,2022-10-21 12:03:41.526306,CLO,2214778.jpg,2214778,2,0,NA
2214759_2,2022-10-21 12:03:40.448143,CLO,2214759.jpg,2214759,2,0,NA
2214636_2,2022-10-21 12:03:38.713818,CLO,2214636.jpg,2214636,2,0,NA
2213999_2,2022-10-21 12:03:37.151330,CLO,2213999.jpg,2213999,2,0,NA
2213998_2,2022-10-21 12:03:35.901363,CLO,2213998.jpg,2213998,2,0,NA
2213990_2,2022-10-21 12:03:34.104602,CLO,2213990.jpg,2213990,2,0,NA
2213874_2,2022-10-21 12:03:31.370216,CLO,2213874.jpg,2213874,2,0,NA
2213872_2,2022-10-21 12:03:27.729688,CLO,2213872.jpg,2213872,2,0,NA
2213871_2,2022-10-21 12:03:25.792245,CLO,2213871.jpg,2213871,2,0,NA
2213868_2,2022-10-21 12:03:24.745379,CLO,2213868.jpg,2213868,2,0,NA
2213867_2,2022-10-21 12:03:22.167313,CLO,2213867.jpg,2213867,2,0,NA
2213865_2,2022-10-21 12:03:21.261145,CLO,2213865.jpg,2213865,2,0,NA
2213859_2,2022-10-21 12:03:20.073611,CLO,2213859.jpg,2213859,2,0,NA
2213123_2,2022-10-21 12:03:18.995508,CLO,2213123.jpg,2213123,2,0,NA
2213122_2,2022-10-21 12:03:17.933039,CLO,2213122.jpg,2213122,2,0,NA
2212813_2,2022-10-21 12:03:16.933091,CLO,2212813.jpg,2212813,2,0,NA
2212305_2,2022-10-21 12:03:15.980121,CLO,2212305.jpg,2212305,2,0,NA
2208503_2,2022-10-21 12:03:14.308756,CLO,2208503.jpg,2208503,2,0,NA
2113128_2,2022-10-21 12:03:12.058172,CLO,2113128.jpg,2113128,2,0,NA
2109056_2,2022-10-21 12:03:09.543949,CLO,2109056.jpg,2109056,2,0,NA
2107841_2,2022-10-21 12:03:08.448896,CLO,2107841.jpg,2107841,2,0,NA
2011161_2,2022-10-21 12:03:06.761443,CLO,2011161.jpg,2011161,2,0,NA
2214109_2,2022-10-21 12:03:05.745943,BEAUTY,2214109.jpg,2214109,2,0,NA
2214108_2,2022-10-21 12:03:05.261462,BEAUTY,2214108.jpg,2214108,2,0,NA
2214103_2,2022-10-21 12:03:04.714601,BEAUTY,2214103.jpg,2214103,2,0,NA
2213908_2,2022-10-21 12:03:04.136559,BEAUTY,2213908.jpg,2213908,2,0,NA
2212068_2,2022-10-21 12:03:03.042768,BEAUTY,2212068.jpg,2212068,2,0,NA
2204965_2,2022-10-21 12:03:02.683447,BEAUTY,2204965.jpg,2204965,2,0,NA
2204813_2,2022-10-21 12:03:01.980309,BEAUTY,2204813.jpg,2204813,2,0,NA
2200257_2,2022-10-21 12:03:01.355297,BEAUTY,2200257.jpg,2200257,2,0,NA
1808183_1,2022-10-21 12:03:01.011564,BEAUTY,1808183.jpg,1808183,1,0,NA
2215383_2,2022-10-21 12:02:59.622243,ACC,2215383.jpg,2215383,2,0,NA
2215382_2,2022-10-21 12:02:59.042932,ACC,2215382.jpg,2215382,2,0,NA
2215381_2,2022-10-21 12:02:58.558499,ACC,2215381.jpg,2215381,2,0,NA
2215380_2,2022-10-21 12:02:58.089750,ACC,2215380.jpg,2215380,2,0,NA
2215379_2,2022-10-21 12:02:57.652279,ACC,2215379.jpg,2215379,2,0,NA
2215378_2,2022-10-21 12:02:57.167938,ACC,2215378.jpg,2215378,2,0,NA
2215377_2,2022-10-21 12:02:56.761670,ACC,2215377.jpg,2215377,2,0,NA
2215376_2,2022-10-21 12:02:56.292930,ACC,2215376.jpg,2215376,2,0,NA
2215375_2,2022-10-21 12:02:55.824183,ACC,2215375.jpg,2215375,2,0,NA
2215374_2,2022-10-21 12:02:55.402472,ACC,2215374.jpg,2215374,2,0,NA
2215373_2,2022-10-21 12:02:54.996289,ACC,2215373.jpg,2215373,2,0,NA
2215340_2,2022-10-21 12:02:54.589830,ACC,2215340.jpg,2215340,2,0,NA
2215339_2,2022-10-21 12:02:54.152474,ACC,2215339.jpg,2215339,2,0,NA
2215338_2,2022-10-21 12:02:53.480527,ACC,2215338.jpg,2215338,2,0,NA
2215337_2,2022-10-21 12:02:52.355512,ACC,2215337.jpg,2215337,2,0,NA
2215335_2,2022-10-21 12:02:51.855523,ACC,2215335.jpg,2215335,2,0,NA
2215118_2,2022-10-21 12:02:51.433658,ACC,2215118.jpg,2215118,2,0,NA
2215116_2,2022-10-21 12:02:51.011802,ACC,2215116.jpg,2215116,2,0,NA
2215094_2,2022-10-21 12:02:50.480593,ACC,2215094.jpg,2215094,2,0,NA
2215091_2,2022-10-21 12:02:50.074315,ACC,2215091.jpg,2215091,2,0,NA
2215090_2,2022-10-21 12:02:49.543110,ACC,2215090.jpg,2215090,2,0,NA
2214952_2,2022-10-21 12:02:49.105661,ACC,2214952.jpg,2214952,2,0,NA
2214951_2,2022-10-21 12:02:48.543094,ACC,2214951.jpg,2214951,2,0,NA
2214946_2,2022-10-21 12:02:47.980602,ACC,2214946.jpg,2214946,2,0,NA
2214945_2,2022-10-21 12:02:47.590008,ACC,2214945.jpg,2214945,2,0,NA
2214870_2,2022-10-21 12:02:47.246281,ACC,2214870.jpg,2214870,2,0,NA
2214645_2,2022-10-21 12:02:46.840079,ACC,2214645.jpg,2214645,2,0,NA
2213896_2,2022-10-21 12:02:46.480635,ACC,2213896.jpg,2213896,2,0,NA
2213813_2,2022-10-21 12:02:46.136888,ACC,2213813.jpg,2213813,2,0,NA
2213682_2,2022-10-21 12:02:44.183842,ACC,2213682.jpg,2213682,2,0,NA
2213678_2,2022-10-21 12:02:43.324476,ACC,2213678.jpg,2213678,2,0,NA
2213524_2,2022-10-21 12:02:42.998530,ACC,2213524.jpg,2213524,2,0,NA
2213523_2,2022-10-21 12:02:42.511972,ACC,2213523.jpg,2213523,2,0,NA
2213458_2,2022-10-21 12:02:42.058867,ACC,2213458.jpg,2213458,2,0,NA
2213457_2,2022-10-21 12:02:41.543264,ACC,2213457.jpg,2213457,2,0,NA
2213456_2,2022-10-21 12:02:41.058895,ACC,2213456.jpg,2213456,2,0,NA
2213455_2,2022-10-21 12:02:40.574535,ACC,2213455.jpg,2213455,2,0,NA
2213454_2,2022-10-21 12:02:40.027772,ACC,2213454.jpg,2213454,2,0,NA
2213447_2,2022-10-21 12:02:39.465172,ACC,2213447.jpg,2213447,2,0,NA
2212791_2,2022-10-21 12:02:39.105833,ACC,2212791.jpg,2212791,2,0,NA
2212788_2,2022-10-21 12:02:38.559123,ACC,2212788.jpg,2212788,2,0,NA
2211058_2,2022-10-21 12:02:38.043360,ACC,2211058.jpg,2211058,2,0,NA
2209180_2,2022-10-21 12:02:37.527715,ACC,2209180.jpg,2209180,2,0,NA
2209142_2,2022-10-21 12:02:37.215249,ACC,2209142.jpg,2209142,2,0,NA
2209141_2,2022-10-21 12:02:36.762149,ACC,2209141.jpg,2209141,2,0,NA
2209079_2,2022-10-21 12:02:36.199650,ACC,2209079.jpg,2209079,2,0,NA
2209069_2,2022-10-21 12:02:35.715326,ACC,2209069.jpg,2209069,2,0,NA
2209065_2,2022-10-21 12:02:35.105903,ACC,2209065.jpg,2209065,2,0,NA
2209010_2,2022-10-21 12:02:34.590379,ACC,2209010.jpg,2209010,2,0,NA
2209008_2,2022-10-21 12:02:34.105934,ACC,2209008.jpg,2209008,2,0,NA
2208822_2,2022-10-21 12:02:33.590316,ACC,2208822.jpg,2208822,2,0,NA
2207863_2,2022-10-21 12:02:33.027831,ACC,2207863.jpg,2207863,2,0,NA
2207769_2,2022-10-21 12:02:32.168601,ACC,2207769.jpg,2207769,2,0,NA
2207765_2,2022-10-21 12:02:31.684130,ACC,2207765.jpg,2207765,2,0,NA
2207763_2,2022-10-21 12:02:31.168511,ACC,2207763.jpg,2207763,2,0,NA
2207761_2,2022-10-21 12:02:29.637285,ACC,2207761.jpg,2207761,2,0,NA
2207736_2,2022-10-21 12:02:29.043547,ACC,2207736.jpg,2207736,2,0,NA
2207735_2,2022-10-21 12:02:27.918689,ACC,2207735.jpg,2207735,2,0,NA
2207706_2,2022-10-21 12:02:25.934438,ACC,2207706.jpg,2207706,2,0,NA
2207705_2,2022-10-21 12:02:24.590525,ACC,2207705.jpg,2207705,2,0,NA
2207704_2,2022-10-21 12:02:23.012428,ACC,2207704.jpg,2207704,2,0,NA
2207702_2,2022-10-21 12:02:22.309319,ACC,2207702.jpg,2207702,2,0,NA
2207698_2,2022-10-21 12:02:21.809337,ACC,2207698.jpg,2207698,2,0,NA
2200942_2,2022-10-21 12:02:21.199973,ACC,2200942.jpg,2200942,2,0,NA
2116108_2,2022-10-21 12:02:20.747056,ACC,2116108.jpg,2116108,2,0,NA
2116077_2,2022-10-21 12:02:19.809379,ACC,2116077.jpg,2116077,2,0,NA
2116074_2,2022-10-21 12:02:19.481265,ACC,2116074.jpg,2116074,2,0,NA
2115965_2,2022-10-21 12:02:19.154328,ACC,2115965.jpg,2115965,2,0,NA
2115964_2,2022-10-21 12:02:18.621912,ACC,2115964.jpg,2115964,2,0,NA
2115963_2,2022-10-21 12:02:18.090935,ACC,2115963.jpg,2115963,2,0,NA
2115943_2,2022-10-21 12:02:17.746934,ACC,2115943.jpg,2115943,2,0,NA
2115650_2,2022-10-21 12:02:17.262573,ACC,2115650.jpg,2115650,2,0,NA
2115644_2,2022-10-21 12:02:15.965745,ACC,2115644.jpg,2115644,2,0,NA
2115590_2,2022-10-21 12:02:14.247004,ACC,2115590.jpg,2115590,2,0,NA
2112821_2,2022-10-21 12:02:13.340911,ACC,2112821.jpg,2112821,2,0,NA
2111767_2,2022-10-21 12:02:12.856416,ACC,2111767.jpg,2111767,2,0,NA
2106006_2,2022-10-21 12:02:12.309570,ACC,2106006.jpg,2106006,2,0,NA
2106004_2,2022-10-21 12:02:11.840825,ACC,2106004.jpg,2106004,2,0,NA
2102345_2,2022-10-21 12:02:11.262716,ACC,2102345.jpg,2102345,2,0,NA
1909314_1,2022-10-21 12:02:10.153353,ACC,1909314.jpg,1909314,1,0,NA
1908709_1,2022-10-21 12:02:09.841167,ACC,1908709.jpg,1908709,1,0,NA
1907264_1,2022-10-21 12:02:09.403387,ACC,1907264.jpg,1907264,1,0,NA
1905315_1,2022-10-21 12:02:08.653386,ACC,1905315.jpg,1905315,1,0,NA
1902293_1,2022-10-21 12:02:08.044023,ACC,1902293.jpg,1902293,1,0,NA
1902292_1,2022-10-21 12:02:07.653409,ACC,1902292.jpg,1902292,1,0,NA
1803580_1,2022-10-21 12:02:06.934698,ACC,1803580.jpg,1803580,1,0,NA
1803561_1,2022-10-21 12:02:06.262819,ACC,1803561.jpg,1803561,1,0,NA
1709934_1,2022-10-21 12:02:05.825342,ACC,1709934.jpg,1709934,1,0,NA
1704639_1,2022-10-21 12:02:05.512833,ACC,1704639.jpg,1704639,1,0,NA
1502381_1,2022-10-21 12:02:04.669104,ACC,1502381.jpg,1502381,1,0,NA
1502380_1,2022-10-21 12:02:04.247248,ACC,1502380.jpg,1502380,1,0,NA
1502378_1,2022-10-21 12:02:02.950391,ACC,1502378.jpg,1502378,1,0,NA
2216011_2,2022-10-20 16:11:37.462114,CLO,2216011.jpg,2216011,2,0,NA
2216260_2,2022-10-20 16:08:31.068632,CLO,2216260.jpeg,2216260,2,0,NA
2216030_2,2022-10-20 16:07:01.599500,CLO,2216030.jpeg,2216030,2,0,NA
2216270_2,2022-10-20 16:06:23.862691,CLO,2216270.jpeg,2216270,2,0,NA
2216014_2,2022-10-20 16:00:01.182696,CLO,2216014.jpg,2216014,2,0,NA
2216012_2,2022-10-20 15:59:52.338343,CLO,2216012.jpg,2216012,2,0,NA
2216015_2,2022-10-20 15:59:45.760283,CLO,2216015.jpg,2216015,2,0,NA
2216265_2,2022-10-20 15:58:05.024645,CLO,2216265.jpeg,2216265,2,0,NA
2216005_2,2022-10-20 15:58:02.584155,CLO,2216005.jpeg,2216005,2,0,NA
2216310_2,2022-10-20 15:57:57.306442,CLO,2216310.jpeg,2216310,2,0,NA
2216026_2,2022-10-20 15:57:54.774232,CLO,2216026.jpeg,2216026,2,0,NA
2216028_2,2022-10-20 15:57:52.172413,CLO,2216028.jpeg,2216028,2,0,NA
2216004_2,2022-10-20 15:57:46.150698,CLO,2216004.jpeg,2216004,2,0,NA
2216003_2,2022-10-20 15:57:44.022553,CLO,2216003.jpeg,2216003,2,0,NA
2216002_2,2022-10-20 15:57:40.442736,CLO,2216002.jpeg,2216002,2,0,NA
2216001_2,2022-10-20 15:57:38.239754,CLO,2216001.jpeg,2216001,2,0,NA
2216027_2,2022-10-20 15:57:35.672730,CLO,2216027.jpeg,2216027,2,0,NA
2216269_2,2022-10-20 15:14:22.517759,CLO,2216269.jpg,2216269,2,0,NA
2216268_2,2022-10-20 15:14:15.173800,CLO,2216268.jpg,2216268,2,0,NA
2216267_2,2022-10-20 15:14:06.814474,CLO,2216267.jpg,2216267,2,0,NA
2216000_2,2022-10-20 15:13:45.470027,CLO,2216000.jpg,2216000,2,0,NA
2216007_2,2022-10-20 15:13:28.532226,CLO,2216007.jpg,2216007,2,0,NA
2216035_2,2022-10-20 15:13:09.797568,CLO,2216035.jpg,2216035,2,0,NA
2216022_2,2022-10-20 15:12:15.359253,CLO,2216022.jpg,2216022,2,0,NA
2216042_2,2022-10-20 15:11:59.062181,CLO,2216042.jpg,2216042,2,0,NA
2216043_2,2022-10-20 15:11:51.265137,CLO,2216043.jpg,2216043,2,0,NA
2216271_2,2022-10-20 15:11:28.139780,CLO,2216271.jpg,2216271,2,0,NA
2215995_2,2022-10-20 12:01:33.522389,CLO,2215995.jpg,2215995,2,0,NA
2216018_2,2022-10-20 12:01:22.195283,CLO,2216018.jpg,2216018,2,0,NA
2215994_2,2022-10-20 12:01:05.533624,CLO,2215994.jpg,2215994,2,0,NA
2216020_2,2022-10-20 12:00:53.934667,CLO,2216020.jpg,2216020,2,0,NA
2215996_2,2022-10-20 12:00:43.986618,CLO,2215996.jpg,2215996,2,0,NA
2215999_2,2022-10-20 11:59:56.365348,CLO,2215999.jpg,2215999,2,0,NA
2216016_2,2022-10-20 08:18:03.690925,CLO,2216016.jpg,2216016,2,0,NA
2216010_2,2022-10-20 08:17:52.159120,CLO,2216010.jpg,2216010,2,0,NA
2216024_2,2022-10-20 08:17:39.643323,CLO,2216024.jpg,2216024,2,0,NA
2216021_2,2022-10-20 08:17:11.033202,CLO,2216021.jpg,2216021,2,0,NA
2216008_2,2022-10-20 08:13:01.309645,CLO,2216008.jpg,2216008,2,0,NA
2216049_2,2022-10-19 19:01:46.389746,CLO,2216049.jpg,2216049,2,0,NA
2216017_2,2022-10-19 18:47:17.467129,CLO,2216017.jpg,2216017,2,0,NA
2216019_2,2022-10-19 18:46:58.076102,CLO,2216019.jpg,2216019,2,0,NA
2216013_2,2022-10-19 18:46:35.013105,CLO,2216013.jpg,2216013,2,0,NA
2215963_2,2022-10-19 14:19:02.641425,CLO,2215963.jfif,2215963,2,0,NA
2215962_2,2022-10-19 14:18:56.531927,CLO,2215962.jfif,2215962,2,0,NA
2215961_2,2022-10-19 14:18:51.234968,CLO,2215961.jfif,2215961,2,0,NA
2215960_2,2022-10-19 12:46:06.565352,CLO,2215960.jpg,2215960,2,0,NA
2215959_2,2022-10-19 12:45:47.627541,CLO,2215959.jpg,2215959,2,0,NA
2215958_2,2022-10-19 12:23:45.958435,CLO,2215958.jpg,2215958,2,0,NA
2215993_2,2022-10-19 12:21:26.475539,CLO,2215993.jpg,2215993,2,0,NA
2215992_2,2022-10-19 12:21:15.532294,CLO,2215992.jpg,2215992,2,0,NA
2215990_2,2022-10-19 12:21:00.056810,CLO,2215990.jpg,2215990,2,0,NA
2215985_2,2022-10-19 12:18:18.607485,CLO,2215985.png,2215985,2,0,NA
2215957_2,2022-10-19 12:18:00.716461,CLO,2215957.jpg,2215957,2,0,NA
2215956_2,2022-10-19 11:18:35.534664,SHO,2215956.jpg,2215956,2,0,NA
2215955_2,2022-10-19 11:05:50.273112,SHO,2215955.jpg,2215955,2,0,NA
2215954_2,2022-10-19 11:00:26.777218,SHO,2215954.jpg,2215954,2,0,NA
2215953_2,2022-10-19 10:54:42.025006,SHO,2215953.jpg,2215953,2,0,NA
2215952_2,2022-10-19 10:53:16.288451,SHO,2215952.jpg,2215952,2,0,NA
2215951_2,2022-10-19 10:50:25.456809,SHO,2215951.jpg,2215951,2,0,NA
2215950_2,2022-10-19 10:42:17.133601,SHO,2215950.jpg,2215950,2,0,NA
2215947_2,2022-10-19 10:38:48.222850,SHO,2215947.jpg,2215947,2,0,NA
2215945_2,2022-10-19 10:34:57.967888,SHO,2215945.jpg,2215945,2,0,NA
2215943_2,2022-10-19 10:32:26.089593,SHO,2215943.jpg,2215943,2,0,NA
2215940_2,2022-10-19 10:29:56.055116,SHO,2215940.jpg,2215940,2,0,NA
2215937_2,2022-10-19 10:27:17.145427,SHO,2215937.jpg,2215937,2,0,NA
0_2,2022-10-19 10:27:06.629700,SHO,20034-08.jpg,0,2,0,NA
2215936_2,2022-10-19 10:14:30.910150,SHO,2215936.jpg,2215936,2,0,NA
2215935_2,2022-10-19 10:08:48.107624,SHO,2215935.jpg,2215935,2,0,NA
2215930_2,2022-10-19 10:06:33.013221,SHO,2215930.jpg,2215930,2,0,NA
2215932_2,2022-10-19 08:53:40.176082,SHO,2215932.jpg,2215932,2,0,NA
2215932_2,2022-10-19 08:53:28.878782,SHO,2215932.png,2215932,2,0,NA
2215931_2,2022-10-19 08:50:11.749538,SHO,2215931.jpg,2215931,2,0,NA
2215929_2,2022-10-18 22:23:55.541782,SHO,2215929.jpg,2215929,2,0,NA
2215928_2,2022-10-18 22:23:47.791777,SHO,2215928.png,2215928,2,0,NA
2215927_2,2022-10-18 22:23:36.947576,SHO,2215927.png,2215927,2,0,NA
2215926_2,2022-10-18 22:23:22.541017,SHO,2215926.jpg,2215926,2,0,NA
2215925_2,2022-10-18 22:23:08.134439,SHO,2215925.jpg,2215925,2,0,NA
2215924_2,2022-10-18 22:22:58.993618,SHO,2215924.jpg,2215924,2,0,NA
2215923_2,2022-10-18 22:22:48.540514,SHO,2215923.jpg,2215923,2,0,NA
2215922_2,2022-10-18 22:22:36.008735,SHO,2215922.jpg,2215922,2,0,NA
2215921_2,2022-10-18 22:21:40.710819,SHO,2215921.jpg,2215921,2,0,NA
2215920_2,2022-10-18 22:19:00.222842,SHO,2215920.jpg,2215920,2,0,NA
2215919_2,2022-10-18 22:16:00.156493,SHO,2215919.jpg,2215919,2,0,NA
2215918_2,2022-10-18 18:43:00.245137,SHO,2215918.jpg,2215918,2,0,NA
2215917_2,2022-10-18 18:38:50.083497,SHO,2215917.jpg,2215917,2,0,NA
2215916_2,2022-10-18 18:35:11.781842,SHO,2215916.jpg,2215916,2,0,NA
2215915_2,2022-10-18 18:31:08.479843,SHO,2215915.jpg,2215915,2,0,NA
2215914_2,2022-10-18 18:25:49.785347,SHO,2215914.jpg,2215914,2,0,NA
2215786_2,2022-10-16 16:39:55.476017,CLO,2215786.jpg,2215786,2,0,NA
2215831_2,2022-10-14 19:55:56.337324,CLO,2215831.jpeg,2215831,2,0,NA
2215808_2,2022-10-14 18:34:15.263277,CLO,2215808.jfif,2215808,2,0,NA
2215789_2,2022-10-14 17:52:05.881593,CLO,2215789.jpg,2215789,2,0,NA
2215782_2,2022-10-14 14:10:59.172114,SHO,2215782.jpg,2215782,2,0,NA
2215780_2,2022-10-14 14:05:46.099707,SHO,2215780.jpg,2215780,2,0,NA
2215826_2,2022-10-14 13:59:32.285686,CLO,2215826.jpg,2215826,2,0,NA
2215778_2,2022-10-14 13:57:30.593623,SHO,2215778.jpg,2215778,2,0,NA
2215825_2,2022-10-14 13:55:59.843429,CLO,2215825.jpg,2215825,2,0,NA
2215823_2,2022-10-14 13:54:38.046345,CLO,2215823.jpg,2215823,2,0,NA
2215821_2,2022-10-14 13:54:02.061906,CLO,2215821.jpg,2215821,2,0,NA
2215818_2,2022-10-14 13:51:19.592778,CLO,2215818.jpg,2215818,2,0,NA
2215776_2,2022-10-14 13:51:06.873999,SHO,2215776.jpg,2215776,2,0,NA
2215816_2,2022-10-14 13:45:47.123310,CLO,2215816.jpg,2215816,2,0,NA
2215814_2,2022-10-14 13:42:15.529065,CLO,2215814.jpg,2215814,2,0,NA
2215812_2,2022-10-14 13:40:54.435131,CLO,2215810 y 2215812.jpg,2215812,2,0,NA
2215836_2,2022-10-14 13:39:36.138085,CLO,2215836.jpg,2215836,2,0,NA
2215835_2,2022-10-14 13:37:23.965917,CLO,2215835.jpg,2215835,2,0,NA
2215834_2,2022-10-14 13:36:05.293921,CLO,2215834.jpg,2215834,2,0,NA
2215833_2,2022-10-14 13:32:25.371489,CLO,2215833.jpg,2215833,2,0,NA
2215832_2,2022-10-14 13:30:36.808740,CLO,2215832.jpg,2215832,2,0,NA
2215830_2,2022-10-14 13:24:07.261000,CLO,2215830.jpg,2215830,2,0,NA
2215829_2,2022-10-14 13:23:24.807775,CLO,2215829.png,2215829,2,0,NA
2215827_2,2022-10-14 13:20:41.869924,CLO,2215827.jpg,2215827,2,0,NA
2215824_2,2022-10-14 13:19:55.557328,CLO,2215824.jpg,2215824,2,0,NA
2215822_2,2022-10-14 13:18:28.072602,CLO,2215822.jpg,2215822,2,0,NA
2215820_2,2022-10-14 13:17:40.369236,CLO,2215820.jpg,2215820,2,0,NA
2215817_2,2022-10-14 13:16:24.727896,CLO,2215817.jpg,2215817,2,0,NA
2215815_2,2022-10-14 13:15:57.555682,CLO,2215815.jpg,2215815,2,0,NA
2215813_2,2022-10-14 13:15:43.477442,CLO,2215813.jpg,2215813,2,0,NA
2215811_2,2022-10-14 13:14:55.664512,CLO,2215811.jpg,2215811,2,0,NA
2215809_2,2022-10-14 13:14:43.742754,CLO,2215809.jpg,2215809,2,0,NA
2215764_2,2022-10-14 12:28:32.661101,CLO,2215764.jpg,2215764,2,0,NA
2215762_2,2022-10-14 12:16:00.762038,CLO,2215762.jpg,2215762,2,0,NA
2215757_2,2022-10-14 11:49:16.406711,CLO,2215757.png,2215757,2,0,NA
2215766_2,2022-10-14 11:46:18.159055,CLO,2215766.png,2215766,2,0,NA
2215765_2,2022-10-14 11:46:11.569672,CLO,2215765.png,2215765,2,0,NA
2215760_2,2022-10-14 11:14:11.975915,CLO,2215760.jpg,2215760,2,0,NA
2215759_2,2022-10-14 11:12:03.769504,CLO,2215759.jpg,2215759,2,0,NA
2215777_2,2022-10-13 16:42:48.451621,CLO,2215777.jfif,2215777,2,0,NA
2215807_2,2022-10-13 16:42:32.639078,CLO,2215807.jfif,2215807,2,0,NA
2215797_2,2022-10-13 16:42:17.436076,CLO,2215797.jfif,2215797,2,0,NA
2215794_2,2022-10-13 15:56:47.071227,CLO,2215794.jpeg,2215794,2,0,NA
2215706_2,2022-10-13 15:56:44.527450,CLO,2215706.jpeg,2215706,2,0,NA
2215798_2,2022-10-13 15:56:41.751691,CLO,2215798.jpeg,2215798,2,0,NA
2215796_2,2022-10-13 15:56:34.703965,CLO,2215796.jpeg,2215796,2,0,NA
2215708_2,2022-10-13 15:56:32.163181,CLO,2215708.jpeg,2215708,2,0,NA
2215710_2,2022-10-13 15:56:29.746854,CLO,2215710.jpeg,2215710,2,0,NA
2215703_2,2022-10-13 15:56:26.710060,CLO,2215703.jpeg,2215703,2,0,NA
2215801_2,2022-10-13 15:55:27.176431,CLO,2215801.jpg,2215801,2,0,NA
2215800_2,2022-10-13 14:59:51.627542,CLO,2215800.jpg,2215800,2,0,NA
2215802_2,2022-10-13 14:59:34.563362,CLO,2215802.jpg,2215802,2,0,NA
2215787_2,2022-10-13 14:59:04.685134,CLO,2215787.jpg,2215787,2,0,NA
2215715_2,2022-10-13 14:58:53.043275,CLO,2215715.jpg,2215715,2,0,NA
2215804_2,2022-10-13 14:58:46.386607,CLO,2215804.jpg,2215804,2,0,NA
2215803_2,2022-10-13 14:58:40.214718,CLO,2215803.jpg,2215803,2,0,NA
2215705_2,2022-10-13 14:58:33.167814,CLO,2215705.jpg,2215705,2,0,NA
2215793_2,2022-10-13 14:58:27.152183,CLO,2215793.jpg,2215793,2,0,NA
2215788_2,2022-10-13 14:58:20.152181,CLO,2215788.jpg,2215788,2,0,NA
2215734_2,2022-10-13 14:58:13.886530,CLO,2215734.jpg,2215734,2,0,NA
2215735_2,2022-10-13 14:58:07.324011,CLO,2215735.jpg,2215735,2,0,NA
2215805_2,2022-10-13 14:58:01.152122,CLO,2215805.jpg,2215805,2,0,NA
2215784_2,2022-10-13 14:57:54.855230,CLO,2215784.jpg,2215784,2,0,NA
2215790_2,2022-10-13 14:57:23.230167,CLO,2215790.jpg,2215790,2,0,NA
2215792_2,2022-10-13 14:57:10.386385,CLO,2215792.jpg,2215792,2,0,NA
2215795_2,2022-10-13 14:57:04.230132,CLO,2215795.jpg,2215795,2,0,NA
2215785_2,2022-10-13 14:56:57.089472,CLO,2215785.jpg,2215785,2,0,NA
2215736_2,2022-10-13 14:36:42.024259,CLO,2215736.jpg,2215736,2,0,NA
2215738_2,2022-10-13 14:36:35.743059,CLO,2215738.jpg,2215738,2,0,NA
2022101_1,2022-10-13 12:22:11.345970,ApowerREC,20221013_122156.mp4,2022101,1,0,NA
0_0,2022-10-12 17:26:58.743530,IT,MFC-7360N-inst-C1-EU.EXE,0,0,0,NA
2215652_2,2022-10-12 16:06:15.649804,CLO,2215652.JPG,2215652,2,0,NA
2007985_2,2022-10-10 18:27:07.306100,SHO,2007985.jpg,2007985,2,0,NA
2210126_2,2022-10-10 18:27:05.118599,SHO,2210126.jpg,2210126,2,0,NA
2210121_2,2022-10-10 18:27:04.102966,SHO,2210121.jpg,2210121,2,0,NA
2007708_2,2022-10-10 18:27:03.337341,SHO,2007708.jpg,2007708,2,0,NA
2007706_2,2022-10-10 18:27:01.196742,SHO,2007706.jpg,2007706,2,0,NA
2210124_2,2022-10-10 18:26:58.993581,SHO,2210124.jpg,2210124,2,0,NA
2108568_2,2022-10-10 18:26:58.321710,JEW,2108568.jpg,2108568,2,0,NA
2206218_2,2022-10-10 18:26:57.446752,JEW,2206218.jpg,2206218,2,0,NA
2204708_2,2022-10-10 18:26:56.212325,JEW,2204708.jpg,2204708,2,0,NA
2204707_2,2022-10-10 18:26:53.900076,JEW,2204707.jpg,2204707,2,0,NA
1502602_1,2022-10-10 18:26:52.493593,JEW,1502602.jpg,1502602,1,0,NA
2210052_2,2022-10-10 18:26:51.446692,SHO,2210052.jpg,2210052,2,0,NA
2009723_2,2022-10-10 18:26:50.837321,JEW,2009723.jpg,2009723,2,0,NA
2100608_2,2022-10-10 18:26:50.431065,JEW,2100608.jpg,2100608,2,0,NA
2112581_2,2022-10-10 18:26:49.634187,JEW,2112581.jpg,2112581,2,0,NA
2112579_2,2022-10-10 18:26:48.384253,JEW,2112579.jpg,2112579,2,0,NA
2112396_2,2022-10-10 18:26:44.946830,SHO,2112396.jpg,2112396,2,0,NA
2206053_2,2022-10-10 18:26:43.712297,JEW,2206053.jpg,2206053,2,0,NA
2206052_2,2022-10-10 18:26:40.868554,JEW,2206052.jpg,2206052,2,0,NA
2206179_2,2022-10-10 18:26:37.962307,JEW,2206179.jpg,2206179,2,0,NA
2206178_2,2022-10-10 18:26:36.743536,JEW,2206178.jpg,2206178,2,0,NA
2206177_2,2022-10-10 18:26:35.634176,JEW,2206177.jpg,2206177,2,0,NA
2204295_2,2022-10-10 18:26:34.649776,JEW,2204295.jpg,2204295,2,0,NA
2203598_2,2022-10-10 18:26:33.399789,JEW,2203598.jpg,2203598,2,0,NA
2203585_2,2022-10-10 18:26:30.306043,JEW,2203585.jpg,2203585,2,0,NA
2203584_2,2022-10-10 18:26:29.352916,JEW,2203584.jpg,2203584,2,0,NA
2203582_2,2022-10-10 18:26:26.696633,JEW,2203582.jpg,2203582,2,0,NA
2203581_2,2022-10-10 18:26:25.477885,JEW,2203581.jpg,2203581,2,0,NA
2203566_2,2022-10-10 18:26:24.024755,JEW,2203566.jpg,2203566,2,0,NA
2203557_2,2022-10-10 18:26:23.337282,JEW,2203557.jpg,2203557,2,0,NA
2203554_2,2022-10-10 18:26:20.118515,JEW,2203554.jpg,2203554,2,0,NA
2203493_2,2022-10-10 18:26:17.259153,JEW,2203493.jpg,2203493,2,0,NA
2203483_2,2022-10-10 18:26:13.509123,JEW,2203483.jpg,2203483,2,0,NA
2201704_2,2022-10-10 18:26:11.009113,JEW,2201704.jpg,2201704,2,0,NA
2201703_2,2022-10-10 18:26:07.712221,JEW,2201703.jpg,2201703,2,0,NA
2114214_2,2022-10-10 18:26:06.868464,JEW,2114214.jpg,2114214,2,0,NA
2114211_2,2022-10-10 18:26:05.743491,JEW,2114211.jpg,2114211,2,0,NA
2114209_2,2022-10-10 18:26:04.993461,JEW,2114209.jpg,2114209,2,0,NA
2114208_2,2022-10-10 18:26:04.134107,JEW,2114208.jpg,2114208,2,0,NA
2114207_2,2022-10-10 18:26:03.196596,JEW,2114207.jpg,2114207,2,0,NA
2114204_2,2022-10-10 18:26:02.352843,SHO,2114204.jpg,2114204,2,0,NA
2114035_2,2022-10-10 18:25:59.321594,JEW,2114035.jpg,2114035,2,0,NA
2113588_2,2022-10-10 18:25:58.290327,JEW,2113588.jpg,2113588,2,0,NA
2113586_2,2022-10-10 18:25:57.399697,JEW,2113586.jpg,2113586,2,0,NA
1902617_1,2022-10-10 18:25:56.477862,SHO,1902617.jpg,1902617,1,0,NA
2114989_2,2022-10-10 18:25:55.055941,JEW,2114989.jpg,2114989,2,0,NA
2114988_2,2022-10-10 18:25:54.180936,SHO,2114988.jpg,2114988,2,0,NA
2111254_2,2022-10-10 18:25:53.056057,JEW,2111254.jpg,2111254,2,0,NA
2109638_2,2022-10-10 18:25:52.446557,SHO,2109638.jpg,2109638,2,0,NA
2109485_2,2022-10-10 18:25:50.368454,SHO,2109485.jpg,2109485,2,0,NA
2012255_2,2022-10-10 18:25:47.649674,JEW,2012255.jpg,2012255,2,0,NA
2005642_2,2022-10-10 18:25:46.587192,JEW,2005642.jpg,2005642,2,0,NA
2107940_2,2022-10-10 18:25:43.884049,SHO,2107940.jpg,2107940,2,0,NA
2107938_2,2022-10-10 18:25:41.665299,SHO,2107938.jpg,2107938,2,0,NA
2008244_2,2022-10-10 18:25:39.321528,SHO,2008244.jpg,2008244,2,0,NA
2203866_2,2022-10-10 18:25:38.399658,JEW,2203866.jpg,2203866,2,0,NA
2112840_2,2022-10-10 18:25:35.180894,JEW,2112840.jpg,2112840,2,0,NA
2109489_2,2022-10-10 18:25:32.555910,JEW,2109489.jpg,2109489,2,0,NA
2012615_2,2022-10-10 18:25:31.509027,JEW,2012615.jpg,2012615,2,0,NA
2203564_2,2022-10-10 18:25:30.462131,JEW,2203564.jpg,2203564,2,0,NA
2203522_2,2022-10-10 18:25:29.540270,JEW,2203522.jpg,2203522,2,0,NA
2203520_2,2022-10-10 18:25:28.603006,JEW,2203520.jpg,2203520,2,0,NA
2112772_2,2022-10-10 18:25:25.274653,JEW,2112772.jpg,2112772,2,0,NA
2112769_2,2022-10-10 18:25:21.790246,JEW,2112769.jpg,2112769,2,0,NA
2112767_2,2022-10-10 18:25:19.180870,JEW,2112767.jpg,2112767,2,0,NA
2112561_2,2022-10-10 18:25:16.790260,SHO,2112561.jpg,2112561,2,0,NA
2112560_2,2022-10-10 18:25:16.259024,JEW,2112560.jpg,2112560,2,0,NA
2112559_2,2022-10-10 18:25:15.321478,JEW,2112559.jpg,2112559,2,0,NA
2111722_2,2022-10-10 18:25:14.571495,JEW,2111722.jpg,2111722,2,0,NA
2103136_2,2022-10-10 18:25:13.618361,SHO,2103136.jpg,2103136,2,0,NA
2213021_2,2022-10-10 18:25:10.352826,SHO,2213021.jpg,2213021,2,0,NA
2210053_2,2022-10-10 18:25:09.415226,SHO,2210053.jpg,2210053,2,0,NA
2209719_2,2022-10-10 18:25:08.743524,JEW,2209719.jpg,2209719,2,0,NA
2208120_2,2022-10-10 18:25:06.258957,JEW,2208120.jpg,2208120,2,0,NA
2208119_2,2022-10-10 18:25:05.587078,JEW,2208119.jpg,2208119,2,0,NA
2207051_2,2022-10-10 18:25:02.712155,JEW,2207051.jpg,2207051,2,0,NA
2207029_2,2022-10-10 18:24:59.805817,JEW,2207029.jpg,2207029,2,0,NA
2206363_2,2022-10-10 18:24:58.133945,JEW,2206363.jpg,2206363,2,0,NA
2113584_2,2022-10-10 18:24:56.696463,JEW,2113584.jpg,2113584,2,0,NA
2113581_2,2022-10-10 18:24:55.915215,JEW,2113581.jpg,2113581,2,0,NA
2113533_2,2022-10-10 18:24:54.821431,JEW,2113533.jpg,2113533,2,0,NA
2113532_2,2022-10-10 18:24:52.055801,JEW,2113532.jpg,2113532,2,0,NA
2112833_2,2022-10-10 18:24:51.274654,SHO,2112833.jpg,2112833,2,0,NA
2112778_2,2022-10-10 18:24:50.665169,JEW,2112778.jpg,2112778,2,0,NA
2112777_2,2022-10-10 18:24:49.883922,JEW,2112777.jpg,2112777,2,0,NA
2112775_2,2022-10-10 18:24:47.165188,JEW,2112775.jpg,2112775,2,0,NA
2112771_2,2022-10-10 18:24:45.993337,JEW,2112771.jpg,2112771,2,0,NA
2112770_2,2022-10-10 18:24:45.274548,JEW,2112770.jpg,2112770,2,0,NA
2112577_2,2022-10-10 18:24:44.337060,JEW,2112577.jpg,2112577,2,0,NA
2112565_2,2022-10-10 18:24:43.399687,JEW,2112565.jpg,2112565,2,0,NA
2112563_2,2022-10-10 18:24:42.774531,SHO,2112563.jpg,2112563,2,0,NA
2112413_2,2022-10-10 18:24:42.274523,SHO,2112413.jpg,2112413,2,0,NA
2105783_2,2022-10-10 18:24:40.915148,SHO,2105783.jpg,2105783,2,0,NA
2105782_2,2022-10-10 18:24:39.946398,SHO,2105782.jpg,2105782,2,0,NA
2105681_2,2022-10-10 18:24:37.118278,SHO,2105681.jpg,2105681,2,0,NA
2103588_2,2022-10-10 18:24:34.352634,SHO,2103588.jpg,2103588,2,0,NA
2103587_2,2022-10-10 18:24:33.743302,SHO,2103587.jpg,2103587,2,0,NA
2100681_2,2022-10-10 18:24:32.649502,JEW,2100681.jpg,2100681,2,0,NA
2012609_2,2022-10-10 18:24:32.258879,SHO,2012609.jpg,2012609,2,0,NA
2210944_2,2022-10-10 18:24:30.274497,SHO,2210944.jpg,2210944,2,0,NA
2112620_2,2022-10-10 18:24:29.337020,JEW,2112620.jpg,2112620,2,0,NA
2112542_2,2022-10-10 18:24:28.212218,JEW,2112542.jpg,2112542,2,0,NA
2112517_2,2022-10-10 18:24:26.852703,JEW,2112517.jpg,2112517,2,0,NA
1805604_1,2022-10-10 18:24:25.774496,SHO,1805604.jpg,1805604,1,0,NA
2207408_2,2022-10-10 18:24:22.711982,SHO,2207408.jpg,2207408,2,0,NA
2204725_2,2022-10-10 18:24:22.024484,JEW,2204725.jpg,2204725,2,0,NA
2204091_2,2022-10-10 18:24:20.836989,JEW,2204091.jpg,2204091,2,0,NA
2204089_2,2022-10-10 18:24:19.540146,JEW,2204089.jpg,2204089,2,0,NA
2204086_2,2022-10-10 18:24:16.680737,JEW,2204086.jpg,2204086,2,0,NA
2200670_2,2022-10-10 18:24:15.477642,SHO,2200670.jpg,2200670,2,0,NA
2115553_2,2022-10-10 18:24:13.743241,JEW,2115553.jpg,2115553,2,0,NA
2115552_2,2022-10-10 18:24:11.149611,JEW,2115552.jpg,2115552,2,0,NA
2115550_2,2022-10-10 18:24:10.102593,JEW,2115550.jpg,2115550,2,0,NA
2115549_2,2022-10-10 18:24:07.446321,JEW,2115549.jpg,2115549,2,0,NA
2115548_2,2022-10-10 18:24:04.430739,JEW,2115548.jpg,2115548,2,0,NA
2112629_2,2022-10-10 18:24:01.540072,JEW,2112629.jpg,2112629,2,0,NA
2112628_2,2022-10-10 18:24:00.227555,JEW,2112628.jpg,2112628,2,0,NA
2112619_2,2022-10-10 18:23:59.118179,JEW,2112619.jpg,2112619,2,0,NA
2112587_2,2022-10-10 18:23:57.524426,SHO,2112587.jpg,2112587,2,0,NA
2112586_2,2022-10-10 18:23:56.805678,JEW,2112586.jpg,2112586,2,0,NA
2112585_2,2022-10-10 18:23:55.321322,SHO,2112585.jpg,2112585,2,0,NA
2112514_2,2022-10-10 18:23:54.696334,SHO,2112514.jpg,2112514,2,0,NA
2109373_2,2022-10-10 18:23:52.055730,JEW,2109373.jpg,2109373,2,0,NA
2108063_2,2022-10-10 18:23:51.149531,SHO,2108063.jpg,2108063,2,0,NA
2108057_2,2022-10-10 18:23:50.555671,JEW,2108057.jpg,2108057,2,0,NA
2104372_2,2022-10-10 18:23:48.055675,SHO,2104372.jpg,2104372,2,0,NA
2104354_2,2022-10-10 18:23:46.602528,JEW,2104354.jpg,2104354,2,0,NA
2100490_2,2022-10-10 18:23:45.696278,SHO,2100490.jpg,2100490,2,0,NA
2014212_2,2022-10-10 18:23:43.727518,SHO,2014212.jpg,2014212,2,0,NA
2014211_2,2022-10-10 18:23:43.149505,SHO,2014211.jpg,2014211,2,0,NA
2013542_2,2022-10-10 18:23:42.118166,JEW,2013542.jpg,2013542,2,0,NA
2008382_2,2022-10-10 18:23:41.290015,JEW,2008382.jpg,2008382,2,0,NA
2007334_2,2022-10-10 18:23:40.633761,SHO,2007334.jpg,2007334,2,0,NA
1906383_1,2022-10-10 18:23:40.040010,SHO,1906383.jpg,1906383,1,0,NA
2005668_2,2022-10-10 18:23:37.477520,JEW,2005668.jpg,2005668,2,0,NA
1805722_1,2022-10-10 18:23:34.899378,JEW,1805722.jpg,1805722,1,0,NA
2203861_2,2022-10-10 18:23:34.102618,JEW,2203861.jpg,2203861,2,0,NA
2207115_2,2022-10-10 18:23:33.039997,JEW,2207115.jpg,2207115,2,0,NA
2114377_2,2022-10-10 18:23:32.430656,SHO,2114377.jpg,2114377,2,0,NA
2114037_2,2022-10-10 18:23:30.789992,SHO,2114037.jpg,2114037,2,0,NA
2112751_2,2022-10-10 18:23:28.086861,JEW,2112751.jpg,2112751,2,0,NA
2209472_2,2022-10-10 18:23:27.243106,JEW,2209472.jpg,2209472,2,0,NA
2207025_2,2022-10-10 18:23:24.774351,JEW,2207025.jpg,2207025,2,0,NA
2206219_2,2022-10-10 18:23:23.524361,JEW,2206219.jpg,2206219,2,0,NA
2206181_2,2022-10-10 18:23:20.118109,JEW,2206181.jpg,2206181,2,0,NA
2205691_2,2022-10-10 18:23:17.555629,JEW,2205691.jpg,2205691,2,0,NA
2204972_2,2022-10-10 18:23:16.196207,JEW,2204972.jpg,2204972,2,0,NA
2204693_2,2022-10-10 18:23:15.118138,JEW,2204693.jpg,2204693,2,0,NA
2204691_2,2022-10-10 18:23:13.289967,JEW,2204691.jpg,2204691,2,0,NA
2204690_2,2022-10-10 18:23:11.977487,JEW,2204690.jpg,2204690,2,0,NA
2204689_2,2022-10-10 18:23:09.227478,JEW,2204689.jpg,2204689,2,0,NA
2204688_2,2022-10-10 18:23:08.133712,JEW,2204688.jpg,2204688,2,0,NA
2204311_2,2022-10-10 18:23:06.383687,JEW,2204311.jpg,2204311,2,0,NA
2203884_2,2022-10-10 18:23:04.977657,JEW,2203884.jpg,2203884,2,0,NA
2203626_2,2022-10-10 18:23:03.805556,JEW,2203626.jpg,2203626,2,0,NA
2203625_2,2022-10-10 18:23:03.133677,JEW,2203625.jpg,2203625,2,0,NA
2114678_2,2022-10-10 18:23:01.602428,SHO,2114678.jpg,2114678,2,0,NA
2114378_2,2022-10-10 18:22:59.914946,JEW,2114378.jpg,2114378,2,0,NA
2114373_2,2022-10-10 18:22:57.321213,SHO,2114373.jpg,2114373,2,0,NA
2114302_2,2022-10-10 18:22:56.680562,SHO,2114302.jpg,2114302,2,0,NA
2114301_2,2022-10-10 18:22:54.321220,JEW,2114301.jpg,2114301,2,0,NA
2114299_2,2022-10-10 18:22:53.649286,SHO,2114299.jpg,2114299,2,0,NA
2114298_2,2022-10-10 18:22:52.930532,JEW,2114298.jpg,2114298,2,0,NA
2114029_2,2022-10-10 18:22:52.336781,SHO,2114029.jpg,2114029,2,0,NA
2114028_2,2022-10-10 18:22:51.649329,JEW,2114028.jpg,2114028,2,0,NA
2114026_2,2022-10-10 18:22:49.649272,JEW,2114026.jpg,2114026,2,0,NA
2114025_2,2022-10-10 18:22:47.493030,SHO,2114025.jpg,2114025,2,0,NA
2112837_2,2022-10-10 18:22:46.977391,JEW,2112837.jpg,2112837,2,0,NA
2112580_2,2022-10-10 18:22:46.336791,JEW,2112580.jpg,2112580,2,0,NA
2112578_2,2022-10-10 18:22:45.039886,JEW,2112578.jpg,2112578,2,0,NA
2112574_2,2022-10-10 18:22:42.305511,JEW,2112574.jpg,2112574,2,0,NA
2112570_2,2022-10-10 18:22:41.602380,JEW,2112570.jpg,2112570,2,0,NA
2112568_2,2022-10-10 18:22:41.008632,SHO,2112568.jpg,2112568,2,0,NA
2112566_2,2022-10-10 18:22:38.430509,JEW,2112566.jpg,2112566,2,0,NA
2112564_2,2022-10-10 18:22:37.868226,SHO,2112564.jpg,2112564,2,0,NA
2112558_2,2022-10-10 18:22:35.024239,JEW,2112558.jpg,2112558,2,0,NA
2112461_2,2022-10-10 18:22:34.305490,JEW,2112461.jpg,2112461,2,0,NA
2112451_2,2022-10-10 18:22:33.149239,JEW,2112451.jpg,2112451,2,0,NA
2112393_2,2022-10-10 18:22:32.071113,JEW,2112393.jpg,2112393,2,0,NA
2111252_2,2022-10-10 18:22:29.992977,JEW,2111252.jpg,2111252,2,0,NA
2110649_2,2022-10-10 18:22:28.680477,SHO,2110649.jpg,2110649,2,0,NA
2110643_2,2022-10-10 18:22:25.696107,JEW,2110643.jpg,2110643,2,0,NA
2110636_2,2022-10-10 18:22:23.149242,SHO,2110636.jpg,2110636,2,0,NA
2109895_2,2022-10-10 18:22:22.164835,SHO,2109895.jpg,2109895,2,0,NA
2109892_2,2022-10-10 18:22:21.508584,JEW,2109892.jpg,2109892,2,0,NA
2109670_2,2022-10-10 18:22:20.477345,JEW,2109670.jpg,2109670,2,0,NA
2109668_2,2022-10-10 18:22:19.696085,JEW,2109668.jpg,2109668,2,0,NA
2107246_2,2022-10-10 18:22:18.867955,SHO,2107246.jpg,2107246,2,0,NA
2100607_2,2022-10-10 18:22:17.992957,JEW,2100607.jpg,2100607,2,0,NA
2013827_2,2022-10-10 18:22:16.914824,JEW,2013827.jpg,2013827,2,0,NA
2007751_2,2022-10-10 18:22:16.102324,SHO,2007751.jpg,2007751,2,0,NA
1912540_1,2022-10-10 18:22:15.196071,SHO,1912540.jpg,1912540,1,0,NA
1707298_1,2022-10-10 18:22:14.289847,SHO,1707298.jpg,1707298,1,0,NA
1909104_1,2022-10-10 18:22:13.664818,SHO,1909104.jpg,1909104,1,0,NA
1801523_1,2022-10-10 18:22:10.992947,SHO,1801523.jpg,1801523,1,0,NA
1706934_1,2022-10-10 18:22:09.946070,SHO,1706934.jpg,1706934,1,0,NA
1702121_1,2022-10-10 18:22:09.305461,JEW,1702121.jpg,1702121,1,0,NA
2210457_2,2022-10-10 18:22:06.774201,SHO,2210457.jpg,2210457,2,0,NA
2210455_2,2022-10-10 18:22:02.742922,SHO,2210455.jpg,2210455,2,0,NA
2207476_2,2022-10-10 18:22:01.992927,SHO,2207476.jpg,2207476,2,0,NA
2203910_2,2022-10-10 18:21:59.117939,JEW,2203910.jpg,2203910,2,0,NA
2207028_2,2022-10-10 18:21:56.617948,JEW,2207028.jpg,2207028,2,0,NA
1909542_1,2022-10-10 18:21:53.742900,SHO,1909542.jpg,1909542,1,0,NA
2207834_2,2022-10-10 18:21:52.961664,SHO,2207834.jpg,2207834,2,0,NA
2201608_2,2022-10-10 18:21:52.305421,JEW,2201608.jpg,2201608,2,0,NA
2108576_2,2022-10-10 18:21:51.571019,SHO,2108576.jpg,2108576,2,0,NA
2108570_2,2022-10-10 18:21:48.758711,SHO,2108570.jpg,2108570,2,0,NA
2108072_2,2022-10-10 18:21:48.055407,SHO,2108072.jpg,2108072,2,0,NA
2106939_2,2022-10-10 18:21:44.992877,SHO,2106939.jpg,2106939,2,0,NA
2106903_2,2022-10-10 18:21:44.414779,SHO,2106903.jpg,2106903,2,0,NA
2106902_2,2022-10-10 18:21:43.586626,SHO,2106902.jpg,2106902,2,0,NA
2105384_2,2022-10-10 18:21:42.961652,SHO,2105384.jpg,2105384,2,0,NA
2105213_2,2022-10-10 18:21:41.867903,JEW,2105213.jpg,2105213,2,0,NA
2105049_2,2022-10-10 18:21:41.008495,SHO,2105049.jpg,2105049,2,0,NA
2105036_2,2022-10-10 18:21:40.367880,SHO,2105036.jpg,2105036,2,0,NA
2105034_2,2022-10-10 18:21:37.867871,JEW,2105034.jpg,2105034,2,0,NA
2105033_2,2022-10-10 18:21:37.165007,SHO,2105033.jpg,2105033,2,0,NA
2007921_2,2022-10-10 18:21:35.539734,SHO,2007921.jpg,2007921,2,0,NA
2007649_2,2022-10-10 18:21:34.602247,JEW,2007649.jpg,2007649,2,0,NA
1909540_1,2022-10-10 18:21:34.086631,SHO,1909540.jpg,1909540,1,0,NA
1906356_1,2022-10-10 18:21:33.617880,SHO,1906356.jpg,1906356,1,0,NA
1906339_1,2022-10-10 18:21:33.008489,SHO,1906339.jpg,1906339,1,0,NA
1811729_1,2022-10-10 18:21:31.961639,SHO,1811729.jpg,1811729,1,0,NA
1807473_1,2022-10-10 18:21:31.539730,SHO,1807473.jpg,1807473,1,0,NA
1610676_1,2022-10-10 18:21:29.445968,SHO,1610676.jpg,1610676,1,0,NA
2206051_2,2022-10-10 18:21:28.946171,JEW,2206051.jpg,2206051,2,0,NA
2206050_2,2022-10-10 18:21:27.695976,JEW,2206050.jpg,2206050,2,0,NA
2206049_2,2022-10-10 18:21:24.930359,JEW,2206049.jpg,2206049,2,0,NA
2202734_2,2022-10-10 18:21:22.086599,JEW,2202734.jpg,2202734,2,0,NA
2202732_2,2022-10-10 18:21:19.070950,JEW,2202732.jpg,2202732,2,0,NA
2202730_2,2022-10-10 18:21:16.258460,JEW,2202730.jpg,2202730,2,0,NA
2202729_2,2022-10-10 18:21:13.524058,JEW,2202729.jpg,2202729,2,0,NA
2202716_2,2022-10-10 18:21:10.758431,JEW,2202716.jpg,2202716,2,0,NA
2202713_2,2022-10-10 18:21:08.024075,JEW,2202713.jpg,2202713,2,0,NA
2202145_2,2022-10-10 18:21:05.180305,JEW,2202145.jpg,2202145,2,0,NA
2202140_2,2022-10-10 18:21:03.883428,JEW,2202140.jpg,2202140,2,0,NA
2202133_2,2022-10-10 18:21:02.664671,JEW,2202133.jpg,2202133,2,0,NA
2201702_2,2022-10-10 18:21:01.227178,JEW,2201702.jpg,2201702,2,0,NA
2201701_2,2022-10-10 18:21:00.414676,JEW,2201701.jpg,2201701,2,0,NA
2201700_2,2022-10-10 18:20:58.070934,JEW,2201700.jpg,2201700,2,0,NA
2201623_2,2022-10-10 18:20:57.039649,JEW,2201623.jpg,2201623,2,0,NA
2201622_2,2022-10-10 18:20:56.164654,JEW,2201622.jpg,2201622,2,0,NA
2201620_2,2022-10-10 18:20:53.930279,JEW,2201620.jpg,2201620,2,0,NA
2201617_2,2022-10-10 18:20:53.102152,JEW,2201617.jpg,2201617,2,0,NA
2201610_2,2022-10-10 18:20:52.195893,JEW,2201610.jpg,2201610,2,0,NA
2115497_2,2022-10-10 18:20:50.805290,JEW,2115497.jpg,2115497,2,0,NA
2115495_2,2022-10-10 18:20:49.945905,JEW,2115495.jpg,2115495,2,0,NA
2113575_2,2022-10-10 18:20:49.024014,JEW,2113575.jpg,2113575,2,0,NA
2109480_2,2022-10-10 18:20:48.430276,JEW,2109480.jpg,2109480,2,0,NA
2108866_2,2022-10-10 18:20:47.695882,SHO,2108866.jpg,2108866,2,0,NA
2105022_2,2022-10-10 18:20:44.664661,SHO,2105022.jpg,2105022,2,0,NA
2014962_2,2022-10-10 18:20:44.289629,SHO,2014962.jpg,2014962,2,0,NA
2014961_2,2022-10-10 18:20:43.852134,SHO,2014961.jpg,2014961,2,0,NA
2008859_2,2022-10-10 18:20:43.211493,SHO,2008859.jpg,2008859,2,0,NA
2001712_2,2022-10-10 18:20:42.836489,SHO,2001712.jpg,2001712,2,0,NA
1912519_1,2022-10-10 18:20:42.477108,SHO,1912519.jpg,1912519,1,0,NA
1909075_1,2022-10-10 18:20:41.367764,SHO,1909075.jpg,1909075,1,0,NA
1903725_1,2022-10-10 18:20:38.805243,SHO,1903725.jpg,1903725,1,0,NA
1902579_1,2022-10-10 18:20:35.945863,SHO,1902579.jpg,1902579,1,0,NA
2203608_2,2022-10-10 18:20:32.914699,JEW,2203608.jpg,2203608,2,0,NA
2203607_2,2022-10-10 18:20:31.820927,JEW,2203607.jpg,2203607,2,0,NA
2203599_2,2022-10-10 18:20:29.711473,JEW,2203599.jpg,2203599,2,0,NA
2109503_2,2022-10-10 18:20:28.695844,JEW,2109503.jpg,2109503,2,0,NA
2109497_2,2022-10-10 18:20:28.133361,JEW,2109497.jpg,2109497,2,0,NA
2107052_2,2022-10-10 18:20:27.523968,SHO,2107052.jpg,2107052,2,0,NA
2013834_2,2022-10-10 18:20:24.633461,SHO,2013834.jpg,2013834,2,0,NA
1909195_1,2022-10-10 18:20:21.898948,SHO,1909195.jpg,1909195,1,0,NA
1811896_1,2022-10-10 18:20:20.039586,SHO,1811896.jpg,1811896,1,0,NA
2210452_2,2022-10-10 18:20:18.273940,SHO,2210452.jpg,2210452,2,0,NA
2203605_2,2022-10-10 18:20:17.352095,JEW,2203605.jpg,2203605,2,0,NA
2112783_2,2022-10-10 18:20:16.477080,JEW,2112783.jpg,2112783,2,0,NA
2112781_2,2022-10-10 18:20:15.586431,JEW,2112781.jpg,2112781,2,0,NA
2112556_2,2022-10-10 18:20:14.773932,JEW,2112556.jpg,2112556,2,0,NA
2109499_2,2022-10-10 18:20:14.227061,JEW,2109499.jpg,2109499,2,0,NA
2012907_2,2022-10-10 18:20:13.352052,JEW,2012907.jpg,2012907,2,0,NA
2012833_2,2022-10-10 18:20:12.367746,JEW,2012833.jpg,2012833,2,0,NA
2012623_2,2022-10-10 18:20:11.977061,JEW,2012623.jpg,2012623,2,0,NA
2011567_2,2022-10-10 18:20:11.133297,JEW,2011567.jpg,2011567,2,0,NA
2007804_2,2022-10-10 18:20:10.180182,SHO,2007804.jpg,2007804,2,0,NA
2100256_2,2022-10-10 18:20:07.945946,JEW,2100256.jpg,2100256,2,0,NA
2202252_2,2022-10-10 18:20:04.820797,SHO,2202252.jpg,2202252,2,0,NA
2201747_2,2022-10-10 18:20:03.195832,SHO,2201747.jpg,2201747,2,0,NA
2200303_2,2022-10-10 18:20:01.836399,SHO,2200303.jpg,2200303,2,0,NA
2200273_2,2022-10-10 18:20:00.898916,JEW,2200273.jpg,2200273,2,0,NA
2200272_2,2022-10-10 18:19:59.898906,SHO,2200272.jpg,2200272,2,0,NA
2116073_2,2022-10-10 18:19:58.492654,JEW,2116073.jpg,2116073,2,0,NA
2115673_2,2022-10-10 18:19:57.305174,JEW,2115673.jpg,2115673,2,0,NA
2114273_2,2022-10-10 18:19:56.367663,JEW,2114273.jpg,2114273,2,0,NA
2114009_2,2022-10-10 18:19:55.492651,SHO,2114009.jpg,2114009,2,0,NA
2113976_2,2022-10-10 18:19:54.649064,JEW,2113976.jpg,2113976,2,0,NA
2113885_2,2022-10-10 18:19:53.180140,SHO,2113885.jpg,2113885,2,0,NA
2113866_2,2022-10-10 18:19:51.727001,SHO,2113866.jpg,2113866,2,0,NA
2113864_2,2022-10-10 18:19:51.148890,SHO,2113864.jpg,2113864,2,0,NA
2113847_2,2022-10-10 18:19:50.539521,JEW,2113847.jpg,2113847,2,0,NA
2113816_2,2022-10-10 18:19:49.351998,SHO,2113816.jpg,2113816,2,0,NA
2113814_2,2022-10-10 18:19:47.789526,JEW,2113814.jpg,2113814,2,0,NA
2113474_2,2022-10-10 18:19:46.961381,SHO,2113474.jpg,2113474,2,0,NA
2204347_2,2022-10-10 18:19:46.039496,SHO,2204347.jpg,2204347,2,0,NA
2204345_2,2022-10-10 18:19:43.023860,SHO,2204345.jpg,2204345,2,0,NA
2204256_2,2022-10-10 18:19:39.867607,JEW,2204256.jpg,2204256,2,0,NA
2200395_2,2022-10-10 18:19:39.148877,SHO,2200395.jpg,2200395,2,0,NA
2200340_2,2022-10-10 18:19:37.930108,JEW,2200340.jpg,2200340,2,0,NA
2114183_2,2022-10-10 18:19:35.508220,SHO,2114183.jpg,2114183,2,0,NA
2114087_2,2022-10-10 18:19:31.961355,SHO,2114087.jpg,2114087,2,0,NA
2110977_2,2022-10-10 18:19:29.148841,SHO,2110977.jpg,2110977,2,0,NA
2110953_2,2022-10-10 18:19:27.930066,SHO,2110953.jpg,2110953,2,0,NA
2106222_2,2022-10-10 18:19:27.320711,SHO,2106222.jpg,2106222,2,0,NA
2105993_2,2022-10-10 18:19:26.258219,JEW,2105993.jpg,2105993,2,0,NA
2105991_2,2022-10-10 18:19:23.148832,SHO,2105991.jpg,2105991,2,0,NA
2102131_2,2022-10-10 18:19:21.945700,JEW,2102131.jpg,2102131,2,0,NA
2203682_2,2022-10-10 18:19:20.711389,SHO,2203682.jpg,2203682,2,0,NA
2111612_2,2022-10-10 18:19:20.133193,SHO,2111612.jpg,2111612,2,0,NA
2204556_2,2022-10-10 18:19:19.476962,SHO,2204556.jpg,2204556,2,0,NA
2203641_2,2022-10-10 18:19:18.570982,SHO,2203641.jpg,2203641,2,0,NA
2106667_2,2022-10-10 18:19:17.945694,JEW,2106667.jpg,2106667,2,0,NA
2007427_2,2022-10-10 18:19:17.023812,JEW,2007427.jpg,2007427,2,0,NA
2007413_2,2022-10-10 18:19:15.852001,JEW,2007413.jpg,2007413,2,0,NA
1807553_1,2022-10-10 18:19:15.086324,JEW,1807553.jpg,1807553,1,0,NA
1907538_1,2022-10-10 18:19:12.367639,JEW,1907538.jpg,1907538,1,0,NA
1905574_1,2022-10-10 18:19:11.320658,JEW,1905574.jpg,1905574,1,0,NA
1810486_1,2022-10-10 18:19:10.273790,JEW,1810486.jpg,1810486,1,0,NA
1800305_1,2022-10-10 18:19:09.883177,JEW,1800305.jpg,1800305,1,0,NA
1708354_1,2022-10-10 18:19:08.555026,JEW,1708354.jpg,1708354,1,0,NA
2113321_2,2022-10-10 18:19:07.476926,JEW,2113321.jpg,2113321,2,0,NA
2112228_2,2022-10-10 18:19:06.867530,SHO,2112228.jpg,2112228,2,0,NA
2112227_2,2022-10-10 18:19:05.758180,JEW,2112227.jpg,2112227,2,0,NA
2111059_2,2022-10-10 18:19:04.851895,SHO,2111059.jpg,2111059,2,0,NA
2110150_2,2022-10-10 18:19:04.273800,JEW,2110150.jpg,2110150,2,0,NA
2109910_2,2022-10-10 18:19:03.430029,SHO,2109910.jpg,2109910,2,0,NA
2108754_2,2022-10-10 18:19:02.524485,SHO,2108754.jpg,2108754,2,0,NA
2106652_2,2022-10-10 18:19:01.211277,JEW,2106652.jpg,2106652,2,0,NA
2106047_2,2022-10-10 18:19:00.570639,JEW,2106047.jpg,2106047,2,0,NA
2106044_2,2022-10-10 18:18:59.211259,JEW,2106044.jpg,2106044,2,0,NA
2105503_2,2022-10-10 18:18:57.976880,JEW,2105503.jpg,2105503,2,0,NA
2105500_2,2022-10-10 18:18:57.351899,JEW,2105500.jpg,2105500,2,0,NA
2105459_2,2022-10-10 18:18:55.820668,JEW,2105459.jpg,2105459,2,0,NA
2105262_2,2022-10-10 18:18:53.805018,JEW,2105262.jpg,2105262,2,0,NA
2104929_2,2022-10-10 18:18:50.930016,SHO,2104929.jpg,2104929,2,0,NA
2102251_2,2022-10-10 18:18:49.805100,JEW,2102251.jpg,2102251,2,0,NA
2101959_2,2022-10-10 18:18:49.226859,JEW,2101959.jpg,2101959,2,0,NA
2013327_2,2022-10-10 18:18:47.820610,JEW,2013327.jpg,2013327,2,0,NA
2013302_2,2022-10-10 18:18:46.695694,JEW,2013302.jpg,2013302,2,0,NA
2013218_2,2022-10-10 18:18:44.461396,JEW,2013218.jpg,2013218,2,0,NA
2006526_2,2022-10-10 18:18:43.008171,JEW,2006526.jpg,2006526,2,0,NA
1910925_1,2022-10-10 18:18:41.351894,JEW,1910925.jpg,1910925,1,0,NA
1909450_1,2022-10-10 18:18:40.039340,JEW,1909450.jpg,1909450,1,0,NA
2210492_2,2022-10-10 18:18:39.398715,SHO,2210492.jpg,2210492,2,0,NA
2210490_2,2022-10-10 18:18:36.711205,SHO,2210490.jpg,2210490,2,0,NA
2209852_2,2022-10-10 18:18:35.633088,SHO,2209852.jpg,2209852,2,0,NA
2209693_2,2022-10-10 18:18:33.383097,SHO,2209693.jpg,2209693,2,0,NA
2209691_2,2022-10-10 18:18:31.508094,SHO,2209691.jpg,2209691,2,0,NA
2209481_2,2022-10-10 18:18:30.289353,SHO,2209481.jpg,2209481,2,0,NA
2209479_2,2022-10-10 18:18:28.976848,SHO,2209479.jpg,2209479,2,0,NA
2209353_2,2022-10-10 18:18:27.820693,SHO,2209353.jpg,2209353,2,0,NA
2209046_2,2022-10-10 18:18:25.679935,SHO,2209046.jpg,2209046,2,0,NA
2208962_2,2022-10-10 18:18:24.445562,SHO,2208962.jpg,2208962,2,0,NA
2208961_2,2022-10-10 18:18:23.258050,SHO,2208961.jpg,2208961,2,0,NA
2208959_2,2022-10-10 18:18:21.914303,SHO,2208959.jpg,2208959,2,0,NA
2208957_2,2022-10-10 18:18:20.320571,SHO,2208957.jpg,2208957,2,0,NA
2208950_2,2022-10-10 18:18:19.023680,SHO,2208950.jpg,2208950,2,0,NA
2208948_2,2022-10-10 18:18:16.383040,SHO,2208948.jpg,2208948,2,0,NA
2208915_2,2022-10-10 18:18:15.711177,SHO,2208915.jpg,2208915,2,0,NA
2208006_2,2022-10-10 18:18:14.320544,JEW,2208006.jpg,2208006,2,0,NA
2207855_2,2022-10-10 18:18:13.664280,SHO,2207855.jpg,2207855,2,0,NA
2207852_2,2022-10-10 18:18:12.742428,SHO,2207852.jpg,2207852,2,0,NA
2207237_2,2022-10-10 18:18:10.211160,SHO,2207237.jpg,2207237,2,0,NA
2207236_2,2022-10-10 18:18:07.961147,SHO,2207236.jpg,2207236,2,0,NA
2207050_2,2022-10-10 18:18:05.336155,SHO,2207050.jpg,2207050,2,0,NA
2207049_2,2022-10-10 18:18:03.961169,SHO,2207049.jpg,2207049,2,0,NA
2206807_2,2022-10-10 18:18:02.476883,SHO,2206807.jpg,2206807,2,0,NA
2206806_2,2022-10-10 18:18:01.242399,SHO,2206806.jpg,2206806,2,0,NA
2206755_2,2022-10-10 18:18:00.039254,SHO,2206755.jpg,2206755,2,0,NA
2206561_2,2022-10-10 18:17:59.351807,SHO,2206561.jpg,2206561,2,0,NA
2206500_2,2022-10-10 18:17:57.804873,SHO,2206500.jpg,2206500,2,0,NA
2204934_2,2022-10-10 18:17:56.273634,SHO,2204934.jpg,2204934,2,0,NA
2204655_2,2022-10-10 18:17:53.961129,SHO,2204655.jpg,2204655,2,0,NA
2204653_2,2022-10-10 18:17:52.929865,SHO,2204653.jpg,2204653,2,0,NA
2204648_2,2022-10-10 18:17:51.976753,SHO,2204648.jpg,2204648,2,0,NA
2204643_2,2022-10-10 18:17:48.929931,SHO,2204643.jpg,2204643,2,0,NA
2204331_2,2022-10-10 18:17:47.398628,SHO,2204331.jpg,2204331,2,0,NA
2204241_2,2022-10-10 18:17:45.367356,SHO,2204241.jpg,2204241,2,0,NA
2204227_2,2022-10-10 18:17:43.117351,SHO,2204227.jpg,2204227,2,0,NA
2204173_2,2022-10-10 18:17:41.039211,SHO,2204173.jpg,2204173,2,0,NA
2201847_2,2022-10-10 18:17:38.461108,SHO,2201847.jpg,2201847,2,0,NA
2201712_2,2022-10-10 18:17:36.117335,SHO,2201712.jpg,2201712,2,0,NA
2201162_2,2022-10-10 18:17:34.992334,SHO,2201162.jpg,2201162,2,0,NA
2200957_2,2022-10-10 18:17:33.695465,SHO,2200957.jpg,2200957,2,0,NA
2114285_2,2022-10-10 18:17:32.679849,JEW,2114285.jpg,2114285,2,0,NA
2114217_2,2022-10-10 18:17:31.804827,JEW,2114217.jpg,2114217,2,0,NA
2113647_2,2022-10-10 18:17:30.929914,JEW,2113647.jpg,2113647,2,0,NA
2113447_2,2022-10-10 18:17:28.429848,SHO,2113447.jpg,2113447,2,0,NA
2111983_2,2022-10-10 18:17:27.648555,SHO,2111983.jpg,2111983,2,0,NA
2111017_2,2022-10-10 18:17:26.336075,SHO,2111017.jpg,2111017,2,0,NA
2109464_2,2022-10-10 18:17:25.695550,JEW,2109464.jpg,2109464,2,0,NA
2109162_2,2022-10-10 18:17:25.054852,SHO,2109162.jpg,2109162,2,0,NA
1802511_1,2022-10-10 18:17:24.211050,SHO,1802511.jpg,1802511,1,0,NA
1800250_1,2022-10-10 18:17:23.179794,JEW,1800250.jpg,1800250,1,0,NA
1900849_1,2022-10-10 18:17:22.617325,JEW,1900849.jpg,1900849,1,0,NA
2111088_2,2022-10-10 18:17:22.164192,JEW,2111088.jpg,2111088,2,0,NA
2110139_2,2022-10-10 18:17:19.945481,SHO,2110139.jpg,2110139,2,0,NA
2013777_2,2022-10-10 18:17:18.805057,JEW,2013777.jpg,2013777,2,0,NA
2013457_2,2022-10-10 18:17:15.429832,JEW,2013457.jpg,2013457,2,0,NA
2203784_2,2022-10-10 18:17:14.570401,SHO,2203784.jpg,2203784,2,0,NA
2114004_2,2022-10-10 18:17:13.851937,SHO,2114004.jpg,2114004,2,0,NA
2105828_2,2022-10-10 18:17:12.961022,JEW,2105828.jpg,2105828,2,0,NA
2102563_2,2022-10-10 18:17:11.601671,JEW,2102563.jpg,2102563,2,0,NA
2207849_2,2022-10-10 18:17:08.273532,SHO,2207849.jpg,2207849,2,0,NA
2206803_2,2022-10-10 18:17:06.382927,SHO,2206803.jpg,2206803,2,0,NA
2203669_2,2022-10-10 18:17:04.757902,SHO,2203669.jpg,2203669,2,0,NA
2203348_2,2022-10-10 18:17:03.726637,SHO,2203348.jpg,2203348,2,0,NA
2200688_2,2022-10-10 18:17:01.898534,SHO,2200688.jpg,2200688,2,0,NA
2209690_2,2022-10-10 18:17:00.929745,SHO,2209690.jpg,2209690,2,0,NA
2209117_2,2022-10-10 18:16:59.742266,SHO,2209117.jpg,2209117,2,0,NA
2208949_2,2022-10-10 18:16:56.804750,SHO,2208949.jpg,2208949,2,0,NA
2206564_2,2022-10-10 18:16:53.679736,SHO,2206564.jpg,2206564,2,0,NA
2209687_2,2022-10-10 18:16:52.148479,SHO,2209687.jpg,2209687,2,0,NA
2209677_2,2022-10-10 18:16:51.367301,SHO,2209677.jpg,2209677,2,0,NA
2209556_2,2022-10-10 18:16:50.195370,SHO,2209556.jpg,2209556,2,0,NA
2209483_2,2022-10-10 18:16:47.445365,SHO,2209483.jpg,2209483,2,0,NA
2209124_2,2022-10-10 18:16:44.742220,SHO,2209124.jpg,2209124,2,0,NA
2209119_2,2022-10-10 18:16:42.898488,SHO,2209119.jpg,2209119,2,0,NA
2208960_2,2022-10-10 18:16:40.507909,JEW,2208960.jpg,2208960,2,0,NA
2208926_2,2022-10-10 18:16:39.851599,SHO,2208926.jpg,2208926,2,0,NA
2208924_2,2022-10-10 18:16:36.820335,SHO,2208924.jpg,2208924,2,0,NA
2208394_2,2022-10-10 18:16:34.820323,JEW,2208394.jpg,2208394,2,0,NA
2208304_2,2022-10-10 18:16:34.054689,JEW,2208304.jpg,2208304,2,0,NA
2207850_2,2022-10-10 18:16:33.382820,SHO,2207850.jpg,2207850,2,0,NA
2207254_2,2022-10-10 18:16:31.804678,SHO,2207254.jpg,2207254,2,0,NA
2207188_2,2022-10-10 18:16:29.476552,JEW,2207188.jpg,2207188,2,0,NA
2206694_2,2022-10-10 18:16:28.335938,SHO,2206694.jpg,2206694,2,0,NA
2206634_2,2022-10-10 18:16:27.601635,SHO,2206634.jpg,2206634,2,0,NA
2206633_2,2022-10-10 18:16:26.382796,SHO,2206633.jpg,2206633,2,0,NA
2206563_2,2022-10-10 18:16:25.257811,SHO,2206563.jpg,2206563,2,0,NA
2205863_2,2022-10-10 18:16:24.117196,SHO,2205863.jpg,2205863,2,0,NA
2205213_2,2022-10-10 18:16:22.601542,SHO,2205213.jpg,2205213,2,0,NA
2205209_2,2022-10-10 18:16:20.429664,SHO,2205209.jpg,2205209,2,0,NA
2205207_2,2022-10-10 18:16:18.773543,SHO,2205207.jpg,2205207,2,0,NA
2205157_2,2022-10-10 18:16:16.617147,SHO,2205157.jpg,2205157,2,0,NA
2205025_2,2022-10-10 18:16:14.945275,SHO,2205025.jpg,2205025,2,0,NA
2204659_2,2022-10-10 18:16:12.945274,SHO,2204659.jpg,2204659,2,0,NA
2204651_2,2022-10-10 18:16:12.132769,SHO,2204651.jpg,2204651,2,0,NA
2204641_2,2022-10-10 18:16:10.945252,SHO,2204641.jpg,2204641,2,0,NA
2204637_2,2022-10-10 18:16:08.648404,SHO,2204637.jpg,2204637,2,0,NA
2204591_2,2022-10-10 18:16:06.226510,SHO,2204591.jpg,2204591,2,0,NA
2204588_2,2022-10-10 18:16:04.632742,SHO,2204588.jpg,2204588,2,0,NA
2204580_2,2022-10-10 18:16:03.445274,SHO,2204580.jpg,2204580,2,0,NA
2204368_2,2022-10-10 18:16:02.586354,SHO,2204368.jpg,2204368,2,0,NA
2204280_2,2022-10-10 18:16:00.835878,SHO,2204280.jpg,2204280,2,0,NA
2204245_2,2022-10-10 18:15:58.585889,SHO,2204245.jpg,2204245,2,0,NA
2204242_2,2022-10-10 18:15:56.585873,SHO,2204242.jpg,2204242,2,0,NA
2204234_2,2022-10-10 18:15:55.445222,SHO,2204234.jpg,2204234,2,0,NA
2204231_2,2022-10-10 18:15:53.101514,SHO,2204231.jpg,2204231,2,0,NA
2204229_2,2022-10-10 18:15:52.007754,SHO,2204229.jpg,2204229,2,0,NA
2204225_2,2022-10-10 18:15:50.585851,SHO,2204225.jpg,2204225,2,0,NA
2204172_2,2022-10-10 18:15:49.242114,SHO,2204172.jpg,2204172,2,0,NA
2203973_2,2022-10-10 18:15:47.476638,SHO,2203973.jpg,2203973,2,0,NA
2203633_2,2022-10-10 18:15:45.648346,SHO,2203633.jpg,2203633,2,0,NA
2203088_2,2022-10-10 18:15:43.820198,SHO,2203088.jpg,2203088,2,0,NA
2202536_2,2022-10-10 18:15:43.023324,SHO,2202536.jpg,2202536,2,0,NA
2201710_2,2022-10-10 18:15:42.038936,SHO,2201710.jpg,2201710,2,0,NA
2201165_2,2022-10-10 18:15:41.382693,SHO,2201165.jpg,2201165,2,0,NA
2200397_2,2022-10-10 18:15:40.617064,JEW,2200397.jpg,2200397,2,0,NA
2113314_2,2022-10-10 18:15:40.148341,SHO,2113314.jpg,2113314,2,0,NA
2110691_2,2022-10-10 18:15:39.132769,JEW,2110691.jpg,2110691,2,0,NA
2110621_2,2022-10-10 18:15:38.398437,SHO,2110621.jpg,2110621,2,0,NA
2110303_2,2022-10-10 18:15:37.460827,SHO,2110303.jpg,2110303,2,0,NA
2108336_2,2022-10-10 18:15:36.585806,SHO,2108336.jpg,2108336,2,0,NA
2106434_2,2022-10-10 18:15:35.195197,SHO,2106434.jpg,2106434,2,0,NA
2106432_2,2022-10-10 18:15:33.929558,JEW,2106432.jpg,2106432,2,0,NA
2106272_2,2022-10-10 18:15:32.992054,JEW,2106272.jpg,2106272,2,0,NA
2106270_2,2022-10-10 18:15:32.226431,JEW,2106270.jpg,2106270,2,0,NA
2106235_2,2022-10-10 18:15:31.445168,JEW,2106235.jpg,2106235,2,0,NA
2010677_2,2022-10-10 18:15:30.554549,JEW,2010677.jpg,2010677,2,0,NA
2010302_2,2022-10-10 18:15:29.710800,JEW,2010302.jpg,2010302,2,0,NA
2007399_2,2022-10-10 18:15:27.367033,JEW,2007399.jpg,2007399,2,0,NA
2007396_2,2022-10-10 18:15:26.960782,JEW,2007396.jpg,2007396,2,0,NA
2006284_2,2022-10-10 18:15:26.476516,SHO,2006284.jpg,2006284,2,0,NA
2005403_2,2022-10-10 18:15:26.007665,SHO,2005403.jpg,2005403,2,0,NA
1911079_1,2022-10-10 18:15:25.320183,SHO,1911079.jpg,1911079,1,0,NA
1907776_1,2022-10-10 18:15:23.757671,JEW,1907776.jpg,1907776,1,0,NA
1907699_1,2022-10-10 18:15:23.101397,JEW,1907699.jpg,1907699,1,0,NA
1907694_1,2022-10-10 18:15:22.710777,JEW,1907694.jpg,1907694,1,0,NA
1907679_1,2022-10-10 18:15:22.163899,SHO,1907679.jpg,1907679,1,0,NA
1907472_1,2022-10-10 18:15:20.445143,JEW,1907472.jpg,1907472,1,0,NA
1904207_1,2022-10-10 18:15:20.070141,JEW,1904207.jpg,1904207,1,0,NA
1810426_1,2022-10-10 18:15:19.148269,JEW,1810426.jpg,1810426,1,0,NA
1807195_1,2022-10-10 18:15:18.788991,JEW,1807195.jpg,1807195,1,0,NA
1807157_1,2022-10-10 18:15:18.413913,JEW,1807157.jpg,1807157,1,0,NA
1807154_1,2022-10-10 18:15:17.835773,JEW,1807154.jpg,1807154,1,0,NA
1807152_1,2022-10-10 18:15:17.460846,JEW,1807152.jpg,1807152,1,0,NA
1708539_1,2022-10-10 18:15:16.913889,JEW,1708539.jpg,1708539,1,0,NA
1706403_1,2022-10-10 18:15:16.429712,JEW,1706403.jpg,1706403,1,0,NA
1706401_1,2022-10-10 18:15:16.054532,JEW,1706401.jpg,1706401,1,0,NA
1706395_1,2022-10-10 18:15:15.617030,JEW,1706395.jpg,1706395,1,0,NA
2101739_2,2022-10-10 18:15:15.054511,JEW,2101739.jpg,2101739,2,0,NA
2014474_2,2022-10-10 18:15:12.976402,JEW,2014474.jpg,2014474,2,0,NA
2013534_2,2022-10-10 18:15:10.445252,JEW,2013534.jpg,2013534,2,0,NA
2013478_2,2022-10-10 18:15:09.492018,JEW,2013478.jpg,2013478,2,0,NA
2013434_2,2022-10-10 18:15:06.726373,JEW,2013434.jpg,2013434,2,0,NA
2006618_2,2022-10-10 18:15:05.382699,JEW,2006618.jpg,2006618,2,0,NA
2006024_2,2022-10-10 18:15:02.570129,SHO,2006024.jpg,2006024,2,0,NA
2005270_2,2022-10-10 18:15:01.132746,SHO,2005270.jpg,2005270,2,0,NA
2003524_2,2022-10-10 18:15:00.210722,SHO,2003524.jpg,2003524,2,0,NA
1804372_1,2022-10-10 18:14:59.507627,SHO,1804372.jpg,1804372,1,0,NA
1707479_1,2022-10-10 18:14:58.382614,JEW,1707479.jpg,1707479,1,0,NA
1504989_1,2022-10-10 18:14:58.007630,SHO,1504989.jpg,1504989,1,0,NA
2213873_2,2022-10-10 18:14:56.554559,JEW,2213873.jpg,2213873,2,0,NA
2209864_2,2022-10-10 18:14:55.882587,SHO,2209864.jpg,2209864,2,0,NA
2209863_2,2022-10-10 18:14:54.898214,SHO,2209863.jpg,2209863,2,0,NA
2209861_2,2022-10-10 18:14:53.757588,SHO,2209861.jpg,2209861,2,0,NA
2209859_2,2022-10-10 18:14:51.507609,SHO,2209859.jpg,2209859,2,0,NA
2209856_2,2022-10-10 18:14:50.398203,SHO,2209856.jpg,2209856,2,0,NA
2209786_2,2022-10-10 18:14:48.757604,SHO,2209786.jpg,2209786,2,0,NA
2209784_2,2022-10-10 18:14:48.116971,SHO,2209784.jpg,2209784,2,0,NA
2209783_2,2022-10-10 18:14:46.960826,SHO,2209783.jpg,2209783,2,0,NA
2209781_2,2022-10-10 18:14:45.788829,SHO,2209781.jpg,2209781,2,0,NA
2209674_2,2022-10-10 18:14:43.695167,SHO,2209674.jpg,2209674,2,0,NA
2209672_2,2022-10-10 18:14:42.726353,SHO,2209672.jpg,2209672,2,0,NA
2209670_2,2022-10-10 18:14:40.382558,SHO,2209670.jpg,2209670,2,0,NA
2209570_2,2022-10-10 18:14:38.148204,SHO,2209570.jpg,2209570,2,0,NA
2209550_2,2022-10-10 18:14:35.382562,SHO,2209550.jpg,2209550,2,0,NA
2209542_2,2022-10-10 18:14:32.851284,SHO,2209542.jpg,2209542,2,0,NA
2209541_2,2022-10-10 18:14:29.804417,SHO,2209541.jpg,2209541,2,0,NA
2209540_2,2022-10-10 18:14:27.195044,SHO,2209540.jpg,2209540,2,0,NA
2209536_2,2022-10-10 18:14:26.085649,SHO,2209536.jpg,2209536,2,0,NA
2209368_2,2022-10-10 18:14:24.210669,SHO,2209368.jpg,2209368,2,0,NA
2209137_2,2022-10-10 18:14:22.273171,SHO,2209137.jpg,2209137,2,0,NA
2209126_2,2022-10-10 18:14:21.226273,SHO,2209126.jpg,2209126,2,0,NA
2209122_2,2022-10-10 18:14:20.007531,SHO,2209122.jpg,2209122,2,0,NA
2209113_2,2022-10-10 18:14:17.929376,SHO,2209113.jpg,2209113,2,0,NA
2209039_2,2022-10-10 18:14:15.445020,SHO,2209039.jpg,2209039,2,0,NA
2208955_2,2022-10-10 18:14:14.038765,SHO,2208955.jpg,2208955,2,0,NA
2208953_2,2022-10-10 18:14:11.351324,JEW,2208953.jpg,2208953,2,0,NA
2208429_2,2022-10-10 18:14:10.085609,JEW,2208429.jpg,2208429,2,0,NA
2208382_2,2022-10-10 18:14:09.069989,JEW,2208382.jpg,2208382,2,0,NA
2208380_2,2022-10-10 18:14:08.163736,JEW,2208380.jpg,2208380,2,0,NA
2207856_2,2022-10-10 18:14:07.460609,SHO,2207856.jpg,2207856,2,0,NA
2207507_2,2022-10-10 18:14:05.741848,SHO,2207507.jpg,2207507,2,0,NA
2207233_2,2022-10-10 18:14:03.288751,SHO,2207233.jpg,2207233,2,0,NA
2206928_2,2022-10-10 18:14:00.757453,JEW,2206928.jpg,2206928,2,0,NA
2206809_2,2022-10-10 18:13:59.976218,SHO,2206809.jpg,2206809,2,0,NA
2206698_2,2022-10-10 18:13:58.788680,SHO,2206698.jpg,2206698,2,0,NA
2206672_2,2022-10-10 18:13:57.726172,SHO,2206672.jpg,2206672,2,0,NA
2206670_2,2022-10-10 18:13:56.398028,SHO,2206670.jpg,2206670,2,0,NA
2206637_2,2022-10-10 18:13:55.116789,SHO,2206637.jpg,2206637,2,0,NA
2206622_2,2022-10-10 18:13:53.804230,SHO,2206622.jpg,2206622,2,0,NA
2206558_2,2022-10-10 18:13:52.538579,SHO,2206558.jpg,2206558,2,0,NA
2205877_2,2022-10-10 18:13:51.335439,SHO,2205877.jpg,2205877,2,0,NA
2205216_2,2022-10-10 18:13:49.522967,SHO,2205216.jpg,2205216,2,0,NA
2205214_2,2022-10-10 18:13:48.257268,SHO,2205214.jpg,2205214,2,0,NA
2204933_2,2022-10-10 18:13:45.944733,SHO,2204933.jpg,2204933,2,0,NA
2204663_2,2022-10-10 18:13:43.319721,SHO,2204663.jpg,2204663,2,0,NA
2204657_2,2022-10-10 18:13:42.257192,SHO,2204657.jpg,2204657,2,0,NA
2204405_2,2022-10-10 18:13:40.804036,SHO,2204405.jpg,2204405,2,0,NA
2204374_2,2022-10-10 18:13:39.600893,SHO,2204374.jpg,2204374,2,0,NA
2204372_2,2022-10-10 18:13:37.803986,SHO,2204372.jpg,2204372,2,0,NA
2204303_2,2022-10-10 18:13:36.163344,SHO,2204303.jpg,2204303,2,0,NA
2204238_2,2022-10-10 18:13:34.850816,SHO,2204238.jpg,2204238,2,0,NA
2204190_2,2022-10-10 18:13:33.553921,SHO,2204190.jpg,2204190,2,0,NA
2204188_2,2022-10-10 18:13:31.803890,SHO,2204188.jpg,2204188,2,0,NA
2204183_2,2022-10-10 18:13:30.397619,SHO,2204183.jpg,2204183,2,0,NA
2203651_2,2022-10-10 18:13:28.803970,SHO,2203651.jpg,2203651,2,0,NA
2203332_2,2022-10-10 18:13:26.694444,SHO,2203332.jpg,2203332,2,0,NA
2202249_2,2022-10-10 18:13:25.991331,SHO,2202249.jpg,2202249,2,0,NA
2200956_2,2022-10-10 18:13:24.960037,SHO,2200956.jpg,2200956,2,0,NA
2114248_2,2022-10-10 18:13:24.006900,SHO,2114248.jpg,2114248,2,0,NA
2113908_2,2022-10-10 18:13:22.663141,JEW,2113908.jpg,2113908,2,0,NA
2113873_2,2022-10-10 18:13:21.397498,JEW,2113873.jpg,2113873,2,0,NA
2113686_2,2022-10-10 18:13:20.772518,JEW,2113686.jpg,2113686,2,0,NA
2113315_2,2022-10-10 18:13:19.647474,JEW,2113315.jpg,2113315,2,0,NA
2110746_2,2022-10-10 18:13:18.241190,JEW,2110746.jpg,2110746,2,0,NA
2110692_2,2022-10-10 18:13:17.256800,JEW,2110692.jpg,2110692,2,0,NA
2102201_2,2022-10-10 18:13:16.491167,JEW,2102201.jpg,2102201,2,0,NA
2102200_2,2022-10-10 18:13:13.366138,JEW,2102200.jpg,2102200,2,0,NA
2012408_2,2022-10-10 18:13:12.709857,JEW,2012408.jpg,2012408,2,0,NA
2010448_2,2022-10-10 18:13:11.897369,JEW,2010448.jpg,2010448,2,0,NA
2007554_2,2022-10-10 18:13:10.709841,JEW,2007554.jpg,2007554,2,0,NA
2005999_2,2022-10-10 18:13:10.256701,JEW,2005999.jpg,2005999,2,0,NA
2209857_2,2022-10-10 18:13:07.834793,JEW,2209857.jpg,2209857,2,0,NA
2207502_2,2022-10-10 18:13:07.131665,SHO,2207502.jpg,2207502,2,0,NA
2206739_2,2022-10-10 18:13:05.116008,SHO,2206739.jpg,2206739,2,0,NA
2205770_2,2022-10-10 18:13:03.959732,SHO,2205770.jpg,2205770,2,0,NA
2203342_2,2022-10-10 18:13:02.444071,SHO,2203342.jpg,2203342,2,0,NA
2203325_2,2022-10-10 18:12:59.537796,SHO,2203325.jpg,2203325,2,0,NA
2200694_2,2022-10-10 18:12:57.256538,JEW,2200694.jpg,2200694,2,0,NA
2200271_2,2022-10-10 18:12:56.568989,JEW,2200271.jpg,2200271,2,0,NA
2114714_2,2022-10-10 18:12:54.959585,JEW,2114714.jpg,2114714,2,0,NA
2114604_2,2022-10-10 18:12:54.209780,JEW,2114604.jpg,2114604,2,0,NA
2114427_2,2022-10-10 18:12:53.522171,SHO,2114427.jpg,2114427,2,0,NA
2113070_2,2022-10-10 18:12:52.631679,JEW,2113070.jpg,2113070,2,0,NA
2106663_2,2022-10-10 18:12:52.303292,JEW,2106663.jpg,2106663,2,0,NA
2106661_2,2022-10-10 18:12:51.334646,JEW,2106661.jpg,2106661,2,0,NA
2106160_2,2022-10-10 18:12:50.522026,JEW,2106160.jpg,2106160,2,0,NA
2106061_2,2022-10-10 18:12:49.537652,JEW,2106061.jpg,2106061,2,0,NA
2105585_2,2022-10-10 18:12:48.318872,JEW,2105585.jpg,2105585,2,0,NA
2105577_2,2022-10-10 18:12:47.334483,JEW,2105577.jpg,2105577,2,0,NA
2102808_2,2022-10-10 18:12:46.303241,SHO,2102808.jpg,2102808,2,0,NA
2101794_2,2022-10-10 18:12:45.600086,SHO,2101794.jpg,2101794,2,0,NA
2013599_2,2022-10-10 18:12:45.100060,JEW,2013599.jpg,2013599,2,0,NA
2012159_2,2022-10-10 18:12:43.850048,JEW,2012159.jpg,2012159,2,0,NA
2011367_2,2022-10-10 18:12:43.068783,JEW,2011367.jpg,2011367,2,0,NA
2007411_2,2022-10-10 18:12:40.803147,JEW,2007411.jpg,2007411,2,0,NA
2204750_2,2022-10-10 18:12:39.959356,SHO,2204750.jpg,2204750,2,0,NA
2204729_2,2022-10-10 18:12:38.881608,SHO,2204729.jpg,2204729,2,0,NA
2204664_2,2022-10-10 18:12:37.553213,SHO,2204664.jpg,2204664,2,0,NA
2006363_2,2022-10-10 18:12:35.990559,JEW,2006363.jpg,2006363,2,0,NA
2006008_2,2022-10-10 18:12:34.146790,SHO,2006008.jpg,2006008,2,0,NA
2000793_2,2022-10-10 18:12:33.537386,JEW,2000793.jpg,2000793,2,0,NA
1907574_1,2022-10-10 18:12:32.162372,JEW,1907574.jpg,1907574,1,0,NA
1906109_1,2022-10-10 18:12:31.631116,JEW,1906109.jpg,1906109,1,0,NA
1904893_1,2022-10-10 18:12:30.474869,JEW,1904893.jpg,1904893,1,0,NA
2203574_2,2022-10-10 18:12:29.193582,SHO,2203574.jpg,2203574,2,0,NA
2202186_2,2022-10-10 18:12:28.584424,SHO,2202186.jpg,2202186,2,0,NA
2201247_2,2022-10-10 18:12:27.412309,SHO,2201247.jpg,2201247,2,0,NA
2201063_2,2022-10-10 18:12:26.443552,SHO,2201063.jpg,2201063,2,0,NA
2200587_2,2022-10-10 18:12:25.349761,JEW,2200587.jpg,2200587,2,0,NA
2200404_2,2022-10-10 18:12:24.052866,JEW,2200404.jpg,2200404,2,0,NA
2200330_2,2022-10-10 18:12:22.584273,JEW,2200330.jpg,2200330,2,0,NA
2200007_2,2022-10-10 18:12:21.802845,SHO,2200007.jpg,2200007,2,0,NA
2200005_2,2022-10-10 18:12:20.756113,SHO,2200005.jpg,2200005,2,0,NA
2115545_2,2022-10-10 18:12:19.381027,JEW,2115545.jpg,2115545,2,0,NA
2115298_2,2022-10-10 18:12:18.740294,SHO,2115298.jpg,2115298,2,0,NA
2115192_2,2022-10-10 18:12:18.115291,JEW,2115192.jpg,2115192,2,0,NA
2114423_2,2022-10-10 18:12:15.959002,SHO,2114423.jpg,2114423,2,0,NA
2114133_2,2022-10-10 18:12:15.037145,JEW,2114133.jpg,2114133,2,0,NA
2113806_2,2022-10-10 18:12:13.677721,JEW,2113806.jpg,2113806,2,0,NA
2113780_2,2022-10-10 18:12:12.740230,JEW,2113780.jpg,2113780,2,0,NA
2112989_2,2022-10-10 18:12:11.615200,JEW,2112989.jpg,2112989,2,0,NA
2110062_2,2022-10-10 18:12:11.146451,SHO,2110062.jpg,2110062,2,0,NA
2110046_2,2022-10-10 18:12:10.177677,JEW,2110046.jpg,2110046,2,0,NA
2108537_2,2022-10-10 18:12:09.599545,SHO,2108537.jpg,2108537,2,0,NA
2106201_2,2022-10-10 18:12:07.552633,SHO,2106201.jpg,2106201,2,0,NA
2103803_2,2022-10-10 18:12:06.052603,SHO,2103803.jpg,2103803,2,0,NA
2103623_2,2022-10-10 18:12:05.146359,SHO,2103623.jpg,2103623,2,0,NA
2101742_2,2022-10-10 18:12:04.505707,JEW,2101742.jpg,2101742,2,0,NA
2014793_2,2022-10-10 18:12:02.286926,SHO,2014793.jpg,2014793,2,0,NA
2010645_2,2022-10-10 18:12:01.568183,JEW,2010645.jpg,2010645,2,0,NA
2010488_2,2022-10-10 18:12:00.318148,JEW,2010488.jpg,2010488,2,0,NA
2008327_2,2022-10-10 18:11:59.115090,JEW,2008327.jpg,2008327,2,0,NA
2007418_2,2022-10-10 18:11:57.599347,JEW,2007418.jpg,2007418,2,0,NA
2006549_2,2022-10-10 18:11:57.068283,JEW,2006549.jpg,2006549,2,0,NA
2006543_2,2022-10-10 18:11:54.708862,JEW,2006543.jpg,2006543,2,0,NA
1912645_1,2022-10-10 18:11:53.583656,JEW,1912645.jpg,1912645,1,0,NA
1807034_1,2022-10-10 18:11:52.333657,JEW,1807034.jpg,1807034,1,0,NA
2209357_2,2022-10-10 18:11:50.021106,JEW,2209357.jpg,2209357,2,0,NA
2204797_2,2022-10-10 18:11:49.396117,SHO,2204797.jpg,2204797,2,0,NA
2203020_2,2022-10-10 18:11:48.083575,SHO,2203020.jpg,2203020,2,0,NA
2202340_2,2022-10-10 18:11:46.474174,SHO,2202340.jpg,2202340,2,0,NA
2201224_2,2022-10-10 18:11:45.021113,SHO,2201224.jpg,2201224,2,0,NA
2113789_2,2022-10-10 18:11:43.614764,SHO,2113789.jpg,2113789,2,0,NA
2111199_2,2022-10-10 18:11:42.427385,SHO,2111199.jpg,2111199,2,0,NA
2109889_2,2022-10-10 18:11:41.661616,SHO,2109889.jpg,2109889,2,0,NA
2108767_2,2022-10-10 18:11:41.067868,SHO,2108767.jpg,2108767,2,0,NA
2106684_2,2022-10-10 18:11:40.083461,JEW,2106684.jpg,2106684,2,0,NA
2104964_2,2022-10-10 18:11:39.286584,JEW,2104964.jpg,2104964,2,0,NA
2103615_2,2022-10-10 18:11:38.599108,SHO,2103615.jpg,2103615,2,0,NA
2102555_2,2022-10-10 18:11:37.474064,JEW,2102555.jpg,2102555,2,0,NA
2012878_2,2022-10-10 18:11:35.255253,JEW,2012878.jpg,2012878,2,0,NA
2206699_2,2022-10-10 18:11:33.614602,SHO,2206699.jpg,2206699,2,0,NA
2203905_2,2022-10-10 18:11:32.005552,SHO,2203905.jpg,2203905,2,0,NA
2203805_2,2022-10-10 18:11:31.239573,SHO,2203805.jpg,2203805,2,0,NA
2203680_2,2022-10-10 18:11:30.395822,SHO,2203680.jpg,2203680,2,0,NA
2203081_2,2022-10-10 18:11:29.614569,SHO,2203081.jpg,2203081,2,0,NA
2202712_2,2022-10-10 18:11:28.802030,SHO,2202712.jpg,2202712,2,0,NA
2202245_2,2022-10-10 18:11:26.739697,SHO,2202245.jpg,2202245,2,0,NA
2201946_2,2022-10-10 18:11:25.489513,SHO,2201946.jpg,2201946,2,0,NA
2115699_2,2022-10-10 18:11:23.786354,SHO,2115699.jpg,2115699,2,0,NA
2115459_2,2022-10-10 18:11:22.989456,JEW,2115459.jpg,2115459,2,0,NA
2114612_2,2022-10-10 18:11:21.676936,JEW,2114612.jpg,2114612,2,0,NA
2113955_2,2022-10-10 18:11:20.801930,SHO,2113955.jpg,2113955,2,0,NA
2113798_2,2022-10-10 18:11:19.567972,JEW,2113798.jpg,2113798,2,0,NA
2113441_2,2022-10-10 18:11:17.536232,JEW,2113441.jpg,2113441,2,0,NA
2113365_2,2022-10-10 18:11:17.020641,SHO,2113365.jpg,2113365,2,0,NA
2113014_2,2022-10-10 18:11:16.004992,SHO,2113014.jpg,2113014,2,0,NA
2113006_2,2022-10-10 18:11:15.098710,JEW,2113006.jpg,2113006,2,0,NA
2111698_2,2022-10-10 18:11:14.129999,JEW,2111698.jpg,2111698,2,0,NA
2111323_2,2022-10-10 18:11:13.254933,JEW,2111323.jpg,2111323,2,0,NA
2110221_2,2022-10-10 18:11:12.426781,JEW,2110221.jpg,2110221,2,0,NA
2110218_2,2022-10-10 18:11:11.770537,JEW,2110218.jpg,2110218,2,0,NA
2110204_2,2022-10-10 18:11:11.004910,SHO,2110204.jpg,2110204,2,0,NA
2110080_2,2022-10-10 18:11:10.301751,JEW,2110080.jpg,2110080,2,0,NA
2110061_2,2022-10-10 18:11:09.223627,SHO,2110061.jpg,2110061,2,0,NA
2110059_2,2022-10-10 18:11:08.332969,SHO,2110059.jpg,2110059,2,0,NA
2110019_2,2022-10-10 18:11:07.379891,JEW,2110019.jpg,2110019,2,0,NA
2107799_2,2022-10-10 18:11:06.692319,JEW,2107799.jpg,2107799,2,0,NA
2107344_2,2022-10-10 18:11:04.582963,JEW,2107344.jpg,2107344,2,0,NA
2106671_2,2022-10-10 18:11:03.223548,JEW,2106671.jpg,2106671,2,0,NA
2106296_2,2022-10-10 18:11:02.536031,JEW,2106296.jpg,2106296,2,0,NA
2106214_2,2022-10-10 18:11:01.239115,SHO,2106214.jpg,2106214,2,0,NA
2106158_2,2022-10-10 18:10:58.285967,JEW,2106158.jpg,2106158,2,0,NA
2103874_2,2022-10-10 18:10:57.551576,JEW,2103874.jpg,2103874,2,0,NA
2102247_2,2022-10-10 18:10:56.239079,JEW,2102247.jpg,2102247,2,0,NA
2101953_2,2022-10-10 18:10:54.317156,JEW,2101953.jpg,2101953,2,0,NA
2013925_2,2022-10-10 18:10:53.129627,JEW,2013925.jpg,2013925,2,0,NA
2013708_2,2022-10-10 18:10:51.879739,JEW,2013708.jpg,2013708,2,0,NA
2013192_2,2022-10-10 18:10:51.004590,JEW,2013192.jpg,2013192,2,0,NA
2011489_2,2022-10-10 18:10:48.301418,JEW,2011489.jpg,2011489,2,0,NA
2010224_2,2022-10-10 18:10:47.207652,JEW,2010224.jpg,2010224,2,0,NA
2003699_2,2022-10-10 18:10:45.692121,JEW,2003699.jpg,2003699,2,0,NA
1912638_1,2022-10-10 18:10:44.520205,JEW,1912638.jpg,1912638,1,0,NA
2115984_2,2022-10-10 18:10:43.863852,JEW,2115984.jpg,2115984,2,0,NA
2111618_2,2022-10-10 18:10:42.816960,SHO,2111618.jpg,2111618,2,0,NA
2209037_2,2022-10-10 18:10:42.379520,SHO,2209037.jpg,2209037,2,0,NA
2200393_2,2022-10-10 18:10:40.723216,JEW,2200393.jpg,2200393,2,0,NA
2200319_2,2022-10-10 18:10:39.785673,JEW,2200319.jpg,2200319,2,0,NA
2114170_2,2022-10-10 18:10:38.457527,JEW,2114170.jpg,2114170,2,0,NA
2113901_2,2022-10-10 18:10:37.379386,JEW,2113901.jpg,2113901,2,0,NA
2113877_2,2022-10-10 18:10:36.270009,SHO,2113877.jpg,2113877,2,0,NA
2113813_2,2022-10-10 18:10:34.441844,JEW,2113813.jpg,2113813,2,0,NA
2113311_2,2022-10-10 18:10:32.113674,SHO,2113311.jpg,2113311,2,0,NA
2110268_2,2022-10-10 18:10:31.254290,SHO,2110268.jpg,2110268,2,0,NA
2105803_2,2022-10-10 18:10:30.629285,JEW,2105803.jpg,2105803,2,0,NA
2111593_2,2022-10-10 18:10:29.879270,SHO,2111593.jpg,2111593,2,0,NA
2111201_2,2022-10-10 18:10:29.144892,SHO,2111201.jpg,2111201,2,0,NA
2203957_2,2022-10-10 18:10:27.832383,SHO,2203957.jpg,2203957,2,0,NA
2203358_2,2022-10-10 18:10:27.222974,SHO,2203358.jpg,2203358,2,0,NA
2111121_2,2022-10-10 18:10:25.832339,JEW,2111121.jpg,2111121,2,0,NA
2108223_2,2022-10-10 18:10:24.879195,SHO,2108223.jpg,2108223,2,0,NA
2100137_2,2022-10-10 18:10:23.488556,JEW,2100137.jpg,2100137,2,0,NA
2210253_2,2022-10-10 18:10:22.191715,SHO,2210253.jpg,2210253,2,0,NA
2201515_2,2022-10-10 18:10:19.988493,SHO,2201515.jpg,2201515,2,0,NA
2206417_2,2022-10-10 18:10:18.863495,SHO,2206417.jpg,2206417,2,0,NA
2206415_2,2022-10-10 18:10:16.050941,SHO,2206415.jpg,2206415,2,0,NA
2206411_2,2022-10-10 18:10:13.379026,SHO,2206411.jpg,2206411,2,0,NA
2206368_2,2022-10-10 18:10:10.832130,SHO,2206368.jpg,2206368,2,0,NA
2203115_2,2022-10-10 18:10:08.519576,SHO,2203115.jpg,2203115,2,0,NA
2115753_2,2022-10-10 18:10:07.144579,SHO,2115753.jpg,2115753,2,0,NA
2109170_2,2022-10-10 18:10:06.285197,SHO,2109170.jpg,2109170,2,0,NA
2203118_2,2022-10-10 18:10:05.457041,SHO,2203118.jpg,2203118,2,0,NA
2203117_2,2022-10-10 18:10:04.160126,SHO,2203117.jpg,2203117,2,0,NA
2201079_2,2022-10-10 18:10:02.847607,SHO,2201079.jpg,2201079,2,0,NA
2201078_2,2022-10-10 18:10:02.050720,SHO,2201078.jpg,2201078,2,0,NA
2200149_2,2022-10-10 18:10:01.160082,SHO,2200149.jpg,2200149,2,0,NA
2200126_2,2022-10-10 18:10:00.503835,SHO,2200126.jpg,2200126,2,0,NA
2115835_2,2022-10-10 18:09:59.800793,SHO,2115835.jpg,2115835,2,0,NA
2112181_2,2022-10-10 18:09:59.097569,ACC,2112181.jpg,2112181,2,0,NA
2112023_2,2022-10-10 18:09:57.988160,SHO,2112023.jpg,2112023,2,0,NA
2109803_2,2022-10-10 18:09:56.113157,SHO,2109803.jpg,2109803,2,0,NA
2109801_2,2022-10-10 18:09:55.472490,ACC,2109801.jpg,2109801,2,0,NA
2108939_2,2022-10-10 18:09:54.566228,SHO,2108939.jpg,2108939,2,0,NA
2108731_2,2022-10-10 18:09:53.675625,SHO,2108731.jpg,2108731,2,0,NA
2112184_2,2022-10-10 18:09:49.738040,ACC,2112184.jpg,2112184,2,0,NA
2202142_2,2022-10-10 18:09:49.363053,SHO,2202142.jpg,2202142,2,0,NA
2202139_2,2022-10-10 18:09:47.909883,SHO,2202139.jpg,2202139,2,0,NA
2205809_2,2022-10-10 18:09:46.909875,SHO,2205809.jpg,2205809,2,0,NA
2205784_2,2022-10-10 18:09:45.706719,SHO,2205784.jpg,2205784,2,0,NA
2205780_2,2022-10-10 18:09:44.737954,SHO,2205780.jpg,2205780,2,0,NA
2205759_2,2022-10-10 18:09:43.753568,SHO,2205759.jpg,2205759,2,0,NA
2205734_2,2022-10-10 18:09:42.862952,SHO,2205734.jpg,2205734,2,0,NA
2205710_2,2022-10-10 18:09:40.956702,SHO,2205710.jpg,2205710,2,0,NA
2202134_2,2022-10-10 18:09:38.909746,SHO,2202134.jpg,2202134,2,0,NA
2202132_2,2022-10-10 18:09:38.112866,SHO,2202132.jpg,2202132,2,0,NA
2202126_2,2022-10-10 18:09:35.550328,SHO,2202126.jpg,2202126,2,0,NA
2115108_2,2022-10-10 18:09:34.769070,SHO,2115108.jpg,2115108,2,0,NA
2208287_2,2022-10-10 18:09:34.097180,SHO,2208287.jpg,2208287,2,0,NA
2206494_2,2022-10-10 18:09:32.394030,SHO,2206494.jpg,2206494,2,0,NA
2201077_2,2022-10-10 18:09:31.362758,SHO,2201077.jpg,2201077,2,0,NA
2105351_2,2022-10-10 18:09:29.987730,SHO,2105351.jpg,2105351,2,0,NA
2007997_2,2022-10-10 18:09:29.393974,SHO,2007997.jpg,2007997,2,0,NA
1901187_1,2022-10-10 18:09:28.831477,SHO,1901187.jpg,1901187,1,0,NA
2210245_2,2022-10-10 18:09:28.268958,SHO,2210245.jpg,2210245,2,0,NA
2210243_2,2022-10-10 18:09:26.940976,SHO,2210243.jpg,2210243,2,0,NA
2210240_2,2022-10-10 18:09:25.628292,SHO,2210240.jpg,2210240,2,0,NA
2206436_2,2022-10-10 18:09:24.456415,SHO,2206436.jpg,2206436,2,0,NA
2200611_2,2022-10-10 18:09:22.925154,SHO,2200611.jpg,2200611,2,0,NA
2011241_2,2022-10-10 18:09:22.206389,SHO,2011241.jpg,2011241,2,0,NA
2204141_2,2022-10-10 18:09:16.237574,SHO,2204141.jpg,2204141,2,0,NA
2204140_2,2022-10-10 18:09:15.300048,SHO,2204140.jpg,2204140,2,0,NA
2115259_2,2022-10-10 18:09:14.112510,SHO,2115259.jpg,2115259,2,0,NA
2113241_2,2022-10-10 18:09:12.956341,SHO,2113241.jpg,2113241,2,0,NA
2204123_2,2022-10-10 18:09:12.159353,JEW,2204123.jpg,2204123,2,0,NA
2203036_2,2022-10-10 18:09:09.268913,JEW,2203036.jpg,2203036,2,0,NA
2107847_2,2022-10-10 18:09:06.831149,CLO,2107847.jpg,2107847,2,0,NA
2107844_2,2022-10-10 18:09:01.596709,CLO,2107844.jpg,2107844,2,0,NA
2107759_2,2022-10-10 18:09:00.377903,CLO,2107759.jpg,2107759,2,0,NA
2106930_2,2022-10-10 18:08:54.127647,JEW,2106930.jpg,2106930,2,0,NA
2100132_2,2022-10-10 18:08:51.080624,CLO,2100132.jpg,2100132,2,0,NA
2206458_2,2022-10-10 18:08:43.220960,JEW,2206458.jpg,2206458,2,0,NA
2206456_2,2022-10-10 18:08:39.517671,JEW,2206456.jpg,2206456,2,0,NA
2206455_2,2022-10-10 18:08:36.392709,JEW,2206455.jpg,2206455,2,0,NA
2206452_2,2022-10-10 18:08:33.361347,JEW,2206452.jpg,2206452,2,0,NA
2114645_2,2022-10-10 18:08:29.829766,JEW,2114645.jpg,2114645,2,0,NA
2209800_2,2022-10-10 18:08:28.782860,JEW,2209800.jpg,2209800,2,0,NA
2209798_2,2022-10-10 18:08:24.251411,JEW,2209798.jpg,2209798,2,0,NA
2209790_2,2022-10-10 18:08:19.266854,JEW,2209790.jpg,2209790,2,0,NA
2208322_2,2022-10-10 18:08:14.829168,JEW,2208322.jpg,2208322,2,0,NA
2208321_2,2022-10-10 18:08:10.750997,JEW,2208321.jpg,2208321,2,0,NA
2207630_2,2022-10-10 18:08:05.875653,JEW,2207630.jpg,2207630,2,0,NA
2207629_2,2022-10-10 18:08:01.281718,JEW,2207629.jpg,2207629,2,0,NA
2207583_2,2022-10-10 18:07:57.687835,JEW,2207583.jpg,2207583,2,0,NA
2207582_2,2022-10-10 18:07:54.031452,JEW,2207582.jpg,2207582,2,0,NA
2207196_2,2022-10-10 18:07:50.625190,JEW,2207196.jpg,2207196,2,0,NA
2207191_2,2022-10-10 18:07:46.593656,JEW,2207191.jpg,2207191,2,0,NA
2206439_2,2022-10-10 18:07:43.499736,JEW,2206439.jpg,2206439,2,0,NA
2206391_2,2022-10-10 18:07:38.968346,JEW,2206391.jpg,2206391,2,0,NA
2206387_2,2022-10-10 18:07:35.436921,JEW,2206387.jpg,2206387,2,0,NA
2206386_2,2022-10-10 18:07:32.389924,JEW,2206386.jpg,2206386,2,0,NA
2206029_2,2022-10-10 18:07:29.139822,JEW,2206029.jpg,2206029,2,0,NA
2206028_2,2022-10-10 18:07:27.139714,JEW,2206028.jpg,2206028,2,0,NA
2206026_2,2022-10-10 18:07:23.967705,JEW,2206026.jpg,2206026,2,0,NA
2206025_2,2022-10-10 18:07:19.858147,JEW,2206025.jpg,2206025,2,0,NA
2206023_2,2022-10-10 18:07:15.873604,JEW,2206023.jpg,2206023,2,0,NA
2206016_2,2022-10-10 18:07:10.514014,JEW,2206016.jpg,2206016,2,0,NA
2205018_2,2022-10-10 18:07:04.857546,JEW,2205018.jpg,2205018,2,0,NA
2204543_2,2022-10-10 18:07:00.669883,JEW,2204543.jpg,2204543,2,0,NA
2204539_2,2022-10-10 18:06:55.607242,JEW,2204539.jpg,2204539,2,0,NA
2203279_2,2022-10-10 18:06:51.419475,JEW,2203279.jpg,2203279,2,0,NA
2203278_2,2022-10-10 18:06:50.263355,JEW,2203278.jpg,2203278,2,0,NA
2203275_2,2022-10-10 18:06:45.247381,JEW,2203275.jpg,2203275,2,0,NA
2202917_2,2022-10-10 18:06:38.231459,JEW,2202917.jpg,2202917,2,0,NA
2202916_2,2022-10-10 18:06:35.200062,JEW,2202916.jpg,2202916,2,0,NA
2202645_2,2022-10-10 18:06:31.778118,JEW,2202645.jpg,2202645,2,0,NA
2202644_2,2022-10-10 18:06:28.621672,JEW,2202644.jpg,2202644,2,0,NA
2202640_2,2022-10-10 18:06:27.903044,JEW,2202640.jpg,2202640,2,0,NA
2202638_2,2022-10-10 18:06:24.871541,JEW,2202638.jpg,2202638,2,0,NA
2202595_2,2022-10-10 18:06:21.824726,JEW,2202595.jpg,2202595,2,0,NA
2202098_2,2022-10-10 18:06:17.668101,JEW,2202098.jpg,2202098,2,0,NA
2201577_2,2022-10-10 18:06:16.261826,JEW,2201577.jpg,2201577,2,0,NA
2201499_2,2022-10-10 18:06:15.199250,JEW,2201499.jpg,2201499,2,0,NA
2201317_2,2022-10-10 18:06:09.089637,JEW,2201317.jpg,2201317,2,0,NA
2201074_2,2022-10-10 18:06:04.855086,JEW,2201074.jpg,2201074,2,0,NA
2200416_2,2022-10-10 18:05:59.964327,JEW,2200416.jpg,2200416,2,0,NA
2200371_2,2022-10-10 18:05:57.214148,JEW,2200371.jpg,2200371,2,0,NA
2116114_2,2022-10-10 18:05:55.932832,JEW,2116114.jpg,2116114,2,0,NA
2116080_2,2022-10-10 18:05:51.995177,JEW,2116080.jpg,2116080,2,0,NA
2115987_2,2022-10-10 18:05:50.432853,JEW,2115987.jpg,2115987,2,0,NA
2115951_2,2022-10-10 18:05:49.276322,CLO,2115951.jpg,2115951,2,0,NA
2112040_2,2022-10-10 18:05:44.791772,JEW,2112040.jpg,2112040,2,0,NA
2109556_2,2022-10-10 18:05:43.291693,JEW,2109556.jpg,2109556,2,0,NA
2103151_2,2022-10-10 18:05:42.401042,JEW,2103151.jpg,2103151,2,0,NA
2102756_2,2022-10-10 18:05:41.369737,CLO,2102756.jpg,2102756,2,0,NA
2102752_2,2022-10-10 18:05:36.979033,CLO,2102752.jpg,2102752,2,0,NA
2012289_2,2022-10-10 18:05:30.728699,CLO,2012289.jpg,2012289,2,0,NA
2005154_2,2022-10-10 18:05:29.509896,JEW,2005154.jpg,2005154,2,0,NA
1907868_1,2022-10-10 18:05:28.634842,CLO,1907868.jpg,1907868,1,0,NA
1906586_1,2022-10-10 18:05:23.540884,CLO,1906586.jpg,1906586,1,0,NA
1903988_1,2022-10-10 18:05:17.181390,JEW,1903988.jpg,1903988,1,0,NA
1705060_1,2022-10-10 18:05:12.306058,CLO,1705060.jpg,1705060,1,0,NA
2204550_2,2022-10-10 18:05:07.462129,JEW,2204550.jpg,2204550,2,0,NA
2204014_2,2022-10-10 18:05:02.758783,JEW,2204014.jpg,2204014,2,0,NA
2204012_2,2022-10-10 18:04:56.852475,JEW,2204012.jpg,2204012,2,0,NA
2204007_2,2022-10-10 18:04:51.945923,JEW,2204007.jpg,2204007,2,0,NA
2204001_2,2022-10-10 18:04:48.211331,JEW,2204001.jpg,2204001,2,0,NA
2208320_2,2022-10-10 18:04:44.023642,JEW,2208320.jpg,2208320,2,0,NA
2207155_2,2022-10-10 18:04:39.382823,JEW,2207155.jpg,2207155,2,0,NA
2206933_2,2022-10-10 18:04:36.226445,JEW,2206933.jpg,2206933,2,0,NA
2206919_2,2022-10-10 18:04:31.116961,JEW,2206919.jpg,2206919,2,0,NA
2206917_2,2022-10-10 18:04:26.585424,JEW,2206917.jpg,2206917,2,0,NA
2206021_2,2022-10-10 18:04:23.397804,JEW,2206021.jpg,2206021,2,0,NA
2205638_2,2022-10-10 18:04:19.053879,JEW,2205638.jpg,2205638,2,0,NA
2205614_2,2022-10-10 18:04:16.506910,JEW,2205614.jpg,2205614,2,0,NA
2205478_2,2022-10-10 18:04:12.194224,JEW,2205478.jpg,2205478,2,0,NA
2205256_2,2022-10-10 18:04:07.100264,JEW,2205256.jpg,2205256,2,0,NA
2203091_2,2022-10-10 18:04:01.896928,JEW,2203091.jpg,2203091,2,0,NA
2202919_2,2022-10-10 18:03:57.615252,JEW,2202919.jpg,2202919,2,0,NA
2202615_2,2022-10-10 18:03:52.411574,JEW,2202615.jpg,2202615,2,0,NA
2202277_2,2022-10-10 18:03:49.223742,JEW,2202277.jpg,2202277,2,0,NA
2200287_2,2022-10-10 18:03:48.270522,JEW,2200287.jpg,2200287,2,0,NA
2200199_2,2022-10-10 18:03:46.582840,CLO,2200199.jpg,2200199,2,0,NA
2115742_2,2022-10-10 18:03:45.598361,JEW,2115742.jpg,2115742,2,0,NA
2115741_2,2022-10-10 18:03:43.863804,JEW,2115741.jpg,2115741,2,0,NA
2113259_2,2022-10-10 18:03:42.207384,JEW,2113259.jpg,2113259,2,0,NA
2113257_2,2022-10-10 18:03:40.863505,JEW,2113257.jpg,2113257,2,0,NA
2110337_2,2022-10-10 18:03:39.613361,JEW,2110337.jpg,2110337,2,0,NA
2207622_2,2022-10-10 18:03:38.457003,JEW,2207622.jpg,2207622,2,0,NA
2205812_2,2022-10-10 18:03:34.394148,JEW,2205812.jpg,2205812,2,0,NA
2201065_2,2022-10-10 18:03:29.815471,JEW,2201065.jpg,2201065,2,0,NA
2012349_2,2022-10-10 18:03:26.533907,CLO,2012349.jpg,2012349,2,0,NA
2109031_2,2022-10-10 18:03:23.971107,CLO,2109031.jpg,2109031,2,0,NA
2109030_2,2022-10-10 18:03:17.845533,CLO,2109030.jpg,2109030,2,0,NA
2109022_2,2022-10-10 18:03:13.798164,CLO,2109022.jpg,2109022,2,0,NA
2109021_2,2022-10-10 18:03:09.063415,CLO,2109021.jpg,2109021,2,0,NA
2109020_2,2022-10-10 18:03:02.468848,CLO,2109020.jpg,2109020,2,0,NA
2109019_2,2022-10-10 18:02:56.296330,CLO,2109019.jpg,2109019,2,0,NA
2109018_2,2022-10-10 18:02:54.952439,CLO,2109018.jpg,2109018,2,0,NA
2012436_2,2022-10-10 18:02:48.795558,CLO,2012436.jpg,2012436,2,0,NA
2012435_2,2022-10-10 18:02:41.310392,CLO,2012435.jpg,2012435,2,0,NA
2010762_2,2022-10-10 18:02:34.794080,CLO,2010762.jpg,2010762,2,0,NA
2010761_2,2022-10-10 18:02:28.043413,CLO,2010761.jpg,2010761,2,0,NA
2010760_2,2022-10-10 18:02:20.292582,CLO,2010760.jpg,2010760,2,0,NA
2009535_2,2022-10-10 18:02:13.135562,CLO,2009535.jpg,2009535,2,0,NA
2201073_2,2022-10-10 18:02:05.259992,JEW,2201073.jpg,2201073,2,0,NA
2200972_2,2022-10-10 18:01:59.243482,JEW,2200972.jpg,2200972,2,0,NA
2113548_2,2022-10-10 18:01:58.227770,CLO,2113548.jpg,2113548,2,0,NA
2113547_2,2022-10-10 18:01:54.961786,JEW,2113547.jpg,2113547,2,0,NA
2112905_2,2022-10-10 18:01:53.821046,CLO,2112905.jpg,2112905,2,0,NA
2112808_2,2022-10-10 18:01:45.726459,CLO,2112808.jpg,2112808,2,0,NA
2112221_2,2022-10-10 18:01:40.179002,CLO,2112221.jpg,2112221,2,0,NA
2112041_2,2022-10-10 18:01:31.568725,JEW,2112041.jpg,2112041,2,0,NA
2109268_2,2022-10-10 18:01:30.537473,JEW,2109268.jpg,2109268,2,0,NA
2109263_2,2022-10-10 18:01:28.677801,JEW,2109263.jpg,2109263,2,0,NA
2109023_2,2022-10-10 18:01:27.474646,CLO,2109023.jpg,2109023,2,0,NA
2207198_2,2022-10-10 18:01:23.552261,JEW,2207198.jpg,2207198,2,0,NA
2207192_2,2022-10-10 18:01:20.317548,JEW,2207192.jpg,2207192,2,0,NA
2206030_2,2022-10-10 18:01:15.957706,JEW,2206030.jpg,2206030,2,0,NA
2206027_2,2022-10-10 18:01:14.707587,JEW,2206027.jpg,2206027,2,0,NA
2206017_2,2022-10-10 18:01:13.410585,JEW,2206017.jpg,2206017,2,0,NA
2205814_2,2022-10-10 18:01:12.207345,JEW,2205814.jpg,2205814,2,0,NA
2205020_2,2022-10-10 18:01:08.222513,JEW,2205020.jpg,2205020,2,0,NA
2203272_2,2022-10-10 18:01:04.378368,JEW,2203272.jpg,2203272,2,0,NA
2202102_2,2022-10-10 18:00:59.534110,JEW,2202102.jpg,2202102,2,0,NA
2202101_2,2022-10-10 18:00:58.237118,JEW,2202101.jpg,2202101,2,0,NA
2202100_2,2022-10-10 18:00:57.049485,JEW,2202100.jpg,2202100,2,0,NA
2201070_2,2022-10-10 18:00:55.986891,JEW,2201070.jpg,2201070,2,0,NA
2200974_2,2022-10-10 18:00:54.799252,JEW,2200974.jpg,2200974,2,0,NA
2115961_2,2022-10-10 18:00:53.705681,JEW,2115961.jpg,2115961,2,0,NA
2115195_2,2022-10-10 18:00:52.267731,JEW,2115195.jpg,2115195,2,0,NA
2113519_2,2022-10-10 18:00:51.080142,JEW,2113519.jpg,2113519,2,0,NA
2208315_2,2022-10-10 18:00:50.142507,JEW,2208315.jpg,2208315,2,0,NA
2204136_2,2022-10-10 18:00:48.798611,JEW,2204136.jpg,2204136,2,0,NA
2204135_2,2022-10-10 18:00:46.142116,JEW,2204135.jpg,2204135,2,0,NA
2208314_2,2022-10-10 18:00:43.063640,JEW,2208314.jpg,2208314,2,0,NA
2208313_2,2022-10-10 18:00:41.766628,JEW,2208313.jpg,2208313,2,0,NA
2208312_2,2022-10-10 18:00:40.375873,JEW,2208312.jpg,2208312,2,0,NA
2208311_2,2022-10-10 18:00:38.953830,JEW,2208311.jpg,2208311,2,0,NA
2208310_2,2022-10-10 18:00:37.703750,JEW,2208310.jpg,2208310,2,0,NA
2208308_2,2022-10-10 18:00:36.250446,JEW,2208308.jpg,2208308,2,0,NA
2209343_2,2022-10-10 18:00:34.922168,JEW,2209343.jpg,2209343,2,0,NA
2207160_2,2022-10-10 18:00:31.718719,JEW,2207160.jpg,2207160,2,0,NA
2206771_2,2022-10-10 18:00:28.546503,JEW,2206771.jpg,2206771,2,0,NA
2206768_2,2022-10-10 18:00:24.936759,JEW,2206768.jpg,2206768,2,0,NA
2203284_2,2022-10-10 18:00:23.499118,JEW,2203284.jpg,2203284,2,0,NA
2202364_2,2022-10-10 18:00:20.795712,JEW,2202364.jpg,2202364,2,0,NA
2202108_2,2022-10-10 18:00:17.904772,JEW,2202108.jpg,2202108,2,0,NA
2115200_2,2022-10-10 18:00:15.607670,JEW,2115200.jpg,2115200,2,0,NA
2207166_2,2022-10-10 18:00:14.560665,JEW,2207166.jpg,2207166,2,0,NA
2206571_2,2022-10-10 18:00:11.497835,JEW,2206571.jpg,2206571,2,0,NA
2203468_2,2022-10-10 18:00:08.091229,JEW,2203468.jpg,2203468,2,0,NA
2203467_2,2022-10-10 18:00:03.559531,JEW,2203467.jpg,2203467,2,0,NA
2202121_2,2022-10-10 17:59:58.809237,JEW,2202121.jpg,2202121,2,0,NA
2202118_2,2022-10-10 17:59:57.605761,JEW,2202118.jpg,2202118,2,0,NA
2202115_2,2022-10-10 17:59:56.324717,JEW,2202115.jpg,2202115,2,0,NA
2200359_2,2022-10-10 17:59:54.714847,JEW,2200359.jpg,2200359,2,0,NA
2115254_2,2022-10-10 17:59:53.730364,JEW,2115254.jpg,2115254,2,0,NA
2207149_2,2022-10-10 17:59:52.355382,JEW,2207149.jpg,2207149,2,0,NA
2202113_2,2022-10-10 17:59:47.620346,JEW,2202113.jpg,2202113,2,0,NA
2201498_2,2022-10-10 17:59:43.619986,JEW,2201498.jpg,2201498,2,0,NA
2112809_2,2022-10-10 17:59:42.369800,JEW,2112809.jpg,2112809,2,0,NA
2112599_2,2022-10-10 17:59:41.369700,CLO,2112599.jpg,2112599,2,0,NA
2108190_2,2022-10-10 17:59:38.275618,CLO,2108190.jpg,2108190,2,0,NA
2207634_2,2022-10-10 17:59:28.477740,JEW,2207634.jpg,2207634,2,0,NA
2207194_2,2022-10-10 17:59:24.321160,JEW,2207194.jpg,2207194,2,0,NA
2204542_2,2022-10-10 17:59:20.758171,JEW,2204542.jpg,2204542,2,0,NA
2204538_2,2022-10-10 17:59:18.445429,JEW,2204538.jpg,2204538,2,0,NA
2204379_2,2022-10-10 17:59:15.851498,JEW,2204379.jpg,2204379,2,0,NA
2203037_2,2022-10-10 17:59:13.038594,JEW,2203037.jpg,2203037,2,0,NA
2200193_2,2022-10-10 17:59:10.835333,JEW,2200193.jpg,2200193,2,0,NA
2115960_2,2022-10-10 17:59:09.710117,JEW,2115960.jpg,2115960,2,0,NA
2114194_2,2022-10-10 17:59:08.522497,JEW,2114194.jpg,2114194,2,0,NA
2113198_2,2022-10-10 17:59:07.319247,JEW,2113198.jpg,2113198,2,0,NA
2112804_2,2022-10-10 17:59:06.303529,JEW,2112804.jpg,2112804,2,0,NA
2112600_2,2022-10-10 17:59:05.350335,CLO,2112600.jpg,2112600,2,0,NA
2112037_2,2022-10-10 17:58:59.459081,JEW,2112037.jpg,2112037,2,0,NA
1804527_1,2022-10-10 17:58:58.521453,CLO,1804527.jpg,1804527,1,0,NA
2115099_2,2022-10-10 17:58:58.240262,CLO,2115099.jpg,2115099,2,0,NA
2108393_2,2022-10-10 17:58:57.568220,BEAUTY,2108393.jpg,2108393,2,0,NA
1808943_1,2022-10-10 17:58:56.302464,BEAUTY,1808943.jpg,1808943,1,0,NA
1707832_1,2022-10-10 17:58:55.833743,BEAUTY,1707832.jpg,1707832,1,0,NA
2206325_2,2022-10-10 17:58:55.067964,CLO,2206325.jpg,2206325,2,0,NA
2206323_2,2022-10-10 17:58:52.661469,CLO,2206323.jpg,2206323,2,0,NA
2205180_2,2022-10-10 17:58:50.208234,CLO,2205180.jpg,2205180,2,0,NA
2205179_2,2022-10-10 17:58:49.380077,CLO,2205179.jpg,2205179,2,0,NA
2205173_2,2022-10-10 17:58:48.004722,CLO,2205173.jpg,2205173,2,0,NA
2115370_2,2022-10-10 17:58:45.348209,CLO,2115370.jpg,2115370,2,0,NA
2200649_2,2022-10-10 17:58:44.645174,CLO,2200649.jpg,2200649,2,0,NA
2109891_2,2022-10-10 17:58:43.598250,CLO,2109891.jpg,2109891,2,0,NA
2115194_2,2022-10-10 17:58:42.785699,CLO,2115194.jpg,2115194,2,0,NA
2204025_2,2022-10-10 17:58:41.207595,CLO,2204025.jpg,2204025,2,0,NA
2204024_2,2022-10-10 17:58:40.191966,CLO,2204024.jpg,2204024,2,0,NA
2200292_2,2022-10-10 17:58:39.020076,CLO,2200292.jpg,2200292,2,0,NA
2200291_2,2022-10-10 17:58:38.395073,BEAUTY,2200291.jpg,2200291,2,0,NA
2115372_2,2022-10-10 17:58:37.191957,CLO,2115372.jpg,2115372,2,0,NA
2110887_2,2022-10-10 17:58:35.129514,BEAUTY,2110887.jpg,2110887,2,0,NA
2008337_2,2022-10-10 17:58:34.566958,CLO,2008337.jpg,2008337,2,0,NA
2007279_2,2022-10-10 17:58:33.598176,CLO,2007279.jpg,2007279,2,0,NA
2007273_2,2022-10-10 17:58:33.129491,CLO,2007273.jpg,2007273,2,0,NA
2006698_2,2022-10-10 17:58:32.738899,CLO,2006698.jpg,2006698,2,0,NA
2204879_2,2022-10-10 17:58:32.207592,CLO,2204879.jpg,2204879,2,0,NA
2204878_2,2022-10-10 17:58:31.285679,CLO,2204878.jpg,2204878,2,0,NA
2202520_2,2022-10-10 17:58:29.973208,CLO,2202520.jpg,2202520,2,0,NA
2115133_2,2022-10-10 17:58:28.848181,CLO,2115133.jpg,2115133,2,0,NA
2115131_2,2022-10-10 17:58:27.926291,CLO,2115131.jpg,2115131,2,0,NA
2010841_2,2022-10-10 17:58:27.254421,BEAUTY,2010841.jpg,2010841,2,0,NA
1911497_1,2022-10-10 17:58:25.879429,BEAUTY,1911497.jpg,1911497,1,0,NA
2109436_2,2022-10-10 17:58:24.723179,BEAUTY,2109436.jpg,2109436,2,0,NA
2203002_2,2022-10-10 17:58:24.004403,CLO,2203002.jpg,2203002,2,0,NA
2115076_2,2022-10-10 17:58:23.223195,CLO,2115076.jpg,2115076,2,0,NA
2115075_2,2022-10-10 17:58:21.816935,CLO,2115075.jpg,2115075,2,0,NA
2115073_2,2022-10-10 17:58:20.801403,CLO,2115073.jpg,2115073,2,0,NA
2115071_2,2022-10-10 17:58:19.926286,CLO,2115071.jpg,2115071,2,0,NA
2110662_2,2022-10-10 17:58:19.254414,CLO,2110662.jpg,2110662,2,0,NA
2106545_2,2022-10-10 17:58:18.488792,BEAUTY,2106545.jpg,2106545,2,0,NA
2101906_2,2022-10-10 17:58:16.113785,CLO,2101906.jpg,2101906,2,0,NA
2010653_2,2022-10-10 17:58:15.160660,CLO,2010653.jpg,2010653,2,0,NA
1911238_1,2022-10-10 17:58:14.426268,CLO,1911238.jpg,1911238,1,0,NA
2207520_2,2022-10-10 17:58:13.223164,CLO,2207520.jpg,2207520,2,0,NA
2207519_2,2022-10-10 17:58:11.848137,CLO,2207519.jpg,2207519,2,0,NA
2207518_2,2022-10-10 17:58:10.738771,CLO,2207518.jpg,2207518,2,0,NA
2207509_2,2022-10-10 17:58:09.254383,CLO,2207509.jpg,2207509,2,0,NA
2207503_2,2022-10-10 17:58:07.848135,CLO,2207503.jpg,2207503,2,0,NA
2207501_2,2022-10-10 17:58:06.723130,CLO,2207501.jpg,2207501,2,0,NA
2205363_2,2022-10-10 17:58:05.301250,CLO,2205363.jpg,2205363,2,0,NA
2204855_2,2022-10-10 17:58:04.191889,CLO,2204855.jpg,2204855,2,0,NA
2204854_2,2022-10-10 17:58:03.488756,CLO,2204854.jpg,2204854,2,0,NA
2204851_2,2022-10-10 17:58:02.801274,CLO,2204851.jpg,2204851,2,0,NA
2204850_2,2022-10-10 17:58:02.207494,CLO,2204850.jpg,2204850,2,0,NA
2202751_2,2022-10-10 17:58:01.598130,CLO,2202751.jpg,2202751,2,0,NA
2202750_2,2022-10-10 17:58:00.285718,CLO,2202750.jpg,2202750,2,0,NA
2202748_2,2022-10-10 17:57:59.160721,CLO,2202748.jpg,2202748,2,0,NA
2202747_2,2022-10-10 17:57:58.238736,CLO,2202747.jpg,2202747,2,0,NA
2202746_2,2022-10-10 17:57:57.098123,CLO,2202746.jpg,2202746,2,0,NA
2202745_2,2022-10-10 17:57:55.910612,CLO,2202745.jpg,2202745,2,0,NA
2202742_2,2022-10-10 17:57:54.723090,CLO,2202742.jpg,2202742,2,0,NA
2202336_2,2022-10-10 17:57:53.598356,CLO,2202336.jpg,2202336,2,0,NA
2201403_2,2022-10-10 17:57:52.738722,CLO,2201403.jpg,2201403,2,0,NA
2200629_2,2022-10-10 17:57:51.988740,CLO,2200629.jpg,2200629,2,0,NA
2113698_2,2022-10-10 17:57:51.176335,BEAUTY,2113698.jpg,2113698,2,0,NA
2113621_2,2022-10-10 17:57:50.613727,BEAUTY,2113621.jpg,2113621,2,0,NA
2113537_2,2022-10-10 17:57:49.441850,BEAUTY,2113537.jpg,2113537,2,0,NA
2113531_2,2022-10-10 17:57:48.535680,BEAUTY,2113531.jpg,2113531,2,0,NA
2113208_2,2022-10-10 17:57:47.644989,BEAUTY,2113208.jpg,2113208,2,0,NA
2111220_2,2022-10-10 17:57:47.004478,BEAUTY,2111220.jpg,2111220,2,0,NA
2108458_2,2022-10-10 17:57:46.270014,CLO,2108458.jpg,2108458,2,0,NA
2108454_2,2022-10-10 17:57:45.176192,CLO,2108454.jpg,2108454,2,0,NA
2108451_2,2022-10-10 17:57:44.613704,BEAUTY,2108451.jpg,2108451,2,0,NA
2107634_2,2022-10-10 17:57:43.723202,BEAUTY,2107634.jpg,2107634,2,0,NA
2107598_2,2022-10-10 17:57:41.473080,BEAUTY,2107598.jpg,2107598,2,0,NA
2103387_2,2022-10-10 17:57:39.113819,BEAUTY,2103387.jpg,2103387,2,0,NA
2103384_2,2022-10-10 17:57:38.160630,BEAUTY,2103384.jpg,2103384,2,0,NA
2103382_2,2022-10-10 17:57:36.004440,BEAUTY,2103382.jpg,2103382,2,0,NA
2100720_2,2022-10-10 17:57:34.926169,BEAUTY,2100720.jpg,2100720,2,0,NA
2100238_2,2022-10-10 17:57:33.566794,BEAUTY,2100238.jpg,2100238,2,0,NA
2100230_2,2022-10-10 17:57:31.613670,BEAUTY,2100230.jpg,2100230,2,0,NA
2011365_2,2022-10-10 17:57:30.519944,CLO,2011365.jpg,2011365,2,0,NA
2011362_2,2022-10-10 17:57:28.941786,BEAUTY,2011362.jpg,2011362,2,0,NA
2006699_2,2022-10-10 17:57:27.004278,BEAUTY,2006699.jpg,2006699,2,0,NA
2005654_2,2022-10-10 17:57:26.066774,CLO,2005654.jpg,2005654,2,0,NA
2004030_2,2022-10-10 17:57:24.785522,CLO,2004030.jpg,2004030,2,0,NA
2003160_2,2022-10-10 17:57:23.676161,CLO,2003160.jpg,2003160,2,0,NA
1912992_1,2022-10-10 17:57:22.941784,CLO,1912992.jpg,1912992,1,0,NA
1912370_1,2022-10-10 17:57:21.144890,CLO,1912370.jpg,1912370,1,0,NA
1908633_1,2022-10-10 17:57:20.098066,CLO,1908633.jpg,1908633,1,0,NA
1907801_1,2022-10-10 17:57:19.066775,BEAUTY,1907801.jpg,1907801,1,0,NA
1905368_1,2022-10-10 17:57:16.769881,CLO,1905368.jpg,1905368,1,0,NA
1904024_1,2022-10-10 17:57:16.395193,BEAUTY,1904024.jpg,1904024,1,0,NA
1904022_1,2022-10-10 17:57:15.410713,BEAUTY,1904022.jpg,1904022,1,0,NA
1903339_1,2022-10-10 17:57:12.988661,BEAUTY,1903339.jpg,1903339,1,0,NA
1902541_1,2022-10-10 17:57:11.754245,BEAUTY,1902541.jpg,1902541,1,0,NA
1901459_1,2022-10-10 17:57:10.801117,BEAUTY,1901459.jpg,1901459,1,0,NA
1901458_1,2022-10-10 17:57:09.816763,CLO,1901458.jpg,1901458,1,0,NA
2204407_2,2022-10-10 17:57:09.426114,CLO,2204407.jpg,2204407,2,0,NA
2110881_2,2022-10-10 17:57:08.566840,CLO,2110881.jpg,2110881,2,0,NA
2109085_2,2022-10-10 17:57:06.941737,BEAUTY,2109085.jpg,2109085,2,0,NA
2103087_2,2022-10-10 17:57:05.972980,BEAUTY,2103087.jpg,2103087,2,0,NA
1709991_1,2022-10-10 17:57:05.332615,CLO,1709991.jpg,1709991,1,0,NA
2115493_2,2022-10-10 17:57:04.676103,CLO,2115493.jpg,2115493,2,0,NA
2205147_2,2022-10-10 17:57:03.754224,CLO,2205147.jpg,2205147,2,0,NA
2115492_2,2022-10-10 17:57:00.676095,CLO,2115492.jpg,2115492,2,0,NA
2104039_2,2022-10-10 17:57:00.004231,CLO,2104039.jpg,2104039,2,0,NA
1908948_1,2022-10-10 17:56:57.785474,BEAUTY,1908948.jpg,1908948,1,0,NA
1705746_1,2022-10-10 17:56:56.051082,BEAUTY,1705746.jpg,1705746,1,0,NA
1601719_1,2022-10-10 17:56:54.801433,BEAUTY,1601719.jpg,1601719,1,0,NA
2208903_2,2022-10-10 17:56:49.551091,BEAUTY,2208903.jpg,2208903,2,0,NA
2208902_2,2022-10-10 17:56:48.926098,BEAUTY,2208902.jpg,2208902,2,0,NA
2116113_2,2022-10-10 17:56:48.207408,BEAUTY,2116113.jpg,2116113,2,0,NA
2115981_2,2022-10-10 17:56:47.176151,BEAUTY,2115981.jpg,2115981,2,0,NA
2115866_2,2022-10-10 17:56:46.504319,BEAUTY,2115866.jpg,2115866,2,0,NA
2115768_2,2022-10-10 17:56:45.816708,CLO,2115768.jpg,2115768,2,0,NA
2115767_2,2022-10-10 17:56:44.894843,CLO,2115767.jpg,2115767,2,0,NA
2112513_2,2022-10-10 17:56:44.082431,BEAUTY,2112513.jpg,2112513,2,0,NA
2108359_2,2022-10-10 17:56:43.238567,BEAUTY,2108359.jpg,2108359,2,0,NA
2108358_2,2022-10-10 17:56:42.660438,BEAUTY,2108358.jpg,2108358,2,0,NA
2107160_2,2022-10-10 17:56:42.051056,BEAUTY,2107160.jpg,2107160,2,0,NA
2100881_2,2022-10-10 17:56:41.379184,BEAUTY,2100881.jpg,2100881,2,0,NA
2100623_2,2022-10-10 17:56:40.082300,BEAUTY,2100623.jpg,2100623,2,0,NA
2100622_2,2022-10-10 17:56:38.738547,BEAUTY,2100622.jpg,2100622,2,0,NA
2100620_2,2022-10-10 17:56:38.097912,BEAUTY,2100620.jpg,2100620,2,0,NA
2011821_2,2022-10-10 17:56:35.597906,BEAUTY,2011821.jpg,2011821,2,0,NA
2010049_2,2022-10-10 17:56:34.769783,BEAUTY,2010049.jpg,2010049,2,0,NA
2004991_2,2022-10-10 17:56:32.082279,BEAUTY,2004991.jpg,2004991,2,0,NA
2000357_2,2022-10-10 17:56:29.566669,BEAUTY,2000357.jpg,2000357,2,0,NA
1912029_1,2022-10-10 17:56:29.176053,BEAUTY,1912029.jpg,1912029,1,0,NA
1808189_1,2022-10-10 17:56:28.785419,BEAUTY,1808189.jpg,1808189,1,0,NA
1808188_1,2022-10-10 17:56:27.691650,BEAUTY,1808188.jpg,1808188,1,0,NA
1808187_1,2022-10-10 17:56:26.660412,BEAUTY,1808187.jpg,1808187,1,0,NA
1808186_1,2022-10-10 17:56:25.738543,BEAUTY,1808186.jpg,1808186,1,0,NA
1808185_1,2022-10-10 17:56:24.785394,BEAUTY,1808185.jpg,1808185,1,0,NA
1808184_1,2022-10-10 17:56:22.379144,BEAUTY,1808184.jpg,1808184,1,0,NA
1808182_1,2022-10-10 17:56:21.035455,BEAUTY,1808182.jpg,1808182,1,0,NA
1808181_1,2022-10-10 17:56:20.160399,BEAUTY,1808181.jpg,1808181,1,0,NA
1808180_1,2022-10-10 17:56:18.332248,BEAUTY,1808180.jpg,1808180,1,0,NA
1808149_1,2022-10-10 17:56:17.426050,BEAUTY,1808149.jpg,1808149,1,0,NA
1808148_1,2022-10-10 17:56:15.457274,BEAUTY,1808148.jpg,1808148,1,0,NA
1808147_1,2022-10-10 17:56:14.113512,BEAUTY,1808147.jpg,1808147,1,0,NA
1808145_1,2022-10-10 17:56:12.801001,BEAUTY,1808145.jpg,1808145,1,0,NA
1808144_1,2022-10-10 17:56:11.722865,BEAUTY,1808144.jpg,1808144,1,0,NA
1808143_1,2022-10-10 17:56:10.800995,BEAUTY,1808143.jpg,1808143,1,0,NA
1808141_1,2022-10-10 17:56:09.738558,BEAUTY,1808141.jpg,1808141,1,0,NA
1808140_1,2022-10-10 17:56:08.504223,BEAUTY,1808140.jpg,1808140,1,0,NA
1808139_1,2022-10-10 17:56:07.332260,BEAUTY,1808139.jpg,1808139,1,0,NA
1808138_1,2022-10-10 17:56:06.347869,BEAUTY,1808138.jpg,1808138,1,0,NA
1808137_1,2022-10-10 17:56:05.410354,BEAUTY,1808137.jpg,1808137,1,0,NA
1808136_1,2022-10-10 17:56:04.316601,BEAUTY,1808136.jpg,1808136,1,0,NA
2014062_2,2022-10-10 17:56:03.457220,CLO,2014062.jpg,2014062,2,0,NA
2204990_2,2022-10-10 17:56:02.441602,CLO,2204990.jpg,2204990,2,0,NA
2204989_2,2022-10-10 17:55:59.879112,CLO,2204989.jpg,2204989,2,0,NA
2204988_2,2022-10-10 17:55:58.504095,CLO,2204988.jpg,2204988,2,0,NA
2204970_2,2022-10-10 17:55:57.285327,CLO,2204970.jpg,2204970,2,0,NA
2204856_2,2022-10-10 17:55:56.191597,CLO,2204856.jpg,2204856,2,0,NA
2205148_2,2022-10-10 17:55:53.740678,CLO,2205148.jpg,2205148,2,0,NA
2205146_2,2022-10-10 17:55:52.332201,CLO,2205146.jpg,2205146,2,0,NA
2115325_2,2022-10-10 17:55:50.769698,BEAUTY,2115325.jpg,2115325,2,0,NA
2106534_2,2022-10-10 17:55:48.597894,CLO,2106534.jpg,2106534,2,0,NA
2106505_2,2022-10-10 17:55:47.566571,BEAUTY,2106505.jpg,2106505,2,0,NA
1911416_1,2022-10-10 17:55:44.457173,BEAUTY,1911416.jpg,1911416,1,0,NA
1812461_1,2022-10-10 17:55:41.895211,BEAUTY,1812461.jpg,1812461,1,0,NA
2213934_2,2022-10-10 17:55:39.800920,BEAUTY,2213934.jpg,2213934,2,0,NA
2213927_2,2022-10-10 17:55:38.847788,BEAUTY,2213927.jpg,2213927,2,0,NA
2213924_2,2022-10-10 17:55:37.879059,BEAUTY,2213924.jpg,2213924,2,0,NA
2208135_2,2022-10-10 17:55:36.910297,BEAUTY,2208135.jpg,2208135,2,0,NA
2207443_2,2022-10-10 17:55:35.957184,BEAUTY,2207443.jpg,2207443,2,0,NA
2207406_2,2022-10-10 17:55:35.004044,BEAUTY,2207406.jpg,2207406,2,0,NA
2207300_2,2022-10-10 17:55:34.019774,CLO,2207300.jpg,2207300,2,0,NA
2204994_2,2022-10-10 17:55:33.129048,CLO,2204994.jpg,2204994,2,0,NA
2204976_2,2022-10-10 17:55:32.019672,CLO,2204976.jpg,2204976,2,0,NA
2204967_2,2022-10-10 17:55:30.958194,CLO,2204967.jpg,2204967,2,0,NA
2204966_2,2022-10-10 17:55:29.863427,CLO,2204966.jpg,2204966,2,0,NA
2204891_2,2022-10-10 17:55:27.754258,CLO,2204891.jpg,2204891,2,0,NA
2204889_2,2022-10-10 17:55:25.894645,CLO,2204889.jpg,2204889,2,0,NA
2204888_2,2022-10-10 17:55:23.597751,BEAUTY,2204888.jpg,2204888,2,0,NA
2204887_2,2022-10-10 17:55:22.847770,CLO,2204887.jpg,2204887,2,0,NA
2204886_2,2022-10-10 17:55:21.738402,CLO,2204886.jpg,2204886,2,0,NA
2204885_2,2022-10-10 17:55:20.050910,CLO,2204885.jpg,2204885,2,0,NA
2204884_2,2022-10-10 17:55:18.472949,CLO,2204884.jpg,2204884,2,0,NA
2204866_2,2022-10-10 17:55:17.457127,CLO,2204866.jpg,2204866,2,0,NA
2204099_2,2022-10-10 17:55:16.019709,CLO,2204099.jpg,2204099,2,0,NA
2204095_2,2022-10-10 17:55:15.097742,CLO,2204095.jpg,2204095,2,0,NA
2204090_2,2022-10-10 17:55:13.207121,CLO,2204090.jpg,2204090,2,0,NA
2203246_2,2022-10-10 17:55:11.082397,CLO,2203246.jpg,2203246,2,0,NA
2202808_2,2022-10-10 17:55:08.332117,CLO,2202808.jpg,2202808,2,0,NA
2201458_2,2022-10-10 17:55:07.285224,CLO,2201458.jpg,2201458,2,0,NA
2201457_2,2022-10-10 17:55:06.301227,CLO,2201457.jpg,2201457,2,0,NA
2201263_2,2022-10-10 17:55:05.316479,CLO,2201263.jpg,2201263,2,0,NA
2201187_2,2022-10-10 17:55:03.910340,CLO,2201187.jpg,2201187,2,0,NA
2200609_2,2022-10-10 17:55:03.036442,CLO,2200609.jpg,2200609,2,0,NA
2115535_2,2022-10-10 17:55:02.363362,CLO,2115535.jpg,2115535,2,0,NA
2115533_2,2022-10-10 17:55:01.425863,CLO,2115533.jpg,2115533,2,0,NA
2115472_2,2022-10-10 17:55:00.753953,CLO,2115472.jpg,2115472,2,0,NA
2115471_2,2022-10-10 17:54:57.988344,CLO,2115471.jpg,2115471,2,0,NA
2115469_2,2022-10-10 17:54:55.473280,CLO,2115469.jpg,2115469,2,0,NA
2115466_2,2022-10-10 17:54:54.800934,CLO,2115466.jpg,2115466,2,0,NA
2115465_2,2022-10-10 17:54:54.097710,CLO,2115465.jpg,2115465,2,0,NA
2115464_2,2022-10-10 17:54:53.472893,CLO,2115464.jpg,2115464,2,0,NA
2115462_2,2022-10-10 17:54:52.488326,CLO,2115462.jpg,2115462,2,0,NA
2110919_2,2022-10-10 17:54:51.832099,CLO,2110919.jpg,2110919,2,0,NA
2110917_2,2022-10-10 17:54:51.144555,BEAUTY,2110917.jpg,2110917,2,0,NA
2110916_2,2022-10-10 17:54:50.113302,CLO,2110916.jpg,2110916,2,0,NA
2110915_2,2022-10-10 17:54:48.363328,CLO,2110915.jpg,2110915,2,0,NA
2110907_2,2022-10-10 17:54:47.550812,BEAUTY,2110907.jpg,2110907,2,0,NA
2110906_2,2022-10-10 17:54:46.675792,BEAUTY,2110906.jpg,2110906,2,0,NA
2110808_2,2022-10-10 17:54:45.691647,CLO,2110808.jpg,2110808,2,0,NA
2110805_2,2022-10-10 17:54:44.957060,CLO,2110805.jpg,2110805,2,0,NA
2109881_2,2022-10-10 17:54:44.316477,CLO,2109881.jpg,2109881,2,0,NA
2109880_2,2022-10-10 17:54:43.144710,CLO,2109880.jpg,2109880,2,0,NA
2106542_2,2022-10-10 17:54:42.504027,CLO,2106542.jpg,2106542,2,0,NA
2106541_2,2022-10-10 17:54:41.488309,CLO,2106541.jpg,2106541,2,0,NA
2106512_2,2022-10-10 17:54:40.191441,CLO,2106512.jpg,2106512,2,0,NA
2102429_2,2022-10-10 17:54:39.097683,CLO,2102429.jpg,2102429,2,0,NA
2014029_2,2022-10-10 17:54:38.004111,CLO,2014029.jpg,2014029,2,0,NA
2011776_2,2022-10-10 17:54:37.426172,CLO,2011776.jpg,2011776,2,0,NA
2011772_2,2022-10-10 17:54:36.988307,CLO,2011772.jpg,2011772,2,0,NA
2010616_2,2022-10-10 17:54:36.394543,CLO,2010616.jpg,2010616,2,0,NA
1908006_1,2022-10-10 17:54:35.941558,CLO,1908006.jpg,1908006,1,0,NA
1907617_1,2022-10-10 17:54:34.972645,BEAUTY,1907617.jpg,1907617,1,0,NA
1907512_1,2022-10-10 17:54:32.707027,BEAUTY,1907512.jpg,1907512,1,0,NA
1907440_1,2022-10-10 17:54:31.645159,BEAUTY,1907440.jpg,1907440,1,0,NA
1812455_1,2022-10-10 17:54:30.895071,BEAUTY,1812455.jpg,1812455,1,0,NA
2205178_2,2022-10-10 17:54:28.692069,CLO,2205178.jpg,2205178,2,0,NA
2115458_2,2022-10-10 17:54:27.050784,CLO,2115458.jpg,2115458,2,0,NA
2213901_2,2022-10-10 17:54:26.472952,BEAUTY,2213901.jpg,2213901,2,0,NA
2209718_2,2022-10-10 17:54:25.566375,BEAUTY,2209718.jpg,2209718,2,0,NA
2204882_2,2022-10-10 17:54:24.847620,CLO,2204882.jpg,2204882,2,0,NA
2204874_2,2022-10-10 17:54:23.566365,CLO,2204874.jpg,2204874,2,0,NA
2204871_2,2022-10-10 17:54:22.050770,CLO,2204871.jpg,2204871,2,0,NA
2115488_2,2022-10-10 17:54:21.300751,CLO,2115488.jpg,2115488,2,0,NA
2115487_2,2022-10-10 17:54:20.441526,CLO,2115487.jpg,2115487,2,0,NA
2115486_2,2022-10-10 17:54:19.816361,CLO,2115486.jpg,2115486,2,0,NA
2115485_2,2022-10-10 17:54:19.003870,CLO,2115485.jpg,2115485,2,0,NA
2115483_2,2022-10-10 17:54:17.816362,CLO,2115483.jpg,2115483,2,0,NA
2115479_2,2022-10-10 17:54:17.206974,CLO,2115479.jpg,2115479,2,0,NA
2115477_2,2022-10-10 17:54:16.316545,CLO,2115477.jpg,2115477,2,0,NA
2110548_2,2022-10-10 17:54:15.691372,CLO,2110548.jpg,2110548,2,0,NA
2000521_2,2022-10-10 17:54:15.019493,CLO,2000521.jpg,2000521,2,0,NA
1807178_1,2022-10-10 17:54:14.550893,BEAUTY,1807178.jpg,1807178,1,0,NA
1804403_1,2022-10-10 17:54:13.613235,BEAUTY,1804403.jpg,1804403,1,0,NA
2204870_2,2022-10-10 17:54:12.925722,CLO,2204870.jpg,2204870,2,0,NA
2204858_2,2022-10-10 17:54:10.956989,CLO,2204858.jpg,2204858,2,0,NA
2204726_2,2022-10-10 17:54:09.925772,BEAUTY,2204726.jpg,2204726,2,0,NA
2204717_2,2022-10-10 17:54:09.191365,CLO,2204717.jpg,2204717,2,0,NA
2203251_2,2022-10-10 17:54:06.410093,CLO,2203251.jpg,2203251,2,0,NA
2115034_2,2022-10-10 17:54:05.097606,CLO,2115034.jpg,2115034,2,0,NA
2115030_2,2022-10-10 17:54:04.050723,BEAUTY,2115030.jpg,2115030,2,0,NA
2115014_2,2022-10-10 17:54:01.910070,CLO,2115014.jpg,2115014,2,0,NA
2115009_2,2022-10-10 17:53:59.175698,CLO,2115009.jpg,2115009,2,0,NA
2115007_2,2022-10-10 17:53:57.019462,CLO,2115007.jpg,2115007,2,0,NA
2115005_2,2022-10-10 17:53:55.566305,CLO,2115005.jpg,2115005,2,0,NA
2110827_2,2022-10-10 17:53:54.800693,CLO,2110827.jpg,2110827,2,0,NA
2110824_2,2022-10-10 17:53:53.972566,CLO,2110824.jpg,2110824,2,0,NA
2110819_2,2022-10-10 17:53:52.847558,BEAUTY,2110819.jpg,2110819,2,0,NA
2110817_2,2022-10-10 17:53:50.316311,CLO,2110817.jpg,2110817,2,0,NA
2109514_2,2022-10-10 17:53:48.878791,CLO,2109514.jpg,2109514,2,0,NA
2109427_2,2022-10-10 17:53:47.863189,CLO,2109427.jpg,2109427,2,0,NA
2106065_2,2022-10-10 17:53:46.925668,CLO,2106065.jpg,2106065,2,0,NA
2013937_2,2022-10-10 17:53:46.097553,BEAUTY,2013937.jpg,2013937,2,0,NA
2000958_2,2022-10-10 17:53:45.019545,CLO,2000958.jpg,2000958,2,0,NA
2213905_2,2022-10-10 17:53:43.863162,BEAUTY,2213905.jpg,2213905,2,0,NA
2204876_2,2022-10-10 17:53:40.378809,CLO,2204876.jpg,2204876,2,0,NA
2204737_2,2022-10-10 17:53:38.144402,CLO,2204737.jpg,2204737,2,0,NA
2204736_2,2022-10-10 17:53:36.722526,CLO,2204736.jpg,2204736,2,0,NA
2204734_2,2022-10-10 17:53:35.503785,CLO,2204734.jpg,2204734,2,0,NA
2204731_2,2022-10-10 17:53:34.050660,CLO,2204731.jpg,2204731,2,0,NA
2204723_2,2022-10-10 17:53:32.785004,CLO,2204723.jpg,2204723,2,0,NA
2204718_2,2022-10-10 17:53:31.644387,CLO,2204718.jpg,2204718,2,0,NA
2115290_2,2022-10-10 17:53:30.550642,CLO,2115290.jpg,2115290,2,0,NA
2115277_2,2022-10-10 17:53:29.253770,CLO,2115277.jpg,2115277,2,0,NA
2115268_2,2022-10-10 17:53:28.425656,BEAUTY,2115268.jpg,2115268,2,0,NA
2102415_2,2022-10-10 17:53:26.535004,BEAUTY,2102415.jpg,2102415,2,0,NA
1807527_1,2022-10-10 17:53:24.409982,BEAUTY,1807527.jpg,1807527,1,0,NA
1807523_1,2022-10-10 17:53:23.128733,CLO,1807523.jpg,1807523,1,0,NA
2213914_2,2022-10-10 17:53:22.691273,BEAUTY,2213914.jpg,2213914,2,0,NA
2213762_2,2022-10-10 17:53:21.753752,BEAUTY,2213762.jpg,2213762,2,0,NA
2213758_2,2022-10-10 17:53:20.941334,BEAUTY,2213758.jpg,2213758,2,0,NA
2209809_2,2022-10-10 17:53:20.253746,BEAUTY,2209809.jpg,2209809,2,0,NA
2206222_2,2022-10-10 17:53:19.581851,CLO,2206222.jpg,2206222,2,0,NA
2205958_2,2022-10-10 17:53:18.331859,CLO,2205958.jpg,2205958,2,0,NA
2205955_2,2022-10-10 17:53:14.910004,CLO,2205955.jpg,2205955,2,0,NA
2205183_2,2022-10-10 17:53:11.550670,CLO,2205183.jpg,2205183,2,0,NA
2205174_2,2022-10-10 17:53:10.456829,CLO,2205174.jpg,2205174,2,0,NA
2205167_2,2022-10-10 17:53:08.300623,CLO,2205167.jpg,2205167,2,0,NA
2205164_2,2022-10-10 17:53:06.363093,CLO,2205164.jpg,2205164,2,0,NA
2204964_2,2022-10-10 17:53:04.909937,BEAUTY,2204964.jpg,2204964,2,0,NA
2204963_2,2022-10-10 17:53:03.644314,CLO,2204963.jpg,2204963,2,0,NA
2204961_2,2022-10-10 17:53:02.363062,CLO,2204961.jpg,2204961,2,0,NA
2204536_2,2022-10-10 17:53:01.175749,CLO,2204536.jpg,2204536,2,0,NA
2202960_2,2022-10-10 17:52:59.441176,CLO,2202960.jpg,2202960,2,0,NA
2202524_2,2022-10-10 17:52:58.269325,CLO,2202524.jpg,2202524,2,0,NA
2201944_2,2022-10-10 17:52:56.847424,CLO,2201944.jpg,2201944,2,0,NA
2201942_2,2022-10-10 17:52:55.409952,CLO,2201942.jpg,2201942,2,0,NA
2201941_2,2022-10-10 17:52:54.222459,CLO,2201941.jpg,2201941,2,0,NA
2201938_2,2022-10-10 17:52:53.050548,CLO,2201938.jpg,2201938,2,0,NA
2201935_2,2022-10-10 17:52:52.144396,CLO,2201935.jpg,2201935,2,0,NA
2201928_2,2022-10-10 17:52:51.160073,CLO,2201928.jpg,2201928,2,0,NA
2201916_2,2022-10-10 17:52:50.409931,CLO,2201916.jpg,2201916,2,0,NA
2201915_2,2022-10-10 17:52:49.284925,CLO,2201915.jpg,2201915,2,0,NA
2201914_2,2022-10-10 17:52:48.378652,CLO,2201914.jpg,2201914,2,0,NA
2201100_2,2022-10-10 17:52:47.191176,CLO,2201100.jpg,2201100,2,0,NA
2200959_2,2022-10-10 17:52:46.222399,CLO,2200959.jpg,2200959,2,0,NA
2200352_2,2022-10-10 17:52:45.300540,CLO,2200352.jpg,2200352,2,0,NA
2200349_2,2022-10-10 17:52:44.534907,CLO,2200349.jpg,2200349,2,0,NA
2200347_2,2022-10-10 17:52:43.644268,CLO,2200347.jpg,2200347,2,0,NA
2200345_2,2022-10-10 17:52:42.894264,CLO,2200345.jpg,2200345,2,0,NA
2200167_2,2022-10-10 17:52:42.113029,CLO,2200167.jpg,2200167,2,0,NA
2200150_2,2022-10-10 17:52:41.050539,CLO,2200150.jpg,2200150,2,0,NA
2115733_2,2022-10-10 17:52:39.988028,CLO,2115733.jpg,2115733,2,0,NA
2115454_2,2022-10-10 17:52:39.050518,CLO,2115454.jpg,2115454,2,0,NA
2113126_2,2022-10-10 17:52:38.284910,CLO,2113126.jpg,2113126,2,0,NA
2113125_2,2022-10-10 17:52:37.378639,CLO,2113125.jpg,2113125,2,0,NA
2113124_2,2022-10-10 17:52:36.331777,BEAUTY,2113124.jpg,2113124,2,0,NA
2106529_2,2022-10-10 17:52:35.206761,BEAUTY,2106529.jpg,2106529,2,0,NA
2106527_2,2022-10-10 17:52:34.050508,BEAUTY,2106527.jpg,2106527,2,0,NA
2106520_2,2022-10-10 17:52:33.003628,BEAUTY,2106520.jpg,2106520,2,0,NA
2102222_2,2022-10-10 17:52:31.722387,BEAUTY,2102222.jpg,2102222,2,0,NA
2007319_2,2022-10-10 17:52:30.050485,BEAUTY,2007319.jpg,2007319,2,0,NA
2000942_2,2022-10-10 17:52:27.612978,CLO,2000942.jpg,2000942,2,0,NA
2000902_2,2022-10-10 17:52:27.206742,CLO,2000902.jpg,2000902,2,0,NA
1907941_1,2022-10-10 17:52:26.003609,BEAUTY,1907941.jpg,1907941,1,0,NA
1905027_1,2022-10-10 17:52:25.253613,BEAUTY,1905027.jpg,1905027,1,0,NA
1905022_1,2022-10-10 17:52:24.003635,BEAUTY,1905022.jpg,1905022,1,0,NA
1807494_1,2022-10-10 17:52:22.753616,BEAUTY,1807494.jpg,1807494,1,0,NA
1706493_1,2022-10-10 17:52:21.925503,BEAUTY,1706493.jpg,1706493,1,0,NA
1703012_1,2022-10-10 17:52:19.738031,BEAUTY,1703012.jpg,1703012,1,0,NA
2205158_2,2022-10-10 17:52:17.206712,CLO,2205158.jpg,2205158,2,0,NA
2110913_2,2022-10-10 17:52:15.925500,CLO,2110913.jpg,2110913,2,0,NA
2106530_2,2022-10-10 17:52:15.222343,CLO,2106530.jpg,2106530,2,0,NA
2012148_2,2022-10-10 17:52:13.550465,CLO,2012148.jpg,2012148,2,0,NA
2009653_2,2022-10-10 17:52:12.862950,CLO,2009653.jpg,2009653,2,0,NA
2009651_2,2022-10-10 17:52:12.144222,CLO,2009651.jpg,2009651,2,0,NA
2008723_2,2022-10-10 17:52:11.675460,CLO,2008723.jpg,2008723,2,0,NA
2008719_2,2022-10-10 17:52:11.284818,CLO,2008719.jpg,2008719,2,0,NA
2104895_2,2022-10-10 17:52:10.612969,SHO,2104895.jpg,2104895,2,0,NA
2206374_2,2022-10-10 17:52:09.316067,ACC,2206374.jpg,2206374,2,0,NA
2206136_2,2022-10-10 17:52:05.972340,ACC,2206136.jpg,2206136,2,0,NA
2112803_2,2022-10-10 17:52:02.550453,ACC,2112803.jpg,2112803,2,0,NA
2210412_2,2022-10-10 17:52:01.034832,SHO,2210412.jpg,2210412,2,0,NA
2201582_2,2022-10-10 17:52:00.394203,ACC,2201582.jpg,2201582,2,0,NA
2206372_2,2022-10-10 17:51:57.206675,ACC,2206372.jpg,2206372,2,0,NA
2203366_2,2022-10-10 17:51:54.316047,ACC,2203366.jpg,2203366,2,0,NA
2003221_2,2022-10-10 17:51:52.394254,ACC,2003221.jpg,2003221,2,0,NA
2115922_2,2022-10-10 17:51:49.925423,JEW,2115922.jpg,2115922,2,0,NA
2115920_2,2022-10-10 17:51:49.222301,BEAUTY,2115920.jpg,2115920,2,0,NA
2115908_2,2022-10-10 17:51:48.206867,JEW,2115908.jpg,2115908,2,0,NA
2111859_2,2022-10-10 17:51:47.363043,JEW,2111859.jpg,2111859,2,0,NA
2111853_2,2022-10-10 17:51:44.534803,BEAUTY,2111853.jpg,2111853,2,0,NA
2110442_2,2022-10-10 17:51:41.925409,JEW,2110442.jpg,2110442,2,0,NA
2110440_2,2022-10-10 17:51:40.675398,JEW,2110440.jpg,2110440,2,0,NA
2108502_2,2022-10-10 17:51:39.722368,JEW,2108502.jpg,2108502,2,0,NA
2105013_2,2022-10-10 17:51:36.925670,BEAUTY,2105013.jpg,2105013,2,0,NA
2100759_2,2022-10-10 17:51:36.253496,BEAUTY,2100759.jpg,2100759,2,0,NA
2012438_2,2022-10-10 17:51:35.253520,JEW,2012438.jpg,2012438,2,0,NA
2205971_2,2022-10-10 17:51:34.034749,BEAUTY,2205971.jpg,2205971,2,0,NA
2209195_2,2022-10-10 17:51:30.987983,CLO,2209195.jpg,2209195,2,0,NA
2000452_2,2022-10-10 17:51:29.441000,CLO,2000452.jpg,2000452,2,0,NA
1812471_1,2022-10-10 17:51:28.831594,CLO,1812471.jpg,1812471,1,0,NA
1610833_1,2022-10-10 17:51:27.331601,CLO,1610833.jpg,1610833,1,0,NA
1507588_1,2022-10-10 17:51:24.237839,CLO,1507588.jpg,1507588,1,0,NA
1707204_1,2022-10-10 17:51:21.784708,CLO,1707204.jpg,1707204,1,0,NA
2205974_2,2022-10-10 17:51:21.112945,CLO,2205974.jpg,2205974,2,0,NA
2205094_2,2022-10-10 17:51:18.300339,CLO,2205094.jpg,2205094,2,0,NA
2203486_2,2022-10-10 17:51:14.956569,CLO,2203486.jpg,2203486,2,0,NA
2006105_2,2022-10-10 17:51:13.800348,CLO,2006105.jpg,2006105,2,0,NA
2201218_2,2022-10-10 17:51:10.534730,CLO,2201218.jpg,2201218,2,0,NA
2200226_2,2022-10-10 17:51:09.487810,CLO,2200226.jpg,2200226,2,0,NA
2206508_2,2022-10-10 17:51:08.362818,CLO,2206508.jpg,2206508,2,0,NA
2206507_2,2022-10-10 17:51:06.144073,CLO,2206507.jpg,2206507,2,0,NA
2205975_2,2022-10-10 17:51:03.550616,CLO,2205975.jpg,2205975,2,0,NA
2208316_2,2022-10-10 17:51:00.909684,CLO,2208316.jpg,2208316,2,0,NA
2207576_2,2022-10-10 17:50:57.440941,CLO,2207576.jpg,2207576,2,0,NA
2207574_2,2022-10-10 17:50:56.394043,CLO,2207574.jpg,2207574,2,0,NA
2207549_2,2022-10-10 17:50:55.425272,CLO,2207549.jpg,2207549,2,0,NA
2207541_2,2022-10-10 17:50:53.222161,CLO,2207541.jpg,2207541,2,0,NA
2206531_2,2022-10-10 17:50:52.456521,CLO,2206531.jpg,2206531,2,0,NA
2206320_2,2022-10-10 17:50:51.519019,CLO,2206320.jpg,2206320,2,0,NA
2206298_2,2022-10-10 17:50:48.659638,CLO,2206298.jpg,2206298,2,0,NA
2206291_2,2022-10-10 17:50:46.347157,CLO,2206291.jpg,2206291,2,0,NA
2206255_2,2022-10-10 17:50:43.847194,CLO,2206255.jpg,2206255,2,0,NA
2206252_2,2022-10-10 17:50:41.784633,CLO,2206252.jpg,2206252,2,0,NA
2206176_2,2022-10-10 17:50:39.472117,CLO,2206176.jpg,2206176,2,0,NA
2206175_2,2022-10-10 17:50:38.003376,CLO,2206175.jpg,2206175,2,0,NA
2206141_2,2022-10-10 17:50:36.659788,CLO,2206141.jpg,2206141,2,0,NA
2206059_2,2022-10-10 17:50:35.472423,CLO,2206059.jpg,2206059,2,0,NA
2205896_2,2022-10-10 17:50:33.269031,CLO,2205896.jpg,2205896,2,0,NA
2205895_2,2022-10-10 17:50:30.987755,CLO,2205895.jpg,2205895,2,0,NA
2205847_2,2022-10-10 17:50:30.315870,CLO,2205847.jpg,2205847,2,0,NA
2204780_2,2022-10-10 17:50:28.550426,CLO,2204780.jpg,2204780,2,0,NA
2203267_2,2022-10-10 17:50:26.394084,CLO,2203267.jpg,2203267,2,0,NA
2203204_2,2022-10-10 17:50:24.847083,CLO,2203204.jpg,2203204,2,0,NA
2203201_2,2022-10-10 17:50:23.784746,CLO,2203201.jpg,2203201,2,0,NA
2202473_2,2022-10-10 17:50:21.690855,CLO,2202473.jpg,2202473,2,0,NA
2202457_2,2022-10-10 17:50:20.675217,CLO,2202457.jpg,2202457,2,0,NA
2202444_2,2022-10-10 17:50:19.987693,CLO,2202444.jpg,2202444,2,0,NA
2201833_2,2022-10-10 17:50:17.706447,CLO,2201833.jpg,2201833,2,0,NA
2201546_2,2022-10-10 17:50:17.018976,CLO,2201546.jpg,2201546,2,0,NA
2200251_2,2022-10-10 17:50:15.940815,CLO,2200251.jpg,2200251,2,0,NA
2116059_2,2022-10-10 17:50:14.613088,CLO,2116059.jpg,2116059,2,0,NA
2116057_2,2022-10-10 17:50:13.565839,CLO,2116057.jpg,2116057,2,0,NA
2116056_2,2022-10-10 17:50:12.503326,CLO,2116056.jpg,2116056,2,0,NA
2116050_2,2022-10-10 17:50:11.050178,CLO,2116050.jpg,2116050,2,0,NA
2115954_2,2022-10-10 17:50:09.972049,CLO,2115954.jpg,2115954,2,0,NA
2107689_2,2022-10-10 17:50:08.893965,CLO,2107689.jpg,2107689,2,0,NA
2106476_2,2022-10-10 17:50:04.847063,CLO,2106476.jpg,2106476,2,0,NA
2106475_2,2022-10-10 17:50:01.018920,CLO,2106475.jpg,2106475,2,0,NA
2106382_2,2022-10-10 17:49:55.987664,CLO,2106382.jpg,2106382,2,0,NA
2106381_2,2022-10-10 17:49:54.753269,CLO,2106381.jpg,2106381,2,0,NA
2106367_2,2022-10-10 17:49:53.550139,CLO,2106367.jpg,2106367,2,0,NA
2104946_2,2022-10-10 17:49:51.987677,CLO,2104946.jpg,2104946,2,0,NA
2103128_2,2022-10-10 17:49:50.487841,CLO,2103128.jpg,2103128,2,0,NA
2103127_2,2022-10-10 17:49:49.425162,CLO,2103127.jpg,2103127,2,0,NA
2103125_2,2022-10-10 17:49:47.768881,CLO,2103125.jpg,2103125,2,0,NA
2103123_2,2022-10-10 17:49:46.596996,CLO,2103123.jpg,2103123,2,0,NA
2101813_2,2022-10-10 17:49:45.128242,CLO,2101813.jpg,2101813,2,0,NA
2101811_2,2022-10-10 17:49:43.846995,CLO,2101811.jpg,2101811,2,0,NA
2101366_2,2022-10-10 17:49:41.847023,CLO,2101366.jpg,2101366,2,0,NA
2100377_2,2022-10-10 17:49:40.721989,CLO,2100377.jpg,2100377,2,0,NA
2100004_2,2022-10-10 17:49:39.440729,CLO,2100004.jpg,2100004,2,0,NA
2208763_2,2022-10-10 17:49:38.596981,CLO,2208763.jpg,2208763,2,0,NA
2207357_2,2022-10-10 17:49:37.534503,CLO,2207357.jpg,2207357,2,0,NA
2207030_2,2022-10-10 17:49:36.347029,CLO,2207030.jpg,2207030,2,0,NA
2206714_2,2022-10-10 17:49:34.003238,CLO,2206714.jpg,2206714,2,0,NA
2206317_2,2022-10-10 17:49:30.971975,CLO,2206317.jpg,2206317,2,0,NA
2206302_2,2022-10-10 17:49:29.878419,CLO,2206302.jpg,2206302,2,0,NA
2206295_2,2022-10-10 17:49:26.722107,CLO,2206295.jpg,2206295,2,0,NA
2205846_2,2022-10-10 17:49:25.347157,CLO,2205846.jpg,2205846,2,0,NA
2205844_2,2022-10-10 17:49:23.534446,CLO,2205844.jpg,2205844,2,0,NA
2205126_2,2022-10-10 17:49:22.143817,CLO,2205126.jpg,2205126,2,0,NA
2204138_2,2022-10-10 17:49:20.065886,CLO,2204138.jpg,2204138,2,0,NA
2204048_2,2022-10-10 17:49:16.144041,CLO,2204048.jpg,2204048,2,0,NA
2204040_2,2022-10-10 17:49:11.815800,CLO,2204040.jpg,2204040,2,0,NA
2203632_2,2022-10-10 17:49:09.784427,CLO,2203632.jpg,2203632,2,0,NA
2203620_2,2022-10-10 17:49:08.612635,CLO,2203620.jpg,2203620,2,0,NA
2203344_2,2022-10-10 17:49:06.378180,CLO,2203344.jpg,2203344,2,0,NA
2200245_2,2022-10-10 17:49:05.393804,CLO,2200245.jpg,2200245,2,0,NA
2115952_2,2022-10-10 17:49:03.909418,CLO,2115952.jpg,2115952,2,0,NA
2011563_2,2022-10-10 17:49:02.862521,CLO,2011563.jpg,2011563,2,0,NA
2205816_2,2022-10-10 17:49:02.175122,CLO,2205816.jpg,2205816,2,0,NA
2200880_2,2022-10-10 17:49:00.409409,CLO,2200880.jpg,2200880,2,0,NA
2200615_2,2022-10-10 17:48:59.206274,CLO,2200615.jpg,2200615,2,0,NA
2200541_2,2022-10-10 17:48:57.956350,CLO,2200541.jpg,2200541,2,0,NA
2200536_2,2022-10-10 17:48:53.300020,CLO,2200536.jpg,2200536,2,0,NA
2115735_2,2022-10-10 17:48:52.065712,CLO,2115735.jpg,2115735,2,0,NA
2114546_2,2022-10-10 17:48:50.846878,CLO,2114546.jpg,2114546,2,0,NA
2113638_2,2022-10-10 17:48:48.143757,CLO,2113638.jpg,2113638,2,0,NA
2112902_2,2022-10-10 17:48:43.565612,CLO,2112902.jpg,2112902,2,0,NA
2110848_2,2022-10-10 17:48:42.315627,CLO,2110848.jpg,2110848,2,0,NA
2109358_2,2022-10-10 17:48:37.299974,CLO,2109358.jpg,2109358,2,0,NA
2108798_2,2022-10-10 17:48:34.018708,CLO,2108798.jpg,2108798,2,0,NA
2108574_2,2022-10-10 17:48:30.862461,CLO,2108574.jpg,2108574,2,0,NA
2107783_2,2022-10-10 17:48:29.768697,CLO,2107783.jpg,2107783,2,0,NA
2107642_2,2022-10-10 17:48:28.128083,CLO,2107642.jpg,2107642,2,0,NA
2206356_2,2022-10-10 17:48:24.628064,CLO,2206356.jpg,2206356,2,0,NA
2206349_2,2022-10-10 17:48:23.253062,CLO,2206349.jpg,2206349,2,0,NA
2206348_2,2022-10-10 17:48:21.674930,CLO,2206348.jpg,2206348,2,0,NA
2205698_2,2022-10-10 17:48:20.143697,CLO,2205698.jpg,2205698,2,0,NA
2205697_2,2022-10-10 17:48:15.034292,CLO,2205697.jpg,2205697,2,0,NA
2201649_2,2022-10-10 17:48:11.003033,CLO,2201649.jpg,2201649,2,0,NA
2200545_2,2022-10-10 17:48:09.346802,CLO,2200545.jpg,2200545,2,0,NA
2114466_2,2022-10-10 17:48:06.956149,CLO,2114466.jpg,2114466,2,0,NA
2113226_2,2022-10-10 17:48:04.956161,CLO,2113226.jpg,2113226,2,0,NA
2112121_2,2022-10-10 17:48:03.112424,CLO,2112121.jpg,2112121,2,0,NA
2109819_2,2022-10-10 17:48:00.518815,CLO,2109819.jpg,2109819,2,0,NA
2109817_2,2022-10-10 17:47:57.346756,CLO,2109817.jpg,2109817,2,0,NA
2108975_2,2022-10-10 17:47:53.424899,CLO,2108975.jpg,2108975,2,0,NA
2108956_2,2022-10-10 17:47:52.034250,CLO,2108956.jpg,2108956,2,0,NA
2108616_2,2022-10-10 17:47:50.721739,CLO,2108616.jpg,2108616,2,0,NA
2108615_2,2022-10-10 17:47:47.096810,CLO,2108615.jpg,2108615,2,0,NA
2108614_2,2022-10-10 17:47:43.268621,CLO,2108614.jpg,2108614,2,0,NA
2108227_2,2022-10-10 17:47:38.721734,CLO,2108227.jpg,2108227,2,0,NA
2107669_2,2022-10-10 17:47:37.159225,CLO,2107669.jpg,2107669,2,0,NA
2107586_2,2022-10-10 17:47:35.534223,CLO,2107586.jpg,2107586,2,0,NA
2106944_2,2022-10-10 17:47:34.268593,CLO,2106944.jpg,2106944,2,0,NA
2105496_2,2022-10-10 17:47:33.409221,CLO,2105496.jpg,2105496,2,0,NA
2105493_2,2022-10-10 17:47:30.144277,CLO,2105493.jpg,2105493,2,0,NA
2105482_2,2022-10-10 17:47:28.581237,CLO,2105482.jpg,2105482,2,0,NA
2105447_2,2022-10-10 17:47:26.346719,CLO,2105447.jpg,2105447,2,0,NA
2105190_2,2022-10-10 17:47:22.815457,CLO,2105190.jpg,2105190,2,0,NA
2104953_2,2022-10-10 17:47:19.362294,CLO,2104953.jpg,2104953,2,0,NA
2104724_2,2022-10-10 17:47:14.956083,CLO,2104724.jpg,2104724,2,0,NA
2009039_2,2022-10-10 17:47:10.878252,CLO,2009039.jpg,2009039,2,0,NA
2008104_2,2022-10-10 17:47:09.862311,CLO,2008104.jpg,2008104,2,0,NA
2008098_2,2022-10-10 17:47:05.909198,CLO,2008098.jpg,2008098,2,0,NA
2008035_2,2022-10-10 17:47:01.862286,CLO,2008035.jpg,2008035,2,0,NA
2008034_2,2022-10-10 17:46:57.596621,CLO,2008034.jpg,2008034,2,0,NA
2008031_2,2022-10-10 17:46:52.862250,CLO,2008031.jpg,2008031,2,0,NA
2008013_2,2022-10-10 17:46:48.127859,CLO,2008013.jpg,2008013,2,0,NA
1910662_1,2022-10-10 17:46:43.518468,CLO,1910662.jpg,1910662,1,0,NA
1910661_1,2022-10-10 17:46:40.190388,CLO,1910661.jpg,1910661,1,0,NA
1910660_1,2022-10-10 17:46:36.330948,CLO,1910660.jpg,1910660,1,0,NA
1910658_1,2022-10-10 17:46:31.768457,CLO,1910658.jpg,1910658,1,0,NA
1910657_1,2022-10-10 17:46:30.580980,CLO,1910657.jpg,1910657,1,0,NA
1908588_1,2022-10-10 17:46:26.799682,CLO,1908588.jpg,1908588,1,0,NA
1606956_1,2022-10-10 17:46:25.409061,CLO,1606956.jpg,1606956,1,0,NA
2209649_2,2022-10-10 17:46:24.002817,CLO,2209649.jpg,2209649,2,0,NA
2206992_2,2022-10-10 17:46:22.893439,CLO,2206992.jpg,2206992,2,0,NA
2206970_2,2022-10-10 17:46:18.083929,CLO,2206970.jpg,2206970,2,0,NA
2203320_2,2022-10-10 17:46:15.237170,CLO,2203320.jpg,2203320,2,0,NA
2203316_2,2022-10-10 17:46:10.784297,CLO,2203316.jpg,2203316,2,0,NA
2203135_2,2022-10-10 17:46:09.330918,CLO,2203135.jpg,2203135,2,0,NA
2202666_2,2022-10-10 17:46:07.659058,CLO,2202666.jpg,2202666,2,0,NA
2201683_2,2022-10-10 17:46:06.690273,CLO,2201683.jpg,2201683,2,0,NA
2201558_2,2022-10-10 17:46:05.424683,CLO,2201558.jpg,2201558,2,0,NA
2200353_2,2022-10-10 17:46:04.033999,CLO,2200353.jpg,2200353,2,0,NA
2113607_2,2022-10-10 17:46:03.049667,CLO,2113607.jpg,2113607,2,0,NA
2113334_2,2022-10-10 17:46:01.752777,CLO,2113334.jpg,2113334,2,0,NA
2111092_2,2022-10-10 17:46:00.534018,CLO,2111092.jpg,2111092,2,0,NA
2110461_2,2022-10-10 17:45:59.221537,CLO,2110461.jpg,2110461,2,0,NA
2105657_2,2022-10-10 17:45:55.768382,CLO,2105657.jpg,2105657,2,0,NA
2105445_2,2022-10-10 17:45:54.627757,CLO,2105445.jpg,2105445,2,0,NA
2105442_2,2022-10-10 17:45:53.409022,CLO,2105442.jpg,2105442,2,0,NA
2007941_2,2022-10-10 17:45:51.690290,CLO,2007941.jpg,2007941,2,0,NA
2209163_2,2022-10-10 17:45:50.330847,CLO,2209163.jpg,2209163,2,0,NA
2209109_2,2022-10-10 17:45:49.096468,CLO,2209109.jpg,2209109,2,0,NA
2208390_2,2022-10-10 17:45:48.205841,CLO,2208390.jpg,2208390,2,0,NA
2208180_2,2022-10-10 17:45:44.096481,CLO,2208180.jpg,2208180,2,0,NA
2207342_2,2022-10-10 17:45:43.112092,CLO,2207342.jpg,2207342,2,0,NA
2207281_2,2022-10-10 17:45:41.080839,CLO,2207281.jpg,2207281,2,0,NA
2207247_2,2022-10-10 17:45:39.065195,CLO,2207247.jpg,2207247,2,0,NA
2207219_2,2022-10-10 17:45:36.205815,CLO,2207219.jpg,2207219,2,0,NA
2207098_2,2022-10-10 17:45:33.549558,CLO,2207098.jpg,2207098,2,0,NA
2206977_2,2022-10-10 17:45:32.440193,CLO,2206977.jpg,2206977,2,0,NA
2206976_2,2022-10-10 17:45:29.283934,CLO,2206976.jpg,2206976,2,0,NA
2206583_2,2022-10-10 17:45:25.971425,CLO,2206583.jpg,2206583,2,0,NA
2206578_2,2022-10-10 17:45:24.065182,CLO,2206578.jpg,2206578,2,0,NA
2206509_2,2022-10-10 17:45:21.940177,CLO,2206509.jpg,2206509,2,0,NA
2206451_2,2022-10-10 17:45:19.596438,CLO,2206451.jpg,2206451,2,0,NA
2206069_2,2022-10-10 17:45:17.705837,CLO,2206069.jpg,2206069,2,0,NA
2205830_2,2022-10-10 17:45:14.065156,CLO,2205830.jpg,2205830,2,0,NA
2205822_2,2022-10-10 17:45:11.705751,CLO,2205822.jpg,2205822,2,0,NA
2205807_2,2022-10-10 17:45:10.549514,CLO,2205807.jpg,2205807,2,0,NA
2205680_2,2022-10-10 17:45:09.221411,CLO,2205680.jpg,2205680,2,0,NA
2205330_2,2022-10-10 17:45:07.986995,CLO,2205330.jpg,2205330,2,0,NA
2204924_2,2022-10-10 17:45:06.690125,CLO,2204924.jpg,2204924,2,0,NA
2204841_2,2022-10-10 17:45:05.533877,CLO,2204841.jpg,2204841,2,0,NA
2204243_2,2022-10-10 17:45:03.237031,CLO,2204243.jpg,2204243,2,0,NA
2203879_2,2022-10-10 17:45:02.096572,CLO,2203879.jpg,2203879,2,0,NA
2203504_2,2022-10-10 17:45:00.783889,CLO,2203504.jpg,2203504,2,0,NA
2203452_2,2022-10-10 17:44:59.658995,CLO,2203452.jpg,2203452,2,0,NA
2203437_2,2022-10-10 17:44:58.268245,CLO,2203437.jpg,2203437,2,0,NA
2203434_2,2022-10-10 17:44:54.377694,CLO,2203434.jpg,2203434,2,0,NA
2203405_2,2022-10-10 17:44:52.565356,CLO,2203405.jpg,2203405,2,0,NA
2202957_2,2022-10-10 17:44:50.986971,CLO,2202957.jpg,2202957,2,0,NA
2202943_2,2022-10-10 17:44:47.987065,CLO,2202943.jpg,2202943,2,0,NA
2202932_2,2022-10-10 17:44:44.877709,CLO,2202932.jpg,2202932,2,0,NA
2202790_2,2022-10-10 17:44:42.127568,CLO,2202790.jpg,2202790,2,0,NA
2202776_2,2022-10-10 17:44:41.299457,CLO,2202776.jpg,2202776,2,0,NA
2202774_2,2022-10-10 17:44:39.409110,CLO,2202774.jpg,2202774,2,0,NA
2202701_2,2022-10-10 17:44:37.643179,CLO,2202701.jpg,2202701,2,0,NA
2202660_2,2022-10-10 17:44:35.440225,CLO,2202660.jpg,2202660,2,0,NA
2202518_2,2022-10-10 17:44:34.502566,CLO,2202518.jpg,2202518,2,0,NA
2202423_2,2022-10-10 17:44:33.830675,CLO,2202423.jpg,2202423,2,0,NA
2202417_2,2022-10-10 17:44:32.815045,CLO,2202417.jpg,2202417,2,0,NA
2202317_2,2022-10-10 17:44:32.111920,CLO,2202317.jpg,2202317,2,0,NA
2202181_2,2022-10-10 17:44:31.221302,CLO,2202181.jpg,2202181,2,0,NA
2201867_2,2022-10-10 17:44:30.674454,CLO,2201867.jpg,2201867,2,0,NA
2201822_2,2022-10-10 17:44:29.565089,CLO,2201822.jpg,2201822,2,0,NA
2201821_2,2022-10-10 17:44:26.971285,CLO,2201821.jpg,2201821,2,0,NA
2201817_2,2022-10-10 17:44:25.127525,CLO,2201817.jpg,2201817,2,0,NA
2201816_2,2022-10-10 17:44:22.861923,CLO,2201816.jpg,2201816,2,0,NA
2201813_2,2022-10-10 17:44:20.393161,CLO,2201813.jpg,2201813,2,0,NA
2201760_2,2022-10-10 17:44:17.674385,CLO,2201760.jpg,2201760,2,0,NA
2201504_2,2022-10-10 17:44:17.002541,CLO,2201504.jpg,2201504,2,0,NA
2201450_2,2022-10-10 17:44:16.315019,CLO,2201450.jpg,2201450,2,0,NA
2201202_2,2022-10-10 17:44:15.174392,CLO,2201202.jpg,2201202,2,0,NA
2201136_2,2022-10-10 17:44:13.627523,CLO,2201136.jpg,2201136,2,0,NA
2201126_2,2022-10-10 17:44:12.815012,CLO,2201126.jpg,2201126,2,0,NA
2201055_2,2022-10-10 17:44:11.190017,CLO,2201055.jpg,2201055,2,0,NA
2200769_2,2022-10-10 17:44:10.221245,CLO,2200769.jpg,2200769,2,0,NA
2200753_2,2022-10-10 17:44:09.408754,CLO,2200753.jpg,2200753,2,0,NA
2200654_2,2022-10-10 17:44:08.049610,CLO,2200654.jpg,2200654,2,0,NA
2200606_2,2022-10-10 17:44:06.627522,CLO,2200606.jpg,2200606,2,0,NA
2200603_2,2022-10-10 17:44:05.674538,CLO,2200603.jpg,2200603,2,0,NA
2200459_2,2022-10-10 17:44:02.877499,CLO,2200459.jpg,2200459,2,0,NA
2200429_2,2022-10-10 17:44:01.596222,CLO,2200429.jpg,2200429,2,0,NA
2200390_2,2022-10-10 17:44:00.908966,CLO,2200390.jpg,2200390,2,0,NA
2200254_2,2022-10-10 17:43:59.768194,CLO,2200254.jpg,2200254,2,0,NA
2115773_2,2022-10-10 17:43:58.752486,CLO,2115773.jpg,2115773,2,0,NA
2115703_2,2022-10-10 17:43:58.064993,CLO,2115703.jpg,2115703,2,0,NA
2115698_2,2022-10-10 17:43:55.064973,CLO,2115698.jpg,2115698,2,0,NA
2114811_2,2022-10-10 17:43:54.096207,CLO,2114811.jpg,2114811,2,0,NA
2114683_2,2022-10-10 17:43:52.877461,CLO,2114683.jpg,2114683,2,0,NA
2114324_2,2022-10-10 17:43:51.814973,CLO,2114324.jpg,2114324,2,0,NA
2114312_2,2022-10-10 17:43:50.002456,CLO,2114312.jpg,2114312,2,0,NA
2114036_2,2022-10-10 17:43:49.033697,CLO,2114036.jpg,2114036,2,0,NA
2113777_2,2022-10-10 17:43:48.268084,CLO,2113777.jpg,2113777,2,0,NA
2113644_2,2022-10-10 17:43:47.596191,CLO,2113644.jpg,2113644,2,0,NA
2113332_2,2022-10-10 17:43:46.549323,CLO,2113332.jpg,2113332,2,0,NA
2113281_2,2022-10-10 17:43:45.580592,CLO,2113281.jpg,2113281,2,0,NA
2113200_2,2022-10-10 17:43:44.283703,CLO,2113200.jpg,2113200,2,0,NA
2113144_2,2022-10-10 17:43:42.908706,CLO,2113144.jpg,2113144,2,0,NA
2112894_2,2022-10-10 17:43:42.002440,CLO,2112894.jpg,2112894,2,0,NA
2112888_2,2022-10-10 17:43:41.283807,CLO,2112888.jpg,2112888,2,0,NA
2112740_2,2022-10-10 17:43:40.424380,CLO,2112740.jpg,2112740,2,0,NA
2112306_2,2022-10-10 17:43:39.080577,CLO,2112306.jpg,2112306,2,0,NA
2112304_2,2022-10-10 17:43:37.815050,CLO,2112304.jpg,2112304,2,0,NA
2112154_2,2022-10-10 17:43:36.830586,CLO,2112154.jpg,2112154,2,0,NA
2112086_2,2022-10-10 17:43:35.736839,CLO,2112086.jpg,2112086,2,0,NA
2111754_2,2022-10-10 17:43:34.658664,CLO,2111754.jpg,2111754,2,0,NA
2111249_2,2022-10-10 17:43:33.252432,CLO,2111249.jpg,2111249,2,0,NA
2110724_2,2022-10-10 17:43:32.205550,CLO,2110724.jpg,2110724,2,0,NA
2109726_2,2022-10-10 17:43:31.064921,CLO,2109726.jpg,2109726,2,0,NA
2109613_2,2022-10-10 17:43:29.971164,CLO,2109613.jpg,2109613,2,0,NA
2109582_2,2022-10-10 17:43:28.314938,CLO,2109582.jpg,2109582,2,0,NA
2109177_2,2022-10-10 17:43:25.455531,CLO,2109177.jpg,2109177,2,0,NA
2108863_2,2022-10-10 17:43:23.861776,CLO,2108863.jpg,2108863,2,0,NA
2108128_2,2022-10-10 17:43:22.908839,CLO,2108128.jpg,2108128,2,0,NA
2107639_2,2022-10-10 17:43:21.689889,CLO,2107639.jpg,2107639,2,0,NA
2106802_2,2022-10-10 17:43:20.596165,CLO,2106802.jpg,2106802,2,0,NA
2106241_2,2022-10-10 17:43:15.611754,CLO,2106241.jpg,2106241,2,0,NA
2104700_2,2022-10-10 17:43:14.486743,CLO,2104700.jpg,2104700,2,0,NA
2103717_2,2022-10-10 17:43:03.643177,CLO,2103717.jpg,2103717,2,0,NA
2103208_2,2022-10-10 17:43:00.221087,CLO,2103208.jpg,2103208,2,0,NA
2103060_2,2022-10-10 17:42:59.221082,CLO,2103060.jpg,2103060,2,0,NA
2102477_2,2022-10-10 17:42:57.768199,CLO,2102477.jpg,2102477,2,0,NA
2102100_2,2022-10-10 17:42:56.424208,CLO,2102100.jpg,2102100,2,0,NA
2101689_2,2022-10-10 17:42:55.252329,CLO,2101689.jpg,2101689,2,0,NA
2101404_2,2022-10-10 17:42:54.408598,CLO,2101404.jpg,2101404,2,0,NA
2100876_2,2022-10-10 17:42:53.299198,CLO,2100876.jpg,2100876,2,0,NA
2012298_2,2022-10-10 17:42:51.002342,CLO,2012298.jpg,2012298,2,0,NA
2005574_2,2022-10-10 17:42:50.283649,CLO,2005574.jpg,2005574,2,0,NA
2000291_2,2022-10-10 17:42:47.064882,CLO,2000291.jpg,2000291,2,0,NA
1902416_1,2022-10-10 17:42:46.221055,CLO,1902416.jpg,1902416,1,0,NA
2208502_2,2022-10-10 17:42:45.267967,CLO,2208502.jpg,2208502,2,0,NA
2208268_2,2022-10-10 17:42:44.408563,CLO,2208268.jpg,2208268,2,0,NA
2208233_2,2022-10-10 17:42:43.267926,CLO,2208233.jpg,2208233,2,0,NA
2207361_2,2022-10-10 17:42:42.205417,CLO,2207361.jpg,2207361,2,0,NA
2207006_2,2022-10-10 17:42:41.424167,CLO,2207006.jpg,2207006,2,0,NA
2206785_2,2022-10-10 17:42:38.377310,CLO,2206785.jpg,2206785,2,0,NA
2206727_2,2022-10-10 17:42:37.221046,CLO,2206727.jpg,2206727,2,0,NA
2206726_2,2022-10-10 17:42:35.955449,CLO,2206726.jpg,2206726,2,0,NA
2206720_2,2022-10-10 17:42:33.064779,CLO,2206720.jpg,2206720,2,0,NA
2206243_2,2022-10-10 17:42:29.642894,CLO,2206243.jpg,2206243,2,0,NA
2206125_2,2022-10-10 17:42:27.299158,CLO,2206125.jpg,2206125,2,0,NA
2206097_2,2022-10-10 17:42:26.080385,CLO,2206097.jpg,2206097,2,0,NA
2205995_2,2022-10-10 17:42:22.611648,CLO,2205995.jpg,2205995,2,0,NA
2205956_2,2022-10-10 17:42:20.814778,CLO,2205956.jpg,2205956,2,0,NA
2205907_2,2022-10-10 17:42:19.627534,CLO,2205907.jpg,2205907,2,0,NA
2205906_2,2022-10-10 17:42:17.345993,CLO,2205906.jpg,2205906,2,0,NA
2205905_2,2022-10-10 17:42:14.783487,CLO,2205905.jpg,2205905,2,0,NA
2205416_2,2022-10-10 17:42:12.783550,CLO,2205416.jpg,2205416,2,0,NA
2204952_2,2022-10-10 17:42:11.595994,CLO,2204952.jpg,2204952,2,0,NA
2202924_2,2022-10-10 17:42:10.127247,CLO,2202924.jpg,2202924,2,0,NA
2202782_2,2022-10-10 17:42:09.408471,CLO,2202782.jpg,2202782,2,0,NA
2202000_2,2022-10-10 17:42:07.861614,CLO,2202000.jpg,2202000,2,0,NA
2201855_2,2022-10-10 17:42:06.845992,CLO,2201855.jpg,2201855,2,0,NA
2201257_2,2022-10-10 17:42:05.439746,CLO,2201257.jpg,2201257,2,0,NA
2201016_2,2022-10-10 17:42:04.002208,CLO,2201016.jpg,2201016,2,0,NA
2200745_2,2022-10-10 17:42:02.970972,CLO,2200745.jpg,2200745,2,0,NA
2200637_2,2022-10-10 17:42:01.642831,CLO,2200637.jpg,2200637,2,0,NA
2200224_2,2022-10-10 17:41:58.252218,CLO,2200224.jpg,2200224,2,0,NA
2200144_2,2022-10-10 17:41:57.392848,CLO,2200144.jpg,2200144,2,0,NA
2115953_2,2022-10-10 17:41:56.252207,CLO,2115953.jpg,2115953,2,0,NA
2115033_2,2022-10-10 17:41:55.064727,CLO,2115033.jpg,2115033,2,0,NA
2114475_2,2022-10-10 17:41:51.424145,CLO,2114475.jpg,2114475,2,0,NA
2112630_2,2022-10-10 17:41:48.033589,CLO,2112630.jpg,2112630,2,0,NA
2111756_2,2022-10-10 17:41:46.689694,CLO,2111756.jpg,2111756,2,0,NA
2108989_2,2022-10-10 17:41:45.549047,CLO,2108989.jpg,2108989,2,0,NA
2104163_2,2022-10-10 17:41:42.720924,CLO,2104163.jpg,2104163,2,0,NA
1705541_1,2022-10-10 17:41:38.642814,CLO,1705541.jpg,1705541,1,0,NA
2104415_2,2022-10-10 17:41:37.705288,CLO,2104415.jpg,2104415,2,0,NA
2209199_2,2022-10-10 17:41:36.080278,CLO,2209199.jpg,2209199,2,0,NA
2208470_2,2022-10-10 17:41:35.267797,CLO,2208470.jpg,2208470,2,0,NA
2208345_2,2022-10-10 17:41:32.471010,CLO,2208345.jpg,2208345,2,0,NA
2208262_2,2022-10-10 17:41:28.455744,CLO,2208262.jpg,2208262,2,0,NA
2207920_2,2022-10-10 17:41:25.033386,CLO,2207920.jpg,2207920,2,0,NA
2207843_2,2022-10-10 17:41:24.111503,CLO,2207843.jpg,2207843,2,0,NA
2207218_2,2022-10-10 17:41:23.111514,CLO,2207218.jpg,2207218,2,0,NA
2206960_2,2022-10-10 17:41:20.111604,CLO,2206960.jpg,2206960,2,0,NA
2206957_2,2022-10-10 17:41:17.549006,CLO,2206957.jpg,2206957,2,0,NA
2206865_2,2022-10-10 17:41:14.595861,CLO,2206865.jpg,2206865,2,0,NA
2206370_2,2022-10-10 17:41:13.486493,CLO,2206370.jpg,2206370,2,0,NA
2205925_2,2022-10-10 17:41:12.502215,CLO,2205925.jpg,2205925,2,0,NA
2205708_2,2022-10-10 17:41:11.377121,CLO,2205708.jpg,2205708,2,0,NA
2205707_2,2022-10-10 17:41:08.423979,CLO,2205707.jpg,2205707,2,0,NA
2205693_2,2022-10-10 17:41:07.423987,CLO,2205693.jpg,2205693,2,0,NA
2205690_2,2022-10-10 17:41:05.580290,CLO,2205690.jpg,2205690,2,0,NA
2205688_2,2022-10-10 17:41:02.892718,CLO,2205688.jpg,2205688,2,0,NA
2205685_2,2022-10-10 17:41:00.423966,CLO,2205685.jpg,2205685,2,0,NA
2205681_2,2022-10-10 17:40:57.658312,CLO,2205681.jpg,2205681,2,0,NA
2205579_2,2022-10-10 17:40:55.814577,CLO,2205579.jpg,2205579,2,0,NA
2205448_2,2022-10-10 17:40:53.908317,CLO,2205448.jpg,2205448,2,0,NA
2205443_2,2022-10-10 17:40:52.814568,CLO,2205443.jpg,2205443,2,0,NA
2205440_2,2022-10-10 17:40:51.533324,CLO,2205440.jpg,2205440,2,0,NA
2204954_2,2022-10-10 17:40:48.830190,CLO,2204954.jpg,2204954,2,0,NA
2204951_2,2022-10-10 17:40:47.408304,CLO,2204951.jpg,2204951,2,0,NA
2204937_2,2022-10-10 17:40:46.486422,CLO,2204937.jpg,2204937,2,0,NA
2203290_2,2022-10-10 17:40:44.408300,CLO,2203290.jpg,2203290,2,0,NA
2203057_2,2022-10-10 17:40:43.142652,CLO,2203057.jpg,2203057,2,0,NA
2203053_2,2022-10-10 17:40:41.845788,CLO,2203053.jpg,2203053,2,0,NA
2202982_2,2022-10-10 17:40:38.705142,CLO,2202982.jpg,2202982,2,0,NA
2202627_2,2022-10-10 17:40:35.705134,CLO,2202627.jpg,2202627,2,0,NA
2202580_2,2022-10-10 17:40:33.970874,CLO,2202580.jpg,2202580,2,0,NA
2202077_2,2022-10-10 17:40:33.158261,CLO,2202077.jpg,2202077,2,0,NA
2202005_2,2022-10-10 17:40:32.173890,CLO,2202005.jpg,2202005,2,0,NA
2201409_2,2022-10-10 17:40:30.439523,CLO,2201409.jpg,2201409,2,0,NA
2201406_2,2022-10-10 17:40:29.220747,CLO,2201406.jpg,2201406,2,0,NA
2115501_2,2022-10-10 17:40:27.517645,CLO,2115501.jpg,2115501,2,0,NA
2115319_2,2022-10-10 17:40:25.689483,CLO,2115319.jpg,2115319,2,0,NA
2114721_2,2022-10-10 17:40:23.017625,CLO,2114721.jpg,2114721,2,0,NA
2114719_2,2022-10-10 17:40:22.330147,CLO,2114719.jpg,2114719,2,0,NA
2109831_2,2022-10-10 17:40:21.673950,CLO,2109831.jpg,2109831,2,0,NA
2108184_2,2022-10-10 17:40:19.877000,CLO,2108184.jpg,2108184,2,0,NA
2107887_2,2022-10-10 17:40:18.751986,CLO,2107887.jpg,2107887,2,0,NA
2106710_2,2022-10-10 17:40:13.345738,CLO,2106710.jpg,2106710,2,0,NA
2106705_2,2022-10-10 17:40:12.142598,CLO,2106705.jpg,2106705,2,0,NA
2011671_2,2022-10-10 17:40:10.470715,CLO,2011671.jpg,2011671,2,0,NA
2208183_2,2022-10-10 17:40:09.314451,CLO,2208183.jpg,2208183,2,0,NA
2203454_2,2022-10-10 17:40:07.095991,CLO,2203454.jpg,2203454,2,0,NA
2208514_2,2022-10-10 17:40:06.064444,CLO,2208514.jpg,2208514,2,0,NA
2207828_2,2022-10-10 17:40:04.830069,CLO,2207828.jpg,2207828,2,0,NA
2207346_2,2022-10-10 17:40:00.626942,CLO,2207346.jpg,2207346,2,0,NA
2207345_2,2022-10-10 17:39:58.798804,CLO,2207345.jpg,2207345,2,0,NA
2207267_2,2022-10-10 17:39:57.501937,CLO,2207267.jpg,2207267,2,0,NA
2207266_2,2022-10-10 17:39:53.048789,CLO,2207266.jpg,2207266,2,0,NA
2207264_2,2022-10-10 17:39:51.720860,CLO,2207264.jpg,2207264,2,0,NA
2207260_2,2022-10-10 17:39:49.767538,CLO,2207260.jpg,2207260,2,0,NA
2207229_2,2022-10-10 17:39:48.455039,CLO,2207229.jpg,2207229,2,0,NA
2207227_2,2022-10-10 17:39:46.658176,CLO,2207227.jpg,2207227,2,0,NA
2207226_2,2022-10-10 17:39:45.533161,CLO,2207226.jpg,2207226,2,0,NA
2207224_2,2022-10-10 17:39:44.001920,CLO,2207224.jpg,2207224,2,0,NA
2207054_2,2022-10-10 17:39:38.064395,CLO,2207054.jpg,2207054,2,0,NA
2207026_2,2022-10-10 17:39:36.736268,CLO,2207026.jpg,2207026,2,0,NA
2207024_2,2022-10-10 17:39:32.970623,CLO,2207024.jpg,2207024,2,0,NA
2207022_2,2022-10-10 17:39:29.548761,CLO,2207022.jpg,2207022,2,0,NA
2207020_2,2022-10-10 17:39:25.064389,CLO,2207020.jpg,2207020,2,0,NA
2206725_2,2022-10-10 17:39:21.798757,CLO,2206725.jpg,2206725,2,0,NA
2206723_2,2022-10-10 17:39:17.876868,CLO,2206723.jpg,2206723,2,0,NA
2206522_2,2022-10-10 17:39:16.720618,CLO,2206522.jpg,2206522,2,0,NA
2206520_2,2022-10-10 17:39:12.861223,CLO,2206520.jpg,2206520,2,0,NA
2206390_2,2022-10-10 17:39:08.392447,CLO,2206390.jpg,2206390,2,0,NA
2206169_2,2022-10-10 17:39:06.720947,CLO,2206169.jpg,2206169,2,0,NA
2206168_2,2022-10-10 17:39:04.423699,CLO,2206168.jpg,2206168,2,0,NA
2206167_2,2022-10-10 17:39:00.033077,CLO,2206167.jpg,2206167,2,0,NA
2205985_2,2022-10-10 17:38:55.470599,CLO,2205985.jpg,2205985,2,0,NA
2205982_2,2022-10-10 17:38:54.048676,CLO,2205982.jpg,2205982,2,0,NA
2205908_2,2022-10-10 17:38:52.845550,CLO,2205908.jpg,2205908,2,0,NA
2205625_2,2022-10-10 17:38:48.861151,CLO,2205625.jpg,2205625,2,0,NA
2205009_2,2022-10-10 17:38:47.439281,CLO,2205009.jpg,2205009,2,0,NA
2205006_2,2022-10-10 17:38:43.204882,CLO,2205006.jpg,2205006,2,0,NA
2205003_2,2022-10-10 17:38:39.689256,CLO,2205003.jpg,2205003,2,0,NA
2205002_2,2022-10-10 17:38:35.064244,CLO,2205002.jpg,2205002,2,0,NA
2204863_2,2022-10-10 17:38:31.751737,CLO,2204863.jpg,2204863,2,0,NA
2204787_2,2022-10-10 17:38:30.454854,CLO,2204787.jpg,2204787,2,0,NA
2204784_2,2022-10-10 17:38:29.173615,CLO,2204784.jpg,2204784,2,0,NA
2204779_2,2022-10-10 17:38:26.001758,CLO,2204779.jpg,2204779,2,0,NA
2204763_2,2022-10-10 17:38:24.736152,CLO,2204763.jpg,2204763,2,0,NA
2204425_2,2022-10-10 17:38:19.236101,CLO,2204425.jpg,2204425,2,0,NA
2204418_2,2022-10-10 17:38:14.861070,CLO,2204418.jpg,2204418,2,0,NA
2204375_2,2022-10-10 17:38:10.642322,CLO,2204375.jpg,2204375,2,0,NA
2204369_2,2022-10-10 17:38:09.376693,CLO,2204369.jpg,2204369,2,0,NA
2204220_2,2022-10-10 17:38:06.939186,CLO,2204220.jpg,2204220,2,0,NA
2204182_2,2022-10-10 17:38:05.704803,CLO,2204182.jpg,2204182,2,0,NA
2204061_2,2022-10-10 17:38:01.814287,CLO,2204061.jpg,2204061,2,0,NA
2203506_2,2022-10-10 17:38:00.657923,CLO,2203506.jpg,2203506,2,0,NA
2203379_2,2022-10-10 17:37:59.267286,CLO,2203379.jpg,2203379,2,0,NA
2203307_2,2022-10-10 17:37:55.548527,CLO,2203307.jpg,2203307,2,0,NA
2203157_2,2022-10-10 17:37:52.314164,CLO,2203157.jpg,2203157,2,0,NA
2202850_2,2022-10-10 17:37:49.564202,CLO,2202850.jpg,2202850,2,0,NA
2202847_2,2022-10-10 17:37:48.345456,CLO,2202847.jpg,2202847,2,0,NA
2202846_2,2022-10-10 17:37:44.814137,CLO,2202846.jpg,2202846,2,0,NA
2202843_2,2022-10-10 17:37:43.611003,CLO,2202843.jpg,2202843,2,0,NA
2202841_2,2022-10-10 17:37:42.439129,CLO,2202841.jpg,2202841,2,0,NA
2202838_2,2022-10-10 17:37:41.267288,CLO,2202838.jpg,2202838,2,0,NA
2202827_2,2022-10-10 17:37:40.032920,CLO,2202827.jpg,2202827,2,0,NA
2202460_2,2022-10-10 17:37:38.814281,CLO,2202460.jpg,2202460,2,0,NA
2202321_2,2022-10-10 17:37:37.829760,CLO,2202321.jpg,2202321,2,0,NA
2202078_2,2022-10-10 17:37:36.532877,CLO,2202078.jpg,2202078,2,0,NA
2202044_2,2022-10-10 17:37:35.298491,CLO,2202044.jpg,2202044,2,0,NA
2201832_2,2022-10-10 17:37:34.282880,CLO,2201832.jpg,2201832,2,0,NA
2201660_2,2022-10-10 17:37:33.236146,CLO,2201660.jpg,2201660,2,0,NA
2201556_2,2022-10-10 17:37:32.376611,CLO,2201556.jpg,2201556,2,0,NA
2201554_2,2022-10-10 17:37:28.704715,CLO,2201554.jpg,2201554,2,0,NA
2201475_2,2022-10-10 17:37:25.548462,CLO,2201475.jpg,2201475,2,0,NA
2201467_2,2022-10-10 17:37:21.720338,CLO,2201467.jpg,2201467,2,0,NA
2201331_2,2022-10-10 17:37:19.970332,CLO,2201331.jpg,2201331,2,0,NA
2200797_2,2022-10-10 17:37:16.298446,CLO,2200797.jpg,2200797,2,0,NA
2200746_2,2022-10-10 17:37:15.189171,CLO,2200746.jpg,2200746,2,0,NA
2200666_2,2022-10-10 17:37:14.079697,CLO,2200666.jpg,2200666,2,0,NA
2200573_2,2022-10-10 17:37:13.110943,CLO,2200573.jpg,2200573,2,0,NA
2200569_2,2022-10-10 17:37:11.595330,CLO,2200569.jpg,2200569,2,0,NA
2200564_2,2022-10-10 17:37:10.892200,CLO,2200564.jpg,2200564,2,0,NA
2200540_2,2022-10-10 17:37:09.579691,CLO,2200540.jpg,2200540,2,0,NA
2200538_2,2022-10-10 17:37:08.126568,CLO,2200538.jpg,2200538,2,0,NA
2200535_2,2022-10-10 17:37:06.814342,CLO,2200535.jpg,2200535,2,0,NA
2200526_2,2022-10-10 17:37:03.985933,CLO,2200526.jpg,2200526,2,0,NA
2200458_2,2022-10-10 17:37:02.439048,CLO,2200458.jpg,2200458,2,0,NA
2200426_2,2022-10-10 17:37:01.079662,CLO,2200426.jpg,2200426,2,0,NA
2200418_2,2022-10-10 17:36:59.939045,CLO,2200418.jpg,2200418,2,0,NA
2200247_2,2022-10-10 17:36:58.314026,CLO,2200247.jpg,2200247,2,0,NA
2200246_2,2022-10-10 17:36:57.064029,CLO,2200246.jpg,2200246,2,0,NA
2200241_2,2022-10-10 17:36:53.720265,CLO,2200241.jpg,2200241,2,0,NA
2200225_2,2022-10-10 17:36:50.095256,CLO,2200225.jpg,2200225,2,0,NA
2200174_2,2022-10-10 17:36:49.126544,CLO,2200174.jpg,2200174,2,0,NA
2200159_2,2022-10-10 17:36:45.298446,CLO,2200159.jpg,2200159,2,0,NA
2115886_2,2022-10-10 17:36:38.845265,CLO,2115886.jpg,2115886,2,0,NA
2115143_2,2022-10-10 17:36:33.220217,CLO,2115143.jpg,2115143,2,0,NA
2113469_2,2022-10-10 17:36:31.938965,CLO,2113469.jpg,2113469,2,0,NA
2113465_2,2022-10-10 17:36:30.532706,CLO,2113465.jpg,2113465,2,0,NA
2113464_2,2022-10-10 17:36:29.392178,CLO,2113464.jpg,2113464,2,0,NA
2111691_2,2022-10-10 17:36:27.610876,CLO,2111691.jpg,2111691,2,0,NA
2109719_2,2022-10-10 17:36:26.235832,CLO,2109719.jpg,2109719,2,0,NA
2109064_2,2022-10-10 17:36:25.485828,CLO,2109064.jpg,2109064,2,0,NA
2109041_2,2022-10-10 17:36:24.470221,CLO,2109041.jpg,2109041,2,0,NA
2109040_2,2022-10-10 17:36:22.876467,CLO,2109040.jpg,2109040,2,0,NA
2109036_2,2022-10-10 17:36:21.610816,CLO,2109036.jpg,2109036,2,0,NA
2108793_2,2022-10-10 17:36:19.892074,CLO,2108793.jpg,2108793,2,0,NA
2105210_2,2022-10-10 17:36:19.048325,CLO,2105210.jpg,2105210,2,0,NA
2104016_2,2022-10-10 17:36:17.782693,CLO,2104016.jpg,2104016,2,0,NA
2103543_2,2022-10-10 17:36:16.407686,CLO,2103543.jpg,2103543,2,0,NA
2103245_2,2022-10-10 17:36:12.907678,CLO,2103245.jpg,2103245,2,0,NA
2101024_2,2022-10-10 17:36:09.360802,CLO,2101024.jpg,2101024,2,0,NA
2009483_2,2022-10-10 17:36:05.454652,CLO,2009483.jpg,2009483,2,0,NA
2210616_2,2022-10-10 17:36:04.346251,CLO,2210616.jpg,2210616,2,0,NA
2210148_2,2022-10-10 17:36:02.938903,CLO,2210148.jpg,2210148,2,0,NA
2210110_2,2022-10-10 17:35:59.282661,CLO,2210110.jpg,2210110,2,0,NA
2210064_2,2022-10-10 17:35:57.892197,CLO,2210064.jpg,2210064,2,0,NA
2210059_2,2022-10-10 17:35:56.486650,CLO,2210059.jpg,2210059,2,0,NA
2210058_2,2022-10-10 17:35:52.423268,CLO,2210058.jpg,2210058,2,0,NA
2210049_2,2022-10-10 17:35:47.985862,CLO,2210049.jpg,2210049,2,0,NA
2210044_2,2022-10-10 17:35:46.642113,CLO,2210044.jpg,2210044,2,0,NA
2210007_2,2022-10-10 17:35:45.079499,CLO,2210007.jpg,2210007,2,0,NA
2209818_2,2022-10-10 17:35:40.407605,CLO,2209818.jpg,2209818,2,0,NA
2209813_2,2022-10-10 17:35:39.313999,CLO,2209813.jpg,2209813,2,0,NA
2209729_2,2022-10-10 17:35:37.985731,CLO,2209729.jpg,2209729,2,0,NA
2209726_2,2022-10-10 17:35:33.735714,CLO,2209726.jpg,2209726,2,0,NA
2209723_2,2022-10-10 17:35:32.298328,CLO,2209723.jpg,2209723,2,0,NA
2209668_2,2022-10-10 17:35:31.079459,CLO,2209668.jpg,2209668,2,0,NA
2209664_2,2022-10-10 17:35:26.938843,CLO,2209664.jpg,2209664,2,0,NA
2209646_2,2022-10-10 17:35:25.829446,CLO,2209646.jpg,2209646,2,0,NA
2209640_2,2022-10-10 17:35:24.360700,CLO,2209640.jpg,2209640,2,0,NA
2209554_2,2022-10-10 17:35:22.939015,CLO,2209554.jpg,2209554,2,0,NA
2209505_2,2022-10-10 17:35:19.079450,CLO,2209505.jpg,2209505,2,0,NA
2209503_2,2022-10-10 17:35:17.845069,CLO,2209503.jpg,2209503,2,0,NA
2209486_2,2022-10-10 17:35:13.063940,CLO,2209486.jpg,2209486,2,0,NA
2209469_2,2022-10-10 17:35:07.798181,CLO,2209469.jpg,2209469,2,0,NA
2209328_2,2022-10-10 17:35:04.751268,CLO,2209328.jpg,2209328,2,0,NA
2209250_2,2022-10-10 17:35:03.938798,CLO,2209250.jpg,2209250,2,0,NA
2209206_2,2022-10-10 17:35:02.782515,CLO,2209206.jpg,2209206,2,0,NA
2209174_2,2022-10-10 17:35:01.688765,CLO,2209174.jpg,2209174,2,0,NA
2209111_2,2022-10-10 17:34:59.923141,CLO,2209111.jpg,2209111,2,0,NA
2208854_2,2022-10-10 17:34:58.673134,CLO,2208854.jpg,2208854,2,0,NA
2208846_2,2022-10-10 17:34:57.282532,CLO,2208846.jpg,2208846,2,0,NA
2208840_2,2022-10-10 17:34:56.313762,CLO,2208840.jpg,2208840,2,0,NA
2208835_2,2022-10-10 17:34:54.985646,CLO,2208835.jpg,2208835,2,0,NA
2208764_2,2022-10-10 17:34:53.720009,CLO,2208764.jpg,2208764,2,0,NA
2208758_2,2022-10-10 17:34:48.141883,CLO,2208758.jpg,2208758,2,0,NA
2208757_2,2022-10-10 17:34:43.782483,CLO,2208757.jpg,2208757,2,0,NA
2208674_2,2022-10-10 17:34:42.219982,CLO,2208674.jpg,2208674,2,0,NA
2208672_2,2022-10-10 17:34:38.641865,CLO,2208672.jpg,2208672,2,0,NA
2208670_2,2022-10-10 17:34:35.094957,CLO,2208670.jpg,2208670,2,0,NA
2208417_2,2022-10-10 17:34:33.969979,CLO,2208417.jpg,2208417,2,0,NA
2208339_2,2022-10-10 17:34:32.454345,CLO,2208339.jpg,2208339,2,0,NA
2208237_2,2022-10-10 17:34:27.704333,CLO,2208237.jpg,2208237,2,0,NA
2208199_2,2022-10-10 17:34:26.126445,CLO,2208199.jpg,2208199,2,0,NA
2208182_2,2022-10-10 17:34:24.938687,CLO,2208182.jpg,2208182,2,0,NA
2208137_2,2022-10-10 17:34:23.829339,CLO,2208137.jpg,2208137,2,0,NA
2207957_2,2022-10-10 17:34:22.626440,CLO,2207957.jpg,2207957,2,0,NA
2207953_2,2022-10-10 17:34:18.220147,CLO,2207953.jpg,2207953,2,0,NA
2207923_2,2022-10-10 17:34:14.407432,CLO,2207923.jpg,2207923,2,0,NA
2207917_2,2022-10-10 17:34:11.173056,CLO,2207917.jpg,2207917,2,0,NA
2207916_2,2022-10-10 17:34:09.766806,CLO,2207916.jpg,2207916,2,0,NA
2207827_2,2022-10-10 17:34:08.391799,CLO,2207827.jpg,2207827,2,0,NA
2207652_2,2022-10-10 17:34:04.610539,CLO,2207652.jpg,2207652,2,0,NA
2207491_2,2022-10-10 17:34:03.423527,CLO,2207491.jpg,2207491,2,0,NA
2207490_2,2022-10-10 17:34:02.126145,CLO,2207490.jpg,2207490,2,0,NA
2207489_2,2022-10-10 17:34:00.907415,CLO,2207489.jpg,2207489,2,0,NA
2207488_2,2022-10-10 17:33:59.704252,CLO,2207488.jpg,2207488,2,0,NA
2207485_2,2022-10-10 17:33:56.470055,CLO,2207485.jpg,2207485,2,0,NA
2207441_2,2022-10-10 17:33:53.954375,CLO,2207441.jpg,2207441,2,0,NA
2207352_2,2022-10-10 17:33:52.594885,CLO,2207352.jpg,2207352,2,0,NA
2207351_2,2022-10-10 17:33:51.329322,CLO,2207351.jpg,2207351,2,0,NA
2207349_2,2022-10-10 17:33:47.938640,CLO,2207349.jpg,2207349,2,0,NA
2207348_2,2022-10-10 17:33:46.766723,CLO,2207348.jpg,2207348,2,0,NA
2207337_2,2022-10-10 17:33:45.547973,CLO,2207337.jpg,2207337,2,0,NA
2207297_2,2022-10-10 17:33:44.454303,CLO,2207297.jpg,2207297,2,0,NA
2207295_2,2022-10-10 17:33:43.282368,CLO,2207295.jpg,2207295,2,0,NA
2207289_2,2022-10-10 17:33:42.157347,CLO,2207289.jpg,2207289,2,0,NA
2207286_2,2022-10-10 17:33:41.047990,CLO,2207286.jpg,2207286,2,0,NA
2207283_2,2022-10-10 17:33:36.188623,CLO,2207283.jpg,2207283,2,0,NA
2207282_2,2022-10-10 17:33:34.641879,CLO,2207282.jpg,2207282,2,0,NA
2207251_2,2022-10-10 17:33:33.297935,CLO,2207251.jpg,2207251,2,0,NA
2207250_2,2022-10-10 17:33:31.922941,CLO,2207250.jpg,2207250,2,0,NA
2207246_2,2022-10-10 17:33:30.751072,CLO,2207246.jpg,2207246,2,0,NA
2207245_2,2022-10-10 17:33:29.641717,CLO,2207245.jpg,2207245,2,0,NA
2207240_2,2022-10-10 17:33:27.172959,CLO,2207240.jpg,2207240,2,0,NA
2207223_2,2022-10-10 17:33:24.501103,CLO,2207223.jpg,2207223,2,0,NA
2207220_2,2022-10-10 17:33:18.470004,CLO,2207220.jpg,2207220,2,0,NA
2207087_2,2022-10-10 17:33:16.672900,CLO,2207087.jpg,2207087,2,0,NA
2207071_2,2022-10-10 17:33:15.547930,CLO,2207071.jpg,2207071,2,0,NA
2207069_2,2022-10-10 17:33:13.329174,CLO,2207069.jpg,2207069,2,0,NA
2207063_2,2022-10-10 17:33:09.688641,CLO,2207063.jpg,2207063,2,0,NA
2207057_2,2022-10-10 17:33:07.797896,CLO,2207057.jpg,2207057,2,0,NA
2207040_2,2022-10-10 17:33:05.063525,CLO,2207040.jpg,2207040,2,0,NA
2207038_2,2022-10-10 17:33:01.438526,CLO,2207038.jpg,2207038,2,0,NA
2207033_2,2022-10-10 17:32:57.688614,CLO,2207033.jpg,2207033,2,0,NA
2207017_2,2022-10-10 17:32:54.282229,CLO,2207017.jpg,2207017,2,0,NA
2207016_2,2022-10-10 17:32:52.891599,CLO,2207016.jpg,2207016,2,0,NA
2207014_2,2022-10-10 17:32:47.954135,CLO,2207014.jpg,2207014,2,0,NA
2207012_2,2022-10-10 17:32:46.422994,CLO,2207012.jpg,2207012,2,0,NA
2207003_2,2022-10-10 17:32:43.704077,CLO,2207003.jpg,2207003,2,0,NA
2207000_2,2022-10-10 17:32:40.141601,CLO,2207000.jpg,2207000,2,0,NA
2206995_2,2022-10-10 17:32:37.625949,CLO,2206995.jpg,2206995,2,0,NA
2206882_2,2022-10-10 17:32:36.610324,CLO,2206882.jpg,2206882,2,0,NA
2206872_2,2022-10-10 17:32:29.344697,CLO,2206872.jpg,2206872,2,0,NA
2206805_2,2022-10-10 17:32:28.188540,CLO,2206805.jpg,2206805,2,0,NA
2206804_2,2022-10-10 17:32:25.157171,CLO,2206804.jpg,2206804,2,0,NA
2206796_2,2022-10-10 17:32:21.594690,CLO,2206796.jpg,2206796,2,0,NA
2206792_2,2022-10-10 17:32:18.360281,CLO,2206792.jpg,2206792,2,0,NA
2206790_2,2022-10-10 17:32:12.719651,CLO,2206790.jpg,2206790,2,0,NA
2206779_2,2022-10-10 17:32:07.969635,CLO,2206779.jpg,2206779,2,0,NA
2206757_2,2022-10-10 17:31:59.641503,CLO,2206757.jpg,2206757,2,0,NA
2206751_2,2022-10-10 17:31:57.344709,CLO,2206751.jpg,2206751,2,0,NA
2206745_2,2022-10-10 17:31:52.485258,CLO,2206745.jpg,2206745,2,0,NA
2206737_2,2022-10-10 17:31:46.969590,CLO,2206737.jpg,2206737,2,0,NA
2206719_2,2022-10-10 17:31:41.657091,CLO,2206719.jpg,2206719,2,0,NA
2206717_2,2022-10-10 17:31:36.844562,CLO,2206717.jpg,2206717,2,0,NA
2206704_2,2022-10-10 17:31:33.828944,CLO,2206704.jpg,2206704,2,0,NA
2206703_2,2022-10-10 17:31:26.891420,CLO,2206703.jpg,2206703,2,0,NA
2206701_2,2022-10-10 17:31:22.375891,CLO,2206701.jpg,2206701,2,0,NA
2206695_2,2022-10-10 17:31:19.828917,CLO,2206695.jpg,2206695,2,0,NA
2206682_2,2022-10-10 17:31:17.141386,CLO,2206682.jpg,2206682,2,0,NA
2206618_2,2022-10-10 17:31:14.688257,CLO,2206618.jpg,2206618,2,0,NA
2206616_2,2022-10-10 17:31:11.688250,CLO,2206616.jpg,2206616,2,0,NA
2206603_2,2022-10-10 17:31:08.125768,CLO,2206603.jpg,2206603,2,0,NA
2206598_2,2022-10-10 17:31:05.297607,CLO,2206598.jpg,2206598,2,0,NA
2206597_2,2022-10-10 17:31:03.282032,CLO,2206597.jpg,2206597,2,0,NA
2206539_2,2022-10-10 17:30:58.907018,CLO,2206539.jpg,2206539,2,0,NA
2206524_2,2022-10-10 17:30:53.360096,CLO,2206524.jpg,2206524,2,0,NA
2206517_2,2022-10-10 17:30:49.985084,CLO,2206517.jpg,2206517,2,0,NA
2206486_2,2022-10-10 17:30:47.188214,CLO,2206486.jpg,2206486,2,0,NA
2206485_2,2022-10-10 17:30:43.625696,CLO,2206485.jpg,2206485,2,0,NA
2206477_2,2022-10-10 17:30:38.781924,CLO,2206477.jpg,2206477,2,0,NA
2206473_2,2022-10-10 17:30:36.266292,CLO,2206473.jpg,2206473,2,0,NA
2206466_2,2022-10-10 17:30:33.078796,CLO,2206466.jpg,2206466,2,0,NA
2206464_2,2022-10-10 17:30:31.828787,CLO,2206464.jpg,2206464,2,0,NA
2206425_2,2022-10-10 17:30:30.563168,CLO,2206425.jpg,2206425,2,0,NA
2206423_2,2022-10-10 17:30:26.860025,CLO,2206423.jpg,2206423,2,0,NA
2206422_2,2022-10-10 17:30:25.438146,CLO,2206422.jpg,2206422,2,0,NA
2206420_2,2022-10-10 17:30:21.719397,CLO,2206420.jpg,2206420,2,0,NA
2206412_2,2022-10-10 17:30:19.063241,CLO,2206412.jpg,2206412,2,0,NA
2206410_2,2022-10-10 17:30:14.031870,CLO,2206410.jpg,2206410,2,0,NA
2206405_2,2022-10-10 17:30:12.750615,CLO,2206405.jpg,2206405,2,0,NA
2206404_2,2022-10-10 17:30:09.875630,CLO,2206404.jpg,2206404,2,0,NA
2206399_2,2022-10-10 17:30:08.359982,CLO,2206399.jpg,2206399,2,0,NA
2206382_2,2022-10-10 17:30:03.906871,CLO,2206382.jpg,2206382,2,0,NA
2206361_2,2022-10-10 17:30:01.656868,CLO,2206361.jpg,2206361,2,0,NA
2206358_2,2022-10-10 17:30:00.359967,CLO,2206358.jpg,2206358,2,0,NA
2206357_2,2022-10-10 17:29:59.125606,CLO,2206357.jpg,2206357,2,0,NA
2206355_2,2022-10-10 17:29:57.531869,CLO,2206355.jpg,2206355,2,0,NA
2206351_2,2022-10-10 17:29:56.328709,CLO,2206351.jpg,2206351,2,0,NA
2206318_2,2022-10-10 17:29:55.094349,CLO,2206318.jpg,2206318,2,0,NA
2206315_2,2022-10-10 17:29:53.734953,CLO,2206315.jpg,2206315,2,0,NA
2206313_2,2022-10-10 17:29:50.172439,CLO,2206313.jpg,2206313,2,0,NA
2206312_2,2022-10-10 17:29:45.031811,CLO,2206312.jpg,2206312,2,0,NA
2206250_2,2022-10-10 17:29:42.203670,CLO,2206250.jpg,2206250,2,0,NA
2206245_2,2022-10-10 17:29:39.375627,CLO,2206245.jpg,2206245,2,0,NA
2206237_2,2022-10-10 17:29:34.984906,CLO,2206237.jpg,2206237,2,0,NA
2206236_2,2022-10-10 17:29:33.734905,CLO,2206236.jpg,2206236,2,0,NA
2206234_2,2022-10-10 17:29:32.438034,CLO,2206234.jpg,2206234,2,0,NA
2206211_2,2022-10-10 17:29:30.609899,CLO,2206211.jpg,2206211,2,0,NA
2206166_2,2022-10-10 17:29:29.188024,CLO,2206166.jpg,2206166,2,0,NA
2206165_2,2022-10-10 17:29:27.313187,CLO,2206165.jpg,2206165,2,0,NA
2206164_2,2022-10-10 17:29:25.188022,CLO,2206164.jpg,2206164,2,0,NA
2206162_2,2022-10-10 17:29:24.063010,CLO,2206162.jpg,2206162,2,0,NA
2206159_2,2022-10-10 17:29:20.672373,CLO,2206159.jpg,2206159,2,0,NA
2206150_2,2022-10-10 17:29:18.156971,CLO,2206150.jpg,2206150,2,0,NA
2206147_2,2022-10-10 17:29:15.047375,CLO,2206147.jpg,2206147,2,0,NA
2206145_2,2022-10-10 17:29:12.625495,CLO,2206145.jpg,2206145,2,0,NA
2206110_2,2022-10-10 17:29:11.328900,CLO,2206110.jpg,2206110,2,0,NA
2206108_2,2022-10-10 17:29:08.156733,CLO,2206108.jpg,2206108,2,0,NA
2206096_2,2022-10-10 17:29:05.719245,CLO,2206096.jpg,2206096,2,0,NA
2206093_2,2022-10-10 17:29:02.312964,CLO,2206093.jpg,2206093,2,0,NA
2206090_2,2022-10-10 17:28:58.875472,CLO,2206090.jpg,2206090,2,0,NA
2206085_2,2022-10-10 17:28:57.562953,CLO,2206085.jpg,2206085,2,0,NA
2206082_2,2022-10-10 17:28:52.438062,CLO,2206082.jpg,2206082,2,0,NA
2206080_2,2022-10-10 17:28:48.656798,CLO,2206080.jpg,2206080,2,0,NA
2206078_2,2022-10-10 17:28:43.266043,CLO,2206078.jpg,2206078,2,0,NA
2206066_2,2022-10-10 17:28:41.203550,CLO,2206066.jpg,2206066,2,0,NA
2206022_2,2022-10-10 17:28:38.641049,CLO,2206022.jpg,2206022,2,0,NA
2206018_2,2022-10-10 17:28:36.313015,CLO,2206018.jpg,2206018,2,0,NA
2205997_2,2022-10-10 17:28:33.016453,CLO,2205997.jpg,2205997,2,0,NA
2205993_2,2022-10-10 17:28:29.969148,CLO,2205993.jpg,2205993,2,0,NA
2205986_2,2022-10-10 17:28:25.219130,CLO,2205986.jpg,2205986,2,0,NA
2205983_2,2022-10-10 17:28:20.125365,CLO,2205983.jpg,2205983,2,0,NA
2205981_2,2022-10-10 17:28:17.000358,CLO,2205981.jpg,2205981,2,0,NA
2205957_2,2022-10-10 17:28:14.156618,CLO,2205957.jpg,2205957,2,0,NA
2205954_2,2022-10-10 17:28:10.062882,CLO,2205954.jpg,2205954,2,0,NA
2205937_2,2022-10-10 17:28:08.765962,CLO,2205937.jpg,2205937,2,0,NA
2205920_2,2022-10-10 17:28:06.469095,CLO,2205920.jpg,2205920,2,0,NA
2205858_2,2022-10-10 17:28:03.703464,CLO,2205858.jpg,2205858,2,0,NA
2205857_2,2022-10-10 17:27:59.125367,CLO,2205857.jpg,2205857,2,0,NA
2205853_2,2022-10-10 17:27:55.219081,CLO,2205853.jpg,2205853,2,0,NA
2205839_2,2022-10-10 17:27:50.047193,CLO,2205839.jpg,2205839,2,0,NA
2205835_2,2022-10-10 17:27:46.187937,CLO,2205835.jpg,2205835,2,0,NA
2205808_2,2022-10-10 17:27:44.500324,CLO,2205808.jpg,2205808,2,0,NA
2205803_2,2022-10-10 17:27:43.094042,CLO,2205803.jpg,2205803,2,0,NA
2205801_2,2022-10-10 17:27:40.000310,CLO,2205801.jpg,2205801,2,0,NA
2205800_2,2022-10-10 17:27:38.734708,CLO,2205800.jpg,2205800,2,0,NA
2205792_2,2022-10-10 17:27:35.250324,CLO,2205792.jpg,2205792,2,0,NA
2205790_2,2022-10-10 17:27:34.078391,CLO,2205790.jpg,2205790,2,0,NA
2205745_2,2022-10-10 17:27:32.594003,CLO,2205745.jpg,2205745,2,0,NA
2205713_2,2022-10-10 17:27:29.719006,CLO,2205713.jpg,2205713,2,0,NA
2205679_2,2022-10-10 17:27:28.578636,CLO,2205679.jpg,2205679,2,0,NA
2205677_2,2022-10-10 17:27:26.984649,CLO,2205677.jpg,2205677,2,0,NA
2205676_2,2022-10-10 17:27:24.703375,CLO,2205676.jpg,2205676,2,0,NA
2205675_2,2022-10-10 17:27:21.141140,CLO,2205675.jpg,2205675,2,0,NA
2205671_2,2022-10-10 17:27:18.250237,CLO,2205671.jpg,2205671,2,0,NA
2205621_2,2022-10-10 17:27:14.797122,CLO,2205621.jpg,2205621,2,0,NA
2205613_2,2022-10-10 17:27:12.656461,CLO,2205613.jpg,2205613,2,0,NA
2205585_2,2022-10-10 17:27:11.531508,CLO,2205585.jpg,2205585,2,0,NA
2205450_2,2022-10-10 17:27:07.875370,CLO,2205450.jpg,2205450,2,0,NA
2205436_2,2022-10-10 17:27:04.015831,CLO,2205436.jpg,2205436,2,0,NA
2205422_2,2022-10-10 17:27:00.250208,CLO,2205422.jpg,2205422,2,0,NA
2205417_2,2022-10-10 17:26:58.968970,CLO,2205417.jpg,2205417,2,0,NA
2205415_2,2022-10-10 17:26:54.439997,CLO,2205415.jpg,2205415,2,0,NA
2205339_2,2022-10-10 17:26:52.922316,CLO,2205339.jpg,2205339,2,0,NA
2205333_2,2022-10-10 17:26:48.578316,CLO,2205333.jpg,2205333,2,0,NA
2205331_2,2022-10-10 17:26:47.093935,CLO,2205331.jpg,2205331,2,0,NA
2205284_2,2022-10-10 17:26:45.593940,CLO,2205284.jpg,2205284,2,0,NA
2205276_2,2022-10-10 17:26:44.687674,CLO,2205276.jpg,2205276,2,0,NA
2205265_2,2022-10-10 17:26:43.828290,CLO,2205265.jpg,2205265,2,0,NA
2205252_2,2022-10-10 17:26:42.984550,CLO,2205252.jpg,2205252,2,0,NA
2205246_2,2022-10-10 17:26:41.593896,CLO,2205246.jpg,2205246,2,0,NA
2205186_2,2022-10-10 17:26:40.406425,CLO,2205186.jpg,2205186,2,0,NA
2205177_2,2022-10-10 17:26:38.984541,CLO,2205177.jpg,2205177,2,0,NA
2205170_2,2022-10-10 17:26:35.797210,CLO,2205170.jpg,2205170,2,0,NA
2205166_2,2022-10-10 17:26:34.531399,CLO,2205166.jpg,2205166,2,0,NA
2205119_2,2022-10-10 17:26:33.203261,CLO,2205119.jpg,2205119,2,0,NA
2204992_2,2022-10-10 17:26:30.046998,CLO,2204992.jpg,2204992,2,0,NA
2204955_2,2022-10-10 17:26:28.812627,CLO,2204955.jpg,2204955,2,0,NA
2204923_2,2022-10-10 17:26:27.562769,CLO,2204923.jpg,2204923,2,0,NA
2204913_2,2022-10-10 17:26:23.828255,CLO,2204913.jpg,2204913,2,0,NA
2204895_2,2022-10-10 17:26:19.578242,CLO,2204895.jpg,2204895,2,0,NA
2204892_2,2022-10-10 17:26:16.078234,CLO,2204892.jpg,2204892,2,0,NA
2204822_2,2022-10-10 17:26:12.890738,CLO,2204822.jpg,2204822,2,0,NA
2204820_2,2022-10-10 17:26:11.625113,CLO,2204820.jpg,2204820,2,0,NA
2204785_2,2022-10-10 17:26:10.250225,CLO,2204785.jpg,2204785,2,0,NA
2204773_2,2022-10-10 17:26:08.797258,CLO,2204773.jpg,2204773,2,0,NA
2204424_2,2022-10-10 17:26:05.656325,CLO,2204424.jpg,2204424,2,0,NA
2204422_2,2022-10-10 17:26:03.453196,CLO,2204422.jpg,2204422,2,0,NA
2204420_2,2022-10-10 17:26:01.015711,CLO,2204420.jpg,2204420,2,0,NA
2204417_2,2022-10-10 17:25:55.125046,CLO,2204417.jpg,2204417,2,0,NA
2204359_2,2022-10-10 17:25:50.562559,CLO,2204359.jpg,2204359,2,0,NA
2204281_2,2022-10-10 17:25:49.250112,CLO,2204281.jpg,2204281,2,0,NA
2204269_2,2022-10-10 17:25:47.765672,CLO,2204269.jpg,2204269,2,0,NA
2204268_2,2022-10-10 17:25:46.625032,CLO,2204268.jpg,2204268,2,0,NA
2204259_2,2022-10-10 17:25:44.062576,CLO,2204259.jpg,2204259,2,0,NA
2204101_2,2022-10-10 17:25:40.640655,CLO,2204101.jpg,2204101,2,0,NA
2204026_2,2022-10-10 17:25:37.953127,CLO,2204026.jpg,2204026,2,0,NA
2203962_2,2022-10-10 17:25:35.578431,CLO,2203962.jpg,2203962,2,0,NA
2203936_2,2022-10-10 17:25:31.421862,CLO,2203936.jpg,2203936,2,0,NA
2203721_2,2022-10-10 17:25:28.578108,CLO,2203721.jpg,2203721,2,0,NA
2203718_2,2022-10-10 17:25:25.609371,CLO,2203718.jpg,2203718,2,0,NA
2203714_2,2022-10-10 17:25:24.093743,CLO,2203714.jpg,2203714,2,0,NA
2203628_2,2022-10-10 17:25:20.937491,CLO,2203628.jpg,2203628,2,0,NA
2203623_2,2022-10-10 17:25:20.016343,CLO,2203623.jpg,2203623,2,0,NA
2203592_2,2022-10-10 17:25:19.187588,CLO,2203592.jpg,2203592,2,0,NA
2203590_2,2022-10-10 17:25:18.531211,CLO,2203590.jpg,2203590,2,0,NA
2203573_2,2022-10-10 17:25:17.718710,CLO,2203573.jpg,2203573,2,0,NA
2203562_2,2022-10-10 17:25:16.656229,CLO,2203562.jpg,2203562,2,0,NA
2203559_2,2022-10-10 17:25:14.296888,CLO,2203559.jpg,2203559,2,0,NA
2203555_2,2022-10-10 17:25:13.422096,CLO,2203555.jpg,2203555,2,0,NA
2203550_2,2022-10-10 17:25:12.468801,CLO,2203550.jpg,2203550,2,0,NA
2203546_2,2022-10-10 17:25:10.421834,CLO,2203546.jpg,2203546,2,0,NA
2203544_2,2022-10-10 17:25:06.828191,CLO,2203544.jpg,2203544,2,0,NA
2203536_2,2022-10-10 17:25:05.953060,CLO,2203536.jpg,2203536,2,0,NA
2203532_2,2022-10-10 17:25:01.265643,CLO,2203532.jpg,2203532,2,0,NA
2203530_2,2022-10-10 17:25:00.593730,CLO,2203530.jpg,2203530,2,0,NA
2203502_2,2022-10-10 17:24:59.937513,CLO,2203502.jpg,2203502,2,0,NA
2203480_2,2022-10-10 17:24:57.296783,CLO,2203480.jpg,2203480,2,0,NA
2203451_2,2022-10-10 17:24:55.828043,CLO,2203451.jpg,2203451,2,0,NA
2203386_2,2022-10-10 17:24:54.843673,CLO,2203386.jpg,2203386,2,0,NA
2203370_2,2022-10-10 17:24:51.609294,CLO,2203370.jpg,2203370,2,0,NA
2203304_2,2022-10-10 17:24:48.062415,CLO,2203304.jpg,2203304,2,0,NA
2203302_2,2022-10-10 17:24:46.812418,CLO,2203302.jpg,2203302,2,0,NA
2203296_2,2022-10-10 17:24:42.390510,CLO,2203296.jpg,2203296,2,0,NA
2203287_2,2022-10-10 17:24:38.687372,CLO,2203287.jpg,2203287,2,0,NA
2203266_2,2022-10-10 17:24:37.249899,CLO,2203266.jpg,2203266,2,0,NA
2203208_2,2022-10-10 17:24:33.890495,CLO,2203208.jpg,2203208,2,0,NA
2203158_2,2022-10-10 17:24:28.109248,CLO,2203158.jpg,2203158,2,0,NA
2203152_2,2022-10-10 17:24:21.109215,CLO,2203152.jpg,2203152,2,0,NA
2203150_2,2022-10-10 17:24:20.140473,CLO,2203150.jpg,2203150,2,0,NA
2203137_2,2022-10-10 17:24:19.218597,CLO,2203137.jpg,2203137,2,0,NA
2203136_2,2022-10-10 17:24:17.999858,CLO,2203136.jpg,2203136,2,0,NA
2203132_2,2022-10-10 17:24:13.765470,CLO,2203132.jpg,2203132,2,0,NA
2203130_2,2022-10-10 17:24:10.484205,CLO,2203130.jpg,2203130,2,0,NA
2203129_2,2022-10-10 17:24:09.593568,CLO,2203129.jpg,2203129,2,0,NA
2203106_2,2022-10-10 17:24:08.218697,CLO,2203106.jpg,2203106,2,0,NA
2203039_2,2022-10-10 17:24:06.781055,CLO,2203039.jpg,2203039,2,0,NA
2203030_2,2022-10-10 17:24:03.968537,CLO,2203030.jpg,2203030,2,0,NA
2202984_2,2022-10-10 17:24:01.077920,CLO,2202984.jpg,2202984,2,0,NA
2202956_2,2022-10-10 17:23:59.874791,CLO,2202956.jpg,2202956,2,0,NA
2202903_2,2022-10-10 17:23:56.999774,CLO,2202903.jpg,2202903,2,0,NA
2202900_2,2022-10-10 17:23:56.109186,CLO,2202900.jpg,2202900,2,0,NA
2202899_2,2022-10-10 17:23:52.671641,CLO,2202899.jpg,2202899,2,0,NA
2202898_2,2022-10-10 17:23:51.765389,CLO,2202898.jpg,2202898,2,0,NA
2202885_2,2022-10-10 17:23:48.843542,CLO,2202885.jpg,2202885,2,0,NA
2202884_2,2022-10-10 17:23:47.577884,CLO,2202884.jpg,2202884,2,0,NA
2202865_2,2022-10-10 17:23:46.796624,CLO,2202865.jpg,2202865,2,0,NA
2202835_2,2022-10-10 17:23:45.499755,CLO,2202835.jpg,2202835,2,0,NA
2202832_2,2022-10-10 17:23:43.968495,CLO,2202832.jpg,2202832,2,0,NA
2202687_2,2022-10-10 17:23:40.343510,CLO,2202687.jpg,2202687,2,0,NA
2202679_2,2022-10-10 17:23:38.968483,CLO,2202679.jpg,2202679,2,0,NA
2202677_2,2022-10-10 17:23:37.452854,CLO,2202677.jpg,2202677,2,0,NA
2202672_2,2022-10-10 17:23:35.327858,CLO,2202672.jpg,2202672,2,0,NA
2202671_2,2022-10-10 17:23:31.452868,CLO,2202671.jpg,2202671,2,0,NA
2202668_2,2022-10-10 17:23:30.562239,CLO,2202668.jpg,2202668,2,0,NA
2202663_2,2022-10-10 17:23:28.734100,CLO,2202663.jpg,2202663,2,0,NA
2202662_2,2022-10-10 17:23:27.328060,CLO,2202662.jpg,2202662,2,0,NA
2202658_2,2022-10-10 17:23:25.937204,CLO,2202658.jpg,2202658,2,0,NA
2202657_2,2022-10-10 17:23:24.499719,CLO,2202657.jpg,2202657,2,0,NA
2202655_2,2022-10-10 17:23:22.327823,CLO,2202655.jpg,2202655,2,0,NA
2202653_2,2022-10-10 17:23:21.437292,CLO,2202653.jpg,2202653,2,0,NA
2202642_2,2022-10-10 17:23:18.749702,CLO,2202642.jpg,2202642,2,0,NA
2202636_2,2022-10-10 17:23:17.843450,CLO,2202636.jpg,2202636,2,0,NA
2202625_2,2022-10-10 17:23:16.874696,CLO,2202625.jpg,2202625,2,0,NA
2202620_2,2022-10-10 17:23:13.562209,CLO,2202620.jpg,2202620,2,0,NA
2202607_2,2022-10-10 17:23:12.671694,CLO,2202607.jpg,2202607,2,0,NA
2202589_2,2022-10-10 17:23:09.109075,CLO,2202589.jpg,2202589,2,0,NA
2202588_2,2022-10-10 17:23:08.155926,CLO,2202588.jpg,2202588,2,0,NA
2202568_2,2022-10-10 17:23:06.374813,CLO,2202568.jpg,2202568,2,0,NA
2202549_2,2022-10-10 17:23:05.312429,CLO,2202549.jpg,2202549,2,0,NA
2202523_2,2022-10-10 17:23:04.421562,CLO,2202523.jpg,2202523,2,0,NA
2202504_2,2022-10-10 17:23:03.437154,CLO,2202504.jpg,2202504,2,0,NA
2202500_2,2022-10-10 17:23:02.624708,CLO,2202500.jpg,2202500,2,0,NA
2202464_2,2022-10-10 17:23:01.812165,CLO,2202464.jpg,2202464,2,0,NA
2202442_2,2022-10-10 17:23:00.437169,CLO,2202442.jpg,2202442,2,0,NA
2202434_2,2022-10-10 17:22:58.999650,CLO,2202434.jpg,2202434,2,0,NA
2202329_2,2022-10-10 17:22:57.999643,CLO,2202329.jpg,2202329,2,0,NA
2202328_2,2022-10-10 17:22:56.968387,CLO,2202328.jpg,2202328,2,0,NA
2202327_2,2022-10-10 17:22:55.999637,CLO,2202327.jpg,2202327,2,0,NA
2202322_2,2022-10-10 17:22:54.999630,CLO,2202322.jpg,2202322,2,0,NA
2202229_2,2022-10-10 17:22:54.124647,CLO,2202229.jpg,2202229,2,0,NA
2202228_2,2022-10-10 17:22:52.905884,CLO,2202228.jpg,2202228,2,0,NA
2202216_2,2022-10-10 17:22:51.812152,CLO,2202216.jpg,2202216,2,0,NA
2202208_2,2022-10-10 17:22:50.984003,CLO,2202208.jpg,2202208,2,0,NA
2202205_2,2022-10-10 17:22:49.421509,CLO,2202205.jpg,2202205,2,0,NA
2202198_2,2022-10-10 17:22:48.312117,CLO,2202198.jpg,2202198,2,0,NA
2202195_2,2022-10-10 17:22:47.327762,CLO,2202195.jpg,2202195,2,0,NA
2202189_2,2022-10-10 17:22:46.437134,CLO,2202189.jpg,2202189,2,0,NA
2202183_2,2022-10-10 17:22:45.546502,CLO,2202183.jpg,2202183,2,0,NA
2202127_2,2022-10-10 17:22:44.499624,CLO,2202127.jpg,2202127,2,0,NA
2202111_2,2022-10-10 17:22:43.077758,CLO,2202111.jpg,2202111,2,0,NA
2202092_2,2022-10-10 17:22:42.030869,CLO,2202092.jpg,2202092,2,0,NA
2202090_2,2022-10-10 17:22:41.108978,CLO,2202090.jpg,2202090,2,0,NA
2202087_2,2022-10-10 17:22:40.140232,CLO,2202087.jpg,2202087,2,0,NA
2202071_2,2022-10-10 17:22:38.890240,CLO,2202071.jpg,2202071,2,0,NA
2202061_2,2022-10-10 17:22:35.687206,CLO,2202061.jpg,2202061,2,0,NA
2202059_2,2022-10-10 17:22:34.202718,CLO,2202059.jpg,2202059,2,0,NA
2202047_2,2022-10-10 17:22:33.155899,CLO,2202047.jpg,2202047,2,0,NA
2202006_2,2022-10-10 17:22:30.718341,CLO,2202006.jpg,2202006,2,0,NA
2202003_2,2022-10-10 17:22:29.483970,CLO,2202003.jpg,2202003,2,0,NA
2201865_2,2022-10-10 17:22:27.921461,CLO,2201865.jpg,2201865,2,0,NA
2201864_2,2022-10-10 17:22:26.280823,CLO,2201864.jpg,2201864,2,0,NA
2201837_2,2022-10-10 17:22:25.140214,CLO,2201837.jpg,2201837,2,0,NA
2201834_2,2022-10-10 17:22:21.874586,CLO,2201834.jpg,2201834,2,0,NA
2201826_2,2022-10-10 17:22:16.890408,CLO,2201826.jpg,2201826,2,0,NA
2201819_2,2022-10-10 17:22:15.358922,CLO,2201819.jpg,2201819,2,0,NA
2201794_2,2022-10-10 17:22:14.390190,CLO,2201794.jpg,2201794,2,0,NA
2201793_2,2022-10-10 17:22:11.952687,CLO,2201793.jpg,2201793,2,0,NA
2201786_2,2022-10-10 17:22:09.515178,CLO,2201786.jpg,2201786,2,0,NA
2201783_2,2022-10-10 17:22:08.296499,CLO,2201783.jpg,2201783,2,0,NA
2201782_2,2022-10-10 17:22:07.046406,CLO,2201782.jpg,2201782,2,0,NA
2201781_2,2022-10-10 17:22:04.358912,CLO,2201781.jpg,2201781,2,0,NA
2201777_2,2022-10-10 17:22:00.343272,CLO,2201777.jpg,2201777,2,0,NA
2201775_2,2022-10-10 17:21:56.655927,CLO,2201775.jpg,2201775,2,0,NA
2201773_2,2022-10-10 17:21:55.530849,CLO,2201773.jpg,2201773,2,0,NA
2201771_2,2022-10-10 17:21:54.593261,CLO,2201771.jpg,2201771,2,0,NA
2201770_2,2022-10-10 17:21:52.937009,CLO,2201770.jpg,2201770,2,0,NA
2201768_2,2022-10-10 17:21:52.030762,CLO,2201768.jpg,2201768,2,0,NA
2201739_2,2022-10-10 17:21:50.765166,CLO,2201739.jpg,2201739,2,0,NA
2201697_2,2022-10-10 17:21:46.530762,CLO,2201697.jpg,2201697,2,0,NA
2201695_2,2022-10-10 17:21:45.280930,CLO,2201695.jpg,2201695,2,0,NA
2201690_2,2022-10-10 17:21:44.046407,CLO,2201690.jpg,2201690,2,0,NA
2201684_2,2022-10-10 17:21:42.483873,CLO,2201684.jpg,2201684,2,0,NA
2201681_2,2022-10-10 17:21:41.296442,CLO,2201681.jpg,2201681,2,0,NA
2201668_2,2022-10-10 17:21:40.030813,CLO,2201668.jpg,2201668,2,0,NA
2201658_2,2022-10-10 17:21:38.515128,CLO,2201658.jpg,2201658,2,0,NA
2201652_2,2022-10-10 17:21:37.218228,CLO,2201652.jpg,2201652,2,0,NA
2201650_2,2022-10-10 17:21:33.437029,CLO,2201650.jpg,2201650,2,0,NA
2201647_2,2022-10-10 17:21:32.077614,CLO,2201647.jpg,2201647,2,0,NA
2201644_2,2022-10-10 17:21:30.827732,CLO,2201644.jpg,2201644,2,0,NA
2201559_2,2022-10-10 17:21:29.843224,CLO,2201559.jpg,2201559,2,0,NA
2201519_2,2022-10-10 17:21:28.718192,CLO,2201519.jpg,2201519,2,0,NA
2201503_2,2022-10-10 17:21:27.327595,CLO,2201503.jpg,2201503,2,0,NA
2201465_2,2022-10-10 17:21:25.983837,CLO,2201465.jpg,2201465,2,0,NA
2201463_2,2022-10-10 17:21:24.780716,CLO,2201463.jpg,2201463,2,0,NA
2201444_2,2022-10-10 17:21:23.718189,CLO,2201444.jpg,2201444,2,0,NA
2201428_2,2022-10-10 17:21:20.499442,CLO,2201428.jpg,2201428,2,0,NA
2201388_2,2022-10-10 17:21:17.343179,CLO,2201388.jpg,2201388,2,0,NA
2201385_2,2022-10-10 17:21:15.843181,CLO,2201385.jpg,2201385,2,0,NA
2201373_2,2022-10-10 17:21:14.452583,CLO,2201373.jpg,2201373,2,0,NA
2201340_2,2022-10-10 17:21:13.280686,CLO,2201340.jpg,2201340,2,0,NA
2201329_2,2022-10-10 17:21:08.577534,CLO,2201329.jpg,2201329,2,0,NA
2201328_2,2022-10-10 17:21:07.327612,CLO,2201328.jpg,2201328,2,0,NA
2201325_2,2022-10-10 17:21:06.061979,CLO,2201325.jpg,2201325,2,0,NA
2201310_2,2022-10-10 17:21:04.733790,CLO,2201310.jpg,2201310,2,0,NA
2201292_2,2022-10-10 17:21:03.155638,CLO,2201292.jpg,2201292,2,0,NA
2201291_2,2022-10-10 17:21:01.874405,CLO,2201291.jpg,2201291,2,0,NA
2201277_2,2022-10-10 17:21:00.483757,CLO,2201277.jpg,2201277,2,0,NA
2201264_2,2022-10-10 17:20:59.140023,CLO,2201264.jpg,2201264,2,0,NA
2201261_2,2022-10-10 17:20:57.702510,CLO,2201261.jpg,2201261,2,0,NA
2201239_2,2022-10-10 17:20:53.515007,CLO,2201239.jpg,2201239,2,0,NA
2201200_2,2022-10-10 17:20:52.702511,CLO,2201200.jpg,2201200,2,0,NA
2201156_2,2022-10-10 17:20:51.452527,CLO,2201156.jpg,2201156,2,0,NA
2201125_2,2022-10-10 17:20:50.374377,CLO,2201125.jpg,2201125,2,0,NA
2201120_2,2022-10-10 17:20:48.905616,CLO,2201120.jpg,2201120,2,0,NA
2201043_2,2022-10-10 17:20:46.390002,CLO,2201043.jpg,2201043,2,0,NA
2201021_2,2022-10-10 17:20:45.124385,CLO,2201021.jpg,2201021,2,0,NA
2201013_2,2022-10-10 17:20:43.983756,CLO,2201013.jpg,2201013,2,0,NA
2201009_2,2022-10-10 17:20:42.514999,CLO,2201009.jpg,2201009,2,0,NA
2200999_2,2022-10-10 17:20:41.358751,CLO,2200999.jpg,2200999,2,0,NA
2200891_2,2022-10-10 17:20:40.030621,CLO,2200891.jpg,2200891,2,0,NA
2200889_2,2022-10-10 17:20:38.874375,CLO,2200889.jpg,2200889,2,0,NA
2200888_2,2022-10-10 17:20:37.343080,CLO,2200888.jpg,2200888,2,0,NA
2200885_2,2022-10-10 17:20:35.889952,CLO,2200885.jpg,2200885,2,0,NA
2200882_2,2022-10-10 17:20:34.702564,CLO,2200882.jpg,2200882,2,0,NA
2200879_2,2022-10-10 17:20:33.389957,CLO,2200879.jpg,2200879,2,0,NA
2200877_2,2022-10-10 17:20:32.061836,CLO,2200877.jpg,2200877,2,0,NA
2200867_2,2022-10-10 17:20:28.280583,CLO,2200867.jpg,2200867,2,0,NA
2200861_2,2022-10-10 17:20:27.108698,CLO,2200861.jpg,2200861,2,0,NA
2200858_2,2022-10-10 17:20:25.702448,CLO,2200858.jpg,2200858,2,0,NA
2200857_2,2022-10-10 17:20:24.608698,CLO,2200857.jpg,2200857,2,0,NA
2200838_2,2022-10-10 17:20:23.436819,CLO,2200838.jpg,2200838,2,0,NA
2200761_2,2022-10-10 17:20:21.843045,CLO,2200761.jpg,2200761,2,0,NA
2200662_2,2022-10-10 17:20:20.624446,CLO,2200662.jpg,2200662,2,0,NA
2200632_2,2022-10-10 17:20:19.796181,CLO,2200632.jpg,2200632,2,0,NA
2200618_2,2022-10-10 17:20:18.358692,CLO,2200618.jpg,2200618,2,0,NA
2200485_2,2022-10-10 17:20:17.030547,CLO,2200485.jpg,2200485,2,0,NA
2200442_2,2022-10-10 17:20:12.468032,CLO,2200442.jpg,2200442,2,0,NA
2200441_2,2022-10-10 17:20:11.718063,CLO,2200441.jpg,2200441,2,0,NA
2200215_2,2022-10-10 17:20:10.014921,CLO,2200215.jpg,2200215,2,0,NA
2200214_2,2022-10-10 17:20:08.686786,CLO,2200214.jpg,2200214,2,0,NA
2200169_2,2022-10-10 17:20:04.624253,CLO,2200169.jpg,2200169,2,0,NA
2200131_2,2022-10-10 17:20:03.343007,CLO,2200131.jpg,2200131,2,0,NA
2200123_2,2022-10-10 17:20:02.514902,CLO,2200123.jpg,2200123,2,0,NA
2200122_2,2022-10-10 17:20:01.233651,CLO,2200122.jpg,2200122,2,0,NA
2200098_2,2022-10-10 17:20:00.530540,CLO,2200098.jpg,2200098,2,0,NA
2200019_2,2022-10-10 17:19:59.171166,CLO,2200019.jpg,2200019,2,0,NA
2200013_2,2022-10-10 17:19:57.827379,CLO,2200013.jpg,2200013,2,0,NA
2116102_2,2022-10-10 17:19:56.311741,CLO,2116102.jpg,2116102,2,0,NA
2115985_2,2022-10-10 17:19:54.858637,CLO,2115985.jpg,2115985,2,0,NA
2115979_2,2022-10-10 17:19:53.608614,CLO,2115979.jpg,2115979,2,0,NA
2115629_2,2022-10-10 17:19:47.733615,CLO,2115629.jpg,2115629,2,0,NA
2115616_2,2022-10-10 17:19:43.702347,CLO,2115616.jpg,2115616,2,0,NA
2115515_2,2022-10-10 17:19:42.530556,CLO,2115515.jpg,2115515,2,0,NA
2115343_2,2022-10-10 17:19:38.608794,CLO,2115343.jpg,2115343,2,0,NA
2115341_2,2022-10-10 17:19:36.921091,CLO,2115341.jpg,2115341,2,0,NA
2115208_2,2022-10-10 17:19:34.577401,CLO,2115208.jpg,2115208,2,0,NA
2115138_2,2022-10-10 17:19:31.561703,CLO,2115138.jpg,2115138,2,0,NA
2114725_2,2022-10-10 17:19:29.139858,CLO,2114725.jpg,2114725,2,0,NA
2114724_2,2022-10-10 17:19:27.827433,CLO,2114724.jpg,2114724,2,0,NA
2114708_2,2022-10-10 17:19:26.483550,CLO,2114708.jpg,2114708,2,0,NA
2114707_2,2022-10-10 17:19:25.592917,CLO,2114707.jpg,2114707,2,0,NA
2114691_2,2022-10-10 17:19:24.436677,CLO,2114691.jpg,2114691,2,0,NA
2114688_2,2022-10-10 17:19:23.499174,CLO,2114688.jpg,2114688,2,0,NA
2114685_2,2022-10-10 17:19:22.327286,CLO,2114685.jpg,2114685,2,0,NA
2114563_2,2022-10-10 17:19:21.233556,CLO,2114563.jpg,2114563,2,0,NA
2114522_2,2022-10-10 17:19:20.124179,CLO,2114522.jpg,2114522,2,0,NA
2114359_2,2022-10-10 17:19:19.171037,CLO,2114359.jpg,2114359,2,0,NA
2114306_2,2022-10-10 17:19:18.218229,CLO,2114306.jpg,2114306,2,0,NA
2114020_2,2022-10-10 17:19:16.842896,CLO,2114020.jpg,2114020,2,0,NA
2113942_2,2022-10-10 17:19:15.671022,CLO,2113942.jpg,2113942,2,0,NA
2113642_2,2022-10-10 17:19:14.311794,CLO,2113642.jpg,2113642,2,0,NA
2113636_2,2022-10-10 17:19:13.077286,CLO,2113636.jpg,2113636,2,0,NA
2113598_2,2022-10-10 17:19:11.702276,CLO,2113598.jpg,2113598,2,0,NA
2113574_2,2022-10-10 17:19:10.639787,CLO,2113574.jpg,2113574,2,0,NA
2113500_2,2022-10-10 17:19:06.499126,CLO,2113500.jpg,2113500,2,0,NA
2113278_2,2022-10-10 17:19:05.186627,CLO,2113278.jpg,2113278,2,0,NA
2113254_2,2022-10-10 17:19:03.842883,CLO,2113254.jpg,2113254,2,0,NA
2113141_2,2022-10-10 17:19:03.077480,CLO,2113141.jpg,2113141,2,0,NA
2113062_2,2022-10-10 17:19:01.295988,CLO,2113062.jpg,2113062,2,0,NA
2112992_2,2022-10-10 17:19:00.155358,CLO,2112992.jpg,2112992,2,0,NA
2112982_2,2022-10-10 17:18:58.842872,CLO,2112982.jpg,2112982,2,0,NA
2112901_2,2022-10-10 17:18:57.718022,CLO,2112901.jpg,2112901,2,0,NA
2112797_2,2022-10-10 17:18:56.561711,CLO,2112797.jpg,2112797,2,0,NA
2112795_2,2022-10-10 17:18:55.311621,CLO,2112795.jpg,2112795,2,0,NA
2112791_2,2022-10-10 17:18:54.092848,CLO,2112791.jpg,2112791,2,0,NA
2112790_2,2022-10-10 17:18:52.780369,CLO,2112790.jpg,2112790,2,0,NA
2112456_2,2022-10-10 17:18:51.202213,CLO,2112456.jpg,2112456,2,0,NA
2112302_2,2022-10-10 17:18:50.295972,CLO,2112302.jpg,2112302,2,0,NA
2112175_2,2022-10-10 17:18:46.217841,CLO,2112175.jpg,2112175,2,0,NA
2112172_2,2022-10-10 17:18:45.030330,CLO,2112172.jpg,2112172,2,0,NA
2112143_2,2022-10-10 17:18:43.842920,CLO,2112143.jpg,2112143,2,0,NA
2111883_2,2022-10-10 17:18:42.655402,CLO,2111883.jpg,2111883,2,0,NA
2111794_2,2022-10-10 17:18:41.561568,CLO,2111794.jpg,2111794,2,0,NA
2111720_2,2022-10-10 17:18:40.374085,CLO,2111720.jpg,2111720,2,0,NA
2111382_2,2022-10-10 17:18:39.139699,CLO,2111382.jpg,2111382,2,0,NA
2111299_2,2022-10-10 17:18:37.764683,CLO,2111299.jpg,2111299,2,0,NA
2111246_2,2022-10-10 17:18:33.342838,CLO,2111246.jpg,2111246,2,0,NA
2111236_2,2022-10-10 17:18:32.108431,CLO,2111236.jpg,2111236,2,0,NA
2110928_2,2022-10-10 17:18:28.311560,CLO,2110928.jpg,2110928,2,0,NA
2110496_2,2022-10-10 17:18:26.764663,CLO,2110496.jpg,2110496,2,0,NA
2110485_2,2022-10-10 17:18:23.545927,CLO,2110485.jpg,2110485,2,0,NA
2110419_2,2022-10-10 17:18:22.280277,CLO,2110419.jpg,2110419,2,0,NA
2110399_2,2022-10-10 17:18:21.405277,CLO,2110399.jpg,2110399,2,0,NA
2110365_2,2022-10-10 17:18:20.124130,CLO,2110365.jpg,2110365,2,0,NA
2110320_2,2022-10-10 17:18:18.858398,CLO,2110320.jpg,2110320,2,0,NA
2110319_2,2022-10-10 17:18:17.420903,CLO,2110319.jpg,2110319,2,0,NA
2109731_2,2022-10-10 17:18:16.186523,CLO,2109731.jpg,2109731,2,0,NA
2109632_2,2022-10-10 17:18:14.764644,CLO,2109632.jpg,2109632,2,0,NA
2109171_2,2022-10-10 17:18:13.233401,CLO,2109171.jpg,2109171,2,0,NA
2108932_2,2022-10-10 17:18:11.889650,CLO,2108932.jpg,2108932,2,0,NA
2108868_2,2022-10-10 17:18:10.639626,CLO,2108868.jpg,2108868,2,0,NA
2108597_2,2022-10-10 17:18:09.827124,CLO,2108597.jpg,2108597,2,0,NA
2108488_2,2022-10-10 17:18:08.295870,CLO,2108488.jpg,2108488,2,0,NA
2108444_2,2022-10-10 17:18:06.530349,CLO,2108444.jpg,2108444,2,0,NA
2107959_2,2022-10-10 17:18:04.905546,CLO,2107959.jpg,2107959,2,0,NA
2107825_2,2022-10-10 17:18:03.327266,CLO,2107825.jpg,2107825,2,0,NA
2107640_2,2022-10-10 17:18:02.248994,CLO,2107640.jpg,2107640,2,0,NA
2107312_2,2022-10-10 17:18:00.780240,CLO,2107312.jpg,2107312,2,0,NA
2107310_2,2022-10-10 17:17:57.436470,CLO,2107310.jpg,2107310,2,0,NA
2106806_2,2022-10-10 17:17:53.077108,CLO,2106806.jpg,2106806,2,0,NA
2106773_2,2022-10-10 17:17:51.545853,CLO,2106773.jpg,2106773,2,0,NA
2106762_2,2022-10-10 17:17:50.014614,CLO,2106762.jpg,2106762,2,0,NA
2105659_2,2022-10-10 17:17:49.030227,CLO,2105659.jpg,2105659,2,0,NA
2105449_2,2022-10-10 17:17:47.717885,CLO,2105449.jpg,2105449,2,0,NA
2105443_2,2022-10-10 17:17:46.655242,CLO,2105443.jpg,2105443,2,0,NA
2104334_2,2022-10-10 17:17:45.686468,CLO,2104334.jpg,2104334,2,0,NA
2103244_2,2022-10-10 17:17:42.514587,CLO,2103244.jpg,2103244,2,0,NA
2103006_2,2022-10-10 17:17:38.561574,CLO,2103006.jpg,2103006,2,0,NA
2101220_2,2022-10-10 17:17:16.873880,CLO,2101220.jpg,2101220,2,0,NA
2100773_2,2022-10-10 17:17:14.952030,CLO,2100773.jpg,2100773,2,0,NA
2013991_2,2022-10-10 17:17:12.545774,CLO,2013991.jpg,2013991,2,0,NA
2012565_2,2022-10-10 17:17:11.046036,CLO,2012565.jpg,2012565,2,0,NA
2010413_2,2022-10-10 17:17:08.311396,CLO,2010413.jpg,2010413,2,0,NA
2010219_2,2022-10-10 17:17:07.748894,CLO,2010219.jpg,2010219,2,0,NA
2009176_2,2022-10-10 17:17:06.420748,CLO,2009176.jpg,2009176,2,0,NA
2008430_2,2022-10-10 17:17:05.467622,CLO,2008430.jpg,2008430,2,0,NA
2005145_2,2022-10-10 17:17:04.248861,CLO,2005145.jpg,2005145,2,0,NA
2001513_2,2022-10-10 17:16:59.967612,CLO,2001513.jpg,2001513,2,0,NA
1908544_1,2022-10-10 17:16:58.748995,CLO,1908544.jpg,1908544,1,0,NA
2208258_2,2022-10-10 17:16:57.502421,CLO,2208258.jpg,2208258,2,0,NA
2206724_2,2022-10-10 17:16:56.249136,CLO,2206724.jpg,2206724,2,0,NA
2204775_2,2022-10-10 17:16:54.139471,CLO,2204775.jpg,2204775,2,0,NA
2201779_2,2022-10-10 17:16:51.717778,CLO,2201779.jpg,2201779,2,0,NA
2201143_2,2022-10-10 17:16:50.530105,CLO,2201143.jpg,2201143,2,0,NA
2200223_2,2022-10-10 17:16:48.826973,CLO,2200223.jpg,2200223,2,0,NA
2200062_2,2022-10-10 17:16:47.983198,CLO,2200062.jpg,2200062,2,0,NA
2108902_2,2022-10-10 17:16:47.061421,CLO,2108902.jpg,2108902,2,0,NA
2108898_2,2022-10-10 17:16:42.780087,CLO,2108898.jpg,2108898,2,0,NA
2100802_2,2022-10-10 17:16:41.405060,CLO,2100802.jpg,2100802,2,0,NA
2209572_2,2022-10-10 17:16:40.311422,CLO,2209572.jpg,2209572,2,0,NA
2208897_2,2022-10-10 17:16:39.014761,CLO,2208897.jpg,2208897,2,0,NA
2208896_2,2022-10-10 17:16:37.655082,CLO,2208896.jpg,2208896,2,0,NA
2208844_2,2022-10-10 17:16:36.405050,CLO,2208844.jpg,2208844,2,0,NA
2208336_2,2022-10-10 17:16:35.280056,CLO,2208336.jpg,2208336,2,0,NA
2208288_2,2022-10-10 17:16:32.155111,CLO,2208288.jpg,2208288,2,0,NA
2208284_2,2022-10-10 17:16:27.233172,CLO,2208284.jpg,2208284,2,0,NA
2208190_2,2022-10-10 17:16:24.952134,CLO,2208190.jpg,2208190,2,0,NA
2208178_2,2022-10-10 17:16:23.889436,CLO,2208178.jpg,2208178,2,0,NA
2207241_2,2022-10-10 17:16:22.514813,CLO,2207241.jpg,2207241,2,0,NA
2206954_2,2022-10-10 17:16:21.389425,CLO,2206954.jpg,2206954,2,0,NA
2206617_2,2022-10-10 17:16:18.451989,CLO,2206617.jpg,2206617,2,0,NA
2206031_2,2022-10-10 17:16:15.561282,CLO,2206031.jpg,2206031,2,0,NA
2206001_2,2022-10-10 17:16:08.796087,CLO,2206001.jpg,2206001,2,0,NA
2205994_2,2022-10-10 17:16:07.514407,CLO,2205994.jpg,2205994,2,0,NA
2205992_2,2022-10-10 17:16:06.201993,CLO,2205992.jpg,2205992,2,0,NA
2205960_2,2022-10-10 17:16:04.717671,CLO,2205960.jpg,2205960,2,0,NA
2204050_2,2022-10-10 17:16:03.204029,CLO,2204050.jpg,2204050,2,0,NA
2203299_2,2022-10-10 17:16:02.529987,CLO,2203299.jpg,2203299,2,0,NA
2202621_2,2022-10-10 17:16:01.014350,CLO,2202621.jpg,2202621,2,0,NA
2202223_2,2022-10-10 17:16:00.154985,CLO,2202223.jpg,2202223,2,0,NA
2202206_2,2022-10-10 17:15:58.608098,CLO,2202206.jpg,2202206,2,0,NA
2202199_2,2022-10-10 17:15:57.654974,CLO,2202199.jpg,2202199,2,0,NA
2202128_2,2022-10-10 17:15:56.326849,CLO,2202128.jpg,2202128,2,0,NA
2201745_2,2022-10-10 17:15:55.311227,CLO,2201745.jpg,2201745,2,0,NA
2201378_2,2022-10-10 17:15:52.826842,CLO,2201378.jpg,2201378,2,0,NA
2201305_2,2022-10-10 17:15:51.498713,CLO,2201305.jpg,2201305,2,0,NA
2201213_2,2022-10-10 17:15:50.108074,CLO,2201213.jpg,2201213,2,0,NA
2200850_2,2022-10-10 17:15:48.373858,CLO,2200850.jpg,2200850,2,0,NA
2200105_2,2022-10-10 17:15:46.905370,CLO,2200105.jpg,2200105,2,0,NA
2115813_2,2022-10-10 17:15:45.639335,CLO,2115813.jpg,2115813,2,0,NA
2112509_2,2022-10-10 17:15:44.170562,CLO,2112509.jpg,2112509,2,0,NA
2105079_2,2022-10-10 17:15:42.404929,CLO,2105079.jpg,2105079,2,0,NA
2104462_2,2022-10-10 17:15:41.217437,CLO,2104462.jpg,2104462,2,0,NA
2011314_2,2022-10-10 17:15:40.248688,CLO,2011314.jpg,2011314,2,0,NA
2209741_2,2022-10-10 17:15:38.795725,CLO,2209741.jpg,2209741,2,0,NA
2209692_2,2022-10-10 17:15:37.514294,CLO,2209692.jpg,2209692,2,0,NA
2209641_2,2022-10-10 17:15:31.717403,CLO,2209641.jpg,2209641,2,0,NA
2209507_2,2022-10-10 17:15:30.342393,CLO,2209507.jpg,2209507,2,0,NA
2208842_2,2022-10-10 17:15:28.983110,CLO,2208842.jpg,2208842,2,0,NA
2208187_2,2022-10-10 17:15:27.576770,CLO,2208187.jpg,2208187,2,0,NA
2208176_2,2022-10-10 17:15:22.701778,CLO,2208176.jpg,2208176,2,0,NA
2207962_2,2022-10-10 17:15:21.311139,CLO,2207962.jpg,2207962,2,0,NA
2207961_2,2022-10-10 17:15:20.092368,CLO,2207961.jpg,2207961,2,0,NA
2207958_2,2022-10-10 17:15:19.108018,CLO,2207958.jpg,2207958,2,0,NA
2207922_2,2022-10-10 17:15:17.951746,CLO,2207922.jpg,2207922,2,0,NA
2207826_2,2022-10-10 17:15:15.326792,CLO,2207826.jpg,2207826,2,0,NA
2207651_2,2022-10-10 17:15:12.436125,CLO,2207651.jpg,2207651,2,0,NA
2207546_2,2022-10-10 17:15:11.139237,CLO,2207546.jpg,2207546,2,0,NA
2207359_2,2022-10-10 17:15:07.701730,CLO,2207359.jpg,2207359,2,0,NA
2207055_2,2022-10-10 17:15:06.545503,CLO,2207055.jpg,2207055,2,0,NA
2207009_2,2022-10-10 17:15:04.592448,CLO,2207009.jpg,2207009,2,0,NA
2206997_2,2022-10-10 17:15:03.420492,CLO,2206997.jpg,2206997,2,0,NA
2206934_2,2022-10-10 17:14:57.857970,CLO,2206934.jpg,2206934,2,0,NA
2206820_2,2022-10-10 17:14:56.451693,CLO,2206820.jpg,2206820,2,0,NA
2206787_2,2022-10-10 17:14:51.701804,CLO,2206787.jpg,2206787,2,0,NA
2206706_2,2022-10-10 17:14:46.936045,CLO,2206706.jpg,2206706,2,0,NA
2206556_2,2022-10-10 17:14:43.826677,CLO,2206556.jpg,2206556,2,0,NA
2206536_2,2022-10-10 17:14:40.357905,CLO,2206536.jpg,2206536,2,0,NA
2206403_2,2022-10-10 17:14:37.982908,CLO,2206403.jpg,2206403,2,0,NA
2206397_2,2022-10-10 17:14:33.201661,CLO,2206397.jpg,2206397,2,0,NA
2206332_2,2022-10-10 17:14:31.811047,CLO,2206332.jpg,2206332,2,0,NA
2206056_2,2022-10-10 17:14:30.779790,CLO,2206056.jpg,2206056,2,0,NA
2205990_2,2022-10-10 17:14:29.436120,CLO,2205990.jpg,2205990,2,0,NA
2205952_2,2022-10-10 17:14:27.764151,CLO,2205952.jpg,2205952,2,0,NA
2205948_2,2022-10-10 17:14:25.951656,CLO,2205948.jpg,2205948,2,0,NA
2205940_2,2022-10-10 17:14:19.904979,CLO,2205940.jpg,2205940,2,0,NA
2205849_2,2022-10-10 17:14:13.685966,CLO,2205849.jpg,2205849,2,0,NA
2205838_2,2022-10-10 17:14:11.529721,CLO,2205838.jpg,2205838,2,0,NA
2205802_2,2022-10-10 17:14:08.592272,CLO,2205802.jpg,2205802,2,0,NA
2205683_2,2022-10-10 17:14:07.342205,CLO,2205683.jpg,2205683,2,0,NA
2205670_2,2022-10-10 17:14:05.810954,CLO,2205670.jpg,2205670,2,0,NA
2205451_2,2022-10-10 17:14:04.482821,CLO,2205451.jpg,2205451,2,0,NA
2204428_2,2022-10-10 17:14:03.217196,CLO,2204428.jpg,2204428,2,0,NA
2204423_2,2022-10-10 17:13:59.154886,CLO,2204423.jpg,2204423,2,0,NA
2204165_2,2022-10-10 17:13:57.357775,CLO,2204165.jpg,2204165,2,0,NA
2204122_2,2022-10-10 17:13:56.107758,CLO,2204122.jpg,2204122,2,0,NA
2204064_2,2022-10-10 17:13:54.514230,CLO,2204064.jpg,2204064,2,0,NA
2204059_2,2022-10-10 17:13:50.185847,CLO,2204059.jpg,2204059,2,0,NA
2203567_2,2022-10-10 17:13:48.732649,CLO,2203567.jpg,2203567,2,0,NA
2203525_2,2022-10-10 17:13:47.607623,CLO,2203525.jpg,2203525,2,0,NA
2203523_2,2022-10-10 17:13:43.967049,CLO,2203523.jpg,2203523,2,0,NA
2203508_2,2022-10-10 17:13:42.691108,CLO,2203508.jpg,2203508,2,0,NA
2203472_2,2022-10-10 17:13:41.530108,CLO,2203472.jpg,2203472,2,0,NA
2203383_2,2022-10-10 17:13:40.591883,CLO,2203383.jpg,2203383,2,0,NA
2203371_2,2022-10-10 17:13:37.592005,CLO,2203371.jpg,2203371,2,0,NA
2203312_2,2022-10-10 17:13:33.654292,CLO,2203312.jpg,2203312,2,0,NA
2203147_2,2022-10-10 17:13:29.529231,CLO,2203147.jpg,2203147,2,0,NA
2203109_2,2022-10-10 17:13:28.419884,CLO,2203109.jpg,2203109,2,0,NA
2203104_2,2022-10-10 17:13:27.185449,CLO,2203104.jpg,2203104,2,0,NA
2202986_2,2022-10-10 17:13:25.873032,CLO,2202986.jpg,2202986,2,0,NA
2202954_2,2022-10-10 17:13:20.248017,CLO,2202954.jpg,2202954,2,0,NA
2202944_2,2022-10-10 17:13:19.185315,CLO,2202944.jpg,2202944,2,0,NA
2202895_2,2022-10-10 17:13:15.357137,CLO,2202895.jpg,2202895,2,0,NA
2202893_2,2022-10-10 17:13:14.591519,CLO,2202893.jpg,2202893,2,0,NA
2202889_2,2022-10-10 17:13:13.341470,CLO,2202889.jpg,2202889,2,0,NA
2202856_2,2022-10-10 17:13:08.372646,CLO,2202856.jpg,2202856,2,0,NA
2202772_2,2022-10-10 17:13:07.122646,CLO,2202772.jpg,2202772,2,0,NA
2202766_2,2022-10-10 17:13:06.310124,CLO,2202766.jpg,2202766,2,0,NA
2202700_2,2022-10-10 17:13:04.966342,CLO,2202700.jpg,2202700,2,0,NA
2202699_2,2022-10-10 17:13:03.935086,CLO,2202699.jpg,2202699,2,0,NA
2202697_2,2022-10-10 17:13:02.888199,CLO,2202697.jpg,2202697,2,0,NA
2202689_2,2022-10-10 17:13:01.888211,CLO,2202689.jpg,2202689,2,0,NA
2202688_2,2022-10-10 17:13:00.966294,CLO,2202688.jpg,2202688,2,0,NA
2202685_2,2022-10-10 17:12:59.513255,CLO,2202685.jpg,2202685,2,0,NA
2202669_2,2022-10-10 17:12:58.435019,CLO,2202669.jpg,2202669,2,0,NA
2202648_2,2022-10-10 17:12:57.294363,CLO,2202648.jpg,2202648,2,0,NA
2202647_2,2022-10-10 17:12:54.403834,CLO,2202647.jpg,2202647,2,0,NA
2202578_2,2022-10-10 17:12:52.888038,CLO,2202578.jpg,2202578,2,0,NA
2202519_2,2022-10-10 17:12:51.778679,CLO,2202519.jpg,2202519,2,0,NA
2202515_2,2022-10-10 17:12:49.778929,CLO,2202515.jpg,2202515,2,0,NA
2202471_2,2022-10-10 17:12:47.810501,CLO,2202471.jpg,2202471,2,0,NA
2202466_2,2022-10-10 17:12:46.466301,CLO,2202466.jpg,2202466,2,0,NA
2202424_2,2022-10-10 17:12:43.794151,CLO,2202424.jpg,2202424,2,0,NA
2202420_2,2022-10-10 17:12:41.731615,CLO,2202420.jpg,2202420,2,0,NA
2202410_2,2022-10-10 17:12:39.591013,CLO,2202410.jpg,2202410,2,0,NA
2202055_2,2022-10-10 17:12:38.590938,CLO,2202055.jpg,2202055,2,0,NA
2201989_2,2022-10-10 17:12:34.340881,CLO,2201989.jpg,2201989,2,0,NA
2201810_2,2022-10-10 17:12:32.965883,CLO,2201810.jpg,2201810,2,0,NA
2201746_2,2022-10-10 17:12:32.106467,CLO,2201746.jpg,2201746,2,0,NA
2201662_2,2022-10-10 17:12:30.450240,CLO,2201662.jpg,2201662,2,0,NA
2201648_2,2022-10-10 17:12:28.997048,CLO,2201648.jpg,2201648,2,0,NA
2201637_2,2022-10-10 17:12:27.653299,CLO,2201637.jpg,2201637,2,0,NA
2201601_2,2022-10-10 17:12:26.825305,CLO,2201601.jpg,2201601,2,0,NA
2201588_2,2022-10-10 17:12:25.700129,CLO,2201588.jpg,2201588,2,0,NA
2201564_2,2022-10-10 17:12:24.512611,CLO,2201564.jpg,2201564,2,0,NA
2201459_2,2022-10-10 17:12:22.918835,CLO,2201459.jpg,2201459,2,0,NA
2201449_2,2022-10-10 17:12:19.403144,CLO,2201449.jpg,2201449,2,0,NA
2201336_2,2022-10-10 17:12:18.153128,CLO,2201336.jpg,2201336,2,0,NA
2201332_2,2022-10-10 17:12:12.309322,CLO,2201332.jpg,2201332,2,0,NA
2201327_2,2022-10-10 17:12:09.465506,CLO,2201327.jpg,2201327,2,0,NA
2201326_2,2022-10-10 17:12:05.043566,CLO,2201326.jpg,2201326,2,0,NA
2201260_2,2022-10-10 17:12:03.387337,CLO,2201260.jpg,2201260,2,0,NA
2201230_2,2022-10-10 17:12:00.856117,CLO,2201230.jpg,2201230,2,0,NA
2201172_2,2022-10-10 17:12:00.090355,CLO,2201172.jpg,2201172,2,0,NA
2201160_2,2022-10-10 17:11:55.809076,CLO,2201160.jpg,2201160,2,0,NA
2200938_2,2022-10-10 17:10:53.964368,CLO,2200938.jpg,2200938,2,0,NA
2200884_2,2022-10-10 17:10:52.589353,CLO,2200884.jpg,2200884,2,0,NA
2200802_2,2022-10-10 17:10:51.839378,CLO,2200802.jpg,2200802,2,0,NA
2200498_2,2022-10-10 17:10:50.745620,CLO,2200498.jpg,2200498,2,0,NA
2200445_2,2022-10-10 17:10:49.261158,CLO,2200445.jpg,2200445,2,0,NA
2200422_2,2022-10-10 17:10:48.354904,CLO,2200422.jpg,2200422,2,0,NA
2200420_2,2022-10-10 17:10:47.292404,CLO,2200420.jpg,2200420,2,0,NA
2200235_2,2022-10-10 17:10:46.526765,CLO,2200235.jpg,2200235,2,0,NA
2200158_2,2022-10-10 17:10:45.026735,CLO,2200158.jpg,2200158,2,0,NA
2200057_2,2022-10-10 17:10:43.776713,CLO,2200057.jpg,2200057,2,0,NA
2200045_2,2022-10-10 17:10:41.589166,CLO,2200045.jpg,2200045,2,0,NA
2116020_2,2022-10-10 17:10:37.370508,CLO,2116020.jpg,2116020,2,0,NA
2115999_2,2022-10-10 17:10:35.651573,CLO,2115999.jpg,2115999,2,0,NA
2115176_2,2022-10-10 17:10:34.479696,CLO,2115176.jpg,2115176,2,0,NA
2115092_2,2022-10-10 17:10:33.307929,CLO,2115092.jpg,2115092,2,0,NA
2114817_2,2022-10-10 17:10:32.167160,CLO,2114817.jpg,2114817,2,0,NA
2114814_2,2022-10-10 17:10:30.573372,CLO,2114814.jpg,2114814,2,0,NA
2114536_2,2022-10-10 17:10:29.260854,CLO,2114536.jpg,2114536,2,0,NA
2114521_2,2022-10-10 17:10:27.463954,CLO,2114521.jpg,2114521,2,0,NA
2113767_2,2022-10-10 17:10:25.885805,CLO,2113767.jpg,2113767,2,0,NA
2113765_2,2022-10-10 17:10:24.557670,CLO,2113765.jpg,2113765,2,0,NA
2113600_2,2022-10-10 17:10:22.807830,CLO,2113600.jpg,2113600,2,0,NA
2113599_2,2022-10-10 17:10:16.354422,CLO,2113599.jpg,2113599,2,0,NA
2112508_2,2022-10-10 17:10:15.104389,CLO,2112508.jpg,2112508,2,0,NA
2112379_2,2022-10-10 17:10:13.510638,CLO,2112379.jpg,2112379,2,0,NA
2112055_2,2022-10-10 17:10:09.385562,CLO,2112055.jpg,2112055,2,0,NA
2111977_2,2022-10-10 17:10:08.244918,CLO,2111977.jpg,2111977,2,0,NA
2111313_2,2022-10-10 17:10:06.963653,CLO,2111313.jpg,2111313,2,0,NA
2110770_2,2022-10-10 17:10:05.369869,CLO,2110770.jpg,2110770,2,0,NA
2110366_2,2022-10-10 17:10:03.916724,CLO,2110366.jpg,2110366,2,0,NA
2109600_2,2022-10-10 17:10:02.244821,CLO,2109600.jpg,2109600,2,0,NA
2107826_2,2022-10-10 17:09:58.822927,CLO,2107826.jpg,2107826,2,0,NA
2107624_2,2022-10-10 17:09:53.166562,CLO,2107624.jpg,2107624,2,0,NA
2107090_2,2022-10-10 17:09:51.854042,CLO,2107090.jpg,2107090,2,0,NA
2106981_2,2022-10-10 17:09:50.385267,CLO,2106981.jpg,2106981,2,0,NA
2105564_2,2022-10-10 17:09:49.150877,CLO,2105564.jpg,2105564,2,0,NA
2104897_2,2022-10-10 17:09:48.588385,CLO,2104897.jpg,2104897,2,0,NA
2104178_2,2022-10-10 17:09:47.385254,CLO,2104178.jpg,2104178,2,0,NA
2101317_2,2022-10-10 17:09:46.369583,CLO,2101317.jpg,2101317,2,0,NA
2100787_2,2022-10-10 17:09:45.603941,CLO,2100787.jpg,2100787,2,0,NA
2100168_2,2022-10-10 17:09:42.853924,CLO,2100168.jpg,2100168,2,0,NA
2013665_2,2022-10-10 17:09:41.697644,CLO,2013665.jpg,2013665,2,0,NA
1811074_1,2022-10-10 17:09:38.510083,CLO,1811074.jpg,1811074,1,0,NA
2210091_2,2022-10-10 17:09:37.213190,CLO,2210091.jpg,2210091,2,0,NA
2209686_2,2022-10-10 17:09:36.275688,CLO,2209686.jpg,2209686,2,0,NA
2209203_2,2022-10-10 17:09:33.166261,CLO,2209203.jpg,2209203,2,0,NA
2209197_2,2022-10-10 17:09:29.400596,CLO,2209197.jpg,2209197,2,0,NA
2209178_2,2022-10-10 17:09:27.713058,CLO,2209178.jpg,2209178,2,0,NA
2208761_2,2022-10-10 17:09:26.634927,CLO,2208761.jpg,2208761,2,0,NA
2208756_2,2022-10-10 17:09:25.619277,CLO,2208756.jpg,2208756,2,0,NA
2208495_2,2022-10-10 17:09:24.088012,CLO,2208495.jpg,2208495,2,0,NA
2208353_2,2022-10-10 17:09:23.150508,CLO,2208353.jpg,2208353,2,0,NA
2208351_2,2022-10-10 17:09:22.291354,CLO,2208351.jpg,2208351,2,0,NA
2208341_2,2022-10-10 17:09:19.259806,CLO,2208341.jpg,2208341,2,0,NA
2208333_2,2022-10-10 17:09:18.041043,CLO,2208333.jpg,2208333,2,0,NA
2208189_2,2022-10-10 17:09:16.712900,CLO,2208189.jpg,2208189,2,0,NA
2207537_2,2022-10-10 17:09:15.853514,CLO,2207537.jpg,2207537,2,0,NA
2207362_2,2022-10-10 17:09:13.681597,CLO,2207362.jpg,2207362,2,0,NA
2207343_2,2022-10-10 17:09:12.962993,CLO,2207343.jpg,2207343,2,0,NA
2207298_2,2022-10-10 17:09:12.072211,CLO,2207298.jpg,2207298,2,0,NA
2207280_2,2022-10-10 17:09:11.275330,CLO,2207280.jpg,2207280,2,0,NA
2207278_2,2022-10-10 17:09:07.712760,CLO,2207278.jpg,2207278,2,0,NA
2207277_2,2022-10-10 17:09:06.978394,CLO,2207277.jpg,2207277,2,0,NA
2207275_2,2022-10-10 17:09:05.697115,CLO,2207275.jpg,2207275,2,0,NA
2207249_2,2022-10-10 17:09:03.868982,CLO,2207249.jpg,2207249,2,0,NA
2207216_2,2022-10-10 17:08:59.931344,CLO,2207216.jpg,2207216,2,0,NA
2207019_2,2022-10-10 17:08:57.540622,CLO,2207019.jpg,2207019,2,0,NA
2207018_2,2022-10-10 17:08:55.056258,CLO,2207018.jpg,2207018,2,0,NA
2207010_2,2022-10-10 17:08:52.602943,CLO,2207010.jpg,2207010,2,0,NA
2206990_2,2022-10-10 17:08:50.571647,CLO,2206990.jpg,2206990,2,0,NA
2206989_2,2022-10-10 17:08:49.680962,CLO,2206989.jpg,2206989,2,0,NA
2206988_2,2022-10-10 17:08:47.040222,CLO,2206988.jpg,2206988,2,0,NA
2206987_2,2022-10-10 17:08:44.665133,CLO,2206987.jpg,2206987,2,0,NA
2206979_2,2022-10-10 17:08:42.196252,CLO,2206979.jpg,2206979,2,0,NA
2206966_2,2022-10-10 17:08:38.805492,CLO,2206966.jpg,2206966,2,0,NA
2206965_2,2022-10-10 17:08:36.508526,CLO,2206965.jpg,2206965,2,0,NA
2206963_2,2022-10-10 17:08:34.555315,CLO,2206963.jpg,2206963,2,0,NA
2206833_2,2022-10-10 17:08:32.242726,CLO,2206833.jpg,2206833,2,0,NA
2206773_2,2022-10-10 17:08:30.414509,CLO,2206773.jpg,2206773,2,0,NA
2206761_2,2022-10-10 17:08:28.305070,CLO,2206761.jpg,2206761,2,0,NA
2206538_2,2022-10-10 17:08:26.101860,CLO,2206538.jpg,2206538,2,0,NA
2206525_2,2022-10-10 17:08:22.976720,CLO,2206525.jpg,2206525,2,0,NA
2206519_2,2022-10-10 17:08:20.335969,CLO,2206519.jpg,2206519,2,0,NA
2206364_2,2022-10-10 17:08:18.007764,CLO,2206364.jpg,2206364,2,0,NA
2206322_2,2022-10-10 17:08:17.085862,CLO,2206322.jpg,2206322,2,0,NA
2206314_2,2022-10-10 17:08:14.757619,CLO,2206314.jpg,2206314,2,0,NA
2206297_2,2022-10-10 17:08:11.726363,CLO,2206297.jpg,2206297,2,0,NA
2206296_2,2022-10-10 17:08:08.913852,CLO,2206296.jpg,2206296,2,0,NA
2206294_2,2022-10-10 17:08:06.866666,CLO,2206294.jpg,2206294,2,0,NA
2206279_2,2022-10-10 17:08:04.397817,CLO,2206279.jpg,2206279,2,0,NA
2206277_2,2022-10-10 17:08:02.632121,CLO,2206277.jpg,2206277,2,0,NA
2206276_2,2022-10-10 17:08:01.366546,CLO,2206276.jpg,2206276,2,0,NA
2206271_2,2022-10-10 17:07:58.632180,CLO,2206271.jpg,2206271,2,0,NA
2206266_2,2022-10-10 17:07:55.819344,CLO,2206266.jpg,2206266,2,0,NA
2206120_2,2022-10-10 17:07:52.991132,CLO,2206120.jpg,2206120,2,0,NA
2206005_2,2022-10-10 17:07:50.147258,CLO,2206005.jpg,2206005,2,0,NA
2205996_2,2022-10-10 17:07:48.897194,CLO,2205996.jpg,2205996,2,0,NA
2205941_2,2022-10-10 17:07:47.647141,CLO,2205941.jpg,2205941,2,0,NA
2205932_2,2022-10-10 17:07:45.959589,CLO,2205932.jpg,2205932,2,0,NA
2205806_2,2022-10-10 17:07:44.678262,CLO,2205806.jpg,2205806,2,0,NA
2205797_2,2022-10-10 17:07:43.412584,CLO,2205797.jpg,2205797,2,0,NA
2205779_2,2022-10-10 17:07:42.240671,CLO,2205779.jpg,2205779,2,0,NA
2205775_2,2022-10-10 17:07:39.631192,CLO,2205775.jpg,2205775,2,0,NA
2205687_2,2022-10-10 17:07:38.646766,CLO,2205687.jpg,2205687,2,0,NA
2205678_2,2022-10-10 17:07:37.271711,CLO,2205678.jpg,2205678,2,0,NA
2205536_2,2022-10-10 17:07:35.912320,CLO,2205536.jpg,2205536,2,0,NA
2205439_2,2022-10-10 17:07:32.818610,CLO,2205439.jpg,2205439,2,0,NA
2205341_2,2022-10-10 17:07:31.646472,CLO,2205341.jpg,2205341,2,0,NA
2205336_2,2022-10-10 17:07:27.536935,CLO,2205336.jpg,2205336,2,0,NA
2205334_2,2022-10-10 17:07:25.583928,CLO,2205334.jpg,2205334,2,0,NA
2205326_2,2022-10-10 17:07:24.021165,CLO,2205326.jpg,2205326,2,0,NA
2205142_2,2022-10-10 17:07:22.646105,CLO,2205142.jpg,2205142,2,0,NA
2204131_2,2022-10-10 17:07:20.942917,CLO,2204131.jpg,2204131,2,0,NA
2204027_2,2022-10-10 17:07:19.661615,CLO,2204027.jpg,2204027,2,0,NA
2203980_2,2022-10-10 17:07:17.661556,CLO,2203980.jpg,2203980,2,0,NA
2203478_2,2022-10-10 17:07:14.505152,CLO,2203478.jpg,2203478,2,0,NA
2203435_2,2022-10-10 17:07:13.177013,CLO,2203435.jpg,2203435,2,0,NA
2202879_2,2022-10-10 17:07:12.411326,CLO,2202879.jpg,2202879,2,0,NA
2202797_2,2022-10-10 17:07:10.614390,CLO,2202797.jpg,2202797,2,0,NA
2202769_2,2022-10-10 17:07:09.145593,CLO,2202769.jpg,2202769,2,0,NA
2202710_2,2022-10-10 17:07:06.629827,CLO,2202710.jpg,2202710,2,0,NA
2202696_2,2022-10-10 17:07:05.598552,CLO,2202696.jpg,2202696,2,0,NA
2202664_2,2022-10-10 17:07:02.707814,CLO,2202664.jpg,2202664,2,0,NA
2202354_2,2022-10-10 17:07:01.754895,CLO,2202354.jpg,2202354,2,0,NA
2202094_2,2022-10-10 17:07:00.504679,CLO,2202094.jpg,2202094,2,0,NA
2202051_2,2022-10-10 17:06:59.301404,CLO,2202051.jpg,2202051,2,0,NA
2201728_2,2022-10-10 17:06:55.004365,CLO,2201728.jpg,2201728,2,0,NA
2201687_2,2022-10-10 17:06:53.973068,CLO,2201687.jpg,2201687,2,0,NA
2201643_2,2022-10-10 17:06:52.566832,CLO,2201643.jpg,2201643,2,0,NA
2201107_2,2022-10-10 17:06:51.629209,CLO,2201107.jpg,2201107,2,0,NA
2200806_2,2022-10-10 17:06:50.176199,CLO,2200806.jpg,2200806,2,0,NA
2200801_2,2022-10-10 17:06:48.879342,CLO,2200801.jpg,2200801,2,0,NA
2200774_2,2022-10-10 17:06:47.722804,CLO,2200774.jpg,2200774,2,0,NA
2200556_2,2022-10-10 17:06:44.660228,CLO,2200556.jpg,2200556,2,0,NA
2200463_2,2022-10-10 17:06:43.253880,CLO,2200463.jpg,2200463,2,0,NA
2115992_2,2022-10-10 17:06:41.988247,CLO,2115992.jpg,2115992,2,0,NA
2115610_2,2022-10-10 17:06:39.503716,CLO,2115610.jpg,2115610,2,0,NA
2115606_2,2022-10-10 17:06:37.175511,CLO,2115606.jpg,2115606,2,0,NA
2115357_2,2022-10-10 17:06:36.206729,CLO,2115357.jpg,2115357,2,0,NA
2115344_2,2022-10-10 17:06:32.237826,CLO,2115344.jpg,2115344,2,0,NA
2115327_2,2022-10-10 17:06:30.909864,CLO,2115327.jpg,2115327,2,0,NA
2115321_2,2022-10-10 17:06:26.675087,CLO,2115321.jpg,2115321,2,0,NA
2115066_2,2022-10-10 17:06:25.050000,CLO,2115066.jpg,2115066,2,0,NA
2114550_2,2022-10-10 17:06:23.768726,CLO,2114550.jpg,2114550,2,0,NA
2114327_2,2022-10-10 17:06:22.112410,CLO,2114327.jpg,2114327,2,0,NA
2113633_2,2022-10-10 17:06:21.393641,CLO,2113633.jpg,2113633,2,0,NA
2110766_2,2022-10-10 17:06:19.659184,CLO,2110766.jpg,2110766,2,0,NA
2107420_2,2022-10-10 17:06:18.690396,CLO,2107420.jpg,2107420,2,0,NA
2105562_2,2022-10-10 17:06:15.596498,CLO,2105562.jpg,2105562,2,0,NA
2104955_2,2022-10-10 17:06:14.049756,CLO,2104955.jpg,2104955,2,0,NA
2104227_2,2022-10-10 17:06:09.627513,CLO,2104227.jpg,2104227,2,0,NA
2001866_2,2022-10-10 17:06:08.877617,CLO,2001866.jpg,2001866,2,0,NA
2207285_2,2022-10-10 17:06:05.533598,CLO,2207285.jpg,2207285,2,0,NA
2202069_2,2022-10-10 17:06:04.299174,CLO,2202069.jpg,2202069,2,0,NA
2206523_2,2022-10-10 17:06:03.393098,CLO,2206523.jpg,2206523,2,0,NA
2200177_2,2022-10-10 17:05:59.752102,CLO,2200177.jpg,2200177,2,0,NA
2115853_2,2022-10-10 17:05:58.314547,CLO,2115853.jpg,2115853,2,0,NA
2113639_2,2022-10-10 17:05:57.173954,CLO,2113639.jpg,2113639,2,0,NA
2210150_2,2022-10-10 17:05:56.033217,CLO,2210150.jpg,2210150,2,0,NA
2209703_2,2022-10-10 17:05:51.595516,CLO,2209703.jpg,2209703,2,0,NA
2208185_2,2022-10-10 17:05:47.517234,CLO,2208185.jpg,2208185,2,0,NA
2208177_2,2022-10-10 17:05:45.298393,CLO,2208177.jpg,2208177,2,0,NA
2208070_2,2022-10-10 17:05:43.970220,CLO,2208070.jpg,2208070,2,0,NA
2206360_2,2022-10-10 17:05:40.610714,CLO,2206360.jpg,2206360,2,0,NA
2206359_2,2022-10-10 17:05:35.360961,CLO,2206359.jpg,2206359,2,0,NA
2205843_2,2022-10-10 17:05:33.891657,CLO,2205843.jpg,2205843,2,0,NA
2205842_2,2022-10-10 17:05:32.719733,CLO,2205842.jpg,2205842,2,0,NA
2205841_2,2022-10-10 17:05:31.422876,CLO,2205841.jpg,2205841,2,0,NA
2205785_2,2022-10-10 17:05:29.985453,CLO,2205785.jpg,2205785,2,0,NA
2205744_2,2022-10-10 17:05:27.360150,CLO,2205744.jpg,2205744,2,0,NA
2204770_2,2022-10-10 17:05:20.781743,CLO,2204770.jpg,2204770,2,0,NA
2204079_2,2022-10-10 17:05:16.609698,CLO,2204079.jpg,2204079,2,0,NA
2203563_2,2022-10-10 17:05:14.734632,CLO,2203563.jpg,2203563,2,0,NA
2202965_2,2022-10-10 17:05:10.515705,CLO,2202965.jpg,2202965,2,0,NA
2202863_2,2022-10-10 17:05:07.609422,CLO,2202863.jpg,2202863,2,0,NA
2202860_2,2022-10-10 17:05:06.093666,CLO,2202860.jpg,2202860,2,0,NA
2202859_2,2022-10-10 17:05:04.577976,CLO,2202859.jpg,2202859,2,0,NA
2202857_2,2022-10-10 17:05:03.327930,CLO,2202857.jpg,2202857,2,0,NA
2202853_2,2022-10-10 17:05:01.937224,CLO,2202853.jpg,2202853,2,0,NA
2202670_2,2022-10-10 17:05:00.249785,CLO,2202670.jpg,2202670,2,0,NA
2202639_2,2022-10-10 17:04:59.312121,CLO,2202639.jpg,2202639,2,0,NA
2202489_2,2022-10-10 17:04:58.030831,CLO,2202489.jpg,2202489,2,0,NA
2200712_2,2022-10-10 17:04:55.530711,CLO,2200712.jpg,2200712,2,0,NA
2200192_2,2022-10-10 17:04:54.311969,CLO,2200192.jpg,2200192,2,0,NA
2200190_2,2022-10-10 17:04:52.233707,CLO,2200190.jpg,2200190,2,0,NA
2200189_2,2022-10-10 17:04:49.030527,CLO,2200189.jpg,2200189,2,0,NA
2200188_2,2022-10-10 17:04:43.795859,CLO,2200188.jpg,2200188,2,0,NA
2200182_2,2022-10-10 17:04:41.577029,CLO,2200182.jpg,2200182,2,0,NA
2115861_2,2022-10-10 17:04:40.358229,CLO,2115861.jpg,2115861,2,0,NA
2114613_2,2022-10-10 17:04:38.889422,CLO,2114613.jpg,2114613,2,0,NA
2114461_2,2022-10-10 17:04:36.983107,CLO,2114461.jpg,2114461,2,0,NA
2114266_2,2022-10-10 17:04:35.342382,CLO,2114266.jpg,2114266,2,0,NA
2114265_2,2022-10-10 17:04:33.936123,CLO,2114265.jpg,2114265,2,0,NA
2113055_2,2022-10-10 17:04:32.623544,CLO,2113055.jpg,2113055,2,0,NA
2112655_2,2022-10-10 17:04:30.826582,CLO,2112655.jpg,2112655,2,0,NA
2112654_2,2022-10-10 17:04:29.670285,CLO,2112654.jpg,2112654,2,0,NA
2112333_2,2022-10-10 17:04:28.186234,CLO,2112333.jpg,2112333,2,0,NA
2110900_2,2022-10-10 17:04:26.748289,CLO,2110900.jpg,2110900,2,0,NA
2110494_2,2022-10-10 17:04:25.279488,CLO,2110494.jpg,2110494,2,0,NA
2110465_2,2022-10-10 17:04:23.576278,CLO,2110465.jpg,2110465,2,0,NA
2110393_2,2022-10-10 17:04:22.248123,CLO,2110393.jpg,2110393,2,0,NA
2109900_2,2022-10-10 17:04:20.529285,CLO,2109900.jpg,2109900,2,0,NA
2109292_2,2022-10-10 17:04:19.263693,CLO,2109292.jpg,2109292,2,0,NA
2109005_2,2022-10-10 17:04:17.872957,CLO,2109005.jpg,2109005,2,0,NA
2108971_2,2022-10-10 17:04:14.060284,CLO,2108971.jpg,2108971,2,0,NA
2108641_2,2022-10-10 17:04:07.513147,CLO,2108641.jpg,2108641,2,0,NA
2108278_2,2022-10-10 17:04:04.325513,CLO,2108278.jpg,2108278,2,0,NA
2107991_2,2022-10-10 17:04:02.919333,CLO,2107991.jpg,2107991,2,0,NA
2107795_2,2022-10-10 17:04:01.153508,CLO,2107795.jpg,2107795,2,0,NA
2107794_2,2022-10-10 17:03:54.840311,CLO,2107794.jpg,2107794,2,0,NA
2104952_2,2022-10-10 17:03:53.668361,CLO,2104952.jpg,2104952,2,0,NA
2104948_2,2022-10-10 17:03:52.293168,CLO,2104948.jpg,2104948,2,0,NA
2104945_2,2022-10-10 17:03:51.324332,CLO,2104945.jpg,2104945,2,0,NA
2102996_2,2022-10-10 17:03:49.496037,CLO,2102996.jpg,2102996,2,0,NA
2003719_2,2022-10-10 17:03:48.370890,CLO,2003719.jpg,2003719,2,0,NA
2115860_2,2022-10-10 17:03:47.386402,CLO,2115860.jpg,2115860,2,0,NA
2107274_2,2022-10-10 17:03:45.886271,CLO,2107274.jpg,2107274,2,0,NA
2107054_2,2022-10-10 17:03:44.432990,CLO,2107054.jpg,2107054,2,0,NA
2105203_2,2022-10-10 17:03:41.010734,CLO,2105203.jpg,2105203,2,0,NA
2106460_2,2022-10-10 17:03:39.948301,CLO,2106460.jpg,2106460,2,0,NA
1906240_1,2022-10-10 17:03:36.854059,CLO,1906240.jpg,1906240,1,0,NA
2200551_2,2022-10-10 17:03:35.228912,CLO,2200551.jpg,2200551,2,0,NA
2200548_2,2022-10-10 17:03:33.713793,CLO,2200548.jpg,2200548,2,0,NA
2200290_2,2022-10-10 17:03:32.353720,CLO,2200290.jpg,2200290,2,0,NA
2200163_2,2022-10-10 17:03:29.712713,CLO,2200163.jpg,2200163,2,0,NA
2200160_2,2022-10-10 17:03:24.884104,CLO,2200160.jpg,2200160,2,0,NA
2115945_2,2022-10-10 17:03:20.696131,CLO,2115945.jpg,2115945,2,0,NA
2115944_2,2022-10-10 17:03:19.368325,CLO,2115944.jpg,2115944,2,0,NA
2115942_2,2022-10-10 17:03:17.977494,CLO,2115942.jpg,2115942,2,0,NA
2115543_2,2022-10-10 17:03:16.586612,CLO,2115543.jpg,2115543,2,0,NA
2110389_2,2022-10-10 17:03:13.101572,CLO,2110389.jpg,2110389,2,0,NA
2107115_2,2022-10-10 17:03:09.585611,CLO,2107115.jpg,2107115,2,0,NA
2106208_2,2022-10-10 17:03:05.272887,CLO,2106208.jpg,2106208,2,0,NA
2105294_2,2022-10-10 17:03:04.038253,CLO,2105294.jpg,2105294,2,0,NA
2104705_2,2022-10-10 17:03:02.319207,CLO,2104705.jpg,2104705,2,0,NA
2104704_2,2022-10-10 17:02:59.053361,CLO,2104704.jpg,2104704,2,0,NA
2104091_2,2022-10-10 17:02:57.646839,CLO,2104091.jpg,2104091,2,0,NA
2104071_2,2022-10-10 17:02:56.224814,CLO,2104071.jpg,2104071,2,0,NA
2103362_2,2022-10-10 17:02:54.724776,CLO,2103362.jpg,2103362,2,0,NA
2101189_2,2022-10-10 17:02:53.193321,CLO,2101189.jpg,2101189,2,0,NA
2101174_2,2022-10-10 17:02:51.364971,CLO,2101174.jpg,2101174,2,0,NA
2007193_2,2022-10-10 17:02:50.052304,CLO,2007193.jpg,2007193,2,0,NA
2202909_2,2022-10-10 17:02:46.442544,CLO,2202909.jpg,2202909,2,0,NA
2109869_2,2022-10-10 17:02:45.723704,CLO,2109869.jpg,2109869,2,0,NA
2104624_2,2022-10-10 17:02:44.004794,CLO,2104624.jpg,2104624,2,0,NA
2103373_2,2022-10-10 17:02:42.520259,CLO,2103373.jpg,2103373,2,0,NA
2208232_2,2022-10-10 17:02:41.270139,CLO,2208232.jpg,2208232,2,0,NA
2208181_2,2022-10-10 17:02:39.973144,CLO,2208181.jpg,2208181,2,0,NA
2207287_2,2022-10-10 17:02:38.597991,CLO,2207287.jpg,2207287,2,0,NA
2205467_2,2022-10-10 17:02:36.910289,CLO,2205467.jpg,2205467,2,0,NA
2204133_2,2022-10-10 17:02:32.347384,CLO,2204133.jpg,2204133,2,0,NA
2203470_2,2022-10-10 17:02:30.722142,CLO,2203470.jpg,2203470,2,0,NA
2200789_2,2022-10-10 17:02:29.143858,CLO,2200789.jpg,2200789,2,0,NA
2200456_2,2022-10-10 17:02:27.799950,CLO,2200456.jpg,2200456,2,0,NA
2200258_2,2022-10-10 17:02:26.299819,CLO,2200258.jpg,2200258,2,0,NA
2114310_2,2022-10-10 17:02:24.518464,CLO,2114310.jpg,2114310,2,0,NA
2112589_2,2022-10-10 17:02:22.908967,CLO,2112589.jpg,2112589,2,0,NA
2109727_2,2022-10-10 17:02:18.674013,CLO,2109727.jpg,2109727,2,0,NA
2109484_2,2022-10-10 17:02:17.392620,CLO,2109484.jpg,2109484,2,0,NA
2106807_2,2022-10-10 17:02:16.033180,CLO,2106807.jpg,2106807,2,0,NA
2106456_2,2022-10-10 17:02:14.439226,CLO,2106456.jpg,2106456,2,0,NA
2212099_2,2022-10-10 17:02:09.720066,CLO,2212099.jpg,2212099,2,0,NA
2207053_2,2022-10-10 17:02:06.688409,CLO,2207053.jpg,2207053,2,0,NA
2205080_2,2022-10-10 17:02:03.813204,CLO,2205080.jpg,2205080,2,0,NA
2205029_2,2022-10-10 17:02:02.406677,CLO,2205029.jpg,2205029,2,0,NA
2205027_2,2022-10-10 17:01:59.297162,CLO,2205027.jpg,2205027,2,0,NA
2203206_2,2022-10-10 17:01:58.046966,CLO,2203206.jpg,2203206,2,0,NA
2203203_2,2022-10-10 17:01:54.499612,CLO,2203203.jpg,2203203,2,0,NA
2200922_2,2022-10-10 17:01:52.999735,CLO,2200922.jpg,2200922,2,0,NA
2200697_2,2022-10-10 17:01:50.014785,CLO,2200697.jpg,2200697,2,0,NA
2200069_2,2022-10-10 17:01:46.498851,CLO,2200069.jpg,2200069,2,0,NA
2200065_2,2022-10-10 17:01:46.077043,CLO,2200065.jpg,2200065,2,0,NA
2200055_2,2022-10-10 17:01:45.108015,CLO,2200055.jpg,2200055,2,0,NA
2116018_2,2022-10-10 17:01:44.139170,CLO,2116018.jpg,2116018,2,0,NA
2114313_2,2022-10-10 17:01:43.326565,CLO,2114313.jpg,2114313,2,0,NA
2112273_2,2022-10-10 17:01:41.685889,CLO,2112273.jpg,2112273,2,0,NA
2112271_2,2022-10-10 17:01:39.935598,CLO,2112271.jpg,2112271,2,0,NA
2109990_2,2022-10-10 17:01:38.857337,CLO,2109990.jpg,2109990,2,0,NA
2101170_2,2022-10-10 17:01:37.794746,CLO,2101170.jpg,2101170,2,0,NA
2000072_2,2022-10-10 17:01:34.169566,CLO,2000072.jpg,2000072,2,0,NA
2206043_2,2022-10-10 17:01:32.888291,CLO,2206043.jpg,2206043,2,0,NA
2206042_2,2022-10-10 17:01:31.684913,CLO,2206042.jpg,2206042,2,0,NA
2205910_2,2022-10-10 17:01:30.340811,CLO,2205910.jpg,2205910,2,0,NA
2203062_2,2022-10-10 17:01:29.090697,CLO,2203062.jpg,2203062,2,0,NA
2200645_2,2022-10-10 17:01:28.309361,CLO,2200645.jpg,2200645,2,0,NA
2200644_2,2022-10-10 17:01:27.309449,CLO,2200644.jpg,2200644,2,0,NA
2111666_2,2022-10-10 17:01:26.387361,CLO,2111666.jpg,2111666,2,0,NA
2205976_2,2022-10-10 17:01:24.980963,CLO,2205976.jpg,2205976,2,0,NA
2205036_2,2022-10-10 17:01:20.621061,CLO,2205036.jpg,2205036,2,0,NA
2204576_2,2022-10-10 17:01:19.074040,CLO,2204576.jpg,2204576,2,0,NA
2203772_2,2022-10-10 17:01:15.292366,CLO,2203772.jpg,2203772,2,0,NA
2203769_2,2022-10-10 17:01:11.948312,CLO,2203769.jpg,2203769,2,0,NA
2203768_2,2022-10-10 17:01:09.135504,CLO,2203768.jpg,2203768,2,0,NA
2107860_2,2022-10-10 17:01:07.057135,CLO,2107860.jpg,2107860,2,0,NA
2202339_2,2022-10-10 17:01:05.525751,CLO,2202339.jpg,2202339,2,0,NA
2200848_2,2022-10-10 17:01:01.681593,CLO,2200848.jpg,2200848,2,0,NA
2200847_2,2022-10-10 17:00:57.603018,CLO,2200847.jpg,2200847,2,0,NA
2114192_2,2022-10-10 17:00:56.415407,CLO,2114192.jpg,2114192,2,0,NA
2114190_2,2022-10-10 17:00:53.133815,CLO,2114190.jpg,2114190,2,0,NA
2108248_2,2022-10-10 17:00:50.276402,CLO,2108248.jpg,2108248,2,0,NA
2107789_2,2022-10-10 17:00:46.867607,CLO,2107789.jpg,2107789,2,0,NA
2107574_2,2022-10-10 17:00:44.429786,CLO,2107574.jpg,2107574,2,0,NA
2105494_2,2022-10-10 17:00:42.601473,CLO,2105494.jpg,2105494,2,0,NA
2012153_2,2022-10-10 17:00:39.241752,CLO,2012153.jpg,2012153,2,0,NA
2010705_2,2022-10-10 17:00:38.007381,CLO,2010705.jpg,2010705,2,0,NA
2005483_2,2022-10-10 17:00:36.616554,CLO,2005483.jpg,2005483,2,0,NA
2005264_2,2022-10-10 17:00:35.819555,CLO,2005264.jpg,2005264,2,0,NA
2004840_2,2022-10-10 17:00:31.975516,CLO,2004840.jpg,2004840,2,0,NA
2205097_2,2022-10-10 17:00:31.319190,CLO,2205097.jpg,2205097,2,0,NA
2205077_2,2022-10-10 17:00:28.896889,CLO,2205077.jpg,2205077,2,0,NA
2200920_2,2022-10-10 17:00:27.553009,CLO,2200920.jpg,2200920,2,0,NA
2112276_2,2022-10-10 17:00:22.927514,CLO,2112276.jpg,2112276,2,0,NA
2112272_2,2022-10-10 17:00:21.708636,CLO,2112272.jpg,2112272,2,0,NA
2205973_2,2022-10-10 17:00:20.333575,CLO,2205973.jpg,2205973,2,0,NA
2203485_2,2022-10-10 17:00:17.880136,CLO,2203485.jpg,2203485,2,0,NA
2203179_2,2022-10-10 17:00:14.536038,CLO,2203179.jpg,2203179,2,0,NA
2203177_2,2022-10-10 17:00:12.879604,CLO,2203177.jpg,2203177,2,0,NA
2203176_2,2022-10-10 17:00:11.379466,CLO,2203176.jpg,2203176,2,0,NA
2200070_2,2022-10-10 17:00:10.363934,CLO,2200070.jpg,2200070,2,0,NA
2112280_2,2022-10-10 17:00:09.973042,CLO,2112280.jpg,2112280,2,0,NA
2112279_2,2022-10-10 17:00:08.863553,CLO,2112279.jpg,2112279,2,0,NA
2109994_2,2022-10-10 17:00:07.644701,CLO,2109994.jpg,2109994,2,0,NA
2014899_2,2022-10-10 17:00:06.363305,CLO,2014899.jpg,2014899,2,0,NA
1909601_1,2022-10-10 17:00:02.925433,CLO,1909601.jpg,1909601,1,0,NA
2210443_2,2022-10-10 17:00:01.956569,CLO,2210443.jpg,2210443,2,0,NA
2206953_2,2022-10-10 16:59:58.112422,CLO,2206953.jpg,2206953,2,0,NA
2206658_2,2022-10-10 16:59:55.580897,CLO,2206658.jpg,2206658,2,0,NA
2206535_2,2022-10-10 16:59:52.846264,CLO,2206535.jpg,2206535,2,0,NA
2206345_2,2022-10-10 16:59:51.439867,CLO,2206345.jpg,2206345,2,0,NA
2206173_2,2022-10-10 16:59:48.673971,CLO,2206173.jpg,2206173,2,0,NA
2206077_2,2022-10-10 16:59:46.048669,CLO,2206077.jpg,2206077,2,0,NA
2206076_2,2022-10-10 16:59:42.267009,CLO,2206076.jpg,2206076,2,0,NA
2205429_2,2022-10-10 16:59:39.329197,CLO,2205429.jpg,2205429,2,0,NA
2205144_2,2022-10-10 16:59:37.266478,CLO,2205144.jpg,2205144,2,0,NA
2204993_2,2022-10-10 16:59:36.016382,CLO,2204993.jpg,2204993,2,0,NA
2203807_2,2022-10-10 16:59:34.875630,CLO,2203807.jpg,2203807,2,0,NA
2203213_2,2022-10-10 16:59:31.547138,CLO,2203213.jpg,2203213,2,0,NA
2202773_2,2022-10-10 16:59:30.750341,CLO,2202773.jpg,2202773,2,0,NA
2202702_2,2022-10-10 16:59:27.874931,CLO,2202702.jpg,2202702,2,0,NA
2202505_2,2022-10-10 16:59:26.796653,CLO,2202505.jpg,2202505,2,0,NA
2202483_2,2022-10-10 16:59:26.030979,CLO,2202483.jpg,2202483,2,0,NA
2116063_2,2022-10-10 16:59:25.280887,CLO,2116063.jpg,2116063,2,0,NA
2209728_2,2022-10-10 16:59:23.686939,CLO,2209728.jpg,2209728,2,0,NA
2209577_2,2022-10-10 16:59:22.671224,CLO,2209577.jpg,2209577,2,0,NA
2208269_2,2022-10-10 16:59:18.280135,CLO,2208269.jpg,2208269,2,0,NA
2207956_2,2022-10-10 16:59:17.108216,CLO,2207956.jpg,2207956,2,0,NA
2206765_2,2022-10-10 16:59:16.373812,CLO,2206765.jpg,2206765,2,0,NA
2206373_2,2022-10-10 16:59:13.389022,CLO,2206373.jpg,2206373,2,0,NA
2206367_2,2022-10-10 16:59:12.185745,CLO,2206367.jpg,2206367,2,0,NA
2206333_2,2022-10-10 16:59:09.232320,CLO,2206333.jpg,2206333,2,0,NA
2206331_2,2022-10-10 16:59:06.732042,CLO,2206331.jpg,2206331,2,0,NA
2205936_2,2022-10-10 16:59:04.184946,CLO,2205936.jpg,2205936,2,0,NA
2205931_2,2022-10-10 16:59:01.700280,CLO,2205931.jpg,2205931,2,0,NA
2205632_2,2022-10-10 16:58:58.512440,CLO,2205632.jpg,2205632,2,0,NA
2205631_2,2022-10-10 16:58:55.996592,CLO,2205631.jpg,2205631,2,0,NA
2205462_2,2022-10-10 16:58:54.699553,CLO,2205462.jpg,2205462,2,0,NA
2204901_2,2022-10-10 16:58:51.886822,CLO,2204901.jpg,2204901,2,0,NA
2203481_2,2022-10-10 16:58:50.417835,CLO,2203481.jpg,2203481,2,0,NA
2203133_2,2022-10-10 16:58:49.245835,CLO,2203133.jpg,2203133,2,0,NA
2202419_2,2022-10-10 16:58:48.573897,CLO,2202419.jpg,2202419,2,0,NA
2202380_2,2022-10-10 16:58:47.370646,CLO,2202380.jpg,2202380,2,0,NA
2202227_2,2022-10-10 16:58:44.198553,CLO,2202227.jpg,2202227,2,0,NA
2201997_2,2022-10-10 16:58:42.511049,CLO,2201997.jpg,2201997,2,0,NA
2201395_2,2022-10-10 16:58:39.448545,CLO,2201395.jpg,2201395,2,0,NA
2201186_2,2022-10-10 16:58:34.979842,CLO,2201186.jpg,2201186,2,0,NA
2200860_2,2022-10-10 16:58:33.651652,CLO,2200860.jpg,2200860,2,0,NA
2200822_2,2022-10-10 16:58:32.276653,CLO,2200822.jpg,2200822,2,0,NA
2200651_2,2022-10-10 16:58:30.932946,CLO,2200651.jpg,2200651,2,0,NA
2200574_2,2022-10-10 16:58:27.807889,CLO,2200574.jpg,2200574,2,0,NA
2200136_2,2022-10-10 16:58:26.557908,CLO,2200136.jpg,2200136,2,0,NA
2200048_2,2022-10-10 16:58:24.901780,CLO,2200048.jpg,2200048,2,0,NA
2115815_2,2022-10-10 16:58:23.573502,CLO,2115815.jpg,2115815,2,0,NA
2115620_2,2022-10-10 16:58:22.620375,CLO,2115620.jpg,2115620,2,0,NA
2114558_2,2022-10-10 16:58:21.308237,CLO,2114558.jpg,2114558,2,0,NA
2114467_2,2022-10-10 16:58:19.182885,CLO,2114467.jpg,2114467,2,0,NA
2114415_2,2022-10-10 16:58:16.604756,CLO,2114415.jpg,2114415,2,0,NA
2114397_2,2022-10-10 16:58:14.854736,CLO,2114397.jpg,2114397,2,0,NA
2114261_2,2022-10-10 16:58:13.089137,CLO,2114261.jpg,2114261,2,0,NA
2113763_2,2022-10-10 16:58:11.839117,CLO,2113763.jpg,2113763,2,0,NA
2113341_2,2022-10-10 16:58:10.276628,CLO,2113341.jpg,2113341,2,0,NA
2113323_2,2022-10-10 16:58:09.292277,CLO,2113323.jpg,2113323,2,0,NA
2113051_2,2022-10-10 16:58:05.479719,CLO,2113051.jpg,2113051,2,0,NA
2112746_2,2022-10-10 16:58:03.651694,CLO,2112746.jpg,2112746,2,0,NA
2112632_2,2022-10-10 16:58:02.401604,CLO,2112632.jpg,2112632,2,0,NA
2112511_2,2022-10-10 16:58:01.198478,CLO,2112511.jpg,2112511,2,0,NA
2112433_2,2022-10-10 16:57:59.885954,CLO,2112433.jpg,2112433,2,0,NA
2112427_2,2022-10-10 16:57:54.714073,CLO,2112427.jpg,2112427,2,0,NA
2112099_2,2022-10-10 16:57:48.323440,CLO,2112099.jpg,2112099,2,0,NA
2112097_2,2022-10-10 16:57:46.886119,CLO,2112097.jpg,2112097,2,0,NA
2111879_2,2022-10-10 16:57:45.339045,CLO,2111879.jpg,2111879,2,0,NA
2110822_2,2022-10-10 16:57:44.073453,CLO,2110822.jpg,2110822,2,0,NA
2110473_2,2022-10-10 16:57:42.542163,CLO,2110473.jpg,2110473,2,0,NA
2110410_2,2022-10-10 16:57:41.604740,CLO,2110410.jpg,2110410,2,0,NA
2110113_2,2022-10-10 16:57:40.276533,CLO,2110113.jpg,2110113,2,0,NA
2109633_2,2022-10-10 16:57:38.854678,CLO,2109633.jpg,2109633,2,0,NA
2109329_2,2022-10-10 16:57:37.214028,CLO,2109329.jpg,2109329,2,0,NA
2109304_2,2022-10-10 16:57:35.776586,CLO,2109304.jpg,2109304,2,0,NA
2108862_2,2022-10-10 16:57:34.464016,CLO,2108862.jpg,2108862,2,0,NA
2108203_2,2022-10-10 16:57:32.995292,CLO,2108203.jpg,2108203,2,0,NA
2108025_2,2022-10-10 16:57:31.995275,CLO,2108025.jpg,2108025,2,0,NA
2107098_2,2022-10-10 16:57:28.479651,CLO,2107098.jpg,2107098,2,0,NA
2209474_2,2022-10-10 16:57:26.339022,CLO,2209474.jpg,2209474,2,0,NA
2209470_2,2022-10-10 16:57:25.026517,CLO,2209470.jpg,2209470,2,0,NA
2209140_2,2022-10-10 16:57:23.714008,CLO,2209140.jpg,2209140,2,0,NA
2208833_2,2022-10-10 16:57:22.698373,CLO,2208833.jpg,2208833,2,0,NA
2208465_2,2022-10-10 16:57:18.464114,CLO,2208465.jpg,2208465,2,0,NA
2208337_2,2022-10-10 16:57:17.213980,CLO,2208337.jpg,2208337,2,0,NA
2208295_2,2022-10-10 16:57:16.167111,CLO,2208295.jpg,2208295,2,0,NA
2207955_2,2022-10-10 16:57:13.526491,CLO,2207955.jpg,2207955,2,0,NA
2207007_2,2022-10-10 16:57:12.573356,CLO,2207007.jpg,2207007,2,0,NA
2206491_2,2022-10-10 16:57:08.901476,CLO,2206491.jpg,2206491,2,0,NA
2206460_2,2022-10-10 16:57:05.667080,CLO,2206460.jpg,2206460,2,0,NA
2206459_2,2022-10-10 16:57:02.510846,CLO,2206459.jpg,2206459,2,0,NA
2206450_2,2022-10-10 16:56:58.776450,CLO,2206450.jpg,2206450,2,0,NA
2206449_2,2022-10-10 16:56:56.073308,CLO,2206449.jpg,2206449,2,0,NA
2206447_2,2022-10-10 16:56:52.292065,CLO,2206447.jpg,2206447,2,0,NA
2206437_2,2022-10-10 16:56:46.885789,CLO,2206437.jpg,2206437,2,0,NA
2206429_2,2022-10-10 16:56:42.917052,CLO,2206429.jpg,2206429,2,0,NA
2206337_2,2022-10-10 16:56:41.057658,CLO,2206337.jpg,2206337,2,0,NA
2206038_2,2022-10-10 16:56:40.026418,CLO,2206038.jpg,2206038,2,0,NA
2205939_2,2022-10-10 16:56:38.385983,CLO,2205939.jpg,2205939,2,0,NA
2205848_2,2022-10-10 16:56:36.854528,CLO,2205848.jpg,2205848,2,0,NA
2204130_2,2022-10-10 16:56:33.557655,CLO,2204130.jpg,2204130,2,0,NA
2203473_2,2022-10-10 16:56:32.213945,CLO,2203473.jpg,2203473,2,0,NA
2203210_2,2022-10-10 16:56:31.432639,CLO,2203210.jpg,2203210,2,0,NA
2203207_2,2022-10-10 16:56:30.401394,CLO,2203207.jpg,2203207,2,0,NA
2202705_2,2022-10-10 16:56:29.135757,CLO,2202705.jpg,2202705,2,0,NA
2202482_2,2022-10-10 16:56:27.713914,CLO,2202482.jpg,2202482,2,0,NA
2202469_2,2022-10-10 16:56:24.698255,CLO,2202469.jpg,2202469,2,0,NA
2201283_2,2022-10-10 16:56:23.870166,CLO,2201283.jpg,2201283,2,0,NA
2201033_2,2022-10-10 16:56:22.511020,CLO,2201033.jpg,2201033,2,0,NA
2200775_2,2022-10-10 16:56:20.776405,CLO,2200775.jpg,2200775,2,0,NA
2200481_2,2022-10-10 16:56:19.495136,CLO,2200481.jpg,2200481,2,0,NA
2115989_2,2022-10-10 16:56:18.057626,CLO,2115989.jpg,2115989,2,0,NA
2113145_2,2022-10-10 16:56:15.307593,CLO,2113145.jpg,2113145,2,0,NA
2112744_2,2022-10-10 16:56:10.432590,CLO,2112744.jpg,2112744,2,0,NA
2208828_2,2022-10-10 16:56:09.182691,CLO,2208828.jpg,2208828,2,0,NA
2208754_2,2022-10-10 16:56:05.104481,CLO,2208754.jpg,2208754,2,0,NA
2208731_2,2022-10-10 16:56:04.057607,CLO,2208731.jpg,2208731,2,0,NA
2208235_2,2022-10-10 16:56:02.291965,CLO,2208235.jpg,2208235,2,0,NA
2208175_2,2022-10-10 16:56:00.666948,CLO,2208175.jpg,2208175,2,0,NA
2206574_2,2022-10-10 16:55:59.510704,CLO,2206574.jpg,2206574,2,0,NA
2206244_2,2022-10-10 16:55:57.339004,CLO,2206244.jpg,2206244,2,0,NA
2205966_2,2022-10-10 16:55:54.713801,CLO,2205966.jpg,2205966,2,0,NA
2203301_2,2022-10-10 16:55:51.901308,CLO,2203301.jpg,2203301,2,0,NA
2202939_2,2022-10-10 16:55:50.542119,CLO,2202939.jpg,2202939,2,0,NA
2202896_2,2022-10-10 16:55:47.791930,CLO,2202896.jpg,2202896,2,0,NA
2202882_2,2022-10-10 16:55:46.635678,CLO,2202882.jpg,2202882,2,0,NA
2202459_2,2022-10-10 16:55:43.213798,CLO,2202459.jpg,2202459,2,0,NA
2201568_2,2022-10-10 16:55:40.854425,CLO,2201568.jpg,2201568,2,0,NA
2201441_2,2022-10-10 16:55:38.026277,CLO,2201441.jpg,2201441,2,0,NA
2201410_2,2022-10-10 16:55:36.479393,CLO,2201410.jpg,2201410,2,0,NA
2201035_2,2022-10-10 16:55:34.729385,CLO,2201035.jpg,2201035,2,0,NA
2201034_2,2022-10-10 16:55:33.088774,CLO,2201034.jpg,2201034,2,0,NA
2114682_2,2022-10-10 16:55:31.448127,CLO,2114682.jpg,2114682,2,0,NA
2113628_2,2022-10-10 16:55:29.057496,CLO,2113628.jpg,2113628,2,0,NA
2107980_2,2022-10-10 16:55:26.369994,CLO,2107980.jpg,2107980,2,0,NA
2209492_2,2022-10-10 16:55:25.323116,CLO,2209492.jpg,2209492,2,0,NA
2209171_2,2022-10-10 16:55:24.104356,CLO,2209171.jpg,2209171,2,0,NA
2209167_2,2022-10-10 16:55:19.885640,CLO,2209167.jpg,2209167,2,0,NA
2209127_2,2022-10-10 16:55:18.729356,CLO,2209127.jpg,2209127,2,0,NA
2208898_2,2022-10-10 16:55:14.885598,CLO,2208898.jpg,2208898,2,0,NA
2208732_2,2022-10-10 16:55:13.916834,CLO,2208732.jpg,2208732,2,0,NA
2208355_2,2022-10-10 16:55:09.994961,CLO,2208355.jpg,2208355,2,0,NA
2208267_2,2022-10-10 16:55:08.979336,CLO,2208267.jpg,2208267,2,0,NA
2208265_2,2022-10-10 16:55:07.698079,CLO,2208265.jpg,2208265,2,0,NA
2208234_2,2022-10-10 16:55:06.510572,CLO,2208234.jpg,2208234,2,0,NA
2208226_2,2022-10-10 16:55:02.291815,CLO,2208226.jpg,2208226,2,0,NA
2208205_2,2022-10-10 16:55:00.916931,CLO,2208205.jpg,2208205,2,0,NA
2208188_2,2022-10-10 16:54:59.260675,CLO,2208188.jpg,2208188,2,0,NA
2207963_2,2022-10-10 16:54:58.041797,CLO,2207963.jpg,2207963,2,0,NA
2207844_2,2022-10-10 16:54:56.948122,CLO,2207844.jpg,2207844,2,0,NA
2207589_2,2022-10-10 16:54:55.604287,CLO,2207589.jpg,2207589,2,0,NA
2207539_2,2022-10-10 16:54:54.807458,CLO,2207539.jpg,2207539,2,0,NA
2207341_2,2022-10-10 16:54:52.854303,CLO,2207341.jpg,2207341,2,0,NA
2207253_2,2022-10-10 16:54:51.057413,CLO,2207253.jpg,2207253,2,0,NA
2207215_2,2022-10-10 16:54:49.807437,CLO,2207215.jpg,2207215,2,0,NA
2207112_2,2022-10-10 16:54:48.823327,CLO,2207112.jpg,2207112,2,0,NA
2207042_2,2022-10-10 16:54:45.479293,CLO,2207042.jpg,2207042,2,0,NA
2207041_2,2022-10-10 16:54:42.666773,CLO,2207041.jpg,2207041,2,0,NA
2207039_2,2022-10-10 16:54:39.729295,CLO,2207039.jpg,2207039,2,0,NA
2207032_2,2022-10-10 16:54:36.963621,CLO,2207032.jpg,2207032,2,0,NA
2207004_2,2022-10-10 16:54:33.776237,CLO,2207004.jpg,2207004,2,0,NA
2206999_2,2022-10-10 16:54:30.776140,CLO,2206999.jpg,2206999,2,0,NA
2206998_2,2022-10-10 16:54:28.197988,CLO,2206998.jpg,2206998,2,0,NA
2206994_2,2022-10-10 16:54:27.276120,CLO,2206994.jpg,2206994,2,0,NA
2206969_2,2022-10-10 16:54:26.479254,CLO,2206969.jpg,2206969,2,0,NA
2206740_2,2022-10-10 16:54:23.697979,CLO,2206740.jpg,2206740,2,0,NA
2206713_2,2022-10-10 16:54:22.744895,CLO,2206713.jpg,2206713,2,0,NA
2206709_2,2022-10-10 16:54:18.838586,CLO,2206709.jpg,2206709,2,0,NA
2206619_2,2022-10-10 16:54:15.807479,CLO,2206619.jpg,2206619,2,0,NA
2206579_2,2022-10-10 16:54:13.432380,CLO,2206579.jpg,2206579,2,0,NA
2206567_2,2022-10-10 16:54:09.697934,CLO,2206567.jpg,2206567,2,0,NA
2206514_2,2022-10-10 16:54:06.526051,CLO,2206514.jpg,2206514,2,0,NA
2206463_2,2022-10-10 16:54:03.729298,CLO,2206463.jpg,2206463,2,0,NA
2206335_2,2022-10-10 16:54:00.713550,CLO,2206335.jpg,2206335,2,0,NA
2206205_2,2022-10-10 16:53:59.479464,CLO,2206205.jpg,2206205,2,0,NA
2206172_2,2022-10-10 16:53:55.807426,CLO,2206172.jpg,2206172,2,0,NA
2206171_2,2022-10-10 16:53:52.697908,CLO,2206171.jpg,2206171,2,0,NA
2206104_2,2022-10-10 16:53:49.963519,CLO,2206104.jpg,2206104,2,0,NA
2206083_2,2022-10-10 16:53:46.932270,CLO,2206083.jpg,2206083,2,0,NA
2206081_2,2022-10-10 16:53:46.072883,CLO,2206081.jpg,2206081,2,0,NA
2206073_2,2022-10-10 16:53:43.526018,CLO,2206073.jpg,2206073,2,0,NA
2206068_2,2022-10-10 16:53:39.072878,CLO,2206068.jpg,2206068,2,0,NA
2206055_2,2022-10-10 16:53:38.088488,CLO,2206055.jpg,2206055,2,0,NA
2206039_2,2022-10-10 16:53:35.479107,CLO,2206039.jpg,2206039,2,0,NA
2206037_2,2022-10-10 16:53:32.541651,CLO,2206037.jpg,2206037,2,0,NA
2206032_2,2022-10-10 16:53:29.807248,CLO,2206032.jpg,2206032,2,0,NA
2205942_2,2022-10-10 16:53:27.057231,CLO,2205942.jpg,2205942,2,0,NA
2205935_2,2022-10-10 16:53:24.057218,CLO,2205935.jpg,2205935,2,0,NA
2205914_2,2022-10-10 16:53:21.432237,CLO,2205914.jpg,2205914,2,0,NA
2205855_2,2022-10-10 16:53:18.697824,CLO,2205855.jpg,2205855,2,0,NA
2205854_2,2022-10-10 16:53:15.463451,CLO,2205854.jpg,2205854,2,0,NA
2205821_2,2022-10-10 16:53:12.494700,CLO,2205821.jpg,2205821,2,0,NA
2205748_2,2022-10-10 16:53:11.182203,CLO,2205748.jpg,2205748,2,0,NA
2205421_2,2022-10-10 16:53:08.557174,CLO,2205421.jpg,2205421,2,0,NA
2205419_2,2022-10-10 16:53:05.245138,CLO,2205419.jpg,2205419,2,0,NA
2205194_2,2022-10-10 16:53:03.525935,CLO,2205194.jpg,2205194,2,0,NA
2204999_2,2022-10-10 16:53:02.510301,CLO,2204999.jpg,2204999,2,0,NA
2204998_2,2022-10-10 16:53:00.275928,CLO,2204998.jpg,2204998,2,0,NA
2204958_2,2022-10-10 16:52:59.072799,CLO,2204958.jpg,2204958,2,0,NA
2204917_2,2022-10-10 16:52:57.760292,CLO,2204917.jpg,2204917,2,0,NA
2204893_2,2022-10-10 16:52:54.682493,CLO,2204893.jpg,2204893,2,0,NA
2204839_2,2022-10-10 16:52:53.525927,CLO,2204839.jpg,2204839,2,0,NA
2204800_2,2022-10-10 16:52:50.682159,CLO,2204800.jpg,2204800,2,0,NA
2204593_2,2022-10-10 16:52:49.213417,CLO,2204593.jpg,2204593,2,0,NA
2204427_2,2022-10-10 16:52:45.979005,CLO,2204427.jpg,2204427,2,0,NA
2204340_2,2022-10-10 16:52:43.307144,CLO,2204340.jpg,2204340,2,0,NA
2204252_2,2022-10-10 16:52:40.650871,CLO,2204252.jpg,2204252,2,0,NA
2204244_2,2022-10-10 16:52:39.932113,CLO,2204244.jpg,2204244,2,0,NA
2204106_2,2022-10-10 16:52:38.744702,CLO,2204106.jpg,2204106,2,0,NA
2204102_2,2022-10-10 16:52:36.244709,CLO,2204102.jpg,2204102,2,0,NA
2204063_2,2022-10-10 16:52:33.197754,CLO,2204063.jpg,2204063,2,0,NA
2204062_2,2022-10-10 16:52:31.791664,CLO,2204062.jpg,2204062,2,0,NA
2204051_2,2022-10-10 16:52:30.291507,CLO,2204051.jpg,2204051,2,0,NA
2204033_2,2022-10-10 16:52:28.822718,CLO,2204033.jpg,2204033,2,0,NA
2203629_2,2022-10-10 16:52:27.260405,CLO,2203629.jpg,2203629,2,0,NA
2203594_2,2022-10-10 16:52:24.307287,CLO,2203594.jpg,2203594,2,0,NA
2203591_2,2022-10-10 16:52:23.478964,CLO,2203591.jpg,2203591,2,0,NA
2203542_2,2022-10-10 16:52:22.572729,CLO,2203542.jpg,2203542,2,0,NA
2203474_2,2022-10-10 16:52:21.494586,CLO,2203474.jpg,2203474,2,0,NA
2203471_2,2022-10-10 16:52:19.385320,CLO,2203471.jpg,2203471,2,0,NA
2203440_2,2022-10-10 16:52:18.494905,CLO,2203440.jpg,2203440,2,0,NA
2203438_2,2022-10-10 16:52:14.978940,CLO,2203438.jpg,2203438,2,0,NA
2203431_2,2022-10-10 16:52:13.807082,CLO,2203431.jpg,2203431,2,0,NA
2203409_2,2022-10-10 16:52:12.885203,CLO,2203409.jpg,2203409,2,0,NA
2203392_2,2022-10-10 16:52:09.603958,CLO,2203392.jpg,2203392,2,0,NA
2203313_2,2022-10-10 16:52:07.369571,CLO,2203313.jpg,2203313,2,0,NA
2203306_2,2022-10-10 16:52:04.869707,CLO,2203306.jpg,2203306,2,0,NA
2203244_2,2022-10-10 16:52:03.369529,CLO,2203244.jpg,2203244,2,0,NA
2203223_2,2022-10-10 16:52:02.385170,CLO,2203223.jpg,2203223,2,0,NA
2203209_2,2022-10-10 16:52:01.432030,CLO,2203209.jpg,2203209,2,0,NA
2203155_2,2022-10-10 16:52:00.166440,CLO,2203155.jpg,2203155,2,0,NA
2203111_2,2022-10-10 16:51:56.010148,CLO,2203111.jpg,2203111,2,0,NA
2203108_2,2022-10-10 16:51:54.763063,CLO,2203108.jpg,2203108,2,0,NA
2203045_2,2022-10-10 16:51:53.463269,CLO,2203045.jpg,2203045,2,0,NA
2202988_2,2022-10-10 16:51:51.088251,CLO,2202988.jpg,2202988,2,0,NA
2202955_2,2022-10-10 16:51:50.338249,CLO,2202955.jpg,2202955,2,0,NA
2202820_2,2022-10-10 16:51:49.447629,CLO,2202820.jpg,2202820,2,0,NA
2202818_2,2022-10-10 16:51:47.275775,CLO,2202818.jpg,2202818,2,0,NA
2202793_2,2022-10-10 16:51:45.994507,CLO,2202793.jpg,2202793,2,0,NA
2202708_2,2022-10-10 16:51:44.900749,CLO,2202708.jpg,2202708,2,0,NA
2202704_2,2022-10-10 16:51:44.010247,CLO,2202704.jpg,2202704,2,0,NA
2202656_2,2022-10-10 16:51:42.994497,CLO,2202656.jpg,2202656,2,0,NA
2202634_2,2022-10-10 16:51:41.604046,CLO,2202634.jpg,2202634,2,0,NA
2202629_2,2022-10-10 16:51:38.666368,CLO,2202629.jpg,2202629,2,0,NA
2202619_2,2022-10-10 16:51:36.041353,CLO,2202619.jpg,2202619,2,0,NA
2202494_2,2022-10-10 16:51:35.260091,CLO,2202494.jpg,2202494,2,0,NA
2202487_2,2022-10-10 16:51:34.228860,CLO,2202487.jpg,2202487,2,0,NA
2202485_2,2022-10-10 16:51:33.431968,CLO,2202485.jpg,2202485,2,0,NA
2202468_2,2022-10-10 16:51:30.963225,CLO,2202468.jpg,2202468,2,0,NA
2202462_2,2022-10-10 16:51:29.666358,CLO,2202462.jpg,2202462,2,0,NA
2202456_2,2022-10-10 16:51:28.822617,CLO,2202456.jpg,2202456,2,0,NA
2202412_2,2022-10-10 16:51:27.010098,CLO,2202412.jpg,2202412,2,0,NA
2202177_2,2022-10-10 16:51:26.228892,CLO,2202177.jpg,2202177,2,0,NA
2202135_2,2022-10-10 16:51:25.416351,CLO,2202135.jpg,2202135,2,0,NA
2202048_2,2022-10-10 16:51:24.666361,CLO,2202048.jpg,2202048,2,0,NA
2201996_2,2022-10-10 16:51:21.822583,CLO,2201996.jpg,2201996,2,0,NA
2201796_2,2022-10-10 16:51:20.775695,CLO,2201796.jpg,2201796,2,0,NA
2201742_2,2022-10-10 16:51:19.978841,CLO,2201742.jpg,2201742,2,0,NA
2201570_2,2022-10-10 16:51:17.244453,CLO,2201570.jpg,2201570,2,0,NA
2201536_2,2022-10-10 16:51:14.088198,CLO,2201536.jpg,2201536,2,0,NA
2201486_2,2022-10-10 16:51:12.885164,CLO,2201486.jpg,2201486,2,0,NA
2201479_2,2022-10-10 16:51:11.760881,CLO,2201479.jpg,2201479,2,0,NA
2201476_2,2022-10-10 16:51:08.306930,CLO,2201476.jpg,2201476,2,0,NA
2201460_2,2022-10-10 16:51:07.151167,CLO,2201460.jpg,2201460,2,0,NA
2201451_2,2022-10-10 16:51:03.635046,CLO,2201451.jpg,2201451,2,0,NA
2201447_2,2022-10-10 16:51:02.556912,CLO,2201447.jpg,2201447,2,0,NA
2201446_2,2022-10-10 16:51:01.275653,CLO,2201446.jpg,2201446,2,0,NA
2201412_2,2022-10-10 16:51:00.275639,CLO,2201412.jpg,2201412,2,0,NA
2201400_2,2022-10-10 16:50:56.619418,CLO,2201400.jpg,2201400,2,0,NA
2201382_2,2022-10-10 16:50:55.947780,CLO,2201382.jpg,2201382,2,0,NA
2201381_2,2022-10-10 16:50:53.072504,CLO,2201381.jpg,2201381,2,0,NA
2201369_2,2022-10-10 16:50:51.619574,CLO,2201369.jpg,2201369,2,0,NA
2201333_2,2022-10-10 16:50:50.307206,CLO,2201333.jpg,2201333,2,0,NA
2201308_2,2022-10-10 16:50:47.447652,CLO,2201308.jpg,2201308,2,0,NA
2201188_2,2022-10-10 16:50:46.322501,CLO,2201188.jpg,2201188,2,0,NA
2201127_2,2022-10-10 16:50:43.572492,CLO,2201127.jpg,2201127,2,0,NA
2200729_2,2022-10-10 16:50:42.744586,CLO,2200729.jpg,2200729,2,0,NA
2200722_2,2022-10-10 16:50:41.416411,CLO,2200722.jpg,2200722,2,0,NA
2200693_2,2022-10-10 16:50:40.619359,CLO,2200693.jpg,2200693,2,0,NA
2200692_2,2022-10-10 16:50:39.134983,CLO,2200692.jpg,2200692,2,0,NA
2200656_2,2022-10-10 16:50:37.900607,CLO,2200656.jpg,2200656,2,0,NA
2200532_2,2022-10-10 16:50:37.166226,CLO,2200532.jpg,2200532,2,0,NA
2200530_2,2022-10-10 16:50:35.666356,CLO,2200530.jpg,2200530,2,0,NA
2200509_2,2022-10-10 16:50:34.213131,CLO,2200509.jpg,2200509,2,0,NA
2200496_2,2022-10-10 16:50:33.369512,CLO,2200496.jpg,2200496,2,0,NA
2200492_2,2022-10-10 16:50:32.322737,CLO,2200492.jpg,2200492,2,0,NA
2200487_2,2022-10-10 16:50:31.572470,CLO,2200487.jpg,2200487,2,0,NA
2200479_2,2022-10-10 16:50:28.463071,CLO,2200479.jpg,2200479,2,0,NA
2200233_2,2022-10-10 16:50:27.431823,CLO,2200233.jpg,2200233,2,0,NA
2200228_2,2022-10-10 16:50:26.713190,CLO,2200228.jpg,2200228,2,0,NA
2200206_2,2022-10-10 16:50:23.088115,CLO,2200206.jpg,2200206,2,0,NA
2200180_2,2022-10-10 16:50:21.994330,CLO,2200180.jpg,2200180,2,0,NA
2200085_2,2022-10-10 16:50:16.697747,CLO,2200085.jpg,2200085,2,0,NA
2116060_2,2022-10-10 16:50:15.353677,CLO,2116060.jpg,2116060,2,0,NA
2116046_2,2022-10-10 16:50:14.228740,CLO,2116046.jpg,2116046,2,0,NA
2115959_2,2022-10-10 16:50:11.525551,CLO,2115959.jpg,2115959,2,0,NA
2115761_2,2022-10-10 16:50:09.697413,CLO,2115761.jpg,2115761,2,0,NA
2115578_2,2022-10-10 16:50:08.447661,CLO,2115578.jpg,2115578,2,0,NA
2114810_2,2022-10-10 16:50:04.869266,CLO,2114810.jpg,2114810,2,0,NA
2114566_2,2022-10-10 16:50:01.259886,CLO,2114566.jpg,2114566,2,0,NA
2114541_2,2022-10-10 16:50:00.244253,CLO,2114541.jpg,2114541,2,0,NA
2114332_2,2022-10-10 16:49:56.853628,CLO,2114332.jpg,2114332,2,0,NA
2114305_2,2022-10-10 16:49:55.994267,CLO,2114305.jpg,2114305,2,0,NA
2113988_2,2022-10-10 16:49:54.712998,CLO,2113988.jpg,2113988,2,0,NA
2113981_2,2022-10-10 16:49:50.994246,CLO,2113981.jpg,2113981,2,0,NA
2113953_2,2022-10-10 16:49:50.056746,CLO,2113953.jpg,2113953,2,0,NA
2113558_2,2022-10-10 16:49:49.306751,CLO,2113558.jpg,2113558,2,0,NA
2113279_2,2022-10-10 16:49:48.525503,CLO,2113279.jpg,2113279,2,0,NA
2113056_2,2022-10-10 16:49:47.244220,CLO,2113056.jpg,2113056,2,0,NA
2112415_2,2022-10-10 16:49:46.494285,CLO,2112415.jpg,2112415,2,0,NA
2112363_2,2022-10-10 16:49:42.822355,CLO,2112363.jpg,2112363,2,0,NA
2112362_2,2022-10-10 16:49:41.822357,CLO,2112362.jpg,2112362,2,0,NA
2112197_2,2022-10-10 16:49:38.509863,CLO,2112197.jpg,2112197,2,0,NA
2112036_2,2022-10-10 16:49:37.291322,CLO,2112036.jpg,2112036,2,0,NA
2111878_2,2022-10-10 16:49:33.682303,CLO,2111878.jpg,2111878,2,0,NA
2111875_2,2022-10-10 16:49:32.134835,CLO,2111875.jpg,2111875,2,0,NA
2111764_2,2022-10-10 16:49:30.869405,CLO,2111764.jpg,2111764,2,0,NA
2111316_2,2022-10-10 16:49:29.337957,CLO,2111316.jpg,2111316,2,0,NA
2111301_2,2022-10-10 16:49:27.775474,CLO,2111301.jpg,2111301,2,0,NA
2111261_2,2022-10-10 16:49:26.197320,CLO,2111261.jpg,2111261,2,0,NA
2111260_2,2022-10-10 16:49:25.541065,CLO,2111260.jpg,2111260,2,0,NA
2111258_2,2022-10-10 16:49:24.009919,CLO,2111258.jpg,2111258,2,0,NA
2110405_2,2022-10-10 16:49:23.275706,CLO,2110405.jpg,2110405,2,0,NA
2110382_2,2022-10-10 16:49:20.775418,CLO,2110382.jpg,2110382,2,0,NA
2110118_2,2022-10-10 16:49:17.056677,CLO,2110118.jpg,2110118,2,0,NA
2110022_2,2022-10-10 16:49:15.947412,CLO,2110022.jpg,2110022,2,0,NA
2109755_2,2022-10-10 16:49:14.587940,CLO,2109755.jpg,2109755,2,0,NA
2109307_2,2022-10-10 16:49:11.134939,CLO,2109307.jpg,2109307,2,0,NA
2109127_2,2022-10-10 16:49:06.072260,CLO,2109127.jpg,2109127,2,0,NA
2108681_2,2022-10-10 16:49:01.041037,CLO,2108681.jpg,2108681,2,0,NA
2108638_2,2022-10-10 16:48:59.822248,CLO,2108638.jpg,2108638,2,0,NA
2108627_2,2022-10-10 16:48:58.041030,CLO,2108627.jpg,2108627,2,0,NA
2108220_2,2022-10-10 16:48:56.900374,CLO,2108220.jpg,2108220,2,0,NA
2107945_2,2022-10-10 16:48:52.587993,CLO,2107945.jpg,2107945,2,0,NA
2107514_2,2022-10-10 16:48:51.369139,CLO,2107514.jpg,2107514,2,0,NA
2107019_2,2022-10-10 16:48:49.197231,CLO,2107019.jpg,2107019,2,0,NA
2106878_2,2022-10-10 16:48:47.744111,CLO,2106878.jpg,2106878,2,0,NA
2106839_2,2022-10-10 16:48:46.244309,CLO,2106839.jpg,2106839,2,0,NA
2106759_2,2022-10-10 16:48:44.509807,CLO,2106759.jpg,2106759,2,0,NA
2104896_2,2022-10-10 16:48:43.447326,CLO,2104896.jpg,2104896,2,0,NA
2104616_2,2022-10-10 16:48:40.244098,CLO,2104616.jpg,2104616,2,0,NA
2104607_2,2022-10-10 16:48:38.541005,CLO,2104607.jpg,2104607,2,0,NA
2103675_2,2022-10-10 16:48:37.072233,CLO,2103675.jpg,2103675,2,0,NA
2101111_2,2022-10-10 16:48:35.369065,CLO,2101111.jpg,2101111,2,0,NA
2101080_2,2022-10-10 16:48:34.353442,CLO,2101080.jpg,2101080,2,0,NA
2012295_2,2022-10-10 16:48:30.603455,CLO,2012295.jpg,2012295,2,0,NA
2006700_2,2022-10-10 16:48:29.556572,CLO,2006700.jpg,2006700,2,0,NA
2005820_2,2022-10-10 16:48:25.884671,CLO,2005820.jpg,2005820,2,0,NA
1910546_1,2022-10-10 16:48:24.962826,CLO,1910546.jpg,1910546,1,0,NA
2201923_2,2022-10-10 16:48:22.119051,CLO,2201923.jpg,2201923,2,0,NA
2201259_2,2022-10-10 16:48:20.431576,CLO,2201259.jpg,2201259,2,0,NA
2200971_2,2022-10-10 16:48:19.337788,CLO,2200971.jpg,2200971,2,0,NA
2115997_2,2022-10-10 16:48:17.900299,CLO,2115997.jpg,2115997,2,0,NA
2112346_2,2022-10-10 16:48:16.806607,CLO,2112346.jpg,2112346,2,0,NA
2110347_2,2022-10-10 16:48:15.572146,CLO,2110347.jpg,2110347,2,0,NA
2208753_2,2022-10-10 16:48:14.556543,CLO,2208753.jpg,2208753,2,0,NA
2203568_2,2022-10-10 16:48:13.634660,CLO,2203568.jpg,2203568,2,0,NA
2202230_2,2022-10-10 16:48:12.978386,CLO,2202230.jpg,2202230,2,0,NA
2201911_2,2022-10-10 16:48:11.415886,CLO,2201911.jpg,2201911,2,0,NA
2201908_2,2022-10-10 16:48:10.400310,CLO,2201908.jpg,2201908,2,0,NA
2201705_2,2022-10-10 16:48:07.603388,CLO,2201705.jpg,2201705,2,0,NA
2200897_2,2022-10-10 16:48:06.712768,CLO,2200897.jpg,2200897,2,0,NA
2200832_2,2022-10-10 16:48:05.400517,CLO,2200832.jpg,2200832,2,0,NA
2200825_2,2022-10-10 16:48:02.400259,CLO,2200825.jpg,2200825,2,0,NA
2200803_2,2022-10-10 16:47:58.228396,CLO,2200803.jpg,2200803,2,0,NA
2200232_2,2022-10-10 16:47:56.853523,CLO,2200232.jpg,2200232,2,0,NA
2116071_2,2022-10-10 16:47:55.853725,CLO,2116071.jpg,2116071,2,0,NA
2116070_2,2022-10-10 16:47:55.118985,CLO,2116070.jpg,2116070,2,0,NA
2115811_2,2022-10-10 16:47:54.118983,CLO,2115811.jpg,2115811,2,0,NA
2115807_2,2022-10-10 16:47:53.368990,CLO,2115807.jpg,2115807,2,0,NA
2115800_2,2022-10-10 16:47:52.087757,CLO,2115800.jpg,2115800,2,0,NA
2115719_2,2022-10-10 16:47:50.634659,CLO,2115719.jpg,2115719,2,0,NA
2114900_2,2022-10-10 16:47:48.728344,CLO,2114900.jpg,2114900,2,0,NA
2114316_2,2022-10-10 16:47:47.384583,CLO,2114316.jpg,2114316,2,0,NA
2113239_2,2022-10-10 16:47:43.837832,CLO,2113239.jpg,2113239,2,0,NA
2113183_2,2022-10-10 16:47:39.697067,CLO,2113183.jpg,2113183,2,0,NA
2113182_2,2022-10-10 16:47:38.712728,CLO,2113182.jpg,2113182,2,0,NA
2112345_2,2022-10-10 16:47:37.493941,CLO,2112345.jpg,2112345,2,0,NA
2112341_2,2022-10-10 16:47:34.072090,CLO,2112341.jpg,2112341,2,0,NA
2111837_2,2022-10-10 16:47:33.072089,CLO,2111837.jpg,2111837,2,0,NA
2110352_2,2022-10-10 16:47:31.681535,CLO,2110352.jpg,2110352,2,0,NA
2110348_2,2022-10-10 16:47:30.290832,CLO,2110348.jpg,2110348,2,0,NA
2110345_2,2022-10-10 16:47:29.056424,CLO,2110345.jpg,2110345,2,0,NA
2109205_2,2022-10-10 16:47:27.462657,CLO,2109205.jpg,2109205,2,0,NA
2109202_2,2022-10-10 16:47:26.228309,CLO,2109202.jpg,2109202,2,0,NA
2109190_2,2022-10-10 16:47:24.665798,CLO,2109190.jpg,2109190,2,0,NA
2107030_2,2022-10-10 16:47:23.650187,CLO,2107030.jpg,2107030,2,0,NA
2106724_2,2022-10-10 16:47:21.212665,CLO,2106724.jpg,2106724,2,0,NA
2106722_2,2022-10-10 16:47:19.369574,CLO,2106722.jpg,2106722,2,0,NA
2106670_2,2022-10-10 16:47:16.056408,CLO,2106670.jpg,2106670,2,0,NA
2106668_2,2022-10-10 16:47:14.947009,CLO,2106668.jpg,2106668,2,0,NA
2105414_2,2022-10-10 16:47:13.025129,CLO,2105414.jpg,2105414,2,0,NA
2104658_2,2022-10-10 16:47:11.493888,CLO,2104658.jpg,2104658,2,0,NA
2104485_2,2022-10-10 16:47:07.993867,CLO,2104485.jpg,2104485,2,0,NA
2104047_2,2022-10-10 16:47:04.290744,CLO,2104047.jpg,2104047,2,0,NA
2102440_2,2022-10-10 16:47:03.525119,CLO,2102440.jpg,2102440,2,0,NA
2102435_2,2022-10-10 16:47:00.509504,CLO,2102435.jpg,2102435,2,0,NA
2013988_2,2022-10-10 16:46:59.306390,CLO,2013988.jpg,2013988,2,0,NA
2000120_2,2022-10-10 16:46:55.947174,CLO,2000120.jpg,2000120,2,0,NA
2201926_2,2022-10-10 16:46:54.962621,CLO,2201926.jpg,2201926,2,0,NA
2200784_2,2022-10-10 16:46:51.775611,CLO,2200784.jpg,2200784,2,0,NA
2109141_2,2022-10-10 16:46:50.103216,CLO,2109141.jpg,2109141,2,0,NA
2206866_2,2022-10-10 16:46:49.009497,CLO,2206866.jpg,2206866,2,0,NA
2206079_2,2022-10-10 16:46:45.993870,CLO,2206079.jpg,2206079,2,0,NA
2205892_2,2022-10-10 16:46:42.478247,CLO,2205892.jpg,2205892,2,0,NA
2205777_2,2022-10-10 16:46:41.290726,CLO,2205777.jpg,2205777,2,0,NA
2202967_2,2022-10-10 16:46:38.775056,CLO,2202967.jpg,2202967,2,0,NA
2201761_2,2022-10-10 16:46:38.025073,CLO,2201761.jpg,2201761,2,0,NA
2201679_2,2022-10-10 16:46:37.040675,CLO,2201679.jpg,2201679,2,0,NA
2201677_2,2022-10-10 16:46:33.603164,CLO,2201677.jpg,2201677,2,0,NA
2201517_2,2022-10-10 16:46:32.478175,CLO,2201517.jpg,2201517,2,0,NA
2201492_2,2022-10-10 16:46:31.384517,CLO,2201492.jpg,2201492,2,0,NA
2201252_2,2022-10-10 16:46:30.603287,CLO,2201252.jpg,2201252,2,0,NA
2201250_2,2022-10-10 16:46:29.806289,CLO,2201250.jpg,2201250,2,0,NA
2201248_2,2022-10-10 16:46:27.931307,CLO,2201248.jpg,2201248,2,0,NA
2201242_2,2022-10-10 16:46:25.650026,CLO,2201242.jpg,2201242,2,0,NA
2201217_2,2022-10-10 16:46:22.368776,CLO,2201217.jpg,2201217,2,0,NA
2201216_2,2022-10-10 16:46:21.087533,CLO,2201216.jpg,2201216,2,0,NA
2201211_2,2022-10-10 16:46:19.744043,CLO,2201211.jpg,2201211,2,0,NA
2201194_2,2022-10-10 16:46:18.556272,CLO,2201194.jpg,2201194,2,0,NA
2201190_2,2022-10-10 16:46:17.087579,CLO,2201190.jpg,2201190,2,0,NA
2201189_2,2022-10-10 16:46:15.681267,CLO,2201189.jpg,2201189,2,0,NA
2201182_2,2022-10-10 16:46:14.556257,CLO,2201182.jpg,2201182,2,0,NA
2200982_2,2022-10-10 16:46:13.384393,CLO,2200982.jpg,2200982,2,0,NA
2200863_2,2022-10-10 16:46:12.494228,CLO,2200863.jpg,2200863,2,0,NA
2200783_2,2022-10-10 16:46:11.243783,CLO,2200783.jpg,2200783,2,0,NA
2200767_2,2022-10-10 16:46:10.243749,CLO,2200767.jpg,2200767,2,0,NA
2200650_2,2022-10-10 16:46:07.806303,CLO,2200650.jpg,2200650,2,0,NA
2200469_2,2022-10-10 16:46:07.040622,CLO,2200469.jpg,2200469,2,0,NA
2200465_2,2022-10-10 16:46:06.181262,CLO,2200465.jpg,2200465,2,0,NA
2200219_2,2022-10-10 16:46:05.181231,CLO,2200219.jpg,2200219,2,0,NA
2200212_2,2022-10-10 16:46:04.399974,CLO,2200212.jpg,2200212,2,0,NA
2200203_2,2022-10-10 16:46:02.946949,CLO,2200203.jpg,2200203,2,0,NA
2115724_2,2022-10-10 16:46:01.337487,CLO,2115724.jpg,2115724,2,0,NA
2113179_2,2022-10-10 16:46:00.228103,CLO,2113179.jpg,2113179,2,0,NA
2113176_2,2022-10-10 16:45:59.462489,CLO,2113176.jpg,2113176,2,0,NA
2111902_2,2022-10-10 16:45:58.118741,CLO,2111902.jpg,2111902,2,0,NA
2109000_2,2022-10-10 16:45:56.743719,CLO,2109000.jpg,2109000,2,0,NA
2107377_2,2022-10-10 16:45:55.212546,CLO,2107377.jpg,2107377,2,0,NA
2104589_2,2022-10-10 16:45:53.868895,CLO,2104589.jpg,2104589,2,0,NA
2104188_2,2022-10-10 16:45:53.071844,CLO,2104188.jpg,2104188,2,0,NA
2103737_2,2022-10-10 16:45:51.931208,CLO,2103737.jpg,2103737,2,0,NA
2103379_2,2022-10-10 16:45:50.571841,CLO,2103379.jpg,2103379,2,0,NA
2009342_2,2022-10-10 16:45:49.259342,CLO,2009342.jpg,2009342,2,0,NA
2005872_2,2022-10-10 16:45:47.899969,CLO,2005872.jpg,2005872,2,0,NA
2200166_2,2022-10-10 16:45:46.712451,CLO,2200166.jpg,2200166,2,0,NA
2116072_2,2022-10-10 16:45:42.790864,CLO,2116072.jpg,2116072,2,0,NA
2111900_2,2022-10-10 16:45:39.291379,CLO,2111900.jpg,2111900,2,0,NA
2205093_2,2022-10-10 16:45:35.806158,ACC,2205093.jpg,2205093,2,0,NA
2205021_2,2022-10-10 16:45:34.009312,ACC,2205021.jpg,2205021,2,0,NA
2203361_2,2022-10-10 16:45:32.806166,ACC,2203361.jpg,2203361,2,0,NA
1804047_1,2022-10-10 16:45:31.196775,ACC,1804047.jpg,1804047,1,0,NA
1607879_1,2022-10-10 16:45:28.790747,ACC,1607879.jpg,1607879,1,0,NA
1706267_1,2022-10-10 16:45:28.056227,ACC,1706267.jpg,1706267,1,0,NA
2207862_2,2022-10-10 16:45:27.696768,ACC,2207862.jpg,2207862,2,0,NA
2207831_2,2022-10-10 16:45:23.134301,ACC,2207831.jpg,2207831,2,0,NA
2105675_2,2022-10-10 16:45:18.431285,ACC,2105675.jpg,2105675,2,0,NA
2013990_2,2022-10-10 16:45:17.431153,ACC,2013990.jpg,2013990,2,0,NA
2009373_2,2022-10-10 16:45:15.931118,ACC,2009373.jpg,2009373,2,0,NA
2009370_2,2022-10-10 16:45:14.931128,ACC,2009370.jpg,2009370,2,0,NA
1911708_1,2022-10-10 16:45:10.102988,ACC,1911708.jpg,1911708,1,0,NA
1907508_1,2022-10-10 16:45:09.212406,ACC,1907508.jpg,1907508,1,0,NA
1906589_1,2022-10-10 16:45:04.603098,ACC,1906589.jpg,1906589,1,0,NA
2206938_2,2022-10-10 16:45:01.977962,ACC,2206938.jpg,2206938,2,0,NA
2206937_2,2022-10-10 16:45:00.477977,ACC,2206937.jpg,2206937,2,0,NA
2206201_2,2022-10-10 16:44:59.290457,ACC,2206201.jpg,2206201,2,0,NA
2205605_2,2022-10-10 16:44:56.509290,ACC,2205605.jpg,2205605,2,0,NA
2205059_2,2022-10-10 16:44:55.759375,ACC,2205059.jpg,2205059,2,0,NA
2205043_2,2022-10-10 16:44:53.477943,ACC,2205043.jpg,2205043,2,0,NA
2205033_2,2022-10-10 16:44:51.118559,ACC,2205033.jpg,2205033,2,0,NA
2114908_2,2022-10-10 16:44:48.837329,ACC,2114908.jpg,2114908,2,0,NA
2111911_2,2022-10-10 16:44:46.821687,ACC,2111911.jpg,2111911,2,0,NA
2213038_2,2022-10-10 16:44:46.321676,ACC,2213038.jpg,2213038,2,0,NA
2213037_2,2022-10-10 16:44:45.806046,ACC,2213037.jpg,2213037,2,0,NA
2213036_2,2022-10-10 16:44:45.227934,ACC,2213036.jpg,2213036,2,0,NA
2213034_2,2022-10-10 16:44:44.509168,ACC,2213034.jpg,2213034,2,0,NA
2213033_2,2022-10-10 16:44:43.962306,ACC,2213033.jpg,2213033,2,0,NA
2209237_2,2022-10-10 16:44:42.993540,ACC,2209237.jpg,2209237,2,0,NA
2206515_2,2022-10-10 16:44:42.040424,ACC,2206515.jpg,2206515,2,0,NA
2205248_2,2022-10-10 16:44:40.649797,ACC,2205248.jpg,2205248,2,0,NA
2205247_2,2022-10-10 16:44:38.259156,ACC,2205247.jpg,2205247,2,0,NA
2205245_2,2022-10-10 16:44:36.556031,ACC,2205245.jpg,2205245,2,0,NA
2111373_2,2022-10-10 16:44:34.727913,ACC,2111373.jpg,2111373,2,0,NA
2105848_2,2022-10-10 16:44:33.962274,ACC,2105848.jpg,2105848,2,0,NA
2105846_2,2022-10-10 16:44:32.524803,ACC,2105846.jpg,2105846,2,0,NA
2102814_2,2022-10-10 16:44:31.446663,ACC,2102814.jpg,2102814,2,0,NA
2102342_2,2022-10-10 16:44:30.024790,ACC,2102342.jpg,2102342,2,0,NA
2011107_2,2022-10-10 16:44:27.743540,ACC,2011107.jpg,2011107,2,0,NA
1909534_1,2022-10-10 16:44:26.540400,ACC,1909534.jpg,1909534,1,0,NA
1909500_1,2022-10-10 16:44:24.462385,ACC,1909500.jpg,1909500,1,0,NA
1907529_1,2022-10-10 16:44:22.055992,ACC,1907529.jpg,1907529,1,0,NA
2208694_2,2022-10-10 16:44:21.290389,ACC,2208694.jpg,2208694,2,0,NA
2207433_2,2022-10-10 16:44:19.227865,ACC,2207433.jpg,2207433,2,0,NA
2207432_2,2022-10-10 16:44:16.290550,ACC,2207432.jpg,2207432,2,0,NA
2207307_2,2022-10-10 16:44:13.321611,ACC,2207307.jpg,2207307,2,0,NA
2207306_2,2022-10-10 16:44:10.571607,ACC,2207306.jpg,2207306,2,0,NA
2207304_2,2022-10-10 16:44:08.727893,ACC,2207304.jpg,2207304,2,0,NA
2206635_2,2022-10-10 16:44:06.555973,ACC,2206635.jpg,2206635,2,0,NA
2205789_2,2022-10-10 16:44:04.337218,ACC,2205789.jpg,2205789,2,0,NA
2205370_2,2022-10-10 16:44:02.274724,ACC,2205370.jpg,2205370,2,0,NA
2205137_2,2022-10-10 16:43:59.868603,ACC,2205137.jpg,2205137,2,0,NA
2205132_2,2022-10-10 16:43:58.149704,ACC,2205132.jpg,2205132,2,0,NA
2213031_2,2022-10-10 16:43:57.087205,ACC,2213031.jpg,2213031,2,0,NA
2107777_2,2022-10-10 16:43:53.556072,ACC,2107777.jpg,2107777,2,0,NA
1807263_1,2022-10-10 16:43:49.102796,ACC,1807263.jpg,1807263,1,0,NA
1608118_1,2022-10-10 16:43:44.899662,ACC,1608118.jpg,1608118,1,0,NA
2213683_2,2022-10-10 16:43:40.634027,ACC,2213683.jpg,2213683,2,0,NA
2206901_2,2022-10-10 16:43:36.587154,ACC,2206901.jpg,2206901,2,0,NA
2206900_2,2022-10-10 16:43:33.180880,ACC,2206900.jpg,2206900,2,0,NA
2206898_2,2022-10-10 16:43:30.149626,ACC,2206898.jpg,2206898,2,0,NA
2206897_2,2022-10-10 16:43:27.243369,ACC,2206897.jpg,2206897,2,0,NA
2206896_2,2022-10-10 16:43:24.212116,ACC,2206896.jpg,2206896,2,0,NA
2205754_2,2022-10-10 16:43:21.430885,ACC,2205754.jpg,2205754,2,0,NA
2205428_2,2022-10-10 16:43:20.305856,ACC,2205428.jpg,2205428,2,0,NA
2205288_2,2022-10-10 16:43:17.259072,ACC,2205288.jpg,2205288,2,0,NA
2203233_2,2022-10-10 16:43:16.040334,ACC,2203233.jpg,2203233,2,0,NA
2205663_2,2022-10-10 16:43:11.899589,ACC,2205663.jpg,2205663,2,0,NA
2205661_2,2022-10-10 16:43:09.524717,ACC,2205661.jpg,2205661,2,0,NA
2115658_2,2022-10-10 16:43:07.665517,ACC,2115658.jpg,2115658,2,0,NA
2103067_2,2022-10-10 16:43:06.540221,ACC,2103067.jpg,2103067,2,0,NA
2207430_2,2022-10-10 16:43:02.618347,ACC,2207430.jpg,2207430,2,0,NA
1900613_1,2022-10-10 16:43:01.368341,ACC,1900613.jpg,1900613,1,0,NA
2102831_2,2022-10-10 16:43:00.180852,ACC,2102831.jpg,2102831,2,0,NA
2102825_2,2022-10-10 16:42:59.149572,ACC,2102825.jpg,2102825,2,0,NA
2014480_2,2022-10-10 16:42:55.852700,ACC,2014480.jpg,2014480,2,0,NA
2111765_2,2022-10-10 16:42:54.540278,ACC,2111765.jpg,2111765,2,0,NA
2102346_2,2022-10-10 16:42:52.353122,ACC,2102346.jpg,2102346,2,0,NA
2101400_2,2022-10-10 16:42:51.040200,ACC,2101400.jpg,2101400,2,0,NA
2114893_2,2022-10-10 16:42:49.165185,ACC,2114893.jpg,2114893,2,0,NA
1608837_1,2022-10-10 16:42:46.946409,ACC,1608837.jpg,1608837,1,0,NA
2201674_2,2022-10-10 16:42:45.665174,ACC,2201674.jpg,2201674,2,0,NA
2201673_2,2022-10-10 16:42:44.696413,ACC,2201673.jpg,2201673,2,0,NA
2106956_2,2022-10-10 16:42:43.805787,ACC,2106956.jpg,2106956,2,0,NA
1900862_1,2022-10-10 16:42:40.758898,ACC,1900862.jpg,1900862,1,0,NA
1909134_1,2022-10-10 16:42:39.540151,ACC,1909134.jpg,1909134,1,0,NA
1507491_1,2022-10-10 16:42:38.821422,ACC,1507491.jpg,1507491,1,0,NA
2114953_2,2022-10-10 16:42:38.149541,ACC,2114953.jpg,2114953,2,0,NA
2111422_2,2022-10-10 16:42:36.805764,ACC,2111422.jpg,2111422,2,0,NA
2109379_2,2022-10-10 16:42:34.868256,ACC,2109379.jpg,2109379,2,0,NA
2106346_2,2022-10-10 16:42:33.133900,ACC,2106346.jpg,2106346,2,0,NA
2014394_2,2022-10-10 16:42:32.024505,ACC,2014394.jpg,2014394,2,0,NA
2014391_2,2022-10-10 16:42:30.790247,ACC,2014391.jpg,2014391,2,0,NA
2006818_2,2022-10-10 16:42:30.055765,ACC,2006818.jpg,2006818,2,0,NA
2001026_2,2022-10-10 16:42:28.696368,ACC,2001026.jpg,2001026,2,0,NA
2208473_2,2022-10-10 16:42:25.071357,ACC,2208473.jpg,2208473,2,0,NA
2208472_2,2022-10-10 16:42:23.727602,ACC,2208472.jpg,2208472,2,0,NA
2205755_2,2022-10-10 16:42:22.196364,ACC,2205755.jpg,2205755,2,0,NA
2114948_2,2022-10-10 16:42:20.961985,ACC,2114948.jpg,2114948,2,0,NA
2213680_2,2022-10-10 16:42:17.508842,ACC,2213680.jpg,2213680,2,0,NA
2213679_2,2022-10-10 16:42:16.383875,ACC,2213679.jpg,2213679,2,0,NA
2209198_2,2022-10-10 16:42:14.977612,ACC,2209198.jpg,2209198,2,0,NA
2209193_2,2022-10-10 16:42:13.868326,ACC,2209193.jpg,2209193,2,0,NA
2208715_2,2022-10-10 16:42:12.930810,ACC,2208715.jpg,2208715,2,0,NA
2208713_2,2022-10-10 16:42:09.602577,ACC,2208713.jpg,2208713,2,0,NA
2207436_2,2022-10-10 16:42:07.774558,ACC,2207436.jpg,2207436,2,0,NA
2207435_2,2022-10-10 16:42:03.524467,ACC,2207435.jpg,2207435,2,0,NA
2207434_2,2022-10-10 16:42:00.337127,ACC,2207434.jpg,2207434,2,0,NA
2207299_2,2022-10-10 16:41:57.227568,ACC,2207299.jpg,2207299,2,0,NA
2207231_2,2022-10-10 16:41:55.790062,ACC,2207231.jpg,2207231,2,0,NA
2207230_2,2022-10-10 16:41:52.008838,ACC,2207230.jpg,2207230,2,0,NA
2206918_2,2022-10-10 16:41:50.446300,ACC,2206918.jpg,2206918,2,0,NA
2206772_2,2022-10-10 16:41:47.633819,ACC,2206772.jpg,2206772,2,0,NA
2206457_2,2022-10-10 16:41:46.790046,ACC,2206457.jpg,2206457,2,0,NA
2206453_2,2022-10-10 16:41:43.336914,ACC,2206453.jpg,2206453,2,0,NA
2206199_2,2022-10-10 16:41:40.430807,ACC,2206199.jpg,2206199,2,0,NA
2206197_2,2022-10-10 16:41:37.696260,ACC,2206197.jpg,2206197,2,0,NA
2206196_2,2022-10-10 16:41:36.571263,ACC,2206196.jpg,2206196,2,0,NA
2205630_2,2022-10-10 16:41:28.102511,ACC,2205630.jpg,2205630,2,0,NA
2205629_2,2022-10-10 16:41:26.258749,ACC,2205629.jpg,2205629,2,0,NA
2205626_2,2022-10-10 16:41:23.914994,ACC,2205626.jpg,2205626,2,0,NA
2205624_2,2022-10-10 16:41:21.743112,ACC,2205624.jpg,2205624,2,0,NA
2205620_2,2022-10-10 16:41:19.305840,ACC,2205620.jpg,2205620,2,0,NA
2205304_2,2022-10-10 16:41:15.774333,ACC,2205304.jpg,2205304,2,0,NA
2205302_2,2022-10-10 16:41:09.696596,ACC,2205302.jpg,2205302,2,0,NA
2205301_2,2022-10-10 16:41:06.414952,ACC,2205301.jpg,2205301,2,0,NA
2205300_2,2022-10-10 16:41:02.664952,ACC,2205300.jpg,2205300,2,0,NA
2205299_2,2022-10-10 16:41:01.352452,ACC,2205299.jpg,2205299,2,0,NA
2114975_2,2022-10-10 16:40:56.852525,ACC,2114975.jpg,2114975,2,0,NA
2114973_2,2022-10-10 16:40:52.383904,ACC,2114973.jpg,2114973,2,0,NA
2114972_2,2022-10-10 16:40:51.586815,ACC,2114972.jpg,2114972,2,0,NA
2114971_2,2022-10-10 16:40:50.211783,ACC,2114971.jpg,2114971,2,0,NA
2114970_2,2022-10-10 16:40:48.352399,ACC,2114970.jpg,2114970,2,0,NA
2111816_2,2022-10-10 16:40:46.446143,ACC,2111816.jpg,2111816,2,0,NA
2111813_2,2022-10-10 16:40:44.868011,ACC,2111813.jpg,2111813,2,0,NA
2111796_2,2022-10-10 16:40:43.899255,ACC,2111796.jpg,2111796,2,0,NA
2111338_2,2022-10-10 16:40:41.633629,ACC,2111338.jpg,2111338,2,0,NA
2111337_2,2022-10-10 16:40:39.102381,ACC,2111337.jpg,2111337,2,0,NA
2108546_2,2022-10-10 16:40:30.930570,ACC,2108546.jpg,2108546,2,0,NA
2105749_2,2022-10-10 16:40:28.930474,ACC,2105749.jpg,2105749,2,0,NA
2102396_2,2022-10-10 16:40:21.946082,ACC,2102396.jpg,2102396,2,0,NA
2014551_2,2022-10-10 16:40:17.680475,ACC,2014551.jpg,2014551,2,0,NA
2014550_2,2022-10-10 16:40:16.477349,ACC,2014550.jpg,2014550,2,0,NA
2014125_2,2022-10-10 16:40:13.242950,ACC,2014125.jpg,2014125,2,0,NA
2011210_2,2022-10-10 16:40:11.617950,ACC,2011210.jpg,2011210,2,0,NA
1911714_1,2022-10-10 16:40:06.227306,ACC,1911714.jpg,1911714,1,0,NA
1911690_1,2022-10-10 16:40:05.086754,ACC,1911690.jpg,1911690,1,0,NA
1905190_1,2022-10-10 16:40:01.664786,ACC,1905190.jpg,1905190,1,0,NA
2206708_2,2022-10-10 16:40:01.039814,ACC,2206708.jpg,2206708,2,0,NA
2206555_2,2022-10-10 16:39:53.117895,ACC,2206555.jpg,2206555,2,0,NA
2206549_2,2022-10-10 16:39:51.821172,ACC,2206549.jpg,2206549,2,0,NA
2205290_2,2022-10-10 16:39:49.258502,ACC,2205290.jpg,2205290,2,0,NA
2205289_2,2022-10-10 16:39:44.758529,ACC,2205289.jpg,2205289,2,0,NA
2115743_2,2022-10-10 16:39:41.633602,ACC,2115743.jpg,2115743,2,0,NA
2115647_2,2022-10-10 16:39:40.836629,ACC,2115647.jpg,2115647,2,0,NA
2115050_2,2022-10-10 16:39:37.180382,ACC,2115050.jpg,2115050,2,0,NA
2114981_2,2022-10-10 16:39:35.742846,ACC,2114981.jpg,2114981,2,0,NA
2114968_2,2022-10-10 16:39:30.852395,ACC,2114968.jpg,2114968,2,0,NA
2114940_2,2022-10-10 16:39:25.836690,ACC,2114940.jpg,2114940,2,0,NA
2114888_2,2022-10-10 16:39:24.211607,ACC,2114888.jpg,2114888,2,0,NA
2111819_2,2022-10-10 16:39:21.774181,ACC,2111819.jpg,2111819,2,0,NA
2111390_2,2022-10-10 16:39:20.024092,ACC,2111390.jpg,2111390,2,0,NA
2111347_2,2022-10-10 16:39:18.024074,ACC,2111347.jpg,2111347,2,0,NA
2105776_2,2022-10-10 16:39:16.477191,ACC,2105776.jpg,2105776,2,0,NA
2103057_2,2022-10-10 16:39:13.836555,ACC,2103057.jpg,2103057,2,0,NA
2001173_2,2022-10-10 16:39:05.180312,ACC,2001173.jpg,2001173,2,0,NA
2206554_2,2022-10-10 16:39:04.508440,ACC,2206554.jpg,2206554,2,0,NA
2206551_2,2022-10-10 16:39:02.711552,ACC,2206551.jpg,2206551,2,0,NA
2205305_2,2022-10-10 16:39:00.633433,ACC,2205305.jpg,2205305,2,0,NA
2205298_2,2022-10-10 16:38:56.492779,ACC,2205298.jpg,2205298,2,0,NA
2205297_2,2022-10-10 16:38:52.102326,ACC,2205297.jpg,2205297,2,0,NA
2205293_2,2022-10-10 16:38:46.883375,ACC,2205293.jpg,2205293,2,0,NA
2205292_2,2022-10-10 16:38:42.305567,ACC,2205292.jpg,2205292,2,0,NA
2200130_2,2022-10-10 16:38:37.899003,ACC,2200130.jpg,2200130,2,0,NA
2200127_2,2022-10-10 16:38:36.305388,ACC,2200127.jpg,2200127,2,0,NA
2114983_2,2022-10-10 16:38:33.039590,ACC,2114983.jpg,2114983,2,0,NA
2114978_2,2022-10-10 16:38:30.289605,ACC,2114978.jpg,2114978,2,0,NA
2114976_2,2022-10-10 16:38:26.445861,ACC,2114976.jpg,2114976,2,0,NA
2114966_2,2022-10-10 16:38:20.180402,ACC,2114966.jpg,2114966,2,0,NA
2114935_2,2022-10-10 16:38:15.602586,ACC,2114935.jpg,2114935,2,0,NA
2114902_2,2022-10-10 16:38:14.727076,ACC,2114902.jpg,2114902,2,0,NA
2114897_2,2022-10-10 16:38:13.242899,ACC,2114897.jpg,2114897,2,0,NA
2111832_2,2022-10-10 16:38:12.367681,ACC,2111832.jpg,2111832,2,0,NA
2111828_2,2022-10-10 16:38:10.898942,ACC,2111828.jpg,2111828,2,0,NA
2111826_2,2022-10-10 16:38:08.367689,ACC,2111826.jpg,2111826,2,0,NA
2111818_2,2022-10-10 16:38:06.648932,ACC,2111818.jpg,2111818,2,0,NA
2111677_2,2022-10-10 16:38:04.430165,ACC,2111677.jpg,2111677,2,0,NA
2111389_2,2022-10-10 16:38:02.430171,ACC,2111389.jpg,2111389,2,0,NA
2111364_2,2022-10-10 16:38:01.023891,ACC,2111364.jpg,2111364,2,0,NA
2111363_2,2022-10-10 16:37:59.992779,ACC,2111363.jpg,2111363,2,0,NA
2111345_2,2022-10-10 16:37:58.727014,ACC,2111345.jpg,2111345,2,0,NA
2106415_2,2022-10-10 16:37:57.008284,ACC,2106415.jpg,2106415,2,0,NA
2014419_2,2022-10-10 16:37:55.398919,ACC,2014419.jpg,2014419,2,0,NA
1908265_1,2022-10-10 16:37:49.961406,ACC,1908265.jpg,1908265,1,0,NA
2205295_2,2022-10-10 16:37:49.258267,ACC,2205295.jpg,2205295,2,0,NA
2205294_2,2022-10-10 16:37:45.383237,ACC,2205294.jpg,2205294,2,0,NA
2114885_2,2022-10-10 16:37:38.805249,ACC,2114885.jpg,2114885,2,0,NA
2106391_2,2022-10-10 16:37:37.633310,ACC,2106391.jpg,2106391,2,0,NA
2206923_2,2022-10-10 16:37:36.289478,ACC,2206923.jpg,2206923,2,0,NA
2206193_2,2022-10-10 16:37:34.851961,ACC,2206193.jpg,2206193,2,0,NA
2206192_2,2022-10-10 16:37:31.570720,ACC,2206192.jpg,2206192,2,0,NA
2205612_2,2022-10-10 16:37:26.273840,ACC,2205612.jpg,2205612,2,0,NA
2205596_2,2022-10-10 16:37:24.648811,ACC,2205596.jpg,2205596,2,0,NA
2205587_2,2022-10-10 16:37:21.601928,ACC,2205587.jpg,2205587,2,0,NA
2205122_2,2022-10-10 16:37:19.758173,ACC,2205122.jpg,2205122,2,0,NA
2200112_2,2022-10-10 16:37:18.336414,ACC,2200112.jpg,2200112,2,0,NA
2115659_2,2022-10-10 16:37:17.180041,ACC,2115659.jpg,2115659,2,0,NA
2115657_2,2022-10-10 16:37:16.070688,ACC,2115657.jpg,2115657,2,0,NA
2115638_2,2022-10-10 16:37:14.492540,ACC,2115638.jpg,2115638,2,0,NA
2115635_2,2022-10-10 16:37:12.961299,ACC,2115635.jpg,2115635,2,0,NA
2115634_2,2022-10-10 16:37:11.930043,ACC,2115634.jpg,2115634,2,0,NA
2115632_2,2022-10-10 16:37:07.570665,ACC,2115632.jpg,2115632,2,0,NA
2115630_2,2022-10-10 16:37:06.133163,ACC,2115630.jpg,2115630,2,0,NA
2115186_2,2022-10-10 16:37:04.508170,ACC,2115186.jpg,2115186,2,0,NA
2115185_2,2022-10-10 16:37:01.398786,ACC,2115185.jpg,2115185,2,0,NA
2115183_2,2022-10-10 16:36:55.633159,ACC,2115183.jpg,2115183,2,0,NA
2115182_2,2022-10-10 16:36:50.226900,ACC,2115182.jpg,2115182,2,0,NA
2115180_2,2022-10-10 16:36:49.601980,ACC,2115180.jpg,2115180,2,0,NA
2114827_2,2022-10-10 16:36:48.836415,ACC,2114827.jpg,2114827,2,0,NA
2114826_2,2022-10-10 16:36:47.711247,ACC,2114826.jpg,2114826,2,0,NA
2114825_2,2022-10-10 16:36:45.883260,ACC,2114825.jpg,2114825,2,0,NA
2114824_2,2022-10-10 16:36:44.961376,ACC,2114824.jpg,2114824,2,0,NA
2114823_2,2022-10-10 16:36:43.961241,ACC,2114823.jpg,2114823,2,0,NA
2114822_2,2022-10-10 16:36:42.179990,ACC,2114822.jpg,2114822,2,0,NA
2114821_2,2022-10-10 16:36:41.461259,ACC,2114821.jpg,2114821,2,0,NA
2114804_2,2022-10-10 16:36:40.195610,ACC,2114804.jpg,2114804,2,0,NA
2111953_2,2022-10-10 16:36:38.773748,ACC,2111953.jpg,2111953,2,0,NA
2111952_2,2022-10-10 16:36:35.976837,ACC,2111952.jpg,2111952,2,0,NA
2111950_2,2022-10-10 16:36:34.195597,ACC,2111950.jpg,2111950,2,0,NA
2111938_2,2022-10-10 16:36:31.429969,ACC,2111938.jpg,2111938,2,0,NA
2111936_2,2022-10-10 16:36:30.258102,ACC,2111936.jpg,2111936,2,0,NA
2111924_2,2022-10-10 16:36:28.555051,ACC,2111924.jpg,2111924,2,0,NA
2111785_2,2022-10-10 16:36:26.445580,ACC,2111785.jpg,2111785,2,0,NA
2111485_2,2022-10-10 16:36:25.445745,ACC,2111485.jpg,2111485,2,0,NA
2111454_2,2022-10-10 16:36:23.820644,ACC,2111454.jpg,2111454,2,0,NA
2111442_2,2022-10-10 16:36:21.179946,ACC,2111442.jpg,2111442,2,0,NA
2111441_2,2022-10-10 16:36:19.633218,ACC,2111441.jpg,2111441,2,0,NA
2111440_2,2022-10-10 16:36:18.445681,ACC,2111440.jpg,2111440,2,0,NA
2111180_2,2022-10-10 16:36:16.804924,ACC,2111180.jpg,2111180,2,0,NA
2110688_2,2022-10-10 16:36:15.633043,ACC,2110688.jpg,2110688,2,0,NA
2109645_2,2022-10-10 16:36:14.445552,ACC,2109645.jpg,2109645,2,0,NA
2109644_2,2022-10-10 16:36:12.461184,ACC,2109644.jpg,2109644,2,0,NA
2109643_2,2022-10-10 16:36:10.914671,ACC,2109643.jpg,2109643,2,0,NA
2109642_2,2022-10-10 16:36:09.351794,ACC,2109642.jpg,2109642,2,0,NA
2109413_2,2022-10-10 16:36:06.836163,ACC,2109413.jpg,2109413,2,0,NA
2109411_2,2022-10-10 16:36:04.695531,ACC,2109411.jpg,2109411,2,0,NA
2109410_2,2022-10-10 16:36:03.023647,ACC,2109410.jpg,2109410,2,0,NA
2109407_2,2022-10-10 16:36:01.398636,ACC,2109407.jpg,2109407,2,0,NA
2109405_2,2022-10-10 16:36:00.008137,ACC,2109405.jpg,2109405,2,0,NA
2109403_2,2022-10-10 16:35:58.430092,ACC,2109403.jpg,2109403,2,0,NA
2109399_2,2022-10-10 16:35:56.523636,ACC,2109399.jpg,2109399,2,0,NA
2109397_2,2022-10-10 16:35:54.273733,ACC,2109397.jpg,2109397,2,0,NA
2109396_2,2022-10-10 16:35:53.148609,ACC,2109396.jpg,2109396,2,0,NA
2109395_2,2022-10-10 16:35:51.336247,ACC,2109395.jpg,2109395,2,0,NA
2205618_2,2022-10-10 16:35:49.601723,ACC,2205618.jpg,2205618,2,0,NA
2205115_2,2022-10-10 16:35:45.976737,ACC,2205115.jpg,2205115,2,0,NA
2205113_2,2022-10-10 16:35:44.586113,ACC,2205113.jpg,2205113,2,0,NA
2205111_2,2022-10-10 16:35:40.976725,ACC,2205111.jpg,2205111,2,0,NA
2111905_2,2022-10-10 16:35:36.711165,ACC,2111905.jpg,2111905,2,0,NA
2111450_2,2022-10-10 16:35:34.820447,ACC,2111450.jpg,2111450,2,0,NA
2014226_2,2022-10-10 16:35:30.179833,ACC,2014226.jpg,2014226,2,0,NA
2014224_2,2022-10-10 16:35:29.242314,ACC,2014224.jpg,2014224,2,0,NA
2011171_2,2022-10-10 16:35:27.304810,ACC,2011171.jpg,2011171,2,0,NA
2001655_2,2022-10-10 16:35:24.711054,ACC,2001655.jpg,2001655,2,0,NA
1901105_1,2022-10-10 16:35:22.242289,ACC,1901105.jpg,1901105,1,0,NA
1900749_1,2022-10-10 16:35:21.836032,ACC,1900749.jpg,1900749,1,0,NA
1807857_1,2022-10-10 16:35:19.695515,ACC,1807857.jpg,1807857,1,0,NA
1703609_1,2022-10-10 16:35:17.867285,ACC,1703609.jpg,1703609,1,0,NA
1508055_1,2022-10-10 16:35:15.851650,ACC,1508055.jpg,1508055,1,0,NA
2114840_2,2022-10-10 16:35:13.867303,ACC,2114840.jpg,2114840,2,0,NA
2114830_2,2022-10-10 16:35:12.757928,ACC,2114830.jpg,2114830,2,0,NA
2113150_2,2022-10-10 16:35:11.289162,ACC,2113150.jpg,2113150,2,0,NA
2205552_2,2022-10-10 16:35:09.804765,ACC,2205552.jpg,2205552,2,0,NA
2205481_2,2022-10-10 16:35:07.211024,ACC,2205481.jpg,2205481,2,0,NA
2205274_2,2022-10-10 16:35:03.164121,ACC,2205274.jpg,2205274,2,0,NA
2205266_2,2022-10-10 16:34:59.460989,ACC,2205266.jpg,2205266,2,0,NA
2205238_2,2022-10-10 16:34:58.242256,ACC,2205238.jpg,2205238,2,0,NA
2205222_2,2022-10-10 16:34:51.632844,ACC,2205222.jpg,2205222,2,0,NA
2115104_2,2022-10-10 16:34:47.007850,ACC,2115104.jpg,2115104,2,0,NA
2114861_2,2022-10-10 16:34:46.007848,ACC,2114861.jpg,2114861,2,0,NA
2114858_2,2022-10-10 16:34:44.648465,ACC,2114858.jpg,2114858,2,0,NA
2105860_2,2022-10-10 16:34:43.664078,ACC,2105860.jpg,2105860,2,0,NA
2105854_2,2022-10-10 16:34:38.851563,ACC,2105854.jpg,2105854,2,0,NA
1800817_1,2022-10-10 16:34:35.601572,ACC,1800817.jpg,1800817,1,0,NA
2206183_2,2022-10-10 16:34:34.242181,ACC,2206183.jpg,2206183,2,0,NA
2205571_2,2022-10-10 16:34:31.335954,ACC,2205571.jpg,2205571,2,0,NA
2205509_2,2022-10-10 16:34:30.304699,ACC,2205509.jpg,2205509,2,0,NA
2205254_2,2022-10-10 16:34:28.070310,ACC,2205254.jpg,2205254,2,0,NA
2205250_2,2022-10-10 16:34:26.648437,ACC,2205250.jpg,2205250,2,0,NA
2205233_2,2022-10-10 16:34:24.914126,ACC,2205233.jpg,2205233,2,0,NA
2201524_2,2022-10-10 16:34:22.039029,ACC,2201524.jpg,2201524,2,0,NA
2200027_2,2022-10-10 16:34:19.601519,ACC,2200027.jpg,2200027,2,0,NA
2200011_2,2022-10-10 16:34:18.804647,ACC,2200011.jpg,2200011,2,0,NA
2115129_2,2022-10-10 16:34:17.914017,ACC,2115129.jpg,2115129,2,0,NA
2115127_2,2022-10-10 16:34:16.679665,ACC,2115127.jpg,2115127,2,0,NA
2115126_2,2022-10-10 16:34:15.820295,ACC,2115126.jpg,2115126,2,0,NA
2115125_2,2022-10-10 16:34:14.523406,ACC,2115125.jpg,2115125,2,0,NA
2115124_2,2022-10-10 16:34:13.757788,ACC,2115124.jpg,2115124,2,0,NA
2115118_2,2022-10-10 16:34:12.523405,ACC,2115118.jpg,2115118,2,0,NA
2115116_2,2022-10-10 16:34:11.429626,ACC,2115116.jpg,2115116,2,0,NA
2115093_2,2022-10-10 16:34:10.726530,ACC,2115093.jpg,2115093,2,0,NA
2115089_2,2022-10-10 16:34:09.257766,ACC,2115089.jpg,2115089,2,0,NA
2115088_2,2022-10-10 16:34:07.367134,ACC,2115088.jpg,2115088,2,0,NA
2115085_2,2022-10-10 16:34:06.210869,ACC,2115085.jpg,2115085,2,0,NA
2115084_2,2022-10-10 16:34:05.054617,ACC,2115084.jpg,2115084,2,0,NA
2115080_2,2022-10-10 16:34:03.742133,ACC,2115080.jpg,2115080,2,0,NA
2115043_2,2022-10-10 16:34:02.742113,ACC,2115043.jpg,2115043,2,0,NA
2115017_2,2022-10-10 16:34:00.804604,ACC,2115017.jpg,2115017,2,0,NA
2115002_2,2022-10-10 16:34:00.289010,ACC,2115002.jpg,2115002,2,0,NA
2102842_2,2022-10-10 16:33:57.882726,ACC,2102842.jpg,2102842,2,0,NA
1810794_1,2022-10-10 16:33:57.132731,ACC,1810794.jpg,1810794,1,0,NA
2208871_2,2022-10-10 16:33:54.742317,ACC,2208871.jpg,2208871,2,0,NA
2206186_2,2022-10-10 16:33:53.054754,ACC,2206186.jpg,2206186,2,0,NA
2205564_2,2022-10-10 16:33:49.742095,ACC,2205564.jpg,2205564,2,0,NA
2205556_2,2022-10-10 16:33:46.757703,ACC,2205556.jpg,2205556,2,0,NA
2205540_2,2022-10-10 16:33:43.476461,ACC,2205540.jpg,2205540,2,0,NA
2205534_2,2022-10-10 16:33:39.726441,ACC,2205534.jpg,2205534,2,0,NA
2205498_2,2022-10-10 16:33:37.117076,ACC,2205498.jpg,2205498,2,0,NA
2205468_2,2022-10-10 16:33:35.757831,ACC,2205468.jpg,2205468,2,0,NA
2205272_2,2022-10-10 16:33:32.711007,ACC,2205272.jpg,2205272,2,0,NA
2205270_2,2022-10-10 16:33:31.351413,ACC,2205270.jpg,2205270,2,0,NA
2205267_2,2022-10-10 16:33:29.945178,ACC,2205267.jpg,2205267,2,0,NA
2205264_2,2022-10-10 16:33:28.023300,ACC,2205264.jpg,2205264,2,0,NA
2205263_2,2022-10-10 16:33:26.679525,ACC,2205263.jpg,2205263,2,0,NA
2205262_2,2022-10-10 16:33:25.351412,ACC,2205262.jpg,2205262,2,0,NA
2205261_2,2022-10-10 16:33:23.460770,ACC,2205261.jpg,2205261,2,0,NA
2205260_2,2022-10-10 16:33:20.038922,ACC,2205260.jpg,2205260,2,0,NA
2205258_2,2022-10-10 16:33:17.382655,ACC,2205258.jpg,2205258,2,0,NA
2205257_2,2022-10-10 16:33:13.726714,ACC,2205257.jpg,2205257,2,0,NA
2205223_2,2022-10-10 16:33:11.929506,ACC,2205223.jpg,2205223,2,0,NA
2205210_2,2022-10-10 16:33:10.038888,ACC,2205210.jpg,2205210,2,0,NA
2205208_2,2022-10-10 16:33:07.929508,ACC,2205208.jpg,2205208,2,0,NA
2203738_2,2022-10-10 16:33:03.695318,ACC,2203738.jpg,2203738,2,0,NA
2203734_2,2022-10-10 16:32:57.538838,ACC,2203734.jpg,2203734,2,0,NA
2203447_2,2022-10-10 16:32:52.710731,ACC,2203447.jpg,2203447,2,0,NA
2203445_2,2022-10-10 16:32:47.960759,ACC,2203445.jpg,2203445,2,0,NA
2115123_2,2022-10-10 16:32:43.179446,ACC,2115123.jpg,2115123,2,0,NA
2115114_2,2022-10-10 16:32:41.835699,ACC,2115114.jpg,2115114,2,0,NA
2115112_2,2022-10-10 16:32:39.616924,ACC,2115112.jpg,2115112,2,0,NA
2115097_2,2022-10-10 16:32:37.835704,ACC,2115097.jpg,2115097,2,0,NA
2115096_2,2022-10-10 16:32:36.023182,ACC,2115096.jpg,2115096,2,0,NA
2115083_2,2022-10-10 16:32:32.929405,ACC,2115083.jpg,2115083,2,0,NA
2115031_2,2022-10-10 16:32:31.210681,ACC,2115031.jpg,2115031,2,0,NA
2115026_2,2022-10-10 16:32:30.023152,ACC,2115026.jpg,2115026,2,0,NA
2115024_2,2022-10-10 16:32:28.773147,ACC,2115024.jpg,2115024,2,0,NA
2114871_2,2022-10-10 16:32:26.788871,ACC,2114871.jpg,2114871,2,0,NA
2114870_2,2022-10-10 16:32:25.679436,ACC,2114870.jpg,2114870,2,0,NA
2114869_2,2022-10-10 16:32:23.960648,ACC,2114869.jpg,2114869,2,0,NA
2114859_2,2022-10-10 16:32:22.179414,ACC,2114859.jpg,2114859,2,0,NA
2111737_2,2022-10-10 16:32:20.695204,ACC,2111737.jpg,2111737,2,0,NA
2111622_2,2022-10-10 16:32:19.570003,ACC,2111622.jpg,2111622,2,0,NA
2111609_2,2022-10-10 16:32:18.585644,ACC,2111609.jpg,2111609,2,0,NA
2111604_2,2022-10-10 16:32:17.444999,ACC,2111604.jpg,2111604,2,0,NA
2111589_2,2022-10-10 16:32:14.913762,ACC,2111589.jpg,2111589,2,0,NA
2111586_2,2022-10-10 16:32:12.835817,ACC,2111586.jpg,2111586,2,0,NA
2111355_2,2022-10-10 16:32:10.351477,ACC,2111355.jpg,2111355,2,0,NA
2105829_2,2022-10-10 16:32:08.273125,ACC,2105829.jpg,2105829,2,0,NA
2105526_2,2022-10-10 16:32:06.320215,ACC,2105526.jpg,2105526,2,0,NA
2102711_2,2022-10-10 16:32:04.382498,ACC,2102711.jpg,2102711,2,0,NA
2006848_2,2022-10-10 16:32:00.444990,ACC,2006848.jpg,2006848,2,0,NA
1913115_1,2022-10-10 16:31:59.710605,ACC,1913115.jpg,1913115,1,0,NA
1900727_1,2022-10-10 16:31:59.101225,ACC,1900727.jpg,1900727,1,0,NA
1608859_1,2022-10-10 16:31:54.663726,ACC,1608859.jpg,1608859,1,0,NA
2204686_2,2022-10-10 16:31:54.038710,ACC,2204686.jpg,2204686,2,0,NA
2014436_2,2022-10-10 16:31:49.694954,ACC,2014436.jpg,2014436,2,0,NA
2208983_2,2022-10-10 16:31:49.069934,ACC,2208983.jpg,2208983,2,0,NA
2206155_2,2022-10-10 16:31:48.257441,ACC,2206155.jpg,2206155,2,0,NA
2205668_2,2022-10-10 16:31:46.866837,ACC,2205668.jpg,2205668,2,0,NA
2205652_2,2022-10-10 16:31:43.960580,ACC,2205652.jpg,2205652,2,0,NA
2205650_2,2022-10-10 16:31:40.554307,ACC,2205650.jpg,2205650,2,0,NA
2205641_2,2022-10-10 16:31:36.616927,ACC,2205641.jpg,2205641,2,0,NA
2205102_2,2022-10-10 16:31:34.085546,ACC,2205102.jpg,2205102,2,0,NA
2204757_2,2022-10-10 16:31:30.163646,ACC,2204757.jpg,2204757,2,0,NA
2204739_2,2022-10-10 16:31:27.351155,ACC,2204739.jpg,2204739,2,0,NA
2115233_2,2022-10-10 16:31:25.866769,ACC,2115233.jpg,2115233,2,0,NA
2115231_2,2022-10-10 16:31:24.835510,ACC,2115231.jpg,2115231,2,0,NA
2115211_2,2022-10-10 16:31:24.007390,ACC,2115211.jpg,2115211,2,0,NA
2115210_2,2022-10-10 16:31:21.694873,ACC,2115210.jpg,2115210,2,0,NA
2115202_2,2022-10-10 16:31:17.554246,ACC,2115202.jpg,2115202,2,0,NA
2115178_2,2022-10-10 16:31:16.585526,ACC,2115178.jpg,2115178,2,0,NA
2115001_2,2022-10-10 16:31:15.586001,ACC,2115001.jpg,2115001,2,0,NA
2114995_2,2022-10-10 16:31:14.101148,ACC,2114995.jpg,2114995,2,0,NA
2114841_2,2022-10-10 16:31:13.304342,ACC,2114841.jpg,2114841,2,0,NA
2114482_2,2022-10-10 16:31:11.601152,ACC,2114482.jpg,2114482,2,0,NA
2114481_2,2022-10-10 16:31:09.397995,ACC,2114481.jpg,2114481,2,0,NA
2111533_2,2022-10-10 16:31:07.819851,ACC,2111533.jpg,2111533,2,0,NA
2108422_2,2022-10-10 16:31:04.960606,ACC,2108422.jpg,2108422,2,0,NA
2103078_2,2022-10-10 16:31:02.179228,ACC,2103078.jpg,2103078,2,0,NA
2103076_2,2022-10-10 16:31:00.944977,ACC,2103076.jpg,2103076,2,0,NA
2103074_2,2022-10-10 16:30:56.788598,ACC,2103074.jpg,2103074,2,0,NA
2103073_2,2022-10-10 16:30:52.601095,ACC,2103073.jpg,2103073,2,0,NA
2014521_2,2022-10-10 16:30:51.491726,ACC,2014521.jpg,2014521,2,0,NA
2014441_2,2022-10-10 16:30:46.726072,ACC,2014441.jpg,2014441,2,0,NA
2207562_2,2022-10-10 16:30:42.569805,ACC,2207562.jpg,2207562,2,0,NA
2207559_2,2022-10-10 16:30:41.148701,ACC,2207559.jpg,2207559,2,0,NA
2206913_2,2022-10-10 16:30:40.226056,ACC,2206913.jpg,2206913,2,0,NA
2206818_2,2022-10-10 16:30:39.038543,ACC,2206818.jpg,2206818,2,0,NA
2206697_2,2022-10-10 16:30:37.491653,ACC,2206697.jpg,2206697,2,0,NA
2206105_2,2022-10-10 16:30:36.148061,ACC,2206105.jpg,2206105,2,0,NA
2205642_2,2022-10-10 16:30:33.726149,ACC,2205642.jpg,2205642,2,0,NA
2205112_2,2022-10-10 16:30:28.554149,ACC,2205112.jpg,2205112,2,0,NA
2205099_2,2022-10-10 16:30:26.647902,ACC,2205099.jpg,2205099,2,0,NA
2205089_2,2022-10-10 16:30:25.569890,ACC,2205089.jpg,2205089,2,0,NA
2205085_2,2022-10-10 16:30:24.116633,ACC,2205085.jpg,2205085,2,0,NA
2205082_2,2022-10-10 16:30:23.116774,ACC,2205082.jpg,2205082,2,0,NA
2205079_2,2022-10-10 16:30:21.866623,ACC,2205079.jpg,2205079,2,0,NA
2205075_2,2022-10-10 16:30:20.569763,ACC,2205075.jpg,2205075,2,0,NA
2205067_2,2022-10-10 16:30:19.444741,ACC,2205067.jpg,2205067,2,0,NA
2203359_2,2022-10-10 16:30:18.257260,ACC,2203359.jpg,2203359,2,0,NA
2203249_2,2022-10-10 16:30:16.913478,ACC,2203249.jpg,2203249,2,0,NA
2203248_2,2022-10-10 16:30:15.710590,ACC,2203248.jpg,2203248,2,0,NA
2203217_2,2022-10-10 16:30:14.585369,ACC,2203217.jpg,2203217,2,0,NA
2202395_2,2022-10-10 16:30:13.429210,ACC,2202395.jpg,2202395,2,0,NA
2202391_2,2022-10-10 16:30:12.179114,ACC,2202391.jpg,2202391,2,0,NA
2202388_2,2022-10-10 16:30:10.835361,ACC,2202388.jpg,2202388,2,0,NA
2200994_2,2022-10-10 16:30:09.554109,ACC,2200994.jpg,2200994,2,0,NA
2114850_2,2022-10-10 16:30:08.804460,ACC,2114850.jpg,2114850,2,0,NA
2114847_2,2022-10-10 16:30:08.382326,ACC,2114847.jpg,2114847,2,0,NA
2103162_2,2022-10-10 16:30:07.319741,ACC,2103162.jpg,2103162,2,0,NA
2103161_2,2022-10-10 16:30:06.304295,ACC,2103161.jpg,2103161,2,0,NA
2103156_2,2022-10-10 16:30:05.554107,ACC,2103156.jpg,2103156,2,0,NA
1807744_1,2022-10-10 16:30:01.272842,ACC,1807744.jpg,1807744,1,0,NA
2206814_2,2022-10-10 16:29:59.616579,ACC,2206814.jpg,2206814,2,0,NA
2206646_2,2022-10-10 16:29:57.569781,ACC,2206646.jpg,2206646,2,0,NA
2206596_2,2022-10-10 16:29:56.210431,ACC,2206596.jpg,2206596,2,0,NA
2206595_2,2022-10-10 16:29:54.882183,ACC,2206595.jpg,2206595,2,0,NA
2206202_2,2022-10-10 16:29:53.100928,ACC,2206202.jpg,2206202,2,0,NA
2205667_2,2022-10-10 16:29:51.929060,ACC,2205667.jpg,2205667,2,0,NA
2205664_2,2022-10-10 16:29:50.085304,ACC,2205664.jpg,2205664,2,0,NA
2205659_2,2022-10-10 16:29:44.147791,ACC,2205659.jpg,2205659,2,0,NA
2205657_2,2022-10-10 16:29:41.225937,ACC,2205657.jpg,2205657,2,0,NA
2205655_2,2022-10-10 16:29:38.819659,ACC,2205655.jpg,2205655,2,0,NA
2205646_2,2022-10-10 16:29:36.725932,ACC,2205646.jpg,2205646,2,0,NA
2205644_2,2022-10-10 16:29:32.991513,ACC,2205644.jpg,2205644,2,0,NA
2205643_2,2022-10-10 16:29:32.007140,ACC,2205643.jpg,2205643,2,0,NA
2205639_2,2022-10-10 16:29:30.632163,ACC,2205639.jpg,2205639,2,0,NA
2205114_2,2022-10-10 16:29:28.225900,ACC,2205114.jpg,2205114,2,0,NA
2205110_2,2022-10-10 16:29:25.960240,ACC,2205110.jpg,2205110,2,0,NA
2205106_2,2022-10-10 16:29:24.460247,ACC,2205106.jpg,2205106,2,0,NA
2205103_2,2022-10-10 16:29:23.100879,ACC,2205103.jpg,2205103,2,0,NA
2205101_2,2022-10-10 16:29:21.554060,ACC,2205101.jpg,2205101,2,0,NA
2205081_2,2022-10-10 16:29:19.850920,ACC,2205081.jpg,2205081,2,0,NA
2205073_2,2022-10-10 16:29:18.460349,ACC,2205073.jpg,2205073,2,0,NA
2205070_2,2022-10-10 16:29:16.085328,ACC,2205070.jpg,2205070,2,0,NA
2205065_2,2022-10-10 16:29:14.678976,ACC,2205065.jpg,2205065,2,0,NA
2205058_2,2022-10-10 16:29:13.335252,ACC,2205058.jpg,2205058,2,0,NA
2205055_2,2022-10-10 16:29:12.132095,ACC,2205055.jpg,2205055,2,0,NA
2205054_2,2022-10-10 16:29:11.350831,ACC,2205054.jpg,2205054,2,0,NA
2205047_2,2022-10-10 16:29:10.397813,ACC,2205047.jpg,2205047,2,0,NA
2205045_2,2022-10-10 16:29:09.632109,ACC,2205045.jpg,2205045,2,0,NA
2205039_2,2022-10-10 16:29:08.413387,ACC,2205039.jpg,2205039,2,0,NA
2204700_2,2022-10-10 16:29:07.335215,ACC,2204700.jpg,2204700,2,0,NA
2204698_2,2022-10-10 16:29:05.178955,ACC,2204698.jpg,2204698,2,0,NA
2204697_2,2022-10-10 16:29:02.960206,ACC,2204697.jpg,2204697,2,0,NA
2204694_2,2022-10-10 16:29:00.819590,ACC,2204694.jpg,2204694,2,0,NA
2204681_2,2022-10-10 16:28:58.272995,ACC,2204681.jpg,2204681,2,0,NA
2204675_2,2022-10-10 16:28:56.931109,ACC,2204675.jpg,2204675,2,0,NA
2204673_2,2022-10-10 16:28:54.444699,ACC,2204673.jpg,2204673,2,0,NA
2204642_2,2022-10-10 16:28:52.210164,ACC,2204642.jpg,2204642,2,0,NA
2204639_2,2022-10-10 16:28:49.694558,ACC,2204639.jpg,2204639,2,0,NA
2204636_2,2022-10-10 16:28:47.803924,ACC,2204636.jpg,2204636,2,0,NA
2203364_2,2022-10-10 16:28:45.038271,ACC,2203364.jpg,2203364,2,0,NA
2203363_2,2022-10-10 16:28:43.647676,ACC,2203363.jpg,2203363,2,0,NA
2203362_2,2022-10-10 16:28:41.366493,ACC,2203362.jpg,2203362,2,0,NA
2203360_2,2022-10-10 16:28:40.350783,ACC,2203360.jpg,2203360,2,0,NA
2203292_2,2022-10-10 16:28:39.053876,ACC,2203292.jpg,2203292,2,0,NA
2203291_2,2022-10-10 16:28:37.960147,ACC,2203291.jpg,2203291,2,0,NA
2203260_2,2022-10-10 16:28:36.679045,ACC,2203260.jpg,2203260,2,0,NA
2203259_2,2022-10-10 16:28:35.397757,ACC,2203259.jpg,2203259,2,0,NA
2203257_2,2022-10-10 16:28:34.413262,ACC,2203257.jpg,2203257,2,0,NA
2203221_2,2022-10-10 16:28:33.179003,ACC,2203221.jpg,2203221,2,0,NA
2203220_2,2022-10-10 16:28:31.913244,ACC,2203220.jpg,2203220,2,0,NA
2203215_2,2022-10-10 16:28:30.928929,ACC,2203215.jpg,2203215,2,0,NA
2202394_2,2022-10-10 16:28:29.647776,ACC,2202394.jpg,2202394,2,0,NA
2202384_2,2022-10-10 16:28:28.256982,ACC,2202384.jpg,2202384,2,0,NA
2202383_2,2022-10-10 16:28:26.913237,ACC,2202383.jpg,2202383,2,0,NA
2202379_2,2022-10-10 16:28:25.506995,ACC,2202379.jpg,2202379,2,0,NA
2202378_2,2022-10-10 16:28:24.272610,ACC,2202378.jpg,2202378,2,0,NA
2202376_2,2022-10-10 16:28:23.116371,ACC,2202376.jpg,2202376,2,0,NA
2202375_2,2022-10-10 16:28:21.960140,ACC,2202375.jpg,2202375,2,0,NA
2200992_2,2022-10-10 16:28:21.006973,ACC,2200992.jpg,2200992,2,0,NA
2200990_2,2022-10-10 16:28:20.272613,ACC,2200990.jpg,2200990,2,0,NA
2200987_2,2022-10-10 16:28:19.460117,ACC,2200987.jpg,2200987,2,0,NA
2200985_2,2022-10-10 16:28:18.694570,ACC,2200985.jpg,2200985,2,0,NA
2115199_2,2022-10-10 16:28:18.006975,ACC,2115199.jpg,2115199,2,0,NA
2114985_2,2022-10-10 16:28:17.272631,ACC,2114985.jpg,2114985,2,0,NA
2114984_2,2022-10-10 16:28:16.554302,ACC,2114984.jpg,2114984,2,0,NA
2114849_2,2022-10-10 16:28:15.882002,ACC,2114849.jpg,2114849,2,0,NA
2114848_2,2022-10-10 16:28:15.288206,ACC,2114848.jpg,2114848,2,0,NA
2114846_2,2022-10-10 16:28:13.944635,ACC,2114846.jpg,2114846,2,0,NA
2114845_2,2022-10-10 16:28:12.975716,ACC,2114845.jpg,2114845,2,0,NA
2114842_2,2022-10-10 16:28:12.319469,ACC,2114842.jpg,2114842,2,0,NA
2111630_2,2022-10-10 16:28:11.538393,ACC,2111630.jpg,2111630,2,0,NA
2110709_2,2022-10-10 16:28:10.772671,ACC,2110709.jpg,2110709,2,0,NA
2014491_2,2022-10-10 16:28:09.335063,ACC,2014491.jpg,2014491,2,0,NA
2007251_2,2022-10-10 16:28:08.304056,ACC,2007251.jpg,2007251,2,0,NA
2203293_2,2022-10-10 16:28:06.303822,ACC,2203293.jpg,2203293,2,0,NA
2200983_2,2022-10-10 16:28:05.288193,ACC,2200983.jpg,2200983,2,0,NA
2207426_2,2022-10-10 16:28:04.585057,ACC,2207426.jpg,2207426,2,0,NA
2205666_2,2022-10-10 16:28:03.616390,ACC,2205666.jpg,2205666,2,0,NA
2205665_2,2022-10-10 16:28:01.131931,ACC,2205665.jpg,2205665,2,0,NA
2205660_2,2022-10-10 16:27:58.960065,ACC,2205660.jpg,2205660,2,0,NA
2205648_2,2022-10-10 16:27:56.710077,ACC,2205648.jpg,2205648,2,0,NA
2204692_2,2022-10-10 16:27:55.741344,ACC,2204692.jpg,2204692,2,0,NA
2204685_2,2022-10-10 16:27:54.444430,ACC,2204685.jpg,2204685,2,0,NA
2204680_2,2022-10-10 16:27:53.288156,ACC,2204680.jpg,2204680,2,0,NA
2204624_2,2022-10-10 16:27:50.991276,ACC,2204624.jpg,2204624,2,0,NA
2204622_2,2022-10-10 16:27:47.975640,ACC,2204622.jpg,2204622,2,0,NA
2203255_2,2022-10-10 16:27:45.944696,ACC,2203255.jpg,2203255,2,0,NA
2202397_2,2022-10-10 16:27:44.694405,ACC,2202397.jpg,2202397,2,0,NA
2114844_2,2022-10-10 16:27:43.772558,ACC,2114844.jpg,2114844,2,0,NA
2203262_2,2022-10-10 16:27:43.085024,ACC,2203262.jpg,2203262,2,0,NA
2203261_2,2022-10-10 16:27:41.460011,ACC,2203261.jpg,2203261,2,0,NA
2203252_2,2022-10-10 16:27:40.444514,ACC,2203252.jpg,2203252,2,0,NA
2203222_2,2022-10-10 16:27:38.038148,ACC,2203222.jpg,2203222,2,0,NA
2203218_2,2022-10-10 16:27:36.944370,ACC,2203218.jpg,2203218,2,0,NA
2202374_2,2022-10-10 16:27:35.741261,ACC,2202374.jpg,2202374,2,0,NA
2202373_2,2022-10-10 16:27:34.881876,ACC,2202373.jpg,2202373,2,0,NA
2202372_2,2022-10-10 16:27:33.678732,ACC,2202372.jpg,2202372,2,0,NA
2114843_2,2022-10-10 16:27:32.709997,ACC,2114843.jpg,2114843,2,0,NA
1900541_1,2022-10-10 16:27:32.069354,ACC,1900541.jpg,1900541,1,0,NA
2205435_2,2022-10-10 16:27:30.241232,ACC,2205435.jpg,2205435,2,0,NA
2205404_2,2022-10-10 16:27:27.569345,ACC,2205404.jpg,2205404,2,0,NA
2204907_2,2022-10-10 16:27:25.506872,ACC,2204907.jpg,2204907,2,0,NA
2204905_2,2022-10-10 16:27:24.288112,ACC,2204905.jpg,2204905,2,0,NA
2115664_2,2022-10-10 16:27:21.506835,ACC,2115664.jpg,2115664,2,0,NA
2115662_2,2022-10-10 16:27:20.804013,ACC,2115662.jpg,2115662,2,0,NA
2115661_2,2022-10-10 16:27:20.116245,ACC,2115661.jpg,2115661,2,0,NA
2114873_2,2022-10-10 16:27:19.491211,ACC,2114873.jpg,2114873,2,0,NA
2108120_2,2022-10-10 16:27:18.866418,ACC,2108120.jpg,2108120,2,0,NA
1707284_1,2022-10-10 16:27:16.788088,ACC,1707284.jpg,1707284,1,0,NA
2208811_2,2022-10-10 16:27:15.772847,ACC,2208811.jpg,2208811,2,0,NA
2208806_2,2022-10-10 16:27:15.006816,ACC,2208806.jpg,2208806,2,0,NA
2205314_2,2022-10-10 16:27:14.147456,ACC,2205314.jpg,2205314,2,0,NA
2205313_2,2022-10-10 16:27:11.366205,ACC,2205313.jpg,2205313,2,0,NA
2201067_2,2022-10-10 16:27:08.538076,ACC,2201067.jpg,2201067,2,0,NA
2201064_2,2022-10-10 16:27:05.584936,ACC,2201064.jpg,2201064,2,0,NA
2111761_2,2022-10-10 16:27:03.413145,ACC,2111761.jpg,2111761,2,0,NA
2111528_2,2022-10-10 16:27:02.319466,ACC,2111528.jpg,2111528,2,0,NA
1911537_1,2022-10-10 16:27:00.178952,ACC,1911537.jpg,1911537,1,0,NA
2115245_2,2022-10-10 16:26:57.444288,ACC,2115245.jpg,2115245,2,0,NA
2115244_2,2022-10-10 16:26:56.725555,ACC,2115244.jpg,2115244,2,0,NA
2112928_2,2022-10-10 16:26:55.835030,ACC,2112928.jpg,2112928,2,0,NA
2111532_2,2022-10-10 16:26:55.147595,ACC,2111532.jpg,2111532,2,0,NA
2111505_2,2022-10-10 16:26:54.491181,ACC,2111505.jpg,2111505,2,0,NA
2111501_2,2022-10-10 16:26:53.725778,ACC,2111501.jpg,2111501,2,0,NA
1911617_1,2022-10-10 16:26:52.975560,ACC,1911617.jpg,1911617,1,0,NA
1905092_1,2022-10-10 16:26:51.569288,ACC,1905092.jpg,1905092,1,0,NA
1709084_1,2022-10-10 16:26:50.381933,ACC,1709084.jpg,1709084,1,0,NA
2205635_2,2022-10-10 16:26:49.413120,ACC,2205635.jpg,2205635,2,0,NA
2115584_2,2022-10-10 16:26:46.069252,ACC,2115584.jpg,2115584,2,0,NA
2115583_2,2022-10-10 16:26:44.881759,ACC,2115583.jpg,2115583,2,0,NA
2115582_2,2022-10-10 16:26:44.038034,ACC,2115582.jpg,2115582,2,0,NA
2115442_2,2022-10-10 16:26:43.116234,ACC,2115442.jpg,2115442,2,0,NA
2114785_2,2022-10-10 16:26:42.241150,ACC,2114785.jpg,2114785,2,0,NA
2001110_2,2022-10-10 16:26:41.178648,ACC,2001110.jpg,2001110,2,0,NA
1703836_1,2022-10-10 16:26:38.569257,ACC,1703836.jpg,1703836,1,0,NA
2207871_2,2022-10-10 16:26:37.147393,ACC,2207871.jpg,2207871,2,0,NA
2207865_2,2022-10-10 16:26:36.038004,ACC,2207865.jpg,2207865,2,0,NA
2207859_2,2022-10-10 16:26:34.866116,ACC,2207859.jpg,2207859,2,0,NA
2204328_2,2022-10-10 16:26:33.662984,ACC,2204328.jpg,2204328,2,0,NA
2204326_2,2022-10-10 16:26:32.209872,ACC,2204326.jpg,2204326,2,0,NA
2204216_2,2022-10-10 16:26:27.741119,ACC,2204216.jpg,2204216,2,0,NA
2204084_2,2022-10-10 16:26:25.038134,ACC,2204084.jpg,2204084,2,0,NA
2113664_2,2022-10-10 16:26:23.647358,ACC,2113664.jpg,2113664,2,0,NA
2110694_2,2022-10-10 16:26:22.428798,ACC,2110694.jpg,2110694,2,0,NA
2110693_2,2022-10-10 16:26:21.397325,ACC,2110693.jpg,2110693,2,0,NA
2010654_2,2022-10-10 16:26:20.209973,ACC,2010654.jpg,2010654,2,0,NA
1908804_1,2022-10-10 16:26:16.881718,ACC,1908804.jpg,1908804,1,0,NA
1908069_1,2022-10-10 16:26:15.522327,ACC,1908069.jpg,1908069,1,0,NA
1908067_1,2022-10-10 16:26:14.491140,ACC,1908067.jpg,1908067,1,0,NA
1908060_1,2022-10-10 16:26:13.772310,ACC,1908060.jpg,1908060,1,0,NA
1907562_1,2022-10-10 16:26:12.975473,ACC,1907562.jpg,1907562,1,0,NA
1907560_1,2022-10-10 16:26:12.022507,ACC,1907560.jpg,1907560,1,0,NA
1702852_1,2022-10-10 16:26:11.553921,ACC,1702852.jpg,1702852,1,0,NA
2208462_2,2022-10-10 16:26:09.069277,ACC,2208462.jpg,2208462,2,0,NA
2208399_2,2022-10-10 16:26:05.787939,ACC,2208399.jpg,2208399,2,0,NA
2208396_2,2022-10-10 16:26:02.084817,ACC,2208396.jpg,2208396,2,0,NA
2107772_2,2022-10-10 16:25:58.991066,ACC,2107772.jpg,2107772,2,0,NA
2210938_2,2022-10-10 16:25:57.834795,ACC,2210938.jpg,2210938,2,0,NA
2210937_2,2022-10-10 16:25:57.038057,ACC,2210937.jpg,2210937,2,0,NA
2210935_2,2022-10-10 16:25:55.850548,ACC,2210935.jpg,2210935,2,0,NA
2210933_2,2022-10-10 16:25:54.819171,ACC,2210933.jpg,2210933,2,0,NA
2209399_2,2022-10-10 16:25:54.116075,ACC,2209399.jpg,2209399,2,0,NA
2206690_2,2022-10-10 16:25:52.725410,ACC,2206690.jpg,2206690,2,0,NA
2206070_2,2022-10-10 16:25:51.100403,ACC,2206070.jpg,2206070,2,0,NA
2205105_2,2022-10-10 16:25:48.256858,ACC,2205105.jpg,2205105,2,0,NA
2205062_2,2022-10-10 16:25:45.975384,ACC,2205062.jpg,2205062,2,0,NA
2204318_2,2022-10-10 16:25:44.412879,ACC,2204318.jpg,2204318,2,0,NA
2204157_2,2022-10-10 16:25:42.225900,ACC,2204157.jpg,2204157,2,0,NA
2203780_2,2022-10-10 16:25:41.069203,ACC,2203780.jpg,2203780,2,0,NA
2203676_2,2022-10-10 16:25:37.944328,ACC,2203676.jpg,2203676,2,0,NA
2203055_2,2022-10-10 16:25:36.490993,ACC,2203055.jpg,2203055,2,0,NA
2104135_2,2022-10-10 16:25:34.897314,ACC,2104135.jpg,2104135,2,0,NA
2005881_2,2022-10-10 16:25:33.959762,ACC,2005881.jpg,2005881,2,0,NA
1800702_1,2022-10-10 16:25:33.178493,ACC,1800702.jpg,1800702,1,0,NA
1702860_1,2022-10-10 16:25:32.522229,ACC,1702860.jpg,1702860,1,0,NA
2210936_2,2022-10-10 16:25:29.506608,ACC,2210936.jpg,2210936,2,0,NA
2207869_2,2022-10-10 16:25:28.663069,ACC,2207869.jpg,2207869,2,0,NA
2207836_2,2022-10-10 16:25:24.381776,ACC,2207836.jpg,2207836,2,0,NA
2204214_2,2022-10-10 16:25:23.569525,ACC,2204214.jpg,2204214,2,0,NA
2114014_2,2022-10-10 16:25:21.209989,ACC,2114014.jpg,2114014,2,0,NA
2113665_2,2022-10-10 16:25:18.522285,ACC,2113665.jpg,2113665,2,0,NA
2108538_2,2022-10-10 16:25:17.616403,ACC,2108538.jpg,2108538,2,0,NA
2106909_2,2022-10-10 16:25:16.990948,ACC,2106909.jpg,2106909,2,0,NA
2106240_2,2022-10-10 16:25:16.522218,ACC,2106240.jpg,2106240,2,0,NA
2106239_2,2022-10-10 16:25:15.162827,ACC,2106239.jpg,2106239,2,0,NA
1812122_1,2022-10-10 16:25:14.397330,ACC,1812122.jpg,1812122,1,0,NA
1811141_1,2022-10-10 16:25:12.631588,ACC,1811141.jpg,1811141,1,0,NA
1710182_1,2022-10-10 16:25:11.615946,ACC,1710182.jpg,1710182,1,0,NA
1709811_1,2022-10-10 16:25:10.381582,ACC,1709811.jpg,1709811,1,0,NA
1709810_1,2022-10-10 16:25:09.194049,ACC,1709810.jpg,1709810,1,0,NA
1709184_1,2022-10-10 16:25:08.740953,ACC,1709184.jpg,1709184,1,0,NA
1708807_1,2022-10-10 16:25:06.929566,ACC,1708807.jpg,1708807,1,0,NA
1708649_1,2022-10-10 16:25:05.584682,ACC,1708649.jpg,1708649,1,0,NA
1706531_1,2022-10-10 16:25:04.772388,ACC,1706531.jpg,1706531,1,0,NA
2210205_2,2022-10-10 16:25:00.444335,ACC,2210205.jpg,2210205,2,0,NA
2209397_2,2022-10-10 16:24:59.600298,ACC,2209397.jpg,2209397,2,0,NA
2209331_2,2022-10-10 16:24:58.115901,ACC,2209331.jpg,2209331,2,0,NA
2207255_2,2022-10-10 16:24:56.850260,ACC,2207255.jpg,2207255,2,0,NA
2206680_2,2022-10-10 16:24:53.850286,ACC,2206680.jpg,2206680,2,0,NA
2204656_2,2022-10-10 16:24:52.850299,ACC,2204656.jpg,2204656,2,0,NA
2202551_2,2022-10-10 16:24:50.662863,ACC,2202551.jpg,2202551,2,0,NA
2112011_2,2022-10-10 16:24:49.303410,ACC,2112011.jpg,2112011,2,0,NA
2107771_2,2022-10-10 16:24:47.631511,ACC,2107771.jpg,2107771,2,0,NA
2107665_2,2022-10-10 16:24:46.975392,ACC,2107665.jpg,2107665,2,0,NA
2205584_2,2022-10-10 16:24:46.600250,ACC,2205584.jpg,2205584,2,0,NA
2205580_2,2022-10-10 16:24:45.350236,ACC,2205580.jpg,2205580,2,0,NA
2205577_2,2022-10-10 16:24:43.881504,ACC,2205577.jpg,2205577,2,0,NA
2205573_2,2022-10-10 16:24:42.569045,ACC,2205573.jpg,2205573,2,0,NA
2205570_2,2022-10-10 16:24:41.131490,ACC,2205570.jpg,2205570,2,0,NA
2205568_2,2022-10-10 16:24:39.803359,ACC,2205568.jpg,2205568,2,0,NA
2205563_2,2022-10-10 16:24:38.522105,ACC,2205563.jpg,2205563,2,0,NA
2205559_2,2022-10-10 16:24:35.834598,ACC,2205559.jpg,2205559,2,0,NA
2205551_2,2022-10-10 16:24:34.444060,ACC,2205551.jpg,2205551,2,0,NA
2205542_2,2022-10-10 16:24:33.225330,ACC,2205542.jpg,2205542,2,0,NA
2205539_2,2022-10-10 16:24:29.928355,ACC,2205539.jpg,2205539,2,0,NA
2205535_2,2022-10-10 16:24:26.678350,ACC,2205535.jpg,2205535,2,0,NA
2205529_2,2022-10-10 16:24:23.131466,ACC,2205529.jpg,2205529,2,0,NA
2205523_2,2022-10-10 16:24:20.303316,ACC,2205523.jpg,2205523,2,0,NA
2205518_2,2022-10-10 16:24:18.693923,ACC,2205518.jpg,2205518,2,0,NA
2205516_2,2022-10-10 16:24:15.475182,ACC,2205516.jpg,2205516,2,0,NA
2205513_2,2022-10-10 16:24:11.600226,ACC,2205513.jpg,2205513,2,0,NA
2205511_2,2022-10-10 16:24:10.647032,ACC,2205511.jpg,2205511,2,0,NA
2205508_2,2022-10-10 16:24:07.147036,ACC,2205508.jpg,2205508,2,0,NA
2205504_2,2022-10-10 16:24:04.397010,ACC,2205504.jpg,2205504,2,0,NA
2205374_2,2022-10-10 16:24:00.553278,ACC,2205374.jpg,2205374,2,0,NA
2205372_2,2022-10-10 16:23:59.022206,ACC,2205372.jpg,2205372,2,0,NA
2203375_2,2022-10-10 16:23:54.506384,ACC,2203375.jpg,2203375,2,0,NA
2203258_2,2022-10-10 16:23:51.475221,ACC,2203258.jpg,2203258,2,0,NA
2203256_2,2022-10-10 16:23:48.334484,ACC,2203256.jpg,2203256,2,0,NA
2203254_2,2022-10-10 16:23:45.193863,ACC,2203254.jpg,2203254,2,0,NA
2203253_2,2022-10-10 16:23:42.178227,ACC,2203253.jpg,2203253,2,0,NA
2203184_2,2022-10-10 16:23:38.287675,ACC,2203184.jpg,2203184,2,0,NA
2203183_2,2022-10-10 16:23:36.162607,ACC,2203183.jpg,2203183,2,0,NA
2203024_2,2022-10-10 16:23:34.178241,ACC,2203024.jpg,2203024,2,0,NA
2203013_2,2022-10-10 16:23:30.787582,ACC,2203013.jpg,2203013,2,0,NA
2203012_2,2022-10-10 16:23:29.225520,ACC,2203012.jpg,2203012,2,0,NA
2202815_2,2022-10-10 16:23:26.053621,ACC,2202815.jpg,2202815,2,0,NA
2202814_2,2022-10-10 16:23:22.506347,ACC,2202814.jpg,2202814,2,0,NA
2202812_2,2022-10-10 16:23:19.209898,ACC,2202812.jpg,2202812,2,0,NA
2201894_2,2022-10-10 16:23:15.459429,ACC,2201894.jpg,2201894,2,0,NA
2201872_2,2022-10-10 16:23:14.334417,ACC,2201872.jpg,2201872,2,0,NA
2201871_2,2022-10-10 16:23:12.662573,ACC,2201871.jpg,2201871,2,0,NA
2201716_2,2022-10-10 16:23:10.631284,ACC,2201716.jpg,2201716,2,0,NA
2201038_2,2022-10-10 16:23:09.334490,ACC,2201038.jpg,2201038,2,0,NA
2200750_2,2022-10-10 16:22:59.210758,ACC,2200750.jpg,2200750,2,0,NA
2200284_2,2022-10-10 16:22:58.100022,ACC,2200284.jpg,2200284,2,0,NA
2200282_2,2022-10-10 16:22:56.865669,ACC,2200282.jpg,2200282,2,0,NA
2200281_2,2022-10-10 16:22:55.381239,ACC,2200281.jpg,2200281,2,0,NA
2115734_2,2022-10-10 16:22:54.115629,ACC,2115734.jpg,2115734,2,0,NA
2115732_2,2022-10-10 16:22:53.209373,ACC,2115732.jpg,2115732,2,0,NA
2115228_2,2022-10-10 16:22:52.287521,ACC,2115228.jpg,2115228,2,0,NA
2115191_2,2022-10-10 16:22:51.319071,ACC,2115191.jpg,2115191,2,0,NA
2115190_2,2022-10-10 16:22:50.084565,ACC,2115190.jpg,2115190,2,0,NA
2114374_2,2022-10-10 16:22:48.834355,ACC,2114374.jpg,2114374,2,0,NA
2114372_2,2022-10-10 16:22:42.240599,ACC,2114372.jpg,2114372,2,0,NA
2114371_2,2022-10-10 16:22:38.897254,ACC,2114371.jpg,2114371,2,0,NA
2114370_2,2022-10-10 16:22:31.568726,ACC,2114370.jpg,2114370,2,0,NA
2114296_2,2022-10-10 16:22:26.318672,ACC,2114296.jpg,2114296,2,0,NA
2114295_2,2022-10-10 16:22:25.256190,ACC,2114295.jpg,2114295,2,0,NA
2114293_2,2022-10-10 16:22:24.365545,ACC,2114293.jpg,2114293,2,0,NA
2113509_2,2022-10-10 16:22:23.334307,ACC,2113509.jpg,2113509,2,0,NA
2113507_2,2022-10-10 16:22:22.100003,ACC,2113507.jpg,2113507,2,0,NA
2113148_2,2022-10-10 16:22:21.287446,ACC,2113148.jpg,2113148,2,0,NA
2113123_2,2022-10-10 16:22:19.974952,ACC,2113123.jpg,2113123,2,0,NA
2113120_2,2022-10-10 16:22:19.178056,ACC,2113120.jpg,2113120,2,0,NA
2112236_2,2022-10-10 16:22:18.318847,ACC,2112236.jpg,2112236,2,0,NA
2112104_2,2022-10-10 16:22:17.131183,ACC,2112104.jpg,2112104,2,0,NA
2111994_2,2022-10-10 16:22:15.740550,ACC,2111994.jpg,2111994,2,0,NA
2111991_2,2022-10-10 16:22:14.349909,ACC,2111991.jpg,2111991,2,0,NA
2111968_2,2022-10-10 16:22:13.037414,ACC,2111968.jpg,2111968,2,0,NA
2111494_2,2022-10-10 16:22:11.381143,ACC,2111494.jpg,2111494,2,0,NA
2111491_2,2022-10-10 16:22:10.240546,ACC,2111491.jpg,2111491,2,0,NA
2111489_2,2022-10-10 16:22:08.881151,ACC,2111489.jpg,2111489,2,0,NA
2111183_2,2022-10-10 16:22:07.584283,ACC,2111183.jpg,2111183,2,0,NA
2110578_2,2022-10-10 16:22:06.662530,ACC,2110578.jpg,2110578,2,0,NA
2110577_2,2022-10-10 16:22:05.349897,ACC,2110577.jpg,2110577,2,0,NA
2110575_2,2022-10-10 16:21:59.052988,ACC,2110575.jpg,2110575,2,0,NA
2110574_2,2022-10-10 16:21:57.349911,ACC,2110574.jpg,2110574,2,0,NA
2110020_2,2022-10-10 16:21:55.677997,ACC,2110020.jpg,2110020,2,0,NA
2110014_2,2022-10-10 16:21:51.818598,ACC,2110014.jpg,2110014,2,0,NA
2109236_2,2022-10-10 16:21:50.568662,ACC,2109236.jpg,2109236,2,0,NA
2106306_2,2022-10-10 16:21:49.162369,ACC,2106306.jpg,2106306,2,0,NA
2106269_2,2022-10-10 16:21:42.662681,ACC,2106269.jpg,2106269,2,0,NA
2106268_2,2022-10-10 16:21:38.068586,ACC,2106268.jpg,2106268,2,0,NA
2105933_2,2022-10-10 16:21:37.021749,ACC,2105933.jpg,2105933,2,0,NA
2105927_2,2022-10-10 16:21:32.912439,ACC,2105927.jpg,2105927,2,0,NA
1810342_1,2022-10-10 16:21:31.287318,ACC,1810342.jpg,1810342,1,0,NA
2210433_2,2022-10-10 16:21:30.709196,ACC,2210433.jpg,2210433,2,0,NA
2209215_2,2022-10-10 16:21:29.099851,ACC,2209215.jpg,2209215,2,0,NA
2209201_2,2022-10-10 16:21:27.959191,ACC,2209201.jpg,2209201,2,0,NA
2204759_2,2022-10-10 16:21:27.115553,ACC,2204759.jpg,2204759,2,0,NA
2204758_2,2022-10-10 16:21:25.053039,ACC,2204758.jpg,2204758,2,0,NA
2200097_2,2022-10-10 16:21:23.099804,ACC,2200097.jpg,2200097,2,0,NA
2200017_2,2022-10-10 16:21:22.021677,ACC,2200017.jpg,2200017,2,0,NA
2200014_2,2022-10-10 16:21:21.006452,ACC,2200014.jpg,2200014,2,0,NA
2115646_2,2022-10-10 16:21:18.615415,ACC,2115646.jpg,2115646,2,0,NA
2115645_2,2022-10-10 16:21:17.537581,ACC,2115645.jpg,2115645,2,0,NA
2114919_2,2022-10-10 16:21:16.193522,ACC,2114919.jpg,2114919,2,0,NA
2114831_2,2022-10-10 16:21:13.427922,ACC,2114831.jpg,2114831,2,0,NA
2105707_2,2022-10-10 16:21:10.646780,ACC,2105707.jpg,2105707,2,0,NA
2204022_2,2022-10-10 16:20:51.381407,ACC,2204022.jpg,2204022,2,0,NA
2201518_2,2022-10-10 16:20:49.646608,ACC,2201518.jpg,2201518,2,0,NA
2114917_2,2022-10-10 16:20:48.599730,ACC,2114917.jpg,2114917,2,0,NA
2111766_2,2022-10-10 16:20:47.537242,ACC,2111766.jpg,2111766,2,0,NA
2109078_2,2022-10-10 16:20:45.412226,ACC,2109078.jpg,2109078,2,0,NA
2105223_2,2022-10-10 16:20:42.615367,ACC,2105223.jpg,2105223,2,0,NA
2001096_2,2022-10-10 16:20:40.849712,ACC,2001096.jpg,2001096,2,0,NA
1907530_1,2022-10-10 16:20:38.224703,ACC,1907530.jpg,1907530,1,0,NA
2209305_2,2022-10-10 16:20:37.849693,ACC,2209305.jpg,2209305,2,0,NA
2205371_2,2022-10-10 16:20:36.412858,ACC,2205371.jpg,2205371,2,0,NA
2200015_2,2022-10-10 16:20:34.068470,ACC,2200015.jpg,2200015,2,0,NA
2115655_2,2022-10-10 16:20:32.334070,ACC,2115655.jpg,2115655,2,0,NA
2114920_2,2022-10-10 16:20:28.709037,ACC,2114920.jpg,2114920,2,0,NA
2114913_2,2022-10-10 16:20:27.990987,ACC,2114913.jpg,2114913,2,0,NA
2114478_2,2022-10-10 16:20:27.130929,ACC,2114478.jpg,2114478,2,0,NA
2112287_2,2022-10-10 16:20:24.209057,ACC,2112287.jpg,2112287,2,0,NA
2111447_2,2022-10-10 16:20:22.552791,ACC,2111447.jpg,2111447,2,0,NA
2111446_2,2022-10-10 16:20:21.834021,ACC,2111446.jpg,2111446,2,0,NA
2002647_2,2022-10-10 16:20:20.131246,ACC,2002647.jpg,2002647,2,0,NA
1912226_1,2022-10-10 16:20:18.600082,ACC,1912226.jpg,1912226,1,0,NA
1905319_1,2022-10-10 16:20:15.646649,ACC,1905319.jpg,1905319,1,0,NA
2209680_2,2022-10-10 16:20:13.865446,ACC,2209680.jpg,2209680,2,0,NA
2209317_2,2022-10-10 16:20:12.162169,ACC,2209317.jpg,2209317,2,0,NA
2205232_2,2022-10-10 16:20:09.459013,ACC,2205232.jpg,2205232,2,0,NA
2205231_2,2022-10-10 16:20:07.302949,ACC,2205231.jpg,2205231,2,0,NA
2205229_2,2022-10-10 16:20:05.725068,ACC,2205229.jpg,2205229,2,0,NA
2204635_2,2022-10-10 16:20:02.693403,ACC,2204635.jpg,2204635,2,0,NA
2204632_2,2022-10-10 16:20:00.708996,ACC,2204632.jpg,2204632,2,0,NA
2204628_2,2022-10-10 16:19:58.865251,ACC,2204628.jpg,2204628,2,0,NA
2204494_2,2022-10-10 16:19:57.334089,ACC,2204494.jpg,2204494,2,0,NA
2204492_2,2022-10-10 16:19:56.099634,ACC,2204492.jpg,2204492,2,0,NA
2204491_2,2022-10-10 16:19:54.349622,ACC,2204491.jpg,2204491,2,0,NA
2204364_2,2022-10-10 16:19:51.755845,ACC,2204364.jpg,2204364,2,0,NA
2204363_2,2022-10-10 16:19:49.302707,ACC,2204363.jpg,2204363,2,0,NA
2204348_2,2022-10-10 16:19:46.833962,ACC,2204348.jpg,2204348,2,0,NA
2204267_2,2022-10-10 16:19:43.037057,ACC,2204267.jpg,2204267,2,0,NA
2204185_2,2022-10-10 16:19:41.021663,ACC,2204185.jpg,2204185,2,0,NA
2204168_2,2022-10-10 16:19:39.177714,ACC,2204168.jpg,2204168,2,0,NA
2203761_2,2022-10-10 16:19:37.225018,ACC,2203761.jpg,2203761,2,0,NA
2203660_2,2022-10-10 16:19:34.630805,ACC,2203660.jpg,2203660,2,0,NA
2201901_2,2022-10-10 16:19:33.099587,ACC,2201901.jpg,2201901,2,0,NA
2201881_2,2022-10-10 16:19:31.505795,ACC,2201881.jpg,2201881,2,0,NA
2201726_2,2022-10-10 16:19:29.880796,ACC,2201726.jpg,2201726,2,0,NA
2201725_2,2022-10-10 16:19:28.052654,ACC,2201725.jpg,2201725,2,0,NA
2200671_2,2022-10-10 16:19:27.208913,ACC,2200671.jpg,2200671,2,0,NA
2115936_2,2022-10-10 16:19:25.537017,ACC,2115936.jpg,2115936,2,0,NA
2115460_2,2022-10-10 16:19:24.599548,ACC,2115460.jpg,2115460,2,0,NA
2114866_2,2022-10-10 16:19:23.740174,ACC,2114866.jpg,2114866,2,0,NA
2114269_2,2022-10-10 16:19:21.896385,ACC,2114269.jpg,2114269,2,0,NA
2114260_2,2022-10-10 16:19:19.505752,ACC,2114260.jpg,2114260,2,0,NA
2114257_2,2022-10-10 16:19:19.115149,ACC,2114257.jpg,2114257,2,0,NA
2114185_2,2022-10-10 16:19:16.818254,ACC,2114185.jpg,2114185,2,0,NA
2114184_2,2022-10-10 16:19:15.959402,ACC,2114184.jpg,2114184,2,0,NA
2114182_2,2022-10-10 16:19:14.958895,ACC,2114182.jpg,2114182,2,0,NA
2114179_2,2022-10-10 16:19:13.959053,ACC,2114179.jpg,2114179,2,0,NA
2114177_2,2022-10-10 16:19:12.802618,ACC,2114177.jpg,2114177,2,0,NA
2114175_2,2022-10-10 16:19:11.865144,ACC,2114175.jpg,2114175,2,0,NA
2113825_2,2022-10-10 16:19:09.833860,ACC,2113825.jpg,2113825,2,0,NA
2113687_2,2022-10-10 16:19:09.240122,ACC,2113687.jpg,2113687,2,0,NA
2113356_2,2022-10-10 16:19:06.458933,ACC,2113356.jpg,2113356,2,0,NA
2111706_2,2022-10-10 16:19:05.646372,ACC,2111706.jpg,2111706,2,0,NA
2111699_2,2022-10-10 16:19:04.052820,ACC,2111699.jpg,2111699,2,0,NA
2110988_2,2022-10-10 16:19:02.209163,ACC,2110988.jpg,2110988,2,0,NA
2110705_2,2022-10-10 16:19:01.162045,ACC,2110705.jpg,2110705,2,0,NA
2110704_2,2022-10-10 16:18:59.787001,ACC,2110704.jpg,2110704,2,0,NA
2110201_2,2022-10-10 16:18:57.975527,ACC,2110201.jpg,2110201,2,0,NA
2110199_2,2022-10-10 16:18:55.490337,ACC,2110199.jpg,2110199,2,0,NA
2108882_2,2022-10-10 16:18:54.818182,ACC,2108882.jpg,2108882,2,0,NA
2108881_2,2022-10-10 16:18:54.115036,ACC,2108881.jpg,2108881,2,0,NA
2108880_2,2022-10-10 16:18:52.552546,ACC,2108880.jpg,2108880,2,0,NA
2108879_2,2022-10-10 16:18:50.896419,ACC,2108879.jpg,2108879,2,0,NA
2108878_2,2022-10-10 16:18:48.958763,ACC,2108878.jpg,2108878,2,0,NA
2108877_2,2022-10-10 16:18:47.380613,ACC,2108877.jpg,2108877,2,0,NA
2108876_2,2022-10-10 16:18:45.630611,ACC,2108876.jpg,2108876,2,0,NA
2108875_2,2022-10-10 16:18:43.989953,ACC,2108875.jpg,2108875,2,0,NA
2108833_2,2022-10-10 16:18:42.474412,ACC,2108833.jpg,2108833,2,0,NA
2107769_2,2022-10-10 16:18:40.239955,ACC,2107769.jpg,2107769,2,0,NA
2107768_2,2022-10-10 16:18:38.880626,ACC,2107768.jpg,2107768,2,0,NA
2107195_2,2022-10-10 16:18:37.630548,ACC,2107195.jpg,2107195,2,0,NA
2106225_2,2022-10-10 16:18:36.489875,ACC,2106225.jpg,2106225,2,0,NA
2106192_2,2022-10-10 16:18:34.694093,ACC,2106192.jpg,2106192,2,0,NA
2105945_2,2022-10-10 16:18:33.114869,ACC,2105945.jpg,2105945,2,0,NA
2104930_2,2022-10-10 16:18:31.474228,ACC,2104930.jpg,2104930,2,0,NA
2104473_2,2022-10-10 16:18:30.364831,ACC,2104473.jpg,2104473,2,0,NA
2102671_2,2022-10-10 16:18:29.286878,ACC,2102671.jpg,2102671,2,0,NA
2102669_2,2022-10-10 16:18:28.099174,ACC,2102669.jpg,2102669,2,0,NA
2102654_2,2022-10-10 16:18:26.708764,ACC,2102654.jpg,2102654,2,0,NA
2014387_2,2022-10-10 16:18:25.208914,ACC,2014387.jpg,2014387,2,0,NA
2014385_2,2022-10-10 16:18:22.927287,ACC,2014385.jpg,2014385,2,0,NA
2014144_2,2022-10-10 16:18:19.505354,ACC,2014144.jpg,2014144,2,0,NA
2011273_2,2022-10-10 16:18:17.349484,ACC,2011273.jpg,2011273,2,0,NA
2006887_2,2022-10-10 16:18:15.286843,ACC,2006887.jpg,2006887,2,0,NA
1910932_1,2022-10-10 16:18:13.740715,ACC,1910932.jpg,1910932,1,0,NA
2205615_2,2022-10-10 16:18:12.114701,ACC,2205615.jpg,2205615,2,0,NA
2115656_2,2022-10-10 16:18:10.630938,ACC,2115656.jpg,2115656,2,0,NA
2114867_2,2022-10-10 16:18:09.614661,ACC,2114867.jpg,2114867,2,0,NA
2114801_2,2022-10-10 16:18:06.958399,ACC,2114801.jpg,2114801,2,0,NA
2111779_2,2022-10-10 16:18:06.099015,ACC,2111779.jpg,2111779,2,0,NA
2111457_2,2022-10-10 16:18:05.489606,ACC,2111457.jpg,2111457,2,0,NA
2106086_2,2022-10-10 16:18:04.911476,ACC,2106086.jpg,2106086,2,0,NA
2106019_2,2022-10-10 16:18:02.942707,ACC,2106019.jpg,2106019,2,0,NA
2105959_2,2022-10-10 16:18:01.692710,ACC,2105959.jpg,2105959,2,0,NA
2105244_2,2022-10-10 16:18:00.052071,ACC,2105244.jpg,2105244,2,0,NA
2014377_2,2022-10-10 16:17:58.177072,ACC,2014377.jpg,2014377,2,0,NA
2206952_2,2022-10-10 16:17:53.364610,ACC,2206952.jpg,2206952,2,0,NA
2205282_2,2022-10-10 16:17:51.147161,ACC,2205282.jpg,2205282,2,0,NA
2212942_2,2022-10-10 16:17:48.036770,ACC,2212942.jpg,2212942,2,0,NA
2209417_2,2022-10-10 16:17:46.614795,ACC,2209417.jpg,2209417,2,0,NA
2209241_2,2022-10-10 16:17:45.208187,ACC,2209241.jpg,2209241,2,0,NA
2206926_2,2022-10-10 16:17:43.630049,ACC,2206926.jpg,2206926,2,0,NA
2206924_2,2022-10-10 16:17:41.942556,ACC,2206924.jpg,2206924,2,0,NA
2205689_2,2022-10-10 16:17:40.255653,ACC,2205689.jpg,2205689,2,0,NA
2205424_2,2022-10-10 16:17:36.692715,ACC,2205424.jpg,2205424,2,0,NA
2205399_2,2022-10-10 16:17:34.598893,ACC,2205399.jpg,2205399,2,0,NA
2205396_2,2022-10-10 16:17:29.801817,ACC,2205396.jpg,2205396,2,0,NA
2205390_2,2022-10-10 16:17:25.895976,ACC,2205390.jpg,2205390,2,0,NA
2205383_2,2022-10-10 16:17:20.614229,ACC,2205383.jpg,2205383,2,0,NA
2205380_2,2022-10-10 16:17:16.395447,ACC,2205380.jpg,2205380,2,0,NA
2205378_2,2022-10-10 16:16:32.879466,ACC,2205378.jpg,2205378,2,0,NA
2205377_2,2022-10-10 16:16:29.520354,ACC,2205377.jpg,2205377,2,0,NA
2205283_2,2022-10-10 16:16:26.223142,ACC,2205283.jpg,2205283,2,0,NA
2205281_2,2022-10-10 16:16:24.910794,ACC,2205281.jpg,2205281,2,0,NA
2205279_2,2022-10-10 16:16:22.504551,ACC,2205279.jpg,2205279,2,0,NA
2205278_2,2022-10-10 16:16:21.332468,ACC,2205278.jpg,2205278,2,0,NA
2201057_2,2022-10-10 16:16:19.957466,ACC,2201057.jpg,2201057,2,0,NA
2114965_2,2022-10-10 16:16:19.082523,ACC,2114965.jpg,2114965,2,0,NA
2114964_2,2022-10-10 16:16:18.254473,ACC,2114964.jpg,2114964,2,0,NA
2114963_2,2022-10-10 16:16:17.348075,ACC,2114963.jpg,2114963,2,0,NA
2114855_2,2022-10-10 16:16:16.301177,ACC,2114855.jpg,2114855,2,0,NA
2111418_2,2022-10-10 16:16:14.988945,ACC,2111418.jpg,2111418,2,0,NA
2111406_2,2022-10-10 16:16:13.723063,ACC,2111406.jpg,2111406,2,0,NA
2111399_2,2022-10-10 16:16:12.457397,ACC,2111399.jpg,2111399,2,0,NA
2102242_2,2022-10-10 16:16:11.019976,ACC,2102242.jpg,2102242,2,0,NA
2006711_2,2022-10-10 16:16:07.238578,ACC,2006711.jpg,2006711,2,0,NA
2109393_2,2022-10-10 16:16:05.691721,ACC,2109393.jpg,2109393,2,0,NA
2109392_2,2022-10-10 16:16:04.254225,ACC,2109392.jpg,2109392,2,0,NA
2109391_2,2022-10-10 16:16:03.316695,ACC,2109391.jpg,2109391,2,0,NA
2109390_2,2022-10-10 16:16:01.629386,ACC,2109390.jpg,2109390,2,0,NA
2109389_2,2022-10-10 16:16:00.176050,ACC,2109389.jpg,2109389,2,0,NA
2109388_2,2022-10-10 16:15:58.410385,ACC,2109388.jpg,2109388,2,0,NA
2109387_2,2022-10-10 16:15:57.097882,ACC,2109387.jpg,2109387,2,0,NA
2109386_2,2022-10-10 16:15:55.754122,ACC,2109386.jpg,2109386,2,0,NA
2109385_2,2022-10-10 16:15:54.269734,ACC,2109385.jpg,2109385,2,0,NA
2109384_2,2022-10-10 16:15:53.254378,ACC,2109384.jpg,2109384,2,0,NA
2109383_2,2022-10-10 16:15:51.785342,ACC,2109383.jpg,2109383,2,0,NA
2109381_2,2022-10-10 16:15:50.254188,ACC,2109381.jpg,2109381,2,0,NA
2109338_2,2022-10-10 16:15:47.988410,ACC,2109338.jpg,2109338,2,0,NA
2109337_2,2022-10-10 16:15:47.254040,ACC,2109337.jpg,2109337,2,0,NA
2109336_2,2022-10-10 16:15:46.550896,ACC,2109336.jpg,2109336,2,0,NA
2108419_2,2022-10-10 16:15:45.254021,ACC,2108419.jpg,2108419,2,0,NA
2108399_2,2022-10-10 16:15:41.675873,ACC,2108399.jpg,2108399,2,0,NA
2108078_2,2022-10-10 16:15:38.332073,ACC,2108078.jpg,2108078,2,0,NA
2108075_2,2022-10-10 16:15:37.222687,ACC,2108075.jpg,2108075,2,0,NA
2106063_2,2022-10-10 16:15:36.566450,ACC,2106063.jpg,2106063,2,0,NA
2105952_2,2022-10-10 16:15:35.691439,ACC,2105952.jpg,2105952,2,0,NA
2105949_2,2022-10-10 16:15:33.253918,ACC,2105949.jpg,2105949,2,0,NA
2105730_2,2022-10-10 16:15:32.441411,ACC,2105730.jpg,2105730,2,0,NA
2105729_2,2022-10-10 16:15:31.800765,ACC,2105729.jpg,2105729,2,0,NA
2105305_2,2022-10-10 16:15:29.363252,ACC,2105305.jpg,2105305,2,0,NA
2104617_2,2022-10-10 16:15:28.695529,ACC,2104617.jpg,2104617,2,0,NA
2103345_2,2022-10-10 16:15:27.285125,ACC,2103345.jpg,2103345,2,0,NA
2102979_2,2022-10-10 16:15:26.566378,ACC,2102979.jpg,2102979,2,0,NA
2102978_2,2022-10-10 16:15:25.035109,ACC,2102978.jpg,2102978,2,0,NA
2102975_2,2022-10-10 16:15:24.050747,ACC,2102975.jpg,2102975,2,0,NA
2000290_2,2022-10-10 16:15:23.082071,ACC,2000290.jpg,2000290,2,0,NA
1908102_1,2022-10-10 16:15:22.410639,ACC,1908102.jpg,1908102,1,0,NA
1908100_1,2022-10-10 16:15:20.457039,ACC,1908100.jpg,1908100,1,0,NA
1908099_1,2022-10-10 16:15:19.222535,ACC,1908099.jpg,1908099,1,0,NA
2206921_2,2022-10-10 16:15:17.691279,ACC,2206921.jpg,2206921,2,0,NA
2206188_2,2022-10-10 16:15:17.019401,ACC,2206188.jpg,2206188,2,0,NA
2205123_2,2022-10-10 16:15:14.831871,ACC,2205123.jpg,2205123,2,0,NA
2205120_2,2022-10-10 16:15:13.769370,ACC,2205120.jpg,2205120,2,0,NA
2200969_2,2022-10-10 16:15:12.316234,ACC,2200969.jpg,2200969,2,0,NA
2115048_2,2022-10-10 16:15:11.659982,ACC,2115048.jpg,2115048,2,0,NA
2115045_2,2022-10-10 16:15:10.754076,ACC,2115045.jpg,2115045,2,0,NA
2115041_2,2022-10-10 16:15:08.784973,ACC,2115041.jpg,2115041,2,0,NA
2115028_2,2022-10-10 16:15:06.926398,ACC,2115028.jpg,2115028,2,0,NA
2115021_2,2022-10-10 16:15:04.535109,ACC,2115021.jpg,2115021,2,0,NA
2114505_2,2022-10-10 16:15:03.816244,ACC,2114505.jpg,2114505,2,0,NA
2114499_2,2022-10-10 16:15:01.206856,ACC,2114499.jpg,2114499,2,0,NA
2113595_2,2022-10-10 16:14:59.191109,ACC,2113595.jpg,2113595,2,0,NA
2113594_2,2022-10-10 16:14:58.019494,ACC,2113594.jpg,2113594,2,0,NA
2111940_2,2022-10-10 16:14:56.894371,ACC,2111940.jpg,2111940,2,0,NA
2111929_2,2022-10-10 16:14:56.159859,ACC,2111929.jpg,2111929,2,0,NA
2111514_2,2022-10-10 16:14:54.331694,ACC,2111514.jpg,2111514,2,0,NA
2111513_2,2022-10-10 16:14:53.503581,ACC,2111513.jpg,2111513,2,0,NA
2111470_2,2022-10-10 16:14:52.909816,ACC,2111470.jpg,2111470,2,0,NA
2111431_2,2022-10-10 16:14:52.300453,ACC,2111431.jpg,2111431,2,0,NA
2111181_2,2022-10-10 16:14:51.581697,ACC,2111181.jpg,2111181,2,0,NA
2109524_2,2022-10-10 16:14:49.581675,ACC,2109524.jpg,2109524,2,0,NA
2109380_2,2022-10-10 16:14:48.269159,ACC,2109380.jpg,2109380,2,0,NA
2109378_2,2022-10-10 16:14:46.987904,ACC,2109378.jpg,2109378,2,0,NA
2109153_2,2022-10-10 16:14:46.112892,ACC,2109153.jpg,2109153,2,0,NA
2109059_2,2022-10-10 16:14:45.347258,ACC,2109059.jpg,2109059,2,0,NA
2109057_2,2022-10-10 16:14:44.269125,ACC,2109057.jpg,2109057,2,0,NA
2107879_2,2022-10-10 16:14:43.581628,ACC,2107879.jpg,2107879,2,0,NA
2107575_2,2022-10-10 16:14:41.565971,ACC,2107575.jpg,2107575,2,0,NA
2107570_2,2022-10-10 16:14:40.878474,ACC,2107570.jpg,2107570,2,0,NA
2107567_2,2022-10-10 16:14:38.628696,ACC,2107567.jpg,2107567,2,0,NA
2106347_2,2022-10-10 16:14:37.284695,ACC,2106347.jpg,2106347,2,0,NA
2106336_2,2022-10-10 16:14:36.112976,ACC,2106336.jpg,2106336,2,0,NA
2106076_2,2022-10-10 16:14:34.909650,ACC,2106076.jpg,2106076,2,0,NA
2106057_2,2022-10-10 16:14:33.519273,ACC,2106057.jpg,2106057,2,0,NA
2106028_2,2022-10-10 16:14:32.659803,ACC,2106028.jpg,2106028,2,0,NA
2105964_2,2022-10-10 16:14:31.659624,ACC,2105964.jpg,2105964,2,0,NA
2105947_2,2022-10-10 16:14:29.644146,ACC,2105947.jpg,2105947,2,0,NA
2105725_2,2022-10-10 16:14:28.940876,ACC,2105725.jpg,2105725,2,0,NA
2103351_2,2022-10-10 16:14:26.972092,ACC,2103351.jpg,2103351,2,0,NA
2100873_2,2022-10-10 16:14:25.878365,ACC,2100873.jpg,2100873,2,0,NA
2014205_2,2022-10-10 16:14:25.237702,ACC,2014205.jpg,2014205,2,0,NA
2014204_2,2022-10-10 16:14:22.503293,ACC,2014204.jpg,2014204,2,0,NA
2013012_2,2022-10-10 16:14:21.956469,ACC,2013012.jpg,2013012,2,0,NA
1909082_1,2022-10-10 16:14:21.112663,ACC,1909082.jpg,1909082,1,0,NA
1904817_1,2022-10-10 16:14:20.003389,ACC,1904817.jpg,1904817,1,0,NA
1904353_1,2022-10-10 16:14:17.097018,ACC,1904353.jpg,1904353,1,0,NA
2112684_2,2022-10-10 16:14:15.706371,ACC,2112684.jpg,2112684,2,0,NA
2112672_2,2022-10-10 16:14:14.628346,ACC,2112672.jpg,2112672,2,0,NA
2111786_2,2022-10-10 16:14:12.487602,ACC,2111786.jpg,2111786,2,0,NA
2108445_2,2022-10-10 16:14:11.596971,ACC,2108445.jpg,2108445,2,0,NA
2105239_2,2022-10-10 16:14:11.221972,ACC,2105239.jpg,2105239,2,0,NA
2014432_2,2022-10-10 16:14:09.909444,ACC,2014432.jpg,2014432,2,0,NA
1911639_1,2022-10-10 16:14:09.221946,ACC,1911639.jpg,1911639,1,0,NA
2209036_2,2022-10-10 16:14:08.815692,ACC,2209036.jpg,2209036,2,0,NA
2010923_2,2022-10-10 16:14:07.940664,ACC,2010923.jpg,2010923,2,0,NA
2010909_2,2022-10-10 16:14:07.284456,ACC,2010909.jpg,2010909,2,0,NA
2010908_2,2022-10-10 16:14:04.925033,ACC,2010908.jpg,2010908,2,0,NA
2011285_2,2022-10-10 16:14:04.081281,ACC,2011285.jpg,2011285,2,0,NA
2007614_2,2022-10-10 16:14:02.800397,ACC,2007614.jpg,2007614,2,0,NA
2007613_2,2022-10-10 16:13:59.815916,ACC,2007613.jpg,2007613,2,0,NA
2001098_2,2022-10-10 16:13:58.659431,ACC,2001098.jpg,2001098,2,0,NA
2001001_2,2022-10-10 16:13:57.315572,ACC,2001001.jpg,2001001,2,0,NA
2210540_2,2022-10-10 16:13:56.549929,ACC,2210540.jpg,2210540,2,0,NA
2210530_2,2022-10-10 16:13:54.471791,ACC,2210530.jpg,2210530,2,0,NA
2112032_2,2022-10-10 16:13:51.768693,ACC,2112032.jpg,2112032,2,0,NA
2109138_2,2022-10-10 16:13:50.721826,ACC,2109138.jpg,2109138,2,0,NA
2106355_2,2022-10-10 16:13:49.377948,ACC,2106355.jpg,2106355,2,0,NA
2209183_2,2022-10-10 16:13:46.893644,ACC,2209183.jpg,2209183,2,0,NA
2205074_2,2022-10-10 16:13:46.174790,ACC,2205074.jpg,2205074,2,0,NA
2205071_2,2022-10-10 16:13:44.737362,ACC,2205071.jpg,2205071,2,0,NA
2200417_2,2022-10-10 16:13:42.784078,ACC,2200417.jpg,2200417,2,0,NA
2114839_2,2022-10-10 16:13:40.534069,ACC,2114839.jpg,2114839,2,0,NA
2114836_2,2022-10-10 16:13:39.659047,ACC,2114836.jpg,2114836,2,0,NA
2114834_2,2022-10-10 16:13:37.002762,ACC,2114834.jpg,2114834,2,0,NA
2112487_2,2022-10-10 16:13:35.143426,ACC,2112487.jpg,2112487,2,0,NA
2111910_2,2022-10-10 16:13:33.721631,ACC,2111910.jpg,2111910,2,0,NA
2111906_2,2022-10-10 16:13:18.268106,ACC,2111906.jpg,2111906,2,0,NA
2103070_2,2022-10-10 16:13:16.611829,ACC,2103070.jpg,2103070,2,0,NA
2102664_2,2022-10-10 16:13:15.033685,ACC,2102664.jpg,2102664,2,0,NA
2011047_2,2022-10-10 16:13:14.236820,ACC,2011047.jpg,2011047,2,0,NA
2206510_2,2022-10-10 16:13:11.799268,ACC,2206510.jpg,2206510,2,0,NA
2205608_2,2022-10-10 16:13:10.392988,ACC,2205608.jpg,2205608,2,0,NA
2205603_2,2022-10-10 16:13:09.080477,ACC,2205603.jpg,2205603,2,0,NA
2205599_2,2022-10-10 16:13:07.174185,ACC,2205599.jpg,2205599,2,0,NA
2205586_2,2022-10-10 16:13:06.049582,ACC,2205586.jpg,2205586,2,0,NA
2205583_2,2022-10-10 16:13:03.627346,ACC,2205583.jpg,2205583,2,0,NA
2205578_2,2022-10-10 16:13:01.283643,ACC,2205578.jpg,2205578,2,0,NA
2205572_2,2022-10-10 16:12:59.799073,ACC,2205572.jpg,2205572,2,0,NA
2205565_2,2022-10-10 16:12:56.986541,ACC,2205565.jpg,2205565,2,0,NA
2205562_2,2022-10-10 16:12:54.595850,ACC,2205562.jpg,2205562,2,0,NA
2205554_2,2022-10-10 16:12:53.423981,ACC,2205554.jpg,2205554,2,0,NA
2205550_2,2022-10-10 16:12:51.220816,ACC,2205550.jpg,2205550,2,0,NA
2205526_2,2022-10-10 16:12:49.033272,ACC,2205526.jpg,2205526,2,0,NA
2205492_2,2022-10-10 16:12:46.080117,ACC,2205492.jpg,2205492,2,0,NA
2205433_2,2022-10-10 16:12:44.251973,ACC,2205433.jpg,2205433,2,0,NA
2202353_2,2022-10-10 16:12:42.548789,ACC,2202353.jpg,2202353,2,0,NA
2115246_2,2022-10-10 16:12:41.626927,ACC,2115246.jpg,2115246,2,0,NA
2115243_2,2022-10-10 16:12:40.673784,ACC,2115243.jpg,2115243,2,0,NA
2115238_2,2022-10-10 16:12:39.158113,ACC,2115238.jpg,2115238,2,0,NA
2115236_2,2022-10-10 16:12:38.267506,ACC,2115236.jpg,2115236,2,0,NA
2114907_2,2022-10-10 16:12:37.142589,ACC,2114907.jpg,2114907,2,0,NA
2111711_2,2022-10-10 16:12:36.236331,ACC,2111711.jpg,2111711,2,0,NA
2111690_2,2022-10-10 16:12:35.345565,ACC,2111690.jpg,2111690,2,0,NA
2111642_2,2022-10-10 16:12:34.486166,ACC,2111642.jpg,2111642,2,0,NA
2102319_2,2022-10-10 16:12:33.173668,ACC,2102319.jpg,2102319,2,0,NA
2102292_2,2022-10-10 16:12:30.673717,ACC,2102292.jpg,2102292,2,0,NA
2014787_2,2022-10-10 16:12:29.549097,ACC,2014787.jpg,2014787,2,0,NA
2014409_2,2022-10-10 16:12:28.439319,ACC,2014409.jpg,2014409,2,0,NA
2014403_2,2022-10-10 16:12:26.173578,ACC,2014403.jpg,2014403,2,0,NA
2011119_2,2022-10-10 16:12:24.064314,ACC,2011119.jpg,2011119,2,0,NA
1907962_1,2022-10-10 16:12:22.501647,ACC,1907962.jpg,1907962,1,0,NA
1906949_1,2022-10-10 16:12:21.532877,ACC,1906949.jpg,1906949,1,0,NA
1903082_1,2022-10-10 16:12:21.079873,ACC,1903082.jpg,1903082,1,0,NA
1900589_1,2022-10-10 16:12:19.845649,ACC,1900589.jpg,1900589,1,0,NA
1908182_1,2022-10-10 16:12:18.532823,ACC,1908182.jpg,1908182,1,0,NA
1807663_1,2022-10-10 16:12:17.267159,ACC,1807663.jpg,1807663,1,0,NA
1608579_1,2022-10-10 16:12:16.157856,ACC,1608579.jpg,1608579,1,0,NA
1508068_1,2022-10-10 16:12:15.470264,ACC,1508068.jpg,1508068,1,0,NA
2110570_2,2022-10-10 16:12:14.845279,ACC,2110570.jpg,2110570,2,0,NA
2105764_2,2022-10-10 16:12:10.485818,ACC,2105764.jpg,2105764,2,0,NA
2105762_2,2022-10-10 16:12:05.345286,ACC,2105762.jpg,2105762,2,0,NA
2105761_2,2022-10-10 16:12:04.345142,ACC,2105761.jpg,2105761,2,0,NA
2105738_2,2022-10-10 16:12:02.938825,ACC,2105738.jpg,2105738,2,0,NA
2007611_2,2022-10-10 16:11:59.595026,ACC,2007611.jpg,2007611,2,0,NA
1807676_1,2022-10-10 16:11:58.720031,ACC,1807676.jpg,1807676,1,0,NA
2209151_2,2022-10-10 16:11:57.907622,ACC,2209151.jpg,2209151,2,0,NA
2209139_2,2022-10-10 16:11:52.579732,ACC,2209139.jpg,2209139,2,0,NA
2209129_2,2022-10-10 16:11:47.172997,ACC,2209129.jpg,2209129,2,0,NA
2209125_2,2022-10-10 16:11:42.547914,ACC,2209125.jpg,2209125,2,0,NA
2209123_2,2022-10-10 16:11:37.641604,ACC,2209123.jpg,2209123,2,0,NA
2209118_2,2022-10-10 16:11:33.329001,ACC,2209118.jpg,2209118,2,0,NA
2209115_2,2022-10-10 16:11:29.735228,ACC,2209115.jpg,2209115,2,0,NA
2209097_2,2022-10-10 16:11:24.969501,ACC,2209097.jpg,2209097,2,0,NA
2209088_2,2022-10-10 16:11:20.906956,ACC,2209088.jpg,2209088,2,0,NA
2105673_2,2022-10-10 16:11:14.672483,ACC,2105673.jpg,2105673,2,0,NA
2007606_2,2022-10-10 16:11:10.766185,ACC,2007606.jpg,2007606,2,0,NA
1807698_1,2022-10-10 16:11:05.438046,ACC,1807698.jpg,1807698,1,0,NA
1706706_1,2022-10-10 16:11:04.734820,ACC,1706706.jpg,1706706,1,0,NA
1706650_1,2022-10-10 16:11:01.453522,ACC,1706650.jpg,1706650,1,0,NA
1508000_1,2022-10-10 16:10:56.828458,ACC,1508000.jpg,1508000,1,0,NA
2209895_2,2022-10-10 16:10:56.344070,ACC,2209895.jpg,2209895,2,0,NA
2209161_2,2022-10-10 16:10:55.297192,ACC,2209161.jpg,2209161,2,0,NA
2209149_2,2022-10-10 16:10:53.875286,ACC,2209149.jpg,2209149,2,0,NA
2209092_2,2022-10-10 16:10:52.828381,ACC,2209092.jpg,2209092,2,0,NA
2106157_2,2022-10-10 16:10:52.031739,ACC,2106157.jpg,2106157,2,0,NA
2106140_2,2022-10-10 16:10:48.484577,ACC,2106140.jpg,2106140,2,0,NA
2106134_2,2022-10-10 16:10:44.828261,ACC,2106134.jpg,2106134,2,0,NA
2106128_2,2022-10-10 16:10:41.656335,ACC,2106128.jpg,2106128,2,0,NA
2007599_2,2022-10-10 16:10:41.078225,ACC,2007599.jpg,2007599,2,0,NA
2007597_2,2022-10-10 16:10:40.375067,ACC,2007597.jpg,2007597,2,0,NA
1908243_1,2022-10-10 16:10:36.578187,ACC,1908243.jpg,1908243,1,0,NA
1908219_1,2022-10-10 16:10:33.015615,ACC,1908219.jpg,1908219,1,0,NA
1908178_1,2022-10-10 16:10:29.953057,ACC,1908178.jpg,1908178,1,0,NA
1807783_1,2022-10-10 16:10:26.203026,ACC,1807783.jpg,1807783,1,0,NA
1807776_1,2022-10-10 16:10:22.374870,ACC,1807776.jpg,1807776,1,0,NA
1706709_1,2022-10-10 16:10:18.781065,ACC,1706709.jpg,1706709,1,0,NA
1706647_1,2022-10-10 16:10:17.202871,ACC,1706647.jpg,1706647,1,0,NA
1608831_1,2022-10-10 16:10:13.499814,ACC,1608831.jpg,1608831,1,0,NA
1608822_1,2022-10-10 16:10:13.327950,ACC,1608822.jpg,1608822,1,0,NA
1608525_1,2022-10-10 16:10:13.218426,ACC,1608525.jpg,1608525,1,0,NA
1608520_1,2022-10-10 16:10:12.656022,ACC,1608520.jpg,1608520,1,0,NA
1608515_1,2022-10-10 16:10:12.030910,ACC,1608515.jpg,1608515,1,0,NA
2106179_2,2022-10-10 16:10:11.905905,ACC,2106179.jpg,2106179,2,0,NA
2105758_2,2022-10-10 16:10:07.530865,ACC,2105758.jpg,2105758,2,0,NA
1706726_1,2022-10-10 16:10:03.374649,ACC,1706726.jpg,1706726,1,0,NA
2209189_2,2022-10-10 16:09:59.171355,ACC,2209189.jpg,2209189,2,0,NA
2209159_2,2022-10-10 16:09:56.952535,ACC,2209159.jpg,2209159,2,0,NA
2209157_2,2022-10-10 16:09:56.233788,ACC,2209157.jpg,2209157,2,0,NA
2209143_2,2022-10-10 16:09:55.640031,ACC,2209143.jpg,2209143,2,0,NA
2209130_2,2022-10-10 16:09:54.968237,ACC,2209130.jpg,2209130,2,0,NA
2110572_2,2022-10-10 16:09:54.093143,ACC,2110572.jpg,2110572,2,0,NA
2110569_2,2022-10-10 16:09:53.514986,ACC,2110569.jpg,2110569,2,0,NA
2106604_2,2022-10-10 16:09:52.780598,ACC,2106604.jpg,2106604,2,0,NA
2106593_2,2022-10-10 16:09:51.905633,ACC,2106593.jpg,2106593,2,0,NA
2106592_2,2022-10-10 16:09:51.530665,ACC,2106592.jpg,2106592,2,0,NA
2105765_2,2022-10-10 16:09:50.921307,ACC,2105765.jpg,2105765,2,0,NA
2105671_2,2022-10-10 16:09:47.327417,ACC,2105671.jpg,2105671,2,0,NA
1908197_1,2022-10-10 16:09:43.280476,ACC,1908197.jpg,1908197,1,0,NA
1807674_1,2022-10-10 16:09:42.389884,ACC,1807674.jpg,1807674,1,0,NA
1807673_1,2022-10-10 16:09:38.468088,ACC,1807673.jpg,1807673,1,0,NA
1807670_1,2022-10-10 16:09:37.764764,ACC,1807670.jpg,1807670,1,0,NA
1707474_1,2022-10-10 16:09:33.420948,ACC,1707474.jpg,1707474,1,0,NA
1706694_1,2022-10-10 16:09:29.280262,ACC,1706694.jpg,1706694,1,0,NA
1706658_1,2022-10-10 16:09:25.373935,ACC,1706658.jpg,1706658,1,0,NA
1608793_1,2022-10-10 16:09:24.889548,ACC,1608793.jpg,1608793,1,0,NA
1608538_1,2022-10-10 16:09:20.670738,ACC,1608538.jpg,1608538,1,0,NA
2205116_2,2022-10-10 16:09:16.420963,ACC,2205116.jpg,2205116,2,0,NA
2113269_2,2022-10-10 16:09:15.545780,ACC,2113269.jpg,2113269,2,0,NA
2115592_2,2022-10-10 16:09:14.498801,ACC,2115592.jpg,2115592,2,0,NA
2014543_2,2022-10-10 16:09:12.592518,ACC,2014543.jpg,2014543,2,0,NA
1905157_1,2022-10-10 16:09:09.686415,ACC,1905157.jpg,1905157,1,0,NA
1900627_1,2022-10-10 16:09:08.827184,ACC,1900627.jpg,1900627,1,0,NA
1810129_1,2022-10-10 16:09:07.639601,ACC,1810129.jpg,1810129,1,0,NA
2215218_2,2022-10-10 10:40:48.824542,CLO,2215218.jpg,2215218,2,0,NA
2215211_2,2022-10-10 10:40:16.168171,CLO,2215211.jpg,2215211,2,0,NA
2215207_2,2022-10-10 10:39:42.636785,CLO,2215207.jpg,2215207,2,0,NA
2215205_2,2022-10-10 10:39:27.465192,CLO,2215205.jpg,2215205,2,0,NA
2215202_2,2022-10-10 10:39:15.027324,CLO,2215202.jpg,2215202,2,0,NA
2215200_2,2022-10-10 10:39:03.464941,CLO,2215200.jpg,2215200,2,0,NA
2215183_2,2022-10-10 10:38:53.042904,CLO,2215183.jpg,2215183,2,0,NA
2215180_2,2022-10-10 10:38:40.886694,CLO,2215180.jpg,2215180,2,0,NA
2215179_2,2022-10-10 10:37:50.449055,CLO,2215179.jpg,2215179,2,0,NA
2215178_2,2022-10-10 10:37:36.448996,CLO,2215178.jpg,2215178,2,0,NA
2215177_2,2022-10-10 10:37:22.464583,CLO,2215177.jpg,2215177,2,0,NA
2215176_2,2022-10-10 10:37:11.886433,CLO,2215176.jpg,2215176,2,0,NA
2215433_2,2022-10-10 10:36:58.683292,CLO,2215433.jpg,2215433,2,0,NA
2215209_2,2022-10-10 10:36:34.558353,CLO,2215209.jpg,2215209,2,0,NA
2215432_2,2022-10-10 10:36:23.886308,CLO,2215432.jpg,2215432,2,0,NA
2215213_2,2022-10-10 10:36:09.480048,CLO,2215213.jpg,2215213,2,0,NA
2215429_2,2022-10-10 10:35:58.230180,CLO,2215429.jpg,2215429,2,0,NA
2215430_2,2022-10-10 10:35:42.573718,CLO,2215430.jpg,2215430,2,0,NA
2215315_2,2022-10-10 10:35:29.261218,CLO,2215315.jpg,2215315,2,0,NA
2215307_2,2022-10-10 10:35:20.026856,CLO,2215307.jpg,2215307,2,0,NA
2215304_2,2022-10-10 10:35:10.261179,CLO,2215304.jpg,2215304,2,0,NA
2215313_2,2022-10-10 10:34:54.745550,CLO,2215313.jpg,2215313,2,0,NA
2215314_2,2022-10-10 10:34:43.980318,CLO,2215314.jpg,2215314,2,0,NA
2215311_2,2022-10-10 10:34:29.729843,CLO,2215311.jpg,2215311,2,0,NA
2215302_2,2022-10-10 10:34:15.042295,CLO,2215302.jpg,2215302,2,0,NA
2215309_2,2022-10-10 10:34:05.667527,CLO,2215309.jpg,2215309,2,0,NA
2215299_2,2022-10-10 10:33:56.542253,CLO,2215299.jpg,2215299,2,0,NA
2215199_2,2022-10-10 10:33:32.448425,CLO,2215199.jpg,2215199,2,0,NA
2215206_2,2022-10-10 10:33:22.511117,CLO,2215206.jpg,2215206,2,0,NA
2215204_2,2022-10-10 10:33:10.261151,CLO,2215204.jpg,2215204,2,0,NA
2215186_2,2022-10-10 10:32:54.714054,CLO,2215186.jpg,2215186,2,0,NA
2215201_2,2022-10-10 10:32:32.793129,CLO,2215201.jpg,2215201,2,0,NA
2215185_2,2022-10-10 10:32:22.464223,CLO,2215185.jpg,2215185,2,0,NA
2215184_2,2022-10-10 10:29:36.901017,CLO,2215184.png,2215184,2,0,NA
2215197_2,2022-10-10 10:29:12.698065,CLO,2215197.jpg,2215197,2,0,NA
2115787_2,2022-10-07 14:43:32.107185,CLO,2115787.png,2115787,2,0,NA
2115335_2,2022-10-07 14:42:06.801509,CLO,2115335.png,2115335,2,0,NA
2114321_2,2022-10-07 14:40:10.722019,CLO,2114321.png,2114321,2,0,NA
2114309_2,2022-10-07 14:39:01.707445,CLO,2114309.png,2114309,2,0,NA
2113650_2,2022-10-07 14:38:02.846379,CLO,2113650.png,2113650,2,0,NA
2113293_2,2022-10-07 14:37:06.197464,CLO,2113293.png,2113293,2,0,NA
2109229_2,2022-10-07 14:36:07.316045,CLO,2109229.png,2109229,2,0,NA
2011964_2,2022-10-07 14:34:52.758310,CLO,2011964.png,2011964,2,0,NA
2007744_2,2022-10-07 14:33:18.382130,CLO,2007744.png,2007744,2,0,NA
2210086_2,2022-10-07 12:14:58.238981,JEW,2210086.jpg,2210086,2,0,NA
2209938_2,2022-10-07 12:14:55.332696,JEW,2209938.jpg,2209938,2,0,NA
2209937_2,2022-10-07 12:14:53.848283,JEW,2209937.jpg,2209937,2,0,NA
2209936_2,2022-10-07 12:14:51.379582,JEW,2209936.jpg,2209936,2,0,NA
2209935_2,2022-10-07 12:14:48.504483,JEW,2209935.jpg,2209935,2,0,NA
2209933_2,2022-10-07 12:14:46.457597,JEW,2209933.jpg,2209933,2,0,NA
2209932_2,2022-10-07 12:14:45.863851,JEW,2209932.jpg,2209932,2,0,NA
2209931_2,2022-10-07 12:14:45.020091,JEW,2209931.jpg,2209931,2,0,NA
2205969_2,2022-10-07 12:14:43.567196,JEW,2205969.jpg,2205969,2,0,NA
2205968_2,2022-10-07 12:14:42.692044,JEW,2205968.jpg,2205968,2,0,NA
2205967_2,2022-10-07 12:14:41.270048,JEW,2205967.jpg,2205967,2,0,NA
2205945_2,2022-10-07 12:14:40.691953,JEW,2205945.jpg,2205945,2,0,NA
2205944_2,2022-10-07 12:14:40.238775,JEW,2205944.jpg,2205944,2,0,NA
2205943_2,2022-10-07 12:14:39.238782,JEW,2205943.jpg,2205943,2,0,NA
2210164_2,2022-10-07 12:14:38.145017,SHO,2210164.jpg,2210164,2,0,NA
2210162_2,2022-10-07 12:14:36.348164,SHO,2210162.jpg,2210162,2,0,NA
2210161_2,2022-10-07 12:14:35.691893,SHO,2210161.jpg,2210161,2,0,NA
2208309_2,2022-10-07 12:14:35.316888,SHO,2208309.jpg,2208309,2,0,NA
2208307_2,2022-10-07 12:14:34.535645,SHO,2208307.jpg,2208307,2,0,NA
2208228_2,2022-10-07 12:14:32.770090,SHO,2208228.jpg,2208228,2,0,NA
2206041_2,2022-10-07 12:14:28.832425,SHO,2206041.jpg,2206041,2,0,NA
2205376_2,2022-10-07 12:14:27.113660,SHO,2205376.jpg,2205376,2,0,NA
2212413_2,2022-10-07 12:14:26.301179,SHO,2212413.jpg,2212413,2,0,NA
2212412_2,2022-10-07 12:14:25.738743,SHO,2212412.jpg,2212412,2,0,NA
2211039_2,2022-10-07 12:14:25.254293,SHO,2211039.jpg,2211039,2,0,NA
2211036_2,2022-10-07 12:14:24.723050,SHO,2211036.jpg,2211036,2,0,NA
2210920_2,2022-10-07 12:14:24.254285,SHO,2210920.jpg,2210920,2,0,NA
2210428_2,2022-10-07 12:14:22.816760,SHO,2210428.jpg,2210428,2,0,NA
2210427_2,2022-10-07 12:14:22.113909,SHO,2210427.jpg,2210427,2,0,NA
2210426_2,2022-10-07 12:14:21.535499,SHO,2210426.jpg,2210426,2,0,NA
2210344_2,2022-10-07 12:14:20.910506,SHO,2210344.jpg,2210344,2,0,NA
2210343_2,2022-10-07 12:14:18.660481,SHO,2210343.jpg,2210343,2,0,NA
2210188_2,2022-10-07 12:14:17.207337,SHO,2210188.jpg,2210188,2,0,NA
2210187_2,2022-10-07 12:14:15.738869,SHO,2210187.jpg,2210187,2,0,NA
2210129_2,2022-10-07 12:14:15.426082,SHO,2210129.jpg,2210129,2,0,NA
2210127_2,2022-10-07 12:14:14.832374,SHO,2210127.jpg,2210127,2,0,NA
2210125_2,2022-10-07 12:14:14.301133,SHO,2210125.jpg,2210125,2,0,NA
2210122_2,2022-10-07 12:14:13.722934,SHO,2210122.jpg,2210122,2,0,NA
2210120_2,2022-10-07 12:14:13.176059,SHO,2210120.jpg,2210120,2,0,NA
2210119_2,2022-10-07 12:14:12.348079,SHO,2210119.jpg,2210119,2,0,NA
2210057_2,2022-10-07 12:14:10.801049,SHO,2210057.jpg,2210057,2,0,NA
2210056_2,2022-10-07 12:14:10.254141,SHO,2210056.jpg,2210056,2,0,NA
2210055_2,2022-10-07 12:14:08.629232,SHO,2210055.jpg,2210055,2,0,NA
2210051_2,2022-10-07 12:14:07.832278,SHO,2210051.jpg,2210051,2,0,NA
2210050_2,2022-10-07 12:14:06.222895,SHO,2210050.jpg,2210050,2,0,NA
2210048_2,2022-10-07 12:14:04.472865,SHO,2210048.jpg,2210048,2,0,NA
2210042_2,2022-10-07 12:14:03.238714,SHO,2210042.jpg,2210042,2,0,NA
2210041_2,2022-10-07 12:14:01.613467,SHO,2210041.jpg,2210041,2,0,NA
2210040_2,2022-10-07 12:14:01.191582,SHO,2210040.jpg,2210040,2,0,NA
2210039_2,2022-10-07 12:13:59.754062,SHO,2210039.jpg,2210039,2,0,NA
2210037_2,2022-10-07 12:13:57.332161,SHO,2210037.jpg,2210037,2,0,NA
2210036_2,2022-10-07 12:13:56.769727,SHO,2210036.jpg,2210036,2,0,NA
2210034_2,2022-10-07 12:13:56.394727,SHO,2210034.jpg,2210034,2,0,NA
2210033_2,2022-10-07 12:13:54.644641,SHO,2210033.jpg,2210033,2,0,NA
2210032_2,2022-10-07 12:13:54.191514,SHO,2210032.jpg,2210032,2,0,NA
2210031_2,2022-10-07 12:13:53.566495,SHO,2210031.jpg,2210031,2,0,NA
2210030_2,2022-10-07 12:13:51.910244,SHO,2210030.jpg,2210030,2,0,NA
2210028_2,2022-10-07 12:13:50.300957,SHO,2210028.jpg,2210028,2,0,NA
2210023_2,2022-10-07 12:13:48.629121,SHO,2210023.jpg,2210023,2,0,NA
2210022_2,2022-10-07 12:13:47.113327,SHO,2210022.jpg,2210022,2,0,NA
2210021_2,2022-10-07 12:13:45.441439,SHO,2210021.jpg,2210021,2,0,NA
2209990_2,2022-10-07 12:13:44.941432,SHO,2209990.jpg,2209990,2,0,NA
2209989_2,2022-10-07 12:13:42.660162,SHO,2209989.jpg,2209989,2,0,NA
2209987_2,2022-10-07 12:13:42.316408,SHO,2209987.jpg,2209987,2,0,NA
2209985_2,2022-10-07 12:13:40.503906,SHO,2209985.jpg,2209985,2,0,NA
2209983_2,2022-10-07 12:13:38.738400,SHO,2209983.jpg,2209983,2,0,NA
2209982_2,2022-10-07 12:13:37.129117,SHO,2209982.jpg,2209982,2,0,NA
2209980_2,2022-10-07 12:13:35.566312,SHO,2209980.jpg,2209980,2,0,NA
2209959_2,2022-10-07 12:13:34.222546,SHO,2209959.jpg,2209959,2,0,NA
2209958_2,2022-10-07 12:13:33.863163,SHO,2209958.jpg,2209958,2,0,NA
2209957_2,2022-10-07 12:13:33.285163,SHO,2209957.jpg,2209957,2,0,NA
2209956_2,2022-10-07 12:13:32.519389,SHO,2209956.jpg,2209956,2,0,NA
2209954_2,2022-10-07 12:13:31.956980,SHO,2209954.jpg,2209954,2,0,NA
2209951_2,2022-10-07 12:13:31.300628,SHO,2209951.jpg,2209951,2,0,NA
2209950_2,2022-10-07 12:13:30.753856,SHO,2209950.jpg,2209950,2,0,NA
2209555_2,2022-10-07 12:13:30.206891,SHO,2209555.jpg,2209555,2,0,NA
2209553_2,2022-10-07 12:13:28.347461,SHO,2209553.jpg,2209553,2,0,NA
2209511_2,2022-10-07 12:13:27.800565,SHO,2209511.jpg,2209511,2,0,NA
2209509_2,2022-10-07 12:13:25.925541,SHO,2209509.jpg,2209509,2,0,NA
2209295_2,2022-10-07 12:13:24.316293,SHO,2209295.jpg,2209295,2,0,NA
2209294_2,2022-10-07 12:13:22.581824,SHO,2209294.jpg,2209294,2,0,NA
2209293_2,2022-10-07 12:13:20.784925,SHO,2209293.jpg,2209293,2,0,NA
2209291_2,2022-10-07 12:13:18.987949,SHO,2209291.jpg,2209291,2,0,NA
2209290_2,2022-10-07 12:13:17.456674,SHO,2209290.jpg,2209290,2,0,NA
2209289_2,2022-10-07 12:13:15.784754,SHO,2209289.jpg,2209289,2,0,NA
2209288_2,2022-10-07 12:13:13.987885,SHO,2209288.jpg,2209288,2,0,NA
2209287_2,2022-10-07 12:13:11.894079,SHO,2209287.jpg,2209287,2,0,NA
2209286_2,2022-10-07 12:13:10.440996,SHO,2209286.jpg,2209286,2,0,NA
2209285_2,2022-10-07 12:13:08.628407,SHO,2209285.jpg,2209285,2,0,NA
2208751_2,2022-10-07 12:13:07.065882,SHO,2208751.jpg,2208751,2,0,NA
2208708_2,2022-10-07 12:13:05.675235,SHO,2208708.jpg,2208708,2,0,NA
2208707_2,2022-10-07 12:13:02.565815,SHO,2208707.jpg,2208707,2,0,NA
2208705_2,2022-10-07 12:13:00.909545,SHO,2208705.jpg,2208705,2,0,NA
2208703_2,2022-10-07 12:12:58.659543,SHO,2208703.jpg,2208703,2,0,NA
2208700_2,2022-10-07 12:12:57.253243,SHO,2208700.jpg,2208700,2,0,NA
2208697_2,2022-10-07 12:12:55.753198,SHO,2208697.jpg,2208697,2,0,NA
2208695_2,2022-10-07 12:12:54.253343,SHO,2208695.jpg,2208695,2,0,NA
2208693_2,2022-10-07 12:12:52.878163,SHO,2208693.jpg,2208693,2,0,NA
2208692_2,2022-10-07 12:12:50.393742,SHO,2208692.jpg,2208692,2,0,NA
2208691_2,2022-10-07 12:12:47.690588,SHO,2208691.jpg,2208691,2,0,NA
2208689_2,2022-10-07 12:12:47.206203,SHO,2208689.jpg,2208689,2,0,NA
2208686_2,2022-10-07 12:12:46.690570,SHO,2208686.jpg,2208686,2,0,NA
2208440_2,2022-10-07 12:12:46.034477,SHO,2208440.jpg,2208440,2,0,NA
2208116_2,2022-10-07 12:12:45.409299,SHO,2208116.jpg,2208116,2,0,NA
2208096_2,2022-10-07 12:12:43.784431,SHO,2208096.jpg,2208096,2,0,NA
2207833_2,2022-10-07 12:12:43.003219,SHO,2207833.jpg,2207833,2,0,NA
2207830_2,2022-10-07 12:12:40.924887,SHO,2207830.jpg,2207830,2,0,NA
2207580_2,2022-10-07 12:12:38.956068,SHO,2207580.jpg,2207580,2,0,NA
2207579_2,2022-10-07 12:12:37.440442,SHO,2207579.jpg,2207579,2,0,NA
2207568_2,2022-10-07 12:12:35.534250,SHO,2207568.jpg,2207568,2,0,NA
2207567_2,2022-10-07 12:12:35.065407,SHO,2207567.jpg,2207567,2,0,NA
2207566_2,2022-10-07 12:12:34.315406,SHO,2207566.jpg,2207566,2,0,NA
2207565_2,2022-10-07 12:12:33.831004,SHO,2207565.jpg,2207565,2,0,NA
2207558_2,2022-10-07 12:12:33.284117,SHO,2207558.jpg,2207558,2,0,NA
2207552_2,2022-10-07 12:12:32.471606,SHO,2207552.jpg,2207552,2,0,NA
2207551_2,2022-10-07 12:12:30.690317,SHO,2207551.jpg,2207551,2,0,NA
2207550_2,2022-10-07 12:12:28.877954,SHO,2207550.jpg,2207550,2,0,NA
2207477_2,2022-10-07 12:12:26.893425,SHO,2207477.jpg,2207477,2,0,NA
2207475_2,2022-10-07 12:12:26.268503,SHO,2207475.jpg,2207475,2,0,NA
2207474_2,2022-10-07 12:12:24.362133,SHO,2207474.jpg,2207474,2,0,NA
2207473_2,2022-10-07 12:12:23.737125,SHO,2207473.jpg,2207473,2,0,NA
2207472_2,2022-10-07 12:12:21.955855,SHO,2207472.jpg,2207472,2,0,NA
2207471_2,2022-10-07 12:12:21.409009,SHO,2207471.jpg,2207471,2,0,NA
2207470_2,2022-10-07 12:12:20.877702,SHO,2207470.jpg,2207470,2,0,NA
2207469_2,2022-10-07 12:12:19.158924,SHO,2207469.jpg,2207469,2,0,NA
2207468_2,2022-10-07 12:12:18.627663,SHO,2207468.jpg,2207468,2,0,NA
2207467_2,2022-10-07 12:12:17.658900,SHO,2207467.jpg,2207467,2,0,NA
2207466_2,2022-10-07 12:12:17.080887,SHO,2207466.jpg,2207466,2,0,NA
2207465_2,2022-10-07 12:12:14.721348,SHO,2207465.jpg,2207465,2,0,NA
2207464_2,2022-10-07 12:12:14.236969,SHO,2207464.jpg,2207464,2,0,NA
2207463_2,2022-10-07 12:12:13.783856,SHO,2207463.jpg,2207463,2,0,NA
2207458_2,2022-10-07 12:12:12.033931,SHO,2207458.jpg,2207458,2,0,NA
2207457_2,2022-10-07 12:12:10.158783,SHO,2207457.jpg,2207457,2,0,NA
2207456_2,2022-10-07 12:12:08.799383,SHO,2207456.jpg,2207456,2,0,NA
2207455_2,2022-10-07 12:12:07.002459,SHO,2207455.jpg,2207455,2,0,NA
2207454_2,2022-10-07 12:12:05.627478,SHO,2207454.jpg,2207454,2,0,NA
2207453_2,2022-10-07 12:12:03.861917,SHO,2207453.jpg,2207453,2,0,NA
2207452_2,2022-10-07 12:12:02.393128,SHO,2207452.jpg,2207452,2,0,NA
2207451_2,2022-10-07 12:12:02.033655,SHO,2207451.jpg,2207451,2,0,NA
2207450_2,2022-10-07 12:12:00.721155,SHO,2207450.jpg,2207450,2,0,NA
2207449_2,2022-10-07 12:12:00.346131,SHO,2207449.jpg,2207449,2,0,NA
2207448_2,2022-10-07 12:11:59.955503,SHO,2207448.jpg,2207448,2,0,NA
2207447_2,2022-10-07 12:11:58.533605,SHO,2207447.jpg,2207447,2,0,NA
2207431_2,2022-10-07 12:11:56.486860,SHO,2207431.jpg,2207431,2,0,NA
2207411_2,2022-10-07 12:11:55.689789,SHO,2207411.jpg,2207411,2,0,NA
2207409_2,2022-10-07 12:11:53.611641,SHO,2207409.jpg,2207409,2,0,NA
2207405_2,2022-10-07 12:11:52.705430,SHO,2207405.jpg,2207405,2,0,NA
2207403_2,2022-10-07 12:11:51.721181,SHO,2207403.jpg,2207403,2,0,NA
2207398_2,2022-10-07 12:11:50.892862,SHO,2207398.jpg,2207398,2,0,NA
2207397_2,2022-10-07 12:11:49.127215,SHO,2207397.jpg,2207397,2,0,NA
2207396_2,2022-10-07 12:11:47.470937,SHO,2207396.jpg,2207396,2,0,NA
2207395_2,2022-10-07 12:11:46.752177,SHO,2207395.jpg,2207395,2,0,NA
2207394_2,2022-10-07 12:11:45.627160,SHO,2207394.jpg,2207394,2,0,NA
2207393_2,2022-10-07 12:11:43.877259,SHO,2207393.jpg,2207393,2,0,NA
2207392_2,2022-10-07 12:11:42.548984,SHO,2207392.jpg,2207392,2,0,NA
2207391_2,2022-10-07 12:11:40.908319,SHO,2207391.jpg,2207391,2,0,NA
2207390_2,2022-10-07 12:11:39.236564,SHO,2207390.jpg,2207390,2,0,NA
2207389_2,2022-10-07 12:11:37.845789,SHO,2207389.jpg,2207389,2,0,NA
2207386_2,2022-10-07 12:11:35.798872,SHO,2207386.jpg,2207386,2,0,NA
2207385_2,2022-10-07 12:11:35.267615,SHO,2207385.jpg,2207385,2,0,NA
2207384_2,2022-10-07 12:11:34.736531,SHO,2207384.jpg,2207384,2,0,NA
2207383_2,2022-10-07 12:11:33.017588,SHO,2207383.jpg,2207383,2,0,NA
2207381_2,2022-10-07 12:11:31.111306,SHO,2207381.jpg,2207381,2,0,NA
2207379_2,2022-10-07 12:11:30.423782,SHO,2207379.jpg,2207379,2,0,NA
2207376_2,2022-10-07 12:11:28.705006,SHO,2207376.jpg,2207376,2,0,NA
2207375_2,2022-10-07 12:11:26.205056,SHO,2207375.jpg,2207375,2,0,NA
2207374_2,2022-10-07 12:11:25.689445,SHO,2207374.jpg,2207374,2,0,NA
2207372_2,2022-10-07 12:11:24.955060,SHO,2207372.jpg,2207372,2,0,NA
2207371_2,2022-10-07 12:11:24.470596,SHO,2207371.jpg,2207371,2,0,NA
2207370_2,2022-10-07 12:11:23.689317,SHO,2207370.jpg,2207370,2,0,NA
2207368_2,2022-10-07 12:11:22.142420,SHO,2207368.jpg,2207368,2,0,NA
2207365_2,2022-10-07 12:11:21.642411,SHO,2207365.jpg,2207365,2,0,NA
2207263_2,2022-10-07 12:11:19.923646,SHO,2207263.jpg,2207263,2,0,NA
2207262_2,2022-10-07 12:11:18.142352,SHO,2207262.jpg,2207262,2,0,NA
2207261_2,2022-10-07 12:11:16.892329,SHO,2207261.jpg,2207261,2,0,NA
2207239_2,2022-10-07 12:11:15.095438,SHO,2207239.jpg,2207239,2,0,NA
2207238_2,2022-10-07 12:11:14.486179,SHO,2207238.jpg,2207238,2,0,NA
2207234_2,2022-10-07 12:11:14.079807,SHO,2207234.jpg,2207234,2,0,NA
2207182_2,2022-10-07 12:11:13.579790,SHO,2207182.jpg,2207182,2,0,NA
2207181_2,2022-10-07 12:11:12.048529,SHO,2207181.jpg,2207181,2,0,NA
2207180_2,2022-10-07 12:11:11.689145,SHO,2207180.jpg,2207180,2,0,NA
2207179_2,2022-10-07 12:11:10.204757,SHO,2207179.jpg,2207179,2,0,NA
2207178_2,2022-10-07 12:11:09.861131,SHO,2207178.jpg,2207178,2,0,NA
2207176_2,2022-10-07 12:11:09.501602,SHO,2207176.jpg,2207176,2,0,NA
2207175_2,2022-10-07 12:11:09.017219,SHO,2207175.jpg,2207175,2,0,NA
2207174_2,2022-10-07 12:11:08.548504,SHO,2207174.jpg,2207174,2,0,NA
2207173_2,2022-10-07 12:11:08.048445,SHO,2207173.jpg,2207173,2,0,NA
2207172_2,2022-10-07 12:11:07.454722,SHO,2207172.jpg,2207172,2,0,NA
2207171_2,2022-10-07 12:11:04.611014,SHO,2207171.jpg,2207171,2,0,NA
2207170_2,2022-10-07 12:11:03.079615,SHO,2207170.jpg,2207170,2,0,NA
2207169_2,2022-10-07 12:11:01.532744,SHO,2207169.jpg,2207169,2,0,NA
2207168_2,2022-10-07 12:10:58.392067,SHO,2207168.jpg,2207168,2,0,NA
2207156_2,2022-10-07 12:10:55.923275,SHO,2207156.jpg,2207156,2,0,NA
2207152_2,2022-10-07 12:10:54.876373,SHO,2207152.jpg,2207152,2,0,NA
2207113_2,2022-10-07 12:10:53.954483,SHO,2207113.jpg,2207113,2,0,NA
2207052_2,2022-10-07 12:10:52.423215,SHO,2207052.jpg,2207052,2,0,NA
2207027_2,2022-10-07 12:10:51.876324,SHO,2207027.jpg,2207027,2,0,NA
2207021_2,2022-10-07 12:10:50.173182,SHO,2207021.jpg,2207021,2,0,NA
2206435_2,2022-10-07 12:10:47.829606,SHO,2206435.jpg,2206435,2,0,NA
2206434_2,2022-10-07 12:10:47.376281,SHO,2206434.jpg,2206434,2,0,NA
2206401_2,2022-10-07 12:10:46.907657,SHO,2206401.jpg,2206401,2,0,NA
2206395_2,2022-10-07 12:10:46.329379,SHO,2206395.jpg,2206395,2,0,NA
2206394_2,2022-10-07 12:10:44.532511,SHO,2206394.jpg,2206394,2,0,NA
2206393_2,2022-10-07 12:10:42.876225,SHO,2206393.jpg,2206393,2,0,NA
2206316_2,2022-10-07 12:10:41.282432,SHO,2206316.jpg,2206316,2,0,NA
2206293_2,2022-10-07 12:10:39.782645,SHO,2206293.jpg,2206293,2,0,NA
2206292_2,2022-10-07 12:10:38.298116,SHO,2206292.jpg,2206292,2,0,NA
2206290_2,2022-10-07 12:10:36.751102,SHO,2206290.jpg,2206290,2,0,NA
2206289_2,2022-10-07 12:10:35.235466,SHO,2206289.jpg,2206289,2,0,NA
2206288_2,2022-10-07 12:10:33.797935,SHO,2206288.jpg,2206288,2,0,NA
2206287_2,2022-10-07 12:10:32.141646,SHO,2206287.jpg,2206287,2,0,NA
2206286_2,2022-10-07 12:10:30.313541,SHO,2206286.jpg,2206286,2,0,NA
2206285_2,2022-10-07 12:10:28.782224,SHO,2206285.jpg,2206285,2,0,NA
2206139_2,2022-10-07 12:10:27.282212,SHO,2206139.jpg,2206139,2,0,NA
2206138_2,2022-10-07 12:10:26.360525,SHO,2206138.jpg,2206138,2,0,NA
2206137_2,2022-10-07 12:10:25.532513,SHO,2206137.jpg,2206137,2,0,NA
2205774_2,2022-10-07 12:10:23.860300,SHO,2205774.jpg,2205774,2,0,NA
2205772_2,2022-10-07 12:10:23.079015,SHO,2205772.jpg,2205772,2,0,NA
2205768_2,2022-10-07 12:10:21.470549,SHO,2205768.jpg,2205768,2,0,NA
2205765_2,2022-10-07 12:10:20.500870,SHO,2205765.jpg,2205765,2,0,NA
2205764_2,2022-10-07 12:10:19.672894,SHO,2205764.jpg,2205764,2,0,NA
2205761_2,2022-10-07 12:10:18.829933,SHO,2205761.jpg,2205761,2,0,NA
2205758_2,2022-10-07 12:10:17.172976,SHO,2205758.jpg,2205758,2,0,NA
2205743_2,2022-10-07 12:10:15.454282,SHO,2205743.jpg,2205743,2,0,NA
2205739_2,2022-10-07 12:10:13.782179,SHO,2205739.jpg,2205739,2,0,NA
2205273_2,2022-10-07 12:10:12.157170,SHO,2205273.jpg,2205273,2,0,NA
2205271_2,2022-10-07 12:10:11.797622,SHO,2205271.jpg,2205271,2,0,NA
2205269_2,2022-10-07 12:10:11.063274,SHO,2205269.jpg,2205269,2,0,NA
2205268_2,2022-10-07 12:10:10.766330,SHO,2205268.jpg,2205268,2,0,NA
2204771_2,2022-10-07 12:10:10.453845,SHO,2204771.jpg,2204771,2,0,NA
2204309_2,2022-10-07 12:10:09.907828,SHO,2204309.jpg,2204309,2,0,NA
2204304_2,2022-10-07 12:10:09.391612,SHO,2204304.jpg,2204304,2,0,NA
2204299_2,2022-10-07 12:10:08.641297,SHO,2204299.jpg,2204299,2,0,NA
2203848_2,2022-10-07 12:10:07.735077,SHO,2203848.jpg,2203848,2,0,NA
2203814_2,2022-10-07 12:10:06.985032,SHO,2203814.jpg,2203814,2,0,NA
2203597_2,2022-10-07 12:10:06.282043,SHO,2203597.jpg,2203597,2,0,NA
2203516_2,2022-10-07 12:10:05.500742,SHO,2203516.jpg,2203516,2,0,NA
2203500_2,2022-10-07 12:10:03.844466,SHO,2203500.jpg,2203500,2,0,NA
2203497_2,2022-10-07 12:10:02.485159,SHO,2203497.jpg,2203497,2,0,NA
2203490_2,2022-10-07 12:10:00.906857,SHO,2203490.jpg,2203490,2,0,NA
2202148_2,2022-10-07 12:09:59.297421,SHO,2202148.jpg,2202148,2,0,NA
2214583_2,2022-10-07 12:09:58.984940,JEW,2214583.jpg,2214583,2,0,NA
2214582_2,2022-10-07 12:09:58.422414,JEW,2214582.jpg,2214582,2,0,NA
2213976_2,2022-10-07 12:09:57.297374,JEW,2213976.jpg,2213976,2,0,NA
2213975_2,2022-10-07 12:09:56.813021,JEW,2213975.jpg,2213975,2,0,NA
2213974_2,2022-10-07 12:09:55.844227,JEW,2213974.jpg,2213974,2,0,NA
2213960_2,2022-10-07 12:09:54.937964,JEW,2213960.jpg,2213960,2,0,NA
2213959_2,2022-10-07 12:09:54.312959,JEW,2213959.jpg,2213959,2,0,NA
2213933_2,2022-10-07 12:09:53.313063,JEW,2213933.jpg,2213933,2,0,NA
2213932_2,2022-10-07 12:09:52.344242,JEW,2213932.jpg,2213932,2,0,NA
2213931_2,2022-10-07 12:09:51.391056,JEW,2213931.jpg,2213931,2,0,NA
2213930_2,2022-10-07 12:09:50.875424,JEW,2213930.jpg,2213930,2,0,NA
2213928_2,2022-10-07 12:09:50.281666,JEW,2213928.jpg,2213928,2,0,NA
2213926_2,2022-10-07 12:09:49.360102,JEW,2213926.jpg,2213926,2,0,NA
2213925_2,2022-10-07 12:09:48.422246,JEW,2213925.jpg,2213925,2,0,NA
2213923_2,2022-10-07 12:09:47.656628,JEW,2213923.jpg,2213923,2,0,NA
2213919_2,2022-10-07 12:09:46.828505,JEW,2213919.jpg,2213919,2,0,NA
2213913_2,2022-10-07 12:09:45.109832,JEW,2213913.jpg,2213913,2,0,NA
2213907_2,2022-10-07 12:09:44.609715,JEW,2213907.jpg,2213907,2,0,NA
2213899_2,2022-10-07 12:09:44.094056,JEW,2213899.jpg,2213899,2,0,NA
2213810_2,2022-10-07 12:09:43.156558,JEW,2213810.jpg,2213810,2,0,NA
2213806_2,2022-10-07 12:09:42.562802,JEW,2213806.jpg,2213806,2,0,NA
2213804_2,2022-10-07 12:09:42.015911,JEW,2213804.jpg,2213804,2,0,NA
2213802_2,2022-10-07 12:09:41.391182,JEW,2213802.jpg,2213802,2,0,NA
2213737_2,2022-10-07 12:09:40.625530,JEW,2213737.jpg,2213737,2,0,NA
2213736_2,2022-10-07 12:09:40.297421,JEW,2213736.jpg,2213736,2,0,NA
2213735_2,2022-10-07 12:09:39.672582,JEW,2213735.jpg,2213735,2,0,NA
2213734_2,2022-10-07 12:09:39.281503,JEW,2213734.jpg,2213734,2,0,NA
2213733_2,2022-10-07 12:09:38.922117,JEW,2213733.jpg,2213733,2,0,NA
2213732_2,2022-10-07 12:09:38.562740,JEW,2213732.jpg,2213732,2,0,NA
2213731_2,2022-10-07 12:09:38.187713,JEW,2213731.jpg,2213731,2,0,NA
2213730_2,2022-10-07 12:09:37.828431,JEW,2213730.jpg,2213730,2,0,NA
2213729_2,2022-10-07 12:09:37.468977,JEW,2213729.jpg,2213729,2,0,NA
2213728_2,2022-10-07 12:09:37.109567,JEW,2213728.jpg,2213728,2,0,NA
2213727_2,2022-10-07 12:09:36.734584,JEW,2213727.jpg,2213727,2,0,NA
2213725_2,2022-10-07 12:09:36.391400,JEW,2213725.jpg,2213725,2,0,NA
2213723_2,2022-10-07 12:09:36.047112,JEW,2213723.jpg,2213723,2,0,NA
2213722_2,2022-10-07 12:09:35.625169,JEW,2213722.jpg,2213722,2,0,NA
2213721_2,2022-10-07 12:09:34.968910,JEW,2213721.jpg,2213721,2,0,NA
2213720_2,2022-10-07 12:09:34.609547,JEW,2213720.jpg,2213720,2,0,NA
2213718_2,2022-10-07 12:09:33.765788,JEW,2213718.jpg,2213718,2,0,NA
2213707_2,2022-10-07 12:09:31.609495,JEW,2213707.jpg,2213707,2,0,NA
2213703_2,2022-10-07 12:09:31.265732,JEW,2213703.jpg,2213703,2,0,NA
2213700_2,2022-10-07 12:09:30.922005,JEW,2213700.jpg,2213700,2,0,NA
2213691_2,2022-10-07 12:09:30.437716,JEW,2213691.jpg,2213691,2,0,NA
2213690_2,2022-10-07 12:09:30.078212,JEW,2213690.jpg,2213690,2,0,NA
2213689_2,2022-10-07 12:09:29.453404,JEW,2213689.jpg,2213689,2,0,NA
2213671_2,2022-10-07 12:09:28.906556,JEW,2213671.jpg,2213671,2,0,NA
2213670_2,2022-10-07 12:09:28.422803,JEW,2213670.jpg,2213670,2,0,NA
2213654_2,2022-10-07 12:09:27.968832,JEW,2213654.jpg,2213654,2,0,NA
2213653_2,2022-10-07 12:09:27.015692,JEW,2213653.jpg,2213653,2,0,NA
2213652_2,2022-10-07 12:09:26.437681,JEW,2213652.jpg,2213652,2,0,NA
2213651_2,2022-10-07 12:09:25.421918,JEW,2213651.jpg,2213651,2,0,NA
2213650_2,2022-10-07 12:09:24.375032,JEW,2213650.jpg,2213650,2,0,NA
2213649_2,2022-10-07 12:09:23.796894,JEW,2213649.jpg,2213649,2,0,NA
2213648_2,2022-10-07 12:09:23.421889,JEW,2213648.jpg,2213648,2,0,NA
2213647_2,2022-10-07 12:09:23.046906,JEW,2213647.jpg,2213647,2,0,NA
2213646_2,2022-10-07 12:09:22.687485,JEW,2213646.jpg,2213646,2,0,NA
2213645_2,2022-10-07 12:09:22.031327,JEW,2213645.jpg,2213645,2,0,NA
2213644_2,2022-10-07 12:09:20.531213,JEW,2213644.jpg,2213644,2,0,NA
2213643_2,2022-10-07 12:09:19.984336,JEW,2213643.jpg,2213643,2,0,NA
2213642_2,2022-10-07 12:09:19.093684,JEW,2213642.jpg,2213642,2,0,NA
2213641_2,2022-10-07 12:09:18.499910,JEW,2213641.jpg,2213641,2,0,NA
2213640_2,2022-10-07 12:09:16.890530,JEW,2213640.jpg,2213640,2,0,NA
2213639_2,2022-10-07 12:09:16.359255,JEW,2213639.jpg,2213639,2,0,NA
2213638_2,2022-10-07 12:09:15.843660,JEW,2213638.jpg,2213638,2,0,NA
2213637_2,2022-10-07 12:09:15.202988,JEW,2213637.jpg,2213637,2,0,NA
2213636_2,2022-10-07 12:09:14.671724,JEW,2213636.jpg,2213636,2,0,NA
2213635_2,2022-10-07 12:09:14.124863,JEW,2213635.jpg,2213635,2,0,NA
2213634_2,2022-10-07 12:09:13.062452,JEW,2213634.jpg,2213634,2,0,NA
2213633_2,2022-10-07 12:09:12.437343,JEW,2213633.jpg,2213633,2,0,NA
2213632_2,2022-10-07 12:09:11.609214,JEW,2213632.jpg,2213632,2,0,NA
2213631_2,2022-10-07 12:09:11.031063,JEW,2213631.jpg,2213631,2,0,NA
2213630_2,2022-10-07 12:09:10.390464,JEW,2213630.jpg,2213630,2,0,NA
2213628_2,2022-10-07 12:09:09.531054,JEW,2213628.jpg,2213628,2,0,NA
2213627_2,2022-10-07 12:09:08.421652,JEW,2213627.jpg,2213627,2,0,NA
2213626_2,2022-10-07 12:09:07.843758,JEW,2213626.jpg,2213626,2,0,NA
2213625_2,2022-10-07 12:09:07.187463,JEW,2213625.jpg,2213625,2,0,NA
2213624_2,2022-10-07 12:09:06.562249,JEW,2213624.jpg,2213624,2,0,NA
2213622_2,2022-10-07 12:09:05.671720,JEW,2213622.jpg,2213622,2,0,NA
2213621_2,2022-10-07 12:09:04.655953,JEW,2213621.jpg,2213621,2,0,NA
2213620_2,2022-10-07 12:09:04.093440,JEW,2213620.jpg,2213620,2,0,NA
2213619_2,2022-10-07 12:09:03.499708,JEW,2213619.jpg,2213619,2,0,NA
2213618_2,2022-10-07 12:09:03.202928,JEW,2213618.jpg,2213618,2,0,NA
2213617_2,2022-10-07 12:09:02.905931,JEW,2213617.jpg,2213617,2,0,NA
2213616_2,2022-10-07 12:09:02.624677,JEW,2213616.jpg,2213616,2,0,NA
2213615_2,2022-10-07 12:09:02.296552,JEW,2213615.jpg,2213615,2,0,NA
2213614_2,2022-10-07 12:09:01.531016,JEW,2213614.jpg,2213614,2,0,NA
2213613_2,2022-10-07 12:09:00.499660,JEW,2213613.jpg,2213613,2,0,NA
2213612_2,2022-10-07 12:08:59.546501,JEW,2213612.jpg,2213612,2,0,NA
2213611_2,2022-10-07 12:08:58.984007,JEW,2213611.jpg,2213611,2,0,NA
2213610_2,2022-10-07 12:08:58.296521,JEW,2213610.jpg,2213610,2,0,NA
2213609_2,2022-10-07 12:08:57.593388,JEW,2213609.jpg,2213609,2,0,NA
2213608_2,2022-10-07 12:08:56.952734,JEW,2213608.jpg,2213608,2,0,NA
2213606_2,2022-10-07 12:08:56.374611,JEW,2213606.jpg,2213606,2,0,NA
2213605_2,2022-10-07 12:08:55.265211,JEW,2213605.jpg,2213605,2,0,NA
2213603_2,2022-10-07 12:08:54.358938,JEW,2213603.jpg,2213603,2,0,NA
2213602_2,2022-10-07 12:08:53.765188,JEW,2213602.jpg,2213602,2,0,NA
2213600_2,2022-10-07 12:08:53.265160,JEW,2213600.jpg,2213600,2,0,NA
2213595_2,2022-10-07 12:08:52.358895,JEW,2213595.jpg,2213595,2,0,NA
2213592_2,2022-10-07 12:08:51.468270,JEW,2213592.jpg,2213592,2,0,NA
2213591_2,2022-10-07 12:08:50.530768,JEW,2213591.jpg,2213591,2,0,NA
2213545_2,2022-10-07 12:08:49.936992,JEW,2213545.jpg,2213545,2,0,NA
2213542_2,2022-10-07 12:08:49.640110,JEW,2213542.jpg,2213542,2,0,NA
2213539_2,2022-10-07 12:08:49.358844,JEW,2213539.jpg,2213539,2,0,NA
2213534_2,2022-10-07 12:08:49.077615,JEW,2213534.jpg,2213534,2,0,NA
2213519_2,2022-10-07 12:08:48.765095,JEW,2213519.jpg,2213519,2,0,NA
2213493_2,2022-10-07 12:08:48.452619,JEW,2213493.jpg,2213493,2,0,NA
2213490_2,2022-10-07 12:08:48.077607,JEW,2213490.jpg,2213490,2,0,NA
2213487_2,2022-10-07 12:08:47.765087,JEW,2213487.jpg,2213487,2,0,NA
2213486_2,2022-10-07 12:08:47.468223,JEW,2213486.jpg,2213486,2,0,NA
2213483_2,2022-10-07 12:08:47.171341,JEW,2213483.jpg,2213483,2,0,NA
2213481_2,2022-10-07 12:08:46.874468,JEW,2213481.jpg,2213481,2,0,NA
2213478_2,2022-10-07 12:08:46.561938,JEW,2213478.jpg,2213478,2,0,NA
2213477_2,2022-10-07 12:08:46.265161,JEW,2213477.jpg,2213477,2,0,NA
2213476_2,2022-10-07 12:08:45.968180,JEW,2213476.jpg,2213476,2,0,NA
2213475_2,2022-10-07 12:08:45.686941,JEW,2213475.jpg,2213475,2,0,NA
2213474_2,2022-10-07 12:08:45.390041,JEW,2213474.jpg,2213474,2,0,NA
2213472_2,2022-10-07 12:08:45.093153,JEW,2213472.jpg,2213472,2,0,NA
2213471_2,2022-10-07 12:08:44.796298,JEW,2213471.jpg,2213471,2,0,NA
2213469_2,2022-10-07 12:08:44.405656,JEW,2213469.jpg,2213469,2,0,NA
2213382_2,2022-10-07 12:08:44.108763,JEW,2213382.jpg,2213382,2,0,NA
2213381_2,2022-10-07 12:08:43.811899,JEW,2213381.jpg,2213381,2,0,NA
2213380_2,2022-10-07 12:08:43.530673,JEW,2213380.jpg,2213380,2,0,NA
2213379_2,2022-10-07 12:08:43.233782,JEW,2213379.jpg,2213379,2,0,NA
2213378_2,2022-10-07 12:08:42.890248,JEW,2213378.jpg,2213378,2,0,NA
2213375_2,2022-10-07 12:08:42.499374,JEW,2213375.jpg,2213375,2,0,NA
2213374_2,2022-10-07 12:08:42.061901,JEW,2213374.jpg,2213374,2,0,NA
2213373_2,2022-10-07 12:08:41.671255,JEW,2213373.jpg,2213373,2,0,NA
2213371_2,2022-10-07 12:08:41.046223,JEW,2213371.jpg,2213371,2,0,NA
2213369_2,2022-10-07 12:08:40.640021,JEW,2213369.jpg,2213369,2,0,NA
2213367_2,2022-10-07 12:08:40.202451,JEW,2213367.jpg,2213367,2,0,NA
2213365_2,2022-10-07 12:08:39.811812,JEW,2213365.jpg,2213365,2,0,NA
2213362_2,2022-10-07 12:08:39.468058,JEW,2213362.jpg,2213362,2,0,NA
2213360_2,2022-10-07 12:08:38.655496,JEW,2213360.jpg,2213360,2,0,NA
2213169_2,2022-10-07 12:08:38.327478,JEW,2213169.jpg,2213169,2,0,NA
2212591_2,2022-10-07 12:08:36.592907,JEW,2212591.jpg,2212591,2,0,NA
2212590_2,2022-10-07 12:08:36.061636,JEW,2212590.jpg,2212590,2,0,NA
2212213_2,2022-10-07 12:08:35.624119,JEW,2212213.jpg,2212213,2,0,NA
2212149_2,2022-10-07 12:08:35.030446,JEW,2212149.jpg,2212149,2,0,NA
2212148_2,2022-10-07 12:08:33.170896,JEW,2212148.jpg,2212148,2,0,NA
2211972_2,2022-10-07 12:08:31.608325,JEW,2211972.jpg,2211972,2,0,NA
2211968_2,2022-10-07 12:08:30.592653,JEW,2211968.jpg,2211968,2,0,NA
2211923_2,2022-10-07 12:08:30.202209,JEW,2211923.jpg,2211923,2,0,NA
2211885_2,2022-10-07 12:08:29.530151,JEW,2211885.jpg,2211885,2,0,NA
2211884_2,2022-10-07 12:08:28.717606,JEW,2211884.jpg,2211884,2,0,NA
2211879_2,2022-10-07 12:08:28.280412,JEW,2211879.jpg,2211879,2,0,NA
2211878_2,2022-10-07 12:08:27.233145,JEW,2211878.jpg,2211878,2,0,NA
2211877_2,2022-10-07 12:08:25.014339,JEW,2211877.jpg,2211877,2,0,NA
2211876_2,2022-10-07 12:08:23.748664,JEW,2211876.jpg,2211876,2,0,NA
2211768_2,2022-10-07 12:08:22.529839,JEW,2211768.jpg,2211768,2,0,NA
2211766_2,2022-10-07 12:08:22.107977,JEW,2211766.jpg,2211766,2,0,NA
2211670_2,2022-10-07 12:08:21.389154,JEW,2211670.jpg,2211670,2,0,NA
2211669_2,2022-10-07 12:08:19.857862,JEW,2211669.jpg,2211669,2,0,NA
2211668_2,2022-10-07 12:08:18.217169,JEW,2211668.jpg,2211668,2,0,NA
2211667_2,2022-10-07 12:08:16.154588,JEW,2211667.jpg,2211667,2,0,NA
2211666_2,2022-10-07 12:08:13.966978,JEW,2211666.jpg,2211666,2,0,NA
2211665_2,2022-10-07 12:08:12.873385,JEW,2211665.jpg,2211665,2,0,NA
2211664_2,2022-10-07 12:08:10.607694,JEW,2211664.jpg,2211664,2,0,NA
2211586_2,2022-10-07 12:08:09.185765,JEW,2211586.jpg,2211586,2,0,NA
2211415_2,2022-10-07 12:08:08.498012,JEW,2211415.jpg,2211415,2,0,NA
2211073_2,2022-10-07 12:08:07.857374,JEW,2211073.jpg,2211073,2,0,NA
2211068_2,2022-10-07 12:08:05.888578,JEW,2211068.jpg,2211068,2,0,NA
2211065_2,2022-10-07 12:08:03.466670,JEW,2211065.jpg,2211065,2,0,NA
2211063_2,2022-10-07 12:08:01.607128,JEW,2211063.jpg,2211063,2,0,NA
2211061_2,2022-10-07 12:07:59.778908,JEW,2211061.jpg,2211061,2,0,NA
2211057_2,2022-10-07 12:07:57.231925,JEW,2211057.jpg,2211057,2,0,NA
2211053_2,2022-10-07 12:07:55.388102,JEW,2211053.jpg,2211053,2,0,NA
2211048_2,2022-10-07 12:07:53.419271,JEW,2211048.jpg,2211048,2,0,NA
2211047_2,2022-10-07 12:07:52.575652,JEW,2211047.jpg,2211047,2,0,NA
2211046_2,2022-10-07 12:07:50.747278,JEW,2211046.jpg,2211046,2,0,NA
2211044_2,2022-10-07 12:07:49.075516,JEW,2211044.jpg,2211044,2,0,NA
2211043_2,2022-10-07 12:07:47.294156,JEW,2211043.jpg,2211043,2,0,NA
2211042_2,2022-10-07 12:07:45.106457,JEW,2211042.jpg,2211042,2,0,NA
2211041_2,2022-10-07 12:07:43.340764,JEW,2211041.jpg,2211041,2,0,NA
2211035_2,2022-10-07 12:07:41.981475,JEW,2211035.jpg,2211035,2,0,NA
2211027_2,2022-10-07 12:07:40.621886,JEW,2211027.jpg,2211027,2,0,NA
2211024_2,2022-10-07 12:07:39.481196,JEW,2211024.jpg,2211024,2,0,NA
2211023_2,2022-10-07 12:07:37.184236,JEW,2211023.jpg,2211023,2,0,NA
2211022_2,2022-10-07 12:07:35.137293,JEW,2211022.jpg,2211022,2,0,NA
2211020_2,2022-10-07 12:07:33.715370,JEW,2211020.jpg,2211020,2,0,NA
2211014_2,2022-10-07 12:07:32.090270,JEW,2211014.jpg,2211014,2,0,NA
2211002_2,2022-10-07 12:07:30.840302,JEW,2211002.jpg,2211002,2,0,NA
2211000_2,2022-10-07 12:07:29.574558,JEW,2211000.jpg,2211000,2,0,NA
2210999_2,2022-10-07 12:07:28.105745,JEW,2210999.jpg,2210999,2,0,NA
2210998_2,2022-10-07 12:07:26.808810,JEW,2210998.jpg,2210998,2,0,NA
2210997_2,2022-10-07 12:07:24.949483,JEW,2210997.jpg,2210997,2,0,NA
2210995_2,2022-10-07 12:07:23.136797,JEW,2210995.jpg,2210995,2,0,NA
2210994_2,2022-10-07 12:07:21.386721,JEW,2210994.jpg,2210994,2,0,NA
2210987_2,2022-10-07 12:07:20.105395,JEW,2210987.jpg,2210987,2,0,NA
2210929_2,2022-10-07 12:07:18.714751,JEW,2210929.jpg,2210929,2,0,NA
2210926_2,2022-10-07 12:07:16.699193,JEW,2210926.jpg,2210926,2,0,NA
2210924_2,2022-10-07 12:07:15.808369,JEW,2210924.jpg,2210924,2,0,NA
2210923_2,2022-10-07 12:07:14.292682,JEW,2210923.jpg,2210923,2,0,NA
2210921_2,2022-10-07 12:07:12.730300,JEW,2210921.jpg,2210921,2,0,NA
2210888_2,2022-10-07 12:07:10.839436,JEW,2210888.jpg,2210888,2,0,NA
2210887_2,2022-10-07 12:07:09.761229,JEW,2210887.jpg,2210887,2,0,NA
2210884_2,2022-10-07 12:07:08.511195,JEW,2210884.jpg,2210884,2,0,NA
2210883_2,2022-10-07 12:07:06.682976,JEW,2210883.jpg,2210883,2,0,NA
2210881_2,2022-10-07 12:07:06.152232,JEW,2210881.jpg,2210881,2,0,NA
2210880_2,2022-10-07 12:07:05.667316,JEW,2210880.jpg,2210880,2,0,NA
2210879_2,2022-10-07 12:07:04.854781,JEW,2210879.jpg,2210879,2,0,NA
2210878_2,2022-10-07 12:07:03.620353,JEW,2210878.jpg,2210878,2,0,NA
2210876_2,2022-10-07 12:07:03.042417,JEW,2210876.jpg,2210876,2,0,NA
2210868_2,2022-10-07 12:07:02.245309,JEW,2210868.jpg,2210868,2,0,NA
2210866_2,2022-10-07 12:07:01.651516,JEW,2210866.jpg,2210866,2,0,NA
2210861_2,2022-10-07 12:07:00.964000,JEW,2210861.jpg,2210861,2,0,NA
2210860_2,2022-10-07 12:06:59.557753,JEW,2210860.jpg,2210860,2,0,NA
2210855_2,2022-10-07 12:06:58.323274,JEW,2210855.jpg,2210855,2,0,NA
2210854_2,2022-10-07 12:06:57.229476,JEW,2210854.jpg,2210854,2,0,NA
2210853_2,2022-10-07 12:06:55.760775,JEW,2210853.jpg,2210853,2,0,NA
2210851_2,2022-10-07 12:06:55.323172,JEW,2210851.jpg,2210851,2,0,NA
2210850_2,2022-10-07 12:06:54.369971,JEW,2210850.jpg,2210850,2,0,NA
2210849_2,2022-10-07 12:06:53.354324,JEW,2210849.jpg,2210849,2,0,NA
2210845_2,2022-10-07 12:06:51.651119,JEW,2210845.jpg,2210845,2,0,NA
2210844_2,2022-10-07 12:06:51.088597,JEW,2210844.jpg,2210844,2,0,NA
2210843_2,2022-10-07 12:06:49.432296,JEW,2210843.jpg,2210843,2,0,NA
2210842_2,2022-10-07 12:06:47.698092,JEW,2210842.jpg,2210842,2,0,NA
2210838_2,2022-10-07 12:06:46.447785,JEW,2210838.jpg,2210838,2,0,NA
2210837_2,2022-10-07 12:06:44.619592,JEW,2210837.jpg,2210837,2,0,NA
2210833_2,2022-10-07 12:06:44.025837,JEW,2210833.jpg,2210833,2,0,NA
2210829_2,2022-10-07 12:06:42.354047,JEW,2210829.jpg,2210829,2,0,NA
2210827_2,2022-10-07 12:06:40.760060,JEW,2210827.jpg,2210827,2,0,NA
2210824_2,2022-10-07 12:06:39.353826,JEW,2210824.jpg,2210824,2,0,NA
2210822_2,2022-10-07 12:06:38.166192,JEW,2210822.jpg,2210822,2,0,NA
2210817_2,2022-10-07 12:06:36.291129,JEW,2210817.jpg,2210817,2,0,NA
2210816_2,2022-10-07 12:06:34.634815,JEW,2210816.jpg,2210816,2,0,NA
2210814_2,2022-10-07 12:06:33.400372,JEW,2210814.jpg,2210814,2,0,NA
2210813_2,2022-10-07 12:06:31.978442,JEW,2210813.jpg,2210813,2,0,NA
2210809_2,2022-10-07 12:06:30.494225,JEW,2210809.jpg,2210809,2,0,NA
2210808_2,2022-10-07 12:06:29.072140,JEW,2210808.jpg,2210808,2,0,NA
2210806_2,2022-10-07 12:06:27.150113,JEW,2210806.jpg,2210806,2,0,NA
2210751_2,2022-10-07 12:06:25.759446,JEW,2210751.jpg,2210751,2,0,NA
2210750_2,2022-10-07 12:06:23.884378,JEW,2210750.jpg,2210750,2,0,NA
2210747_2,2022-10-07 12:06:22.447057,JEW,2210747.jpg,2210747,2,0,NA
2210743_2,2022-10-07 12:06:20.899873,JEW,2210743.jpg,2210743,2,0,NA
2210726_2,2022-10-07 12:06:19.306080,JEW,2210726.jpg,2210726,2,0,NA
2210724_2,2022-10-07 12:06:17.978219,JEW,2210724.jpg,2210724,2,0,NA
2210717_2,2022-10-07 12:06:15.696593,JEW,2210717.jpg,2210717,2,0,NA
2210716_2,2022-10-07 12:06:14.618591,JEW,2210716.jpg,2210716,2,0,NA
2210715_2,2022-10-07 12:06:13.415181,JEW,2210715.jpg,2210715,2,0,NA
2210714_2,2022-10-07 12:06:12.618371,JEW,2210714.jpg,2210714,2,0,NA
2210713_2,2022-10-07 12:06:10.961954,JEW,2210713.jpg,2210713,2,0,NA
2210710_2,2022-10-07 12:06:09.790565,JEW,2210710.jpg,2210710,2,0,NA
2210708_2,2022-10-07 12:06:08.821252,JEW,2210708.jpg,2210708,2,0,NA
2210707_2,2022-10-07 12:06:07.930758,JEW,2210707.jpg,2210707,2,0,NA
2210706_2,2022-10-07 12:06:06.774303,JEW,2210706.jpg,2210706,2,0,NA
2210704_2,2022-10-07 12:06:05.852480,JEW,2210704.jpg,2210704,2,0,NA
2210593_2,2022-10-07 12:06:04.930458,JEW,2210593.jpg,2210593,2,0,NA
2210589_2,2022-10-07 12:06:03.242903,JEW,2210589.jpg,2210589,2,0,NA
2210588_2,2022-10-07 12:06:02.805361,JEW,2210588.jpg,2210588,2,0,NA
2210585_2,2022-10-07 12:06:01.008422,JEW,2210585.jpg,2210585,2,0,NA
2210582_2,2022-10-07 12:05:59.320856,JEW,2210582.jpg,2210582,2,0,NA
2210355_2,2022-10-07 12:05:57.352024,JEW,2210355.jpg,2210355,2,0,NA
2210351_2,2022-10-07 12:05:55.992764,JEW,2210351.jpg,2210351,2,0,NA
2210349_2,2022-10-07 12:05:54.305052,JEW,2210349.jpg,2210349,2,0,NA
2210346_2,2022-10-07 12:05:52.664337,JEW,2210346.jpg,2210346,2,0,NA
2210321_2,2022-10-07 12:05:51.117402,JEW,2210321.jpg,2210321,2,0,NA
2210318_2,2022-10-07 12:05:50.039222,JEW,2210318.jpg,2210318,2,0,NA
2210316_2,2022-10-07 12:05:48.804797,JEW,2210316.jpg,2210316,2,0,NA
2210315_2,2022-10-07 12:05:48.148693,JEW,2210315.jpg,2210315,2,0,NA
2210311_2,2022-10-07 12:05:46.664079,JEW,2210311.jpg,2210311,2,0,NA
2210310_2,2022-10-07 12:05:44.617124,JEW,2210310.jpg,2210310,2,0,NA
2210309_2,2022-10-07 12:05:42.898304,JEW,2210309.jpg,2210309,2,0,NA
2210307_2,2022-10-07 12:05:41.195124,JEW,2210307.jpg,2210307,2,0,NA
2210178_2,2022-10-07 12:05:39.820050,JEW,2210178.jpg,2210178,2,0,NA
2210098_2,2022-10-07 12:05:37.945070,JEW,2210098.jpg,2210098,2,0,NA
2210096_2,2022-10-07 12:05:36.788786,JEW,2210096.jpg,2210096,2,0,NA
2210095_2,2022-10-07 12:05:35.272989,JEW,2210095.jpg,2210095,2,0,NA
2209969_2,2022-10-07 12:05:34.460593,JEW,2209969.jpg,2209969,2,0,NA
2209968_2,2022-10-07 12:05:32.866682,JEW,2209968.jpg,2209968,2,0,NA
2209939_2,2022-10-07 12:05:31.272819,JEW,2209939.jpg,2209939,2,0,NA
2209921_2,2022-10-07 12:05:29.679004,JEW,2209921.jpg,2209921,2,0,NA
2209860_2,2022-10-07 12:05:27.898072,JEW,2209860.jpg,2209860,2,0,NA
2209858_2,2022-10-07 12:05:27.147657,JEW,2209858.jpg,2209858,2,0,NA
2209850_2,2022-10-07 12:05:25.725743,JEW,2209850.jpg,2209850,2,0,NA
2209791_2,2022-10-07 12:05:23.850850,JEW,2209791.jpg,2209791,2,0,NA
2209770_2,2022-10-07 12:05:22.991250,JEW,2209770.jpg,2209770,2,0,NA
2209639_2,2022-10-07 12:05:21.382048,JEW,2209639.jpg,2209639,2,0,NA
2209636_2,2022-10-07 12:05:21.084933,JEW,2209636.jpg,2209636,2,0,NA
2209565_2,2022-10-07 12:05:20.163031,JEW,2209565.jpg,2209565,2,0,NA
2209563_2,2022-10-07 12:05:18.147304,JEW,2209563.jpg,2209563,2,0,NA
2209551_2,2022-10-07 12:05:17.162876,JEW,2209551.jpg,2209551,2,0,NA
2209548_2,2022-10-07 12:05:16.600376,JEW,2209548.jpg,2209548,2,0,NA
2209538_2,2022-10-07 12:05:15.803546,JEW,2209538.jpg,2209538,2,0,NA
2209446_2,2022-10-07 12:05:14.131502,JEW,2209446.jpg,2209446,2,0,NA
2209445_2,2022-10-07 12:05:12.834583,JEW,2209445.jpg,2209445,2,0,NA
2209362_2,2022-10-07 12:05:11.897477,JEW,2209362.jpg,2209362,2,0,NA
2209333_2,2022-10-07 12:05:11.068892,JEW,2209333.jpg,2209333,2,0,NA
2209296_2,2022-10-07 12:05:10.006485,JEW,2209296.jpg,2209296,2,0,NA
2209252_2,2022-10-07 12:05:08.975067,JEW,2209252.jpg,2209252,2,0,NA
2209251_2,2022-10-07 12:05:07.428128,JEW,2209251.jpg,2209251,2,0,NA
2209249_2,2022-10-07 12:05:06.006161,JEW,2209249.jpg,2209249,2,0,NA
2209248_2,2022-10-07 12:05:04.974897,JEW,2209248.jpg,2209248,2,0,NA
2209104_2,2022-10-07 12:05:03.912345,JEW,2209104.jpg,2209104,2,0,NA
2209102_2,2022-10-07 12:05:02.381033,JEW,2209102.jpg,2209102,2,0,NA
2209100_2,2022-10-07 12:05:01.365370,JEW,2209100.jpg,2209100,2,0,NA
2209048_2,2022-10-07 12:05:00.521584,JEW,2209048.jpg,2209048,2,0,NA
2208972_2,2022-10-07 12:04:58.818391,JEW,2208972.jpg,2208972,2,0,NA
2208956_2,2022-10-07 12:04:58.334012,JEW,2208956.jpg,2208956,2,0,NA
2208750_2,2022-10-07 12:04:56.599557,JEW,2208750.jpg,2208750,2,0,NA
2208749_2,2022-10-07 12:04:54.990352,JEW,2208749.jpg,2208749,2,0,NA
2208743_2,2022-10-07 12:04:53.208866,JEW,2208743.jpg,2208743,2,0,NA
2208742_2,2022-10-07 12:04:51.396217,JEW,2208742.jpg,2208742,2,0,NA
2208739_2,2022-10-07 12:04:49.911755,JEW,2208739.jpg,2208739,2,0,NA
2208678_2,2022-10-07 12:04:48.708676,JEW,2208678.jpg,2208678,2,0,NA
2208677_2,2022-10-07 12:04:47.177282,JEW,2208677.jpg,2208677,2,0,NA
2208644_2,2022-10-07 12:04:45.771302,JEW,2208644.jpg,2208644,2,0,NA
2208641_2,2022-10-07 12:04:44.661655,JEW,2208641.jpg,2208641,2,0,NA
2208639_2,2022-10-07 12:04:43.427296,JEW,2208639.jpg,2208639,2,0,NA
2208638_2,2022-10-07 12:04:41.833306,JEW,2208638.jpg,2208638,2,0,NA
2208636_2,2022-10-07 12:04:41.130428,JEW,2208636.jpg,2208636,2,0,NA
2208635_2,2022-10-07 12:04:39.161541,JEW,2208635.jpg,2208635,2,0,NA
2208634_2,2022-10-07 12:04:37.661256,JEW,2208634.jpg,2208634,2,0,NA
2208632_2,2022-10-07 12:04:35.614323,JEW,2208632.jpg,2208632,2,0,NA
2208631_2,2022-10-07 12:04:34.598653,JEW,2208631.jpg,2208631,2,0,NA
2208630_2,2022-10-07 12:04:33.645474,JEW,2208630.jpg,2208630,2,0,NA
2208629_2,2022-10-07 12:04:32.817330,JEW,2208629.jpg,2208629,2,0,NA
2208628_2,2022-10-07 12:04:30.473467,JEW,2208628.jpg,2208628,2,0,NA
2208627_2,2022-10-07 12:04:29.223410,JEW,2208627.jpg,2208627,2,0,NA
2208626_2,2022-10-07 12:04:27.973364,JEW,2208626.jpg,2208626,2,0,NA
2208625_2,2022-10-07 12:04:27.176455,JEW,2208625.jpg,2208625,2,0,NA
2208624_2,2022-10-07 12:04:26.239142,JEW,2208624.jpg,2208624,2,0,NA
2208623_2,2022-10-07 12:04:24.801517,JEW,2208623.jpg,2208623,2,0,NA
2208622_2,2022-10-07 12:04:24.004463,JEW,2208622.jpg,2208622,2,0,NA
2208621_2,2022-10-07 12:04:22.051263,JEW,2208621.jpg,2208621,2,0,NA
2208620_2,2022-10-07 12:04:20.098986,JEW,2208620.jpg,2208620,2,0,NA
2208618_2,2022-10-07 12:04:17.098016,JEW,2208618.jpg,2208618,2,0,NA
2208617_2,2022-10-07 12:04:14.988467,JEW,2208617.jpg,2208617,2,0,NA
2208616_2,2022-10-07 12:04:13.160417,JEW,2208616.jpg,2208616,2,0,NA
2208615_2,2022-10-07 12:04:12.144668,JEW,2208615.jpg,2208615,2,0,NA
2208614_2,2022-10-07 12:04:10.160206,JEW,2208614.jpg,2208614,2,0,NA
2208613_2,2022-10-07 12:04:08.738204,JEW,2208613.jpg,2208613,2,0,NA
2208612_2,2022-10-07 12:04:07.847539,JEW,2208612.jpg,2208612,2,0,NA
2208610_2,2022-10-07 12:04:05.925595,JEW,2208610.jpg,2208610,2,0,NA
2208608_2,2022-10-07 12:04:04.284898,JEW,2208608.jpg,2208608,2,0,NA
2208607_2,2022-10-07 12:04:02.972352,JEW,2208607.jpg,2208607,2,0,NA
2208605_2,2022-10-07 12:04:02.237944,JEW,2208605.jpg,2208605,2,0,NA
2208604_2,2022-10-07 12:04:01.034774,JEW,2208604.jpg,2208604,2,0,NA
2208602_2,2022-10-07 12:04:00.378593,JEW,2208602.jpg,2208602,2,0,NA
2208601_2,2022-10-07 12:03:59.659705,JEW,2208601.jpg,2208601,2,0,NA
2208600_2,2022-10-07 12:03:57.956669,JEW,2208600.jpg,2208600,2,0,NA
2208599_2,2022-10-07 12:03:56.347077,JEW,2208599.jpg,2208599,2,0,NA
2208598_2,2022-10-07 12:03:55.628301,JEW,2208598.jpg,2208598,2,0,NA
2208596_2,2022-10-07 12:03:54.800143,JEW,2208596.jpg,2208596,2,0,NA
2208595_2,2022-10-07 12:03:53.284476,JEW,2208595.jpg,2208595,2,0,NA
2208594_2,2022-10-07 12:03:52.362537,JEW,2208594.jpg,2208594,2,0,NA
2208593_2,2022-10-07 12:03:50.565586,JEW,2208593.jpg,2208593,2,0,NA
2208592_2,2022-10-07 12:03:49.940785,JEW,2208592.jpg,2208592,2,0,NA
2208591_2,2022-10-07 12:03:48.331206,JEW,2208591.jpg,2208591,2,0,NA
2208590_2,2022-10-07 12:03:46.581044,JEW,2208590.jpg,2208590,2,0,NA
2208589_2,2022-10-07 12:03:45.237383,JEW,2208589.jpg,2208589,2,0,NA
2208588_2,2022-10-07 12:03:43.377797,JEW,2208588.jpg,2208588,2,0,NA
2208587_2,2022-10-07 12:03:42.846536,JEW,2208587.jpg,2208587,2,0,NA
2208586_2,2022-10-07 12:03:40.190074,JEW,2208586.jpg,2208586,2,0,NA
2208585_2,2022-10-07 12:03:39.049736,JEW,2208585.jpg,2208585,2,0,NA
2208584_2,2022-10-07 12:03:37.783594,JEW,2208584.jpg,2208584,2,0,NA
2208583_2,2022-10-07 12:03:36.517847,JEW,2208583.jpg,2208583,2,0,NA
2208582_2,2022-10-07 12:03:35.439594,JEW,2208582.jpg,2208582,2,0,NA
2208581_2,2022-10-07 12:03:34.689506,JEW,2208581.jpg,2208581,2,0,NA
2208580_2,2022-10-07 12:03:33.033085,JEW,2208580.jpg,2208580,2,0,NA
2208578_2,2022-10-07 12:03:32.157999,JEW,2208578.jpg,2208578,2,0,NA
2208577_2,2022-10-07 12:03:29.782745,JEW,2208577.jpg,2208577,2,0,NA
2208576_2,2022-10-07 12:03:27.845038,JEW,2208576.jpg,2208576,2,0,NA
2208575_2,2022-10-07 12:03:25.782337,JEW,2208575.jpg,2208575,2,0,NA
2208574_2,2022-10-07 12:03:24.844865,JEW,2208574.jpg,2208574,2,0,NA
2208571_2,2022-10-07 12:03:22.813293,JEW,2208571.jpg,2208571,2,0,NA
2208570_2,2022-10-07 12:03:22.094604,JEW,2208570.jpg,2208570,2,0,NA
2208569_2,2022-10-07 12:03:20.375497,JEW,2208569.jpg,2208569,2,0,NA
2208568_2,2022-10-07 12:03:19.594165,JEW,2208568.jpg,2208568,2,0,NA
2208567_2,2022-10-07 12:03:18.094025,JEW,2208567.jpg,2208567,2,0,NA
2208566_2,2022-10-07 12:03:15.937576,JEW,2208566.jpg,2208566,2,0,NA
2208565_2,2022-10-07 12:03:15.031410,JEW,2208565.jpg,2208565,2,0,NA
2208563_2,2022-10-07 12:03:12.171515,JEW,2208563.jpg,2208563,2,0,NA
2208562_2,2022-10-07 12:03:09.983785,JEW,2208562.jpg,2208562,2,0,NA
2208561_2,2022-10-07 12:03:06.436579,JEW,2208561.jpg,2208561,2,0,NA
2208560_2,2022-10-07 12:03:04.842624,JEW,2208560.jpg,2208560,2,0,NA
2208559_2,2022-10-07 12:03:03.467665,JEW,2208559.jpg,2208559,2,0,NA
2208557_2,2022-10-07 12:03:02.092451,JEW,2208557.jpg,2208557,2,0,NA
2208556_2,2022-10-07 12:02:58.795113,JEW,2208556.jpg,2208556,2,0,NA
2208554_2,2022-10-07 12:02:57.998178,JEW,2208554.jpg,2208554,2,0,NA
2208553_2,2022-10-07 12:02:57.185589,JEW,2208553.jpg,2208553,2,0,NA
2208552_2,2022-10-07 12:02:56.294988,JEW,2208552.jpg,2208552,2,0,NA
2208551_2,2022-10-07 12:02:54.154024,JEW,2208551.jpg,2208551,2,0,NA
2208550_2,2022-10-07 12:02:53.325819,JEW,2208550.jpg,2208550,2,0,NA
2208549_2,2022-10-07 12:02:52.075905,JEW,2208549.jpg,2208549,2,0,NA
2208547_2,2022-10-07 12:02:48.903840,JEW,2208547.jpg,2208547,2,0,NA
2208546_2,2022-10-07 12:02:48.403431,JEW,2208546.jpg,2208546,2,0,NA
2208544_2,2022-10-07 12:02:47.919004,JEW,2208544.jpg,2208544,2,0,NA
2208538_2,2022-10-07 12:02:46.997028,JEW,2208538.jpg,2208538,2,0,NA
2208537_2,2022-10-07 12:02:46.059587,JEW,2208537.jpg,2208537,2,0,NA
2208536_2,2022-10-07 12:02:43.793567,JEW,2208536.jpg,2208536,2,0,NA
2208535_2,2022-10-07 12:02:42.762197,JEW,2208535.jpg,2208535,2,0,NA
2208534_2,2022-10-07 12:02:42.012132,JEW,2208534.jpg,2208534,2,0,NA
2208533_2,2022-10-07 12:02:40.809438,JEW,2208533.jpg,2208533,2,0,NA
2208532_2,2022-10-07 12:02:39.340228,JEW,2208532.jpg,2208532,2,0,NA
2208482_2,2022-10-07 12:02:38.558642,JEW,2208482.jpg,2208482,2,0,NA
2208481_2,2022-10-07 12:02:38.011711,JEW,2208481.jpg,2208481,2,0,NA
2208468_2,2022-10-07 12:02:37.308513,JEW,2208468.jpg,2208468,2,0,NA
2208467_2,2022-10-07 12:02:35.964697,JEW,2208467.jpg,2208467,2,0,NA
2208466_2,2022-10-07 12:02:33.964406,JEW,2208466.jpg,2208466,2,0,NA
2208457_2,2022-10-07 12:02:31.979807,JEW,2208457.jpg,2208457,2,0,NA
2208452_2,2022-10-07 12:02:30.682793,JEW,2208452.jpg,2208452,2,0,NA
2208450_2,2022-10-07 12:02:29.401414,JEW,2208450.jpg,2208450,2,0,NA
2208449_2,2022-10-07 12:02:28.135652,JEW,2208449.jpg,2208449,2,0,NA
2208446_2,2022-10-07 12:02:26.869910,JEW,2208446.jpg,2208446,2,0,NA
2208439_2,2022-10-07 12:02:24.322754,JEW,2208439.jpg,2208439,2,0,NA
2208434_2,2022-10-07 12:02:23.150753,JEW,2208434.jpg,2208434,2,0,NA
2208433_2,2022-10-07 12:02:21.400575,JEW,2208433.jpg,2208433,2,0,NA
2208430_2,2022-10-07 12:02:20.697390,JEW,2208430.jpg,2208430,2,0,NA
2208427_2,2022-10-07 12:02:19.556635,JEW,2208427.jpg,2208427,2,0,NA
2208426_2,2022-10-07 12:02:18.400255,JEW,2208426.jpg,2208426,2,0,NA
2208421_2,2022-10-07 12:02:16.431298,JEW,2208421.jpg,2208421,2,0,NA
2208420_2,2022-10-07 12:02:14.743622,JEW,2208420.jpg,2208420,2,0,NA
2208415_2,2022-10-07 12:02:13.931039,JEW,2208415.jpg,2208415,2,0,NA
2208411_2,2022-10-07 12:02:11.727689,JEW,2208411.jpg,2208411,2,0,NA
2208409_2,2022-10-07 12:02:10.086895,JEW,2208409.jpg,2208409,2,0,NA
2208408_2,2022-10-07 12:02:08.743002,JEW,2208408.jpg,2208408,2,0,NA
2208404_2,2022-10-07 12:02:07.367862,JEW,2208404.jpg,2208404,2,0,NA
2208403_2,2022-10-07 12:02:05.492662,JEW,2208403.jpg,2208403,2,0,NA
2208402_2,2022-10-07 12:02:03.838217,JEW,2208402.jpg,2208402,2,0,NA
2208401_2,2022-10-07 12:02:02.554857,JEW,2208401.jpg,2208401,2,0,NA
2208398_2,2022-10-07 12:02:00.835929,JEW,2208398.jpg,2208398,2,0,NA
2208393_2,2022-10-07 12:01:59.367025,JEW,2208393.jpg,2208393,2,0,NA
2208392_2,2022-10-07 12:01:58.991982,JEW,2208392.jpg,2208392,2,0,NA
2208388_2,2022-10-07 12:01:58.320035,JEW,2208388.jpg,2208388,2,0,NA
2208386_2,2022-10-07 12:01:56.241692,JEW,2208386.jpg,2208386,2,0,NA
2208385_2,2022-10-07 12:01:55.492201,JEW,2208385.jpg,2208385,2,0,NA
2208384_2,2022-10-07 12:01:54.632391,JEW,2208384.jpg,2208384,2,0,NA
2208381_2,2022-10-07 12:01:54.038360,JEW,2208381.jpg,2208381,2,0,NA
2208379_2,2022-10-07 12:01:52.350765,JEW,2208379.jpg,2208379,2,0,NA
2208378_2,2022-10-07 12:01:51.475573,JEW,2208378.jpg,2208378,2,0,NA
2208374_2,2022-10-07 12:01:50.850526,JEW,2208374.jpg,2208374,2,0,NA
2208373_2,2022-10-07 12:01:48.694193,JEW,2208373.jpg,2208373,2,0,NA
2208369_2,2022-10-07 12:01:48.131471,JEW,2208369.jpg,2208369,2,0,NA
2208365_2,2022-10-07 12:01:47.553570,JEW,2208365.jpg,2208365,2,0,NA
2208363_2,2022-10-07 12:01:45.318669,JEW,2208363.jpg,2208363,2,0,NA
2208361_2,2022-10-07 12:01:42.959055,JEW,2208361.jpg,2208361,2,0,NA
2208358_2,2022-10-07 12:01:41.458895,JEW,2208358.jpg,2208358,2,0,NA
2208349_2,2022-10-07 12:01:40.568177,JEW,2208349.jpg,2208349,2,0,NA
2208347_2,2022-10-07 12:01:39.599325,JEW,2208347.jpg,2208347,2,0,NA
2208346_2,2022-10-07 12:01:38.677470,JEW,2208346.jpg,2208346,2,0,NA
2208338_2,2022-10-07 12:01:36.974051,JEW,2208338.jpg,2208338,2,0,NA
2208334_2,2022-10-07 12:01:36.161481,JEW,2208334.jpg,2208334,2,0,NA
2208331_2,2022-10-07 12:01:35.208424,JEW,2208331.jpg,2208331,2,0,NA
2208330_2,2022-10-07 12:01:34.130008,JEW,2208330.jpg,2208330,2,0,NA
2208302_2,2022-10-07 12:01:33.301864,JEW,2208302.jpg,2208302,2,0,NA
2208301_2,2022-10-07 12:01:31.520360,JEW,2208301.jpg,2208301,2,0,NA
2208249_2,2022-10-07 12:01:29.285750,JEW,2208249.jpg,2208249,2,0,NA
2208242_2,2022-10-07 12:01:27.894993,JEW,2208242.jpg,2208242,2,0,NA
2208239_2,2022-10-07 12:01:26.269957,JEW,2208239.jpg,2208239,2,0,NA
2208220_2,2022-10-07 12:01:25.050956,JEW,2208220.jpg,2208220,2,0,NA
2208215_2,2022-10-07 12:01:23.472689,JEW,2208215.jpg,2208215,2,0,NA
2208211_2,2022-10-07 12:01:22.410045,JEW,2208211.jpg,2208211,2,0,NA
2208210_2,2022-10-07 12:01:20.847378,JEW,2208210.jpg,2208210,2,0,NA
2208208_2,2022-10-07 12:01:20.081678,JEW,2208208.jpg,2208208,2,0,NA
2208206_2,2022-10-07 12:01:18.503377,JEW,2208206.jpg,2208206,2,0,NA
2208202_2,2022-10-07 12:01:16.550039,JEW,2208202.jpg,2208202,2,0,NA
2208201_2,2022-10-07 12:01:14.440468,JEW,2208201.jpg,2208201,2,0,NA
2208200_2,2022-10-07 12:01:13.112256,JEW,2208200.jpg,2208200,2,0,NA
2208195_2,2022-10-07 12:01:10.955702,JEW,2208195.jpg,2208195,2,0,NA
2208193_2,2022-10-07 12:01:09.518051,JEW,2208193.jpg,2208193,2,0,NA
2208172_2,2022-10-07 12:01:08.502393,JEW,2208172.jpg,2208172,2,0,NA
2208171_2,2022-10-07 12:01:06.580260,JEW,2208171.jpg,2208171,2,0,NA
2208170_2,2022-10-07 12:01:04.220639,JEW,2208170.jpg,2208170,2,0,NA
2208168_2,2022-10-07 12:01:02.923614,JEW,2208168.jpg,2208168,2,0,NA
2208167_2,2022-10-07 12:01:01.704935,JEW,2208167.jpg,2208167,2,0,NA
2208165_2,2022-10-07 12:01:00.470417,JEW,2208165.jpg,2208165,2,0,NA
2208164_2,2022-10-07 12:00:58.970095,JEW,2208164.jpg,2208164,2,0,NA
2208163_2,2022-10-07 12:00:57.063645,JEW,2208163.jpg,2208163,2,0,NA
2208161_2,2022-10-07 12:00:55.985520,JEW,2208161.jpg,2208161,2,0,NA
2208155_2,2022-10-07 12:00:54.188328,JEW,2208155.jpg,2208155,2,0,NA
2208152_2,2022-10-07 12:00:51.922484,JEW,2208152.jpg,2208152,2,0,NA
2208151_2,2022-10-07 12:00:50.156666,JEW,2208151.jpg,2208151,2,0,NA
2208143_2,2022-10-07 12:00:48.078320,JEW,2208143.jpg,2208143,2,0,NA
2208142_2,2022-10-07 12:00:46.281307,JEW,2208142.jpg,2208142,2,0,NA
2208140_2,2022-10-07 12:00:44.921765,JEW,2208140.jpg,2208140,2,0,NA
2208139_2,2022-10-07 12:00:43.937263,JEW,2208139.jpg,2208139,2,0,NA
2208132_2,2022-10-07 12:00:42.906044,JEW,2208132.jpg,2208132,2,0,NA
2208128_2,2022-10-07 12:00:41.108833,JEW,2208128.jpg,2208128,2,0,NA
2208127_2,2022-10-07 12:00:40.296304,JEW,2208127.jpg,2208127,2,0,NA
2208124_2,2022-10-07 12:00:38.608788,JEW,2208124.jpg,2208124,2,0,NA
2208123_2,2022-10-07 12:00:36.608577,JEW,2208123.jpg,2208123,2,0,NA
2208110_2,2022-10-07 12:00:35.483243,JEW,2208110.jpg,2208110,2,0,NA
2208109_2,2022-10-07 12:00:34.530040,JEW,2208109.jpg,2208109,2,0,NA
2208108_2,2022-10-07 12:00:33.514307,JEW,2208108.jpg,2208108,2,0,NA
2208107_2,2022-10-07 12:00:32.654884,JEW,2208107.jpg,2208107,2,0,NA
2208105_2,2022-10-07 12:00:31.873666,JEW,2208105.jpg,2208105,2,0,NA
2208101_2,2022-10-07 12:00:29.998324,JEW,2208101.jpg,2208101,2,0,NA
2208100_2,2022-10-07 12:00:28.342046,JEW,2208100.jpg,2208100,2,0,NA
2208099_2,2022-10-07 12:00:27.373035,JEW,2208099.jpg,2208099,2,0,NA
2208097_2,2022-10-07 12:00:26.622979,JEW,2208097.jpg,2208097,2,0,NA
2208095_2,2022-10-07 12:00:25.247870,JEW,2208095.jpg,2208095,2,0,NA
2208091_2,2022-10-07 12:00:23.450747,JEW,2208091.jpg,2208091,2,0,NA
2208090_2,2022-10-07 12:00:21.934961,JEW,2208090.jpg,2208090,2,0,NA
2208089_2,2022-10-07 12:00:19.840991,JEW,2208089.jpg,2208089,2,0,NA
2208088_2,2022-10-07 12:00:18.184589,JEW,2208088.jpg,2208088,2,0,NA
2208087_2,2022-10-07 12:00:16.497142,JEW,2208087.jpg,2208087,2,0,NA
2208086_2,2022-10-07 12:00:15.528069,JEW,2208086.jpg,2208086,2,0,NA
2208085_2,2022-10-07 12:00:13.949845,JEW,2208085.jpg,2208085,2,0,NA
2208084_2,2022-10-07 12:00:12.652776,JEW,2208084.jpg,2208084,2,0,NA
2208082_2,2022-10-07 12:00:12.105804,JEW,2208082.jpg,2208082,2,0,NA
2208081_2,2022-10-07 12:00:10.605673,JEW,2208081.jpg,2208081,2,0,NA
2208080_2,2022-10-07 12:00:09.089974,JEW,2208080.jpg,2208080,2,0,NA
2208079_2,2022-10-07 12:00:08.371029,JEW,2208079.jpg,2208079,2,0,NA
2208078_2,2022-10-07 12:00:07.074138,JEW,2208078.jpg,2208078,2,0,NA
2208077_2,2022-10-07 12:00:05.855158,JEW,2208077.jpg,2208077,2,0,NA
2208076_2,2022-10-07 12:00:05.308330,JEW,2208076.jpg,2208076,2,0,NA
2208075_2,2022-10-07 12:00:04.651904,JEW,2208075.jpg,2208075,2,0,NA
2208074_2,2022-10-07 12:00:03.370528,JEW,2208074.jpg,2208074,2,0,NA
2208073_2,2022-10-07 12:00:02.745453,JEW,2208073.jpg,2208073,2,0,NA
2208072_2,2022-10-07 12:00:02.089123,JEW,2208072.jpg,2208072,2,0,NA
2208071_2,2022-10-07 12:00:00.964152,JEW,2208071.jpg,2208071,2,0,NA
2208069_2,2022-10-07 12:00:00.292080,JEW,2208069.jpg,2208069,2,0,NA
2208067_2,2022-10-07 11:59:58.838798,JEW,2208067.jpg,2208067,2,0,NA
2208066_2,2022-10-07 11:59:56.057254,JEW,2208066.jpg,2208066,2,0,NA
2208065_2,2022-10-07 11:59:55.057189,JEW,2208065.jpg,2208065,2,0,NA
2208064_2,2022-10-07 11:59:53.556981,JEW,2208064.jpg,2208064,2,0,NA
2208063_2,2022-10-07 11:59:52.619562,JEW,2208063.jpg,2208063,2,0,NA
2208062_2,2022-10-07 11:59:51.087983,JEW,2208062.jpg,2208062,2,0,NA
2208059_2,2022-10-07 11:59:49.744110,JEW,2208059.jpg,2208059,2,0,NA
2208057_2,2022-10-07 11:59:49.072355,JEW,2208057.jpg,2208057,2,0,NA
2208056_2,2022-10-07 11:59:46.493752,JEW,2208056.jpg,2208056,2,0,NA
2208053_2,2022-10-07 11:59:45.821807,JEW,2208053.jpg,2208053,2,0,NA
2208052_2,2022-10-07 11:59:43.962239,JEW,2208052.jpg,2208052,2,0,NA
2208050_2,2022-10-07 11:59:41.837053,JEW,2208050.jpg,2208050,2,0,NA
2208049_2,2022-10-07 11:59:40.415139,JEW,2208049.jpg,2208049,2,0,NA
2208048_2,2022-10-07 11:59:38.852339,JEW,2208048.jpg,2208048,2,0,NA
2208046_2,2022-10-07 11:59:37.961638,JEW,2208046.jpg,2208046,2,0,NA
2208044_2,2022-10-07 11:59:35.945788,JEW,2208044.jpg,2208044,2,0,NA
2208042_2,2022-10-07 11:59:34.477026,JEW,2208042.jpg,2208042,2,0,NA
2208039_2,2022-10-07 11:59:33.258236,JEW,2208039.jpg,2208039,2,0,NA
2208034_2,2022-10-07 11:59:31.804718,JEW,2208034.jpg,2208034,2,0,NA
2208033_2,2022-10-07 11:59:30.804643,JEW,2208033.jpg,2208033,2,0,NA
2208031_2,2022-10-07 11:59:28.414285,JEW,2208031.jpg,2208031,2,0,NA
2208028_2,2022-10-07 11:59:26.397967,JEW,2208028.jpg,2208028,2,0,NA
2208027_2,2022-10-07 11:59:25.476075,JEW,2208027.jpg,2208027,2,0,NA
2208026_2,2022-10-07 11:59:24.241735,JEW,2208026.jpg,2208026,2,0,NA
2208025_2,2022-10-07 11:59:23.054218,JEW,2208025.jpg,2208025,2,0,NA
2208023_2,2022-10-07 11:59:20.428927,JEW,2208023.jpg,2208023,2,0,NA
2208020_2,2022-10-07 11:59:18.522215,JEW,2208020.jpg,2208020,2,0,NA
2208019_2,2022-10-07 11:59:16.975030,JEW,2208019.jpg,2208019,2,0,NA
2208015_2,2022-10-07 11:59:15.240501,JEW,2208015.jpg,2208015,2,0,NA
2208014_2,2022-10-07 11:59:13.052911,JEW,2208014.jpg,2208014,2,0,NA
2208013_2,2022-10-07 11:59:11.693252,JEW,2208013.jpg,2208013,2,0,NA
2208010_2,2022-10-07 11:59:10.974416,JEW,2208010.jpg,2208010,2,0,NA
2208008_2,2022-10-07 11:59:09.349501,JEW,2208008.jpg,2208008,2,0,NA
2208007_2,2022-10-07 11:59:08.505415,JEW,2208007.jpg,2208007,2,0,NA
2208005_2,2022-10-07 11:59:07.645966,JEW,2208005.jpg,2208005,2,0,NA
2208003_2,2022-10-07 11:59:06.817708,JEW,2208003.jpg,2208003,2,0,NA
2208002_2,2022-10-07 11:59:06.239645,JEW,2208002.jpg,2208002,2,0,NA
2207997_2,2022-10-07 11:59:04.833273,JEW,2207997.jpg,2207997,2,0,NA
2207992_2,2022-10-07 11:59:03.036914,JEW,2207992.jpg,2207992,2,0,NA
2207989_2,2022-10-07 11:59:01.270486,JEW,2207989.jpg,2207989,2,0,NA
2207987_2,2022-10-07 11:59:00.395178,JEW,2207987.jpg,2207987,2,0,NA
2207985_2,2022-10-07 11:58:59.410723,JEW,2207985.jpg,2207985,2,0,NA
2207984_2,2022-10-07 11:58:58.691912,JEW,2207984.jpg,2207984,2,0,NA
2207983_2,2022-10-07 11:58:57.222975,JEW,2207983.jpg,2207983,2,0,NA
2207980_2,2022-10-07 11:58:55.441537,JEW,2207980.jpg,2207980,2,0,NA
2207978_2,2022-10-07 11:58:54.394540,JEW,2207978.jpg,2207978,2,0,NA
2207977_2,2022-10-07 11:58:52.659993,JEW,2207977.jpg,2207977,2,0,NA
2207976_2,2022-10-07 11:58:51.675503,JEW,2207976.jpg,2207976,2,0,NA
2207972_2,2022-10-07 11:58:50.003575,JEW,2207972.jpg,2207972,2,0,NA
2207970_2,2022-10-07 11:58:49.581994,JEW,2207970.jpg,2207970,2,0,NA
2207946_2,2022-10-07 11:58:48.643941,JEW,2207946.jpg,2207946,2,0,NA
2207945_2,2022-10-07 11:58:47.909491,JEW,2207945.jpg,2207945,2,0,NA
2207944_2,2022-10-07 11:58:46.440611,JEW,2207944.jpg,2207944,2,0,NA
2207942_2,2022-10-07 11:58:45.862389,JEW,2207942.jpg,2207942,2,0,NA
2207941_2,2022-10-07 11:58:43.705943,JEW,2207941.jpg,2207941,2,0,NA
2207940_2,2022-10-07 11:58:42.377680,JEW,2207940.jpg,2207940,2,0,NA
2207939_2,2022-10-07 11:58:41.049423,JEW,2207939.jpg,2207939,2,0,NA
2207938_2,2022-10-07 11:58:39.268202,JEW,2207938.jpg,2207938,2,0,NA
2207935_2,2022-10-07 11:58:38.033819,JEW,2207935.jpg,2207935,2,0,NA
2207934_2,2022-10-07 11:58:36.846307,JEW,2207934.jpg,2207934,2,0,NA
2207933_2,2022-10-07 11:58:36.002536,JEW,2207933.jpg,2207933,2,0,NA
2207929_2,2022-10-07 11:58:34.783853,JEW,2207929.jpg,2207929,2,0,NA
2207928_2,2022-10-07 11:58:33.971558,JEW,2207928.jpg,2207928,2,0,NA
2207926_2,2022-10-07 11:58:32.330702,JEW,2207926.jpg,2207926,2,0,NA
2207912_2,2022-10-07 11:58:30.924405,JEW,2207912.jpg,2207912,2,0,NA
2207911_2,2022-10-07 11:58:29.736914,JEW,2207911.jpg,2207911,2,0,NA
2207908_2,2022-10-07 11:58:29.315046,JEW,2207908.jpg,2207908,2,0,NA
2207902_2,2022-10-07 11:58:27.768147,JEW,2207902.jpg,2207902,2,0,NA
2207901_2,2022-10-07 11:58:26.533780,JEW,2207901.jpg,2207901,2,0,NA
2207881_2,2022-10-07 11:58:26.143279,JEW,2207881.jpg,2207881,2,0,NA
2207879_2,2022-10-07 11:58:25.002549,JEW,2207879.jpg,2207879,2,0,NA
2207878_2,2022-10-07 11:58:23.690034,JEW,2207878.jpg,2207878,2,0,NA
2207877_2,2022-10-07 11:58:22.080637,JEW,2207877.jpg,2207877,2,0,NA
2207875_2,2022-10-07 11:58:20.955640,JEW,2207875.jpg,2207875,2,0,NA
2207874_2,2022-10-07 11:58:19.721447,JEW,2207874.jpg,2207874,2,0,NA
2207823_2,2022-10-07 11:58:18.768126,JEW,2207823.jpg,2207823,2,0,NA
2207822_2,2022-10-07 11:58:18.236977,JEW,2207822.jpg,2207822,2,0,NA
2207821_2,2022-10-07 11:58:17.205748,JEW,2207821.jpg,2207821,2,0,NA
2207820_2,2022-10-07 11:58:16.611883,JEW,2207820.jpg,2207820,2,0,NA
2207818_2,2022-10-07 11:58:15.721353,JEW,2207818.jpg,2207818,2,0,NA
2207817_2,2022-10-07 11:58:14.549367,JEW,2207817.jpg,2207817,2,0,NA
2207798_2,2022-10-07 11:58:13.049358,JEW,2207798.jpg,2207798,2,0,NA
2207797_2,2022-10-07 11:58:12.127487,JEW,2207797.jpg,2207797,2,0,NA
2207796_2,2022-10-07 11:58:10.924383,JEW,2207796.jpg,2207796,2,0,NA
2207795_2,2022-10-07 11:58:10.236852,JEW,2207795.jpg,2207795,2,0,NA
2207791_2,2022-10-07 11:58:09.658726,JEW,2207791.jpg,2207791,2,0,NA
2207790_2,2022-10-07 11:58:09.174366,JEW,2207790.jpg,2207790,2,0,NA
2207789_2,2022-10-07 11:58:06.861850,JEW,2207789.jpg,2207789,2,0,NA
2207781_2,2022-10-07 11:58:05.783741,JEW,2207781.jpg,2207781,2,0,NA
2207778_2,2022-10-07 11:58:04.377481,JEW,2207778.jpg,2207778,2,0,NA
2207777_2,2022-10-07 11:58:02.940063,JEW,2207777.jpg,2207777,2,0,NA
2207776_2,2022-10-07 11:58:01.721209,JEW,2207776.jpg,2207776,2,0,NA
2207774_2,2022-10-07 11:58:00.283813,JEW,2207774.jpg,2207774,2,0,NA
2207773_2,2022-10-07 11:57:58.908724,JEW,2207773.jpg,2207773,2,0,NA
2207772_2,2022-10-07 11:57:58.236844,JEW,2207772.jpg,2207772,2,0,NA
2207771_2,2022-10-07 11:57:56.674436,JEW,2207771.jpg,2207771,2,0,NA
2207767_2,2022-10-07 11:57:55.486825,JEW,2207767.jpg,2207767,2,0,NA
2207766_2,2022-10-07 11:57:54.627457,JEW,2207766.jpg,2207766,2,0,NA
2207764_2,2022-10-07 11:57:53.424331,JEW,2207764.jpg,2207764,2,0,NA
2207759_2,2022-10-07 11:57:51.986901,JEW,2207759.jpg,2207759,2,0,NA
2207758_2,2022-10-07 11:57:50.814975,JEW,2207758.jpg,2207758,2,0,NA
2207757_2,2022-10-07 11:57:48.471190,JEW,2207757.jpg,2207757,2,0,NA
2207756_2,2022-10-07 11:57:47.518057,JEW,2207756.jpg,2207756,2,0,NA
2207754_2,2022-10-07 11:57:47.143067,JEW,2207754.jpg,2207754,2,0,NA
2207751_2,2022-10-07 11:57:46.268065,JEW,2207751.jpg,2207751,2,0,NA
2207748_2,2022-10-07 11:57:45.033836,JEW,2207748.jpg,2207748,2,0,NA
2207747_2,2022-10-07 11:57:44.440047,JEW,2207747.jpg,2207747,2,0,NA
2207745_2,2022-10-07 11:57:43.096183,JEW,2207745.jpg,2207745,2,0,NA
2207743_2,2022-10-07 11:57:41.705554,JEW,2207743.jpg,2207743,2,0,NA
2207742_2,2022-10-07 11:57:41.096177,JEW,2207742.jpg,2207742,2,0,NA
2207741_2,2022-10-07 11:57:40.611801,JEW,2207741.jpg,2207741,2,0,NA
2207740_2,2022-10-07 11:57:40.189936,JEW,2207740.jpg,2207740,2,0,NA
2207739_2,2022-10-07 11:57:39.674337,JEW,2207739.jpg,2207739,2,0,NA
2207738_2,2022-10-07 11:57:39.065010,JEW,2207738.jpg,2207738,2,0,NA
2207732_2,2022-10-07 11:57:37.596168,JEW,2207732.jpg,2207732,2,0,NA
2207727_2,2022-10-07 11:57:36.564927,JEW,2207727.jpg,2207727,2,0,NA
2207726_2,2022-10-07 11:57:35.268072,JEW,2207726.jpg,2207726,2,0,NA
2207724_2,2022-10-07 11:57:33.768377,JEW,2207724.jpg,2207724,2,0,NA
2207723_2,2022-10-07 11:57:33.002416,JEW,2207723.jpg,2207723,2,0,NA
2207721_2,2022-10-07 11:57:32.252414,JEW,2207721.jpg,2207721,2,0,NA
2207719_2,2022-10-07 11:57:30.768051,JEW,2207719.jpg,2207719,2,0,NA
2207718_2,2022-10-07 11:57:30.252529,JEW,2207718.jpg,2207718,2,0,NA
2207713_2,2022-10-07 11:57:29.252426,JEW,2207713.jpg,2207713,2,0,NA
2207712_2,2022-10-07 11:57:28.721160,JEW,2207712.jpg,2207712,2,0,NA
2207710_2,2022-10-07 11:57:27.814908,JEW,2207710.jpg,2207710,2,0,NA
2207709_2,2022-10-07 11:57:27.283634,JEW,2207709.jpg,2207709,2,0,NA
2207708_2,2022-10-07 11:57:26.768021,JEW,2207708.jpg,2207708,2,0,NA
2207695_2,2022-10-07 11:57:26.283722,JEW,2207695.jpg,2207695,2,0,NA
2207694_2,2022-10-07 11:57:24.924289,JEW,2207694.jpg,2207694,2,0,NA
2207693_2,2022-10-07 11:57:23.096143,JEW,2207693.jpg,2207693,2,0,NA
2207691_2,2022-10-07 11:57:22.533659,JEW,2207691.jpg,2207691,2,0,NA
2207690_2,2022-10-07 11:57:20.987020,JEW,2207690.jpg,2207690,2,0,NA
2207688_2,2022-10-07 11:57:20.002369,JEW,2207688.jpg,2207688,2,0,NA
2207687_2,2022-10-07 11:57:18.627415,JEW,2207687.jpg,2207687,2,0,NA
2207685_2,2022-10-07 11:57:17.955498,JEW,2207685.jpg,2207685,2,0,NA
2207684_2,2022-10-07 11:57:16.674249,JEW,2207684.jpg,2207684,2,0,NA
2207683_2,2022-10-07 11:57:14.705483,JEW,2207683.jpg,2207683,2,0,NA
2207681_2,2022-10-07 11:57:13.705481,JEW,2207681.jpg,2207681,2,0,NA
2207680_2,2022-10-07 11:57:12.221127,JEW,2207680.jpg,2207680,2,0,NA
2207678_2,2022-10-07 11:57:11.080482,JEW,2207678.jpg,2207678,2,0,NA
2207677_2,2022-10-07 11:57:09.267995,JEW,2207677.jpg,2207677,2,0,NA
2207675_2,2022-10-07 11:57:08.721122,JEW,2207675.jpg,2207675,2,0,NA
2207674_2,2022-10-07 11:57:06.799424,JEW,2207674.jpg,2207674,2,0,NA
2207644_2,2022-10-07 11:57:05.893058,JEW,2207644.jpg,2207644,2,0,NA
2207641_2,2022-10-07 11:57:04.611721,JEW,2207641.jpg,2207641,2,0,NA
2207639_2,2022-10-07 11:57:03.268006,JEW,2207639.jpg,2207639,2,0,NA
2207638_2,2022-10-07 11:57:02.642954,JEW,2207638.jpg,2207638,2,0,NA
2207619_2,2022-10-07 11:57:02.111711,JEW,2207619.jpg,2207619,2,0,NA
2207618_2,2022-10-07 11:57:01.377355,JEW,2207618.jpg,2207618,2,0,NA
2207607_2,2022-10-07 11:57:00.736722,JEW,2207607.jpg,2207607,2,0,NA
2207606_2,2022-10-07 11:56:58.674212,JEW,2207606.jpg,2207606,2,0,NA
2207605_2,2022-10-07 11:56:57.471105,JEW,2207605.jpg,2207605,2,0,NA
2207602_2,2022-10-07 11:56:56.767948,JEW,2207602.jpg,2207602,2,0,NA
2207480_2,2022-10-07 11:56:55.346091,JEW,2207480.jpg,2207480,2,0,NA
2207479_2,2022-10-07 11:56:53.127308,JEW,2207479.jpg,2207479,2,0,NA
2207417_2,2022-10-07 11:56:51.814810,JEW,2207417.jpg,2207417,2,0,NA
2207415_2,2022-10-07 11:56:50.392955,JEW,2207415.jpg,2207415,2,0,NA
2207190_2,2022-10-07 11:56:47.939801,JEW,2207190.jpg,2207190,2,0,NA
2207189_2,2022-10-07 11:56:46.877293,JEW,2207189.jpg,2207189,2,0,NA
2207165_2,2022-10-07 11:56:45.799172,JEW,2207165.jpg,2207165,2,0,NA
2207163_2,2022-10-07 11:56:44.877289,JEW,2207163.jpg,2207163,2,0,NA
2206931_2,2022-10-07 11:56:43.736744,JEW,2206931.jpg,2206931,2,0,NA
2206835_2,2022-10-07 11:56:43.064790,JEW,2206835.jpg,2206835,2,0,NA
2206802_2,2022-10-07 11:56:42.268435,JEW,2206802.jpg,2206802,2,0,NA
2206800_2,2022-10-07 11:56:40.205403,JEW,2206800.jpg,2206800,2,0,NA
2206756_2,2022-10-07 11:56:38.705416,JEW,2206756.jpg,2206756,2,0,NA
2206750_2,2022-10-07 11:56:36.361650,JEW,2206750.jpg,2206750,2,0,NA
2206738_2,2022-10-07 11:56:34.142903,JEW,2206738.jpg,2206738,2,0,NA
2206734_2,2022-10-07 11:56:32.830400,JEW,2206734.jpg,2206734,2,0,NA
2206732_2,2022-10-07 11:56:31.689779,JEW,2206732.jpg,2206732,2,0,NA
2206730_2,2022-10-07 11:56:30.111661,JEW,2206730.jpg,2206730,2,0,NA
2206702_2,2022-10-07 11:56:29.189899,JEW,2206702.jpg,2206702,2,0,NA
2206700_2,2022-10-07 11:56:27.846071,JEW,2206700.jpg,2206700,2,0,NA
2206653_2,2022-10-07 11:56:25.252403,JEW,2206653.jpg,2206653,2,0,NA
2206608_2,2022-10-07 11:56:23.564749,JEW,2206608.jpg,2206608,2,0,NA
2206607_2,2022-10-07 11:56:22.080363,JEW,2206607.jpg,2206607,2,0,NA
2206604_2,2022-10-07 11:56:20.721102,JEW,2206604.jpg,2206604,2,0,NA
2206592_2,2022-10-07 11:56:18.345994,JEW,2206592.jpg,2206592,2,0,NA
2206573_2,2022-10-07 11:56:16.783490,JEW,2206573.jpg,2206573,2,0,NA
2206499_2,2022-10-07 11:56:14.471001,JEW,2206499.jpg,2206499,2,0,NA
2206497_2,2022-10-07 11:56:12.877221,JEW,2206497.jpg,2206497,2,0,NA
2206354_2,2022-10-07 11:56:10.283485,JEW,2206354.jpg,2206354,2,0,NA
2206273_2,2022-10-07 11:56:09.267873,JEW,2206273.jpg,2206273,2,0,NA
2206272_2,2022-10-07 11:56:06.408695,JEW,2206272.jpg,2206272,2,0,NA
2206263_2,2022-10-07 11:56:04.252254,JEW,2206263.jpg,2206263,2,0,NA
2206229_2,2022-10-07 11:56:00.705508,JEW,2206229.jpg,2206229,2,0,NA
2206095_2,2022-10-07 11:55:58.455360,JEW,2206095.jpg,2206095,2,0,NA
2206063_2,2022-10-07 11:55:55.111580,JEW,2206063.jpg,2206063,2,0,NA
2206008_2,2022-10-07 11:55:53.971014,JEW,2206008.jpg,2206008,2,0,NA
2206004_2,2022-10-07 11:55:52.830475,JEW,2206004.jpg,2206004,2,0,NA
2205890_2,2022-10-07 11:55:51.455335,JEW,2205890.jpg,2205890,2,0,NA
2205889_2,2022-10-07 11:55:50.752179,JEW,2205889.jpg,2205889,2,0,NA
2205886_2,2022-10-07 11:55:48.564665,JEW,2205886.jpg,2205886,2,0,NA
2205885_2,2022-10-07 11:55:46.971113,JEW,2205885.jpg,2205885,2,0,NA
2205884_2,2022-10-07 11:55:44.517781,JEW,2205884.jpg,2205884,2,0,NA
2205883_2,2022-10-07 11:55:43.408431,JEW,2205883.jpg,2205883,2,0,NA
2205879_2,2022-10-07 11:55:42.361526,JEW,2205879.jpg,2205879,2,0,NA
2205876_2,2022-10-07 11:55:39.564666,JEW,2205876.jpg,2205876,2,0,NA
2205875_2,2022-10-07 11:55:36.799225,JEW,2205875.jpg,2205875,2,0,NA
2205873_2,2022-10-07 11:55:35.142805,JEW,2205873.jpg,2205873,2,0,NA
2205868_2,2022-10-07 11:55:33.330278,JEW,2205868.jpg,2205868,2,0,NA
2205767_2,2022-10-07 11:55:31.252423,JEW,2205767.jpg,2205767,2,0,NA
2205750_2,2022-10-07 11:55:29.720892,JEW,2205750.jpg,2205750,2,0,NA
2205749_2,2022-10-07 11:55:28.267747,JEW,2205749.jpg,2205749,2,0,NA
2205532_2,2022-10-07 11:55:26.611521,JEW,2205532.jpg,2205532,2,0,NA
2205369_2,2022-10-07 11:55:26.033399,JEW,2205369.jpg,2205369,2,0,NA
2205352_2,2022-10-07 11:55:21.111498,JEW,2205352.jpg,2205352,2,0,NA
2205348_2,2022-10-07 11:55:20.564627,JEW,2205348.jpg,2205348,2,0,NA
2205239_2,2022-10-07 11:55:18.768035,JEW,2205239.jpg,2205239,2,0,NA
2205218_2,2022-10-07 11:55:17.580657,JEW,2205218.jpg,2205218,2,0,NA
2205206_2,2022-10-07 11:55:16.658384,JEW,2205206.jpg,2205206,2,0,NA
2205205_2,2022-10-07 11:55:15.470887,JEW,2205205.jpg,2205205,2,0,NA
2205204_2,2022-10-07 11:55:14.845852,JEW,2205204.jpg,2205204,2,0,NA
2205203_2,2022-10-07 11:55:13.908368,JEW,2205203.jpg,2205203,2,0,NA
2205028_2,2022-10-07 11:55:12.033659,JEW,2205028.jpg,2205028,2,0,NA
2205026_2,2022-10-07 11:55:11.658477,JEW,2205026.jpg,2205026,2,0,NA
2204982_2,2022-10-07 11:55:10.111583,JEW,2204982.jpg,2204982,2,0,NA
2204977_2,2022-10-07 11:55:09.142716,JEW,2204977.jpg,2204977,2,0,NA
2204941_2,2022-10-07 11:55:08.548959,JEW,2204941.jpg,2204941,2,0,NA
2204754_2,2022-10-07 11:55:06.627163,JEW,2204754.jpg,2204754,2,0,NA
2204671_2,2022-10-07 11:55:05.158321,JEW,2204671.jpg,2204671,2,0,NA
2204621_2,2022-10-07 11:55:04.392742,JEW,2204621.jpg,2204621,2,0,NA
2204606_2,2022-10-07 11:55:03.252204,JEW,2204606.jpg,2204606,2,0,NA
2204564_2,2022-10-07 11:55:02.486582,JEW,2204564.jpg,2204564,2,0,NA
2204558_2,2022-10-07 11:55:01.439825,JEW,2204558.jpg,2204558,2,0,NA
2204548_2,2022-10-07 11:55:00.408917,JEW,2204548.jpg,2204548,2,0,NA
2204487_2,2022-10-07 11:54:59.298934,JEW,2204487.jpg,2204487,2,0,NA
2204461_2,2022-10-07 11:54:57.861476,JEW,2204461.jpg,2204461,2,0,NA
2204458_2,2022-10-07 11:54:56.267709,JEW,2204458.jpg,2204458,2,0,NA
2204455_2,2022-10-07 11:54:55.205181,JEW,2204455.jpg,2204455,2,0,NA
2204451_2,2022-10-07 11:54:54.111526,JEW,2204451.jpg,2204451,2,0,NA
2204406_2,2022-10-07 11:54:53.158317,JEW,2204406.jpg,2204406,2,0,NA
2204402_2,2022-10-07 11:54:52.392666,JEW,2204402.jpg,2204402,2,0,NA
2204376_2,2022-10-07 11:54:50.939576,JEW,2204376.jpg,2204376,2,0,NA
2204370_2,2022-10-07 11:54:49.923922,JEW,2204370.jpg,2204370,2,0,NA
2204360_2,2022-10-07 11:54:49.017982,JEW,2204360.jpg,2204360,2,0,NA
2204356_2,2022-10-07 11:54:47.439550,JEW,2204356.jpg,2204356,2,0,NA
2204353_2,2022-10-07 11:54:45.642694,JEW,2204353.jpg,2204353,2,0,NA
2204352_2,2022-10-07 11:54:44.314626,JEW,2204352.jpg,2204352,2,0,NA
2204349_2,2022-10-07 11:54:43.564670,JEW,2204349.jpg,2204349,2,0,NA
2204341_2,2022-10-07 11:54:41.767796,JEW,2204341.jpg,2204341,2,0,NA
2204339_2,2022-10-07 11:54:40.455162,JEW,2204339.jpg,2204339,2,0,NA
2204338_2,2022-10-07 11:54:38.939533,JEW,2204338.jpg,2204338,2,0,NA
2204312_2,2022-10-07 11:54:37.064618,JEW,2204312.jpg,2204312,2,0,NA
2204262_2,2022-10-07 11:54:35.970750,JEW,2204262.jpg,2204262,2,0,NA
2204253_2,2022-10-07 11:54:34.642678,JEW,2204253.jpg,2204253,2,0,NA
2204249_2,2022-10-07 11:54:33.361383,JEW,2204249.jpg,2204249,2,0,NA
2204219_2,2022-10-07 11:54:31.720751,JEW,2204219.jpg,2204219,2,0,NA
2204217_2,2022-10-07 11:54:30.142638,JEW,2204217.jpg,2204217,2,0,NA
2204211_2,2022-10-07 11:54:29.033525,JEW,2204211.jpg,2204211,2,0,NA
2204201_2,2022-10-07 11:54:27.752025,JEW,2204201.jpg,2204201,2,0,NA
2204193_2,2022-10-07 11:54:26.220745,JEW,2204193.jpg,2204193,2,0,NA
2204189_2,2022-10-07 11:54:24.611369,JEW,2204189.jpg,2204189,2,0,NA
2204166_2,2022-10-07 11:54:23.205142,JEW,2204166.jpg,2204166,2,0,NA
2204161_2,2022-10-07 11:54:21.658259,JEW,2204161.jpg,2204161,2,0,NA
2204159_2,2022-10-07 11:54:19.814488,JEW,2204159.jpg,2204159,2,0,NA
2204155_2,2022-10-07 11:54:19.080133,JEW,2204155.jpg,2204155,2,0,NA
2204146_2,2022-10-07 11:54:17.845765,JEW,2204146.jpg,2204146,2,0,NA
2204144_2,2022-10-07 11:54:16.689456,JEW,2204144.jpg,2204144,2,0,NA
2204018_2,2022-10-07 11:54:14.658331,JEW,2204018.jpg,2204018,2,0,NA
2203994_2,2022-10-07 11:54:13.814801,JEW,2203994.jpg,2203994,2,0,NA
2203972_2,2022-10-07 11:54:12.033270,JEW,2203972.jpg,2203972,2,0,NA
2203942_2,2022-10-07 11:54:11.142597,JEW,2203942.jpg,2203942,2,0,NA
2203940_2,2022-10-07 11:54:09.736321,JEW,2203940.jpg,2203940,2,0,NA
2203931_2,2022-10-07 11:54:08.814630,JEW,2203931.jpg,2203931,2,0,NA
2203928_2,2022-10-07 11:54:07.689482,JEW,2203928.jpg,2203928,2,0,NA
2203923_2,2022-10-07 11:54:06.595699,JEW,2203923.jpg,2203923,2,0,NA
2203899_2,2022-10-07 11:54:04.970793,JEW,2203899.jpg,2203899,2,0,NA
2203891_2,2022-10-07 11:54:04.237047,JEW,2203891.jpg,2203891,2,0,NA
2203797_2,2022-10-07 11:54:02.548957,JEW,2203797.jpg,2203797,2,0,NA
2203796_2,2022-10-07 11:54:01.658213,JEW,2203796.jpg,2203796,2,0,NA
2203747_2,2022-10-07 11:53:59.908386,JEW,2203747.jpg,2203747,2,0,NA
2203712_2,2022-10-07 11:53:58.689439,JEW,2203712.jpg,2203712,2,0,NA
2203700_2,2022-10-07 11:53:57.642550,JEW,2203700.jpg,2203700,2,0,NA
2203699_2,2022-10-07 11:53:57.345676,JEW,2203699.jpg,2203699,2,0,NA
2203673_2,2022-10-07 11:53:56.345865,JEW,2203673.jpg,2203673,2,0,NA
2203672_2,2022-10-07 11:53:55.314572,JEW,2203672.jpg,2203672,2,0,NA
2203670_2,2022-10-07 11:53:53.986306,JEW,2203670.jpg,2203670,2,0,NA
2203654_2,2022-10-07 11:53:52.814433,JEW,2203654.jpg,2203654,2,0,NA
2203649_2,2022-10-07 11:53:51.189470,JEW,2203649.jpg,2203649,2,0,NA
2203648_2,2022-10-07 11:53:50.330282,JEW,2203648.jpg,2203648,2,0,NA
2203647_2,2022-10-07 11:53:49.830035,JEW,2203647.jpg,2203647,2,0,NA
2203646_2,2022-10-07 11:53:49.126916,JEW,2203646.jpg,2203646,2,0,NA
2203643_2,2022-10-07 11:53:47.158565,JEW,2203643.jpg,2203643,2,0,NA
2203579_2,2022-10-07 11:53:45.986856,JEW,2203579.jpg,2203579,2,0,NA
2203575_2,2022-10-07 11:53:44.595830,JEW,2203575.jpg,2203575,2,0,NA
2203086_2,2022-10-07 11:53:44.001913,JEW,2203086.jpg,2203086,2,0,NA
2203083_2,2022-10-07 11:53:42.611281,JEW,2203083.jpg,2203083,2,0,NA
2203056_2,2022-10-07 11:53:41.111255,JEW,2203056.jpg,2203056,2,0,NA
2202998_2,2022-10-07 11:53:40.017514,JEW,2202998.jpg,2202998,2,0,NA
2202997_2,2022-10-07 11:53:39.236284,JEW,2202997.jpg,2202997,2,0,NA
2202973_2,2022-10-07 11:53:38.220833,JEW,2202973.jpg,2202973,2,0,NA
2202972_2,2022-10-07 11:53:36.861476,JEW,2202972.jpg,2202972,2,0,NA
2202874_2,2022-10-07 11:53:35.458209,JEW,2202874.jpg,2202874,2,0,NA
2202873_2,2022-10-07 11:53:33.658125,JEW,2202873.jpg,2202873,2,0,NA
2202871_2,2022-10-07 11:53:31.923996,JEW,2202871.jpg,2202871,2,0,NA
2202869_2,2022-10-07 11:53:30.564542,JEW,2202869.jpg,2202869,2,0,NA
2202868_2,2022-10-07 11:53:29.830001,JEW,2202868.jpg,2202868,2,0,NA
2202563_2,2022-10-07 11:53:28.533113,JEW,2202563.jpg,2202563,2,0,NA
2202540_2,2022-10-07 11:53:27.705137,JEW,2202540.jpg,2202540,2,0,NA
2202281_2,2022-10-07 11:53:26.454988,JEW,2202281.jpg,2202281,2,0,NA
2202262_2,2022-10-07 11:53:25.439349,JEW,2202262.jpg,2202262,2,0,NA
2202253_2,2022-10-07 11:53:24.798730,JEW,2202253.jpg,2202253,2,0,NA
2202185_2,2022-10-07 11:53:23.986258,JEW,2202185.jpg,2202185,2,0,NA
2202175_2,2022-10-07 11:53:22.986387,JEW,2202175.jpg,2202175,2,0,NA
2201852_2,2022-10-07 11:53:21.892502,JEW,2201852.jpg,2201852,2,0,NA
2201572_2,2022-10-07 11:53:20.767528,JEW,2201572.jpg,2201572,2,0,NA
2213852_2,2022-10-07 11:53:19.486230,CLO,2213852.jpg,2213852,2,0,NA
2213705_2,2022-10-07 11:53:15.908073,CLO,2213705.jpg,2213705,2,0,NA
2213702_2,2022-10-07 11:53:15.439582,CLO,2213702.jpg,2213702,2,0,NA
2213698_2,2022-10-07 11:53:14.908333,CLO,2213698.jpg,2213698,2,0,NA
2213694_2,2022-10-07 11:53:14.408081,CLO,2213694.jpg,2213694,2,0,NA
2212811_2,2022-10-07 11:53:13.845568,CLO,2212811.jpg,2212811,2,0,NA
2212654_2,2022-10-07 11:53:10.908191,CLO,2212654.jpg,2212654,2,0,NA
2212444_2,2022-10-07 11:53:08.548727,CLO,2212444.jpg,2212444,2,0,NA
2212443_2,2022-10-07 11:53:05.345556,CLO,2212443.jpg,2212443,2,0,NA
2212442_2,2022-10-07 11:53:01.814314,CLO,2212442.jpg,2212442,2,0,NA
2212441_2,2022-10-07 11:52:58.767424,CLO,2212441.jpg,2212441,2,0,NA
2212440_2,2022-10-07 11:52:56.501798,CLO,2212440.jpg,2212440,2,0,NA
2212439_2,2022-10-07 11:52:53.236262,CLO,2212439.jpg,2212439,2,0,NA
2212437_2,2022-10-07 11:52:49.486169,CLO,2212437.jpg,2212437,2,0,NA
2212436_2,2022-10-07 11:52:46.548640,CLO,2212436.jpg,2212436,2,0,NA
2212435_2,2022-10-07 11:52:42.673638,CLO,2212435.jpg,2212435,2,0,NA
2212308_2,2022-10-07 11:52:39.142362,CLO,2212308.jpg,2212308,2,0,NA
2212307_2,2022-10-07 11:52:34.798607,CLO,2212307.jpg,2212307,2,0,NA
2212304_2,2022-10-07 11:52:29.470550,CLO,2212304.jpg,2212304,2,0,NA
2212303_2,2022-10-07 11:52:27.283001,CLO,2212303.jpg,2212303,2,0,NA
2210645_2,2022-10-07 11:52:25.236251,CLO,2210645.jpg,2210645,2,0,NA
2210644_2,2022-10-07 11:52:23.204849,CLO,2210644.jpg,2210644,2,0,NA
2210642_2,2022-10-07 11:52:21.095463,CLO,2210642.jpg,2210642,2,0,NA
2209756_2,2022-10-07 11:52:17.205010,CLO,2209756.jpg,2209756,2,0,NA
2209748_2,2022-10-07 11:52:14.345436,CLO,2209748.jpg,2209748,2,0,NA
2209746_2,2022-10-07 11:52:11.392315,CLO,2209746.jpg,2209746,2,0,NA
2209740_2,2022-10-07 11:52:08.986059,CLO,2209740.jpg,2209740,2,0,NA
2209734_2,2022-10-07 11:52:06.501904,CLO,2209734.jpg,2209734,2,0,NA
2209732_2,2022-10-07 11:52:04.783158,CLO,2209732.jpg,2209732,2,0,NA
2209607_2,2022-10-07 11:52:02.845409,CLO,2209607.jpg,2209607,2,0,NA
2209604_2,2022-10-07 11:51:59.970445,CLO,2209604.jpg,2209604,2,0,NA
2209600_2,2022-10-07 11:51:58.126998,CLO,2209600.jpg,2209600,2,0,NA
2209344_2,2022-10-07 11:51:54.314526,CLO,2209344.jpg,2209344,2,0,NA
2209341_2,2022-10-07 11:51:52.236245,CLO,2209341.jpg,2209341,2,0,NA
2208555_2,2022-10-07 11:51:50.298725,CLO,2208555.jpg,2208555,2,0,NA
2208523_2,2022-10-07 11:51:46.329749,CLO,2208523.jpg,2208523,2,0,NA
2208520_2,2022-10-07 11:51:42.126628,CLO,2208520.jpg,2208520,2,0,NA
2208518_2,2022-10-07 11:51:38.189120,CLO,2208518.jpg,2208518,2,0,NA
2208324_2,2022-10-07 11:51:35.485994,CLO,2208324.jpg,2208324,2,0,NA
2208323_2,2022-10-07 11:51:32.329719,CLO,2208323.jpg,2208323,2,0,NA
2207643_2,2022-10-07 11:51:28.735969,CLO,2207643.jpg,2207643,2,0,NA
2207636_2,2022-10-07 11:51:24.751983,CLO,2207636.jpg,2207636,2,0,NA
2206778_2,2022-10-07 11:51:22.267378,CLO,2206778.jpg,2206778,2,0,NA
2206777_2,2022-10-07 11:51:20.532858,CLO,2206777.jpg,2206777,2,0,NA
2206570_2,2022-10-07 11:51:18.470334,CLO,2206570.jpg,2206570,2,0,NA
2206443_2,2022-10-07 11:51:16.423457,CLO,2206443.jpg,2206443,2,0,NA
2206389_2,2022-10-07 11:51:14.298451,CLO,2206389.jpg,2206389,2,0,NA
2206384_2,2022-10-07 11:51:12.095415,CLO,2206384.jpg,2206384,2,0,NA
2205483_2,2022-10-07 11:51:09.845315,CLO,2205483.jpg,2205483,2,0,NA
2204545_2,2022-10-07 11:51:07.360953,CLO,2204545.jpg,2204545,2,0,NA
2202124_2,2022-10-07 11:51:05.735928,CLO,2202124.jpg,2202124,2,0,NA
2202107_2,2022-10-07 11:51:02.532899,CLO,2202107.jpg,2202107,2,0,NA
2201575_2,2022-10-07 11:51:00.441335,CLO,2201575.jpg,2201575,2,0,NA
2201315_2,2022-10-07 11:50:58.485913,CLO,2201315.jpg,2201315,2,0,NA
2213791_2,2022-10-07 11:50:55.376523,ACC,2213791.jpg,2213791,2,0,NA
2210442_2,2022-10-07 11:50:55.017138,ACC,2210442.jpg,2210442,2,0,NA
2210441_2,2022-10-07 11:50:54.720263,ACC,2210441.jpg,2210441,2,0,NA
2210440_2,2022-10-07 11:50:54.439025,ACC,2210440.jpg,2210440,2,0,NA
2210439_2,2022-10-07 11:50:54.142130,ACC,2210439.jpg,2210439,2,0,NA
2210438_2,2022-10-07 11:50:53.860889,ACC,2210438.jpg,2210438,2,0,NA
2210437_2,2022-10-07 11:50:53.564153,ACC,2210437.jpg,2210437,2,0,NA
2210432_2,2022-10-07 11:50:53.267261,ACC,2210432.jpg,2210432,2,0,NA
2210209_2,2022-10-07 11:50:52.970253,ACC,2210209.jpg,2210209,2,0,NA
2210208_2,2022-10-07 11:50:51.423417,ACC,2210208.jpg,2210208,2,0,NA
2210206_2,2022-10-07 11:50:50.189018,ACC,2210206.jpg,2210206,2,0,NA
2208292_2,2022-10-07 11:50:48.611137,ACC,2208292.jpg,2208292,2,0,NA
2206369_2,2022-10-07 11:50:47.314046,ACC,2206369.jpg,2206369,2,0,NA
2206284_2,2022-10-07 11:50:44.626511,ACC,2206284.jpg,2206284,2,0,NA
2204705_2,2022-10-07 11:50:43.501525,ACC,2204705.jpg,2204705,2,0,NA
2201289_2,2022-10-07 11:50:42.532767,ACC,2201289.jpg,2201289,2,0,NA
2214690_2,2022-10-07 11:50:42.204674,BEAUTY,2214690.jpg,2214690,2,0,NA
2213911_2,2022-10-07 11:50:41.267346,BEAUTY,2213911.jpg,2213911,2,0,NA
2213779_2,2022-10-07 11:50:40.689005,BEAUTY,2213779.jpg,2213779,2,0,NA
2213777_2,2022-10-07 11:50:39.861240,BEAUTY,2213777.jpg,2213777,2,0,NA
2213776_2,2022-10-07 11:50:39.314267,BEAUTY,2213776.jpg,2213776,2,0,NA
2213744_2,2022-10-07 11:50:38.751497,BEAUTY,2213744.jpg,2213744,2,0,NA
2213668_2,2022-10-07 11:50:38.235862,BEAUTY,2213668.jpg,2213668,2,0,NA
2213667_2,2022-10-07 11:50:37.845222,BEAUTY,2213667.jpg,2213667,2,0,NA
2213666_2,2022-10-07 11:50:37.454620,BEAUTY,2213666.jpg,2213666,2,0,NA
2213664_2,2022-10-07 11:50:37.064009,BEAUTY,2213664.jpg,2213664,2,0,NA
2213662_2,2022-10-07 11:50:36.673436,BEAUTY,2213662.jpg,2213662,2,0,NA
2213659_2,2022-10-07 11:50:36.235859,BEAUTY,2213659.jpg,2213659,2,0,NA
2213655_2,2022-10-07 11:50:35.860863,BEAUTY,2213655.jpg,2213655,2,0,NA
2210222_2,2022-10-07 11:50:35.095240,BEAUTY,2210222.jpg,2210222,2,0,NA
2210221_2,2022-10-07 11:50:34.735840,BEAUTY,2210221.jpg,2210221,2,0,NA
2210054_2,2022-10-07 11:50:33.939180,BEAUTY,2210054.jpg,2210054,2,0,NA
2209911_2,2022-10-07 11:50:32.751460,BEAUTY,2209911.jpg,2209911,2,0,NA
2209910_2,2022-10-07 11:50:31.376459,BEAUTY,2209910.jpg,2209910,2,0,NA
2209905_2,2022-10-07 11:50:30.204611,BEAUTY,2209905.jpg,2209905,2,0,NA
2209849_2,2022-10-07 11:50:29.704616,BEAUTY,2209849.jpg,2209849,2,0,NA
2209848_2,2022-10-07 11:50:28.845242,BEAUTY,2209848.jpg,2209848,2,0,NA
2209846_2,2022-10-07 11:50:26.798333,BEAUTY,2209846.jpg,2209846,2,0,NA
2209845_2,2022-10-07 11:50:26.298357,BEAUTY,2209845.jpg,2209845,2,0,NA
2209842_2,2022-10-07 11:50:25.720231,BEAUTY,2209842.jpg,2209842,2,0,NA
2209841_2,2022-10-07 11:50:24.001477,BEAUTY,2209841.jpg,2209841,2,0,NA
2209840_2,2022-10-07 11:50:22.704584,BEAUTY,2209840.jpg,2209840,2,0,NA
2209838_2,2022-10-07 11:50:20.876585,BEAUTY,2209838.jpg,2209838,2,0,NA
2209837_2,2022-10-07 11:50:19.110815,BEAUTY,2209837.jpg,2209837,2,0,NA
2209836_2,2022-10-07 11:50:17.360824,BEAUTY,2209836.jpg,2209836,2,0,NA
2209835_2,2022-10-07 11:50:15.907703,BEAUTY,2209835.jpg,2209835,2,0,NA
2209834_2,2022-10-07 11:50:14.876546,BEAUTY,2209834.jpg,2209834,2,0,NA
2209833_2,2022-10-07 11:50:14.157665,BEAUTY,2209833.jpg,2209833,2,0,NA
2209832_2,2022-10-07 11:50:12.579602,BEAUTY,2209832.jpg,2209832,2,0,NA
2209831_2,2022-10-07 11:50:10.673309,BEAUTY,2209831.jpg,2209831,2,0,NA
2209830_2,2022-10-07 11:50:10.095237,BEAUTY,2209830.jpg,2209830,2,0,NA
2209829_2,2022-10-07 11:50:08.329549,BEAUTY,2209829.jpg,2209829,2,0,NA
2209827_2,2022-10-07 11:50:07.876424,BEAUTY,2209827.jpg,2209827,2,0,NA
2209826_2,2022-10-07 11:50:06.173369,BEAUTY,2209826.jpg,2209826,2,0,NA
2209825_2,2022-10-07 11:50:04.001393,BEAUTY,2209825.jpg,2209825,2,0,NA
2209824_2,2022-10-07 11:50:03.548272,BEAUTY,2209824.jpg,2209824,2,0,NA
2209808_2,2022-10-07 11:50:02.860762,BEAUTY,2209808.jpg,2209808,2,0,NA
2209782_2,2022-10-07 11:50:02.235778,BEAUTY,2209782.jpg,2209782,2,0,NA
2209763_2,2022-10-07 11:50:00.860872,BEAUTY,2209763.jpg,2209763,2,0,NA
2209762_2,2022-10-07 11:49:59.220142,BEAUTY,2209762.jpg,2209762,2,0,NA
2209761_2,2022-10-07 11:49:58.282645,BEAUTY,2209761.jpg,2209761,2,0,NA
2209759_2,2022-10-07 11:49:57.282816,BEAUTY,2209759.jpg,2209759,2,0,NA
2209754_2,2022-10-07 11:49:56.220248,BEAUTY,2209754.jpg,2209754,2,0,NA
2209745_2,2022-10-07 11:49:55.220155,BEAUTY,2209745.jpg,2209745,2,0,NA
2209743_2,2022-10-07 11:49:53.360788,BEAUTY,2209743.jpg,2209743,2,0,NA
2209742_2,2022-10-07 11:49:51.610751,BEAUTY,2209742.jpg,2209742,2,0,NA
2209739_2,2022-10-07 11:49:50.891996,BEAUTY,2209739.jpg,2209739,2,0,NA
2209737_2,2022-10-07 11:49:49.798234,BEAUTY,2209737.jpg,2209737,2,0,NA
2209716_2,2022-10-07 11:49:48.579508,BEAUTY,2209716.jpg,2209716,2,0,NA
2209715_2,2022-10-07 11:49:46.938867,BEAUTY,2209715.jpg,2209715,2,0,NA
2209714_2,2022-10-07 11:49:46.376350,BEAUTY,2209714.jpg,2209714,2,0,NA
2209708_2,2022-10-07 11:49:44.532598,BEAUTY,2209708.jpg,2209708,2,0,NA
2209706_2,2022-10-07 11:49:43.954472,BEAUTY,2209706.jpg,2209706,2,0,NA
2209704_2,2022-10-07 11:49:43.501514,BEAUTY,2209704.jpg,2209704,2,0,NA
2209599_2,2022-10-07 11:49:41.985723,BEAUTY,2209599.jpg,2209599,2,0,NA
2209597_2,2022-10-07 11:49:40.392067,BEAUTY,2209597.jpg,2209597,2,0,NA
2209595_2,2022-10-07 11:49:39.407613,BEAUTY,2209595.jpg,2209595,2,0,NA
2209593_2,2022-10-07 11:49:38.376365,BEAUTY,2209593.jpg,2209593,2,0,NA
2209592_2,2022-10-07 11:49:37.251366,BEAUTY,2209592.jpg,2209592,2,0,NA
2209591_2,2022-10-07 11:49:36.470095,BEAUTY,2209591.jpg,2209591,2,0,NA
2209590_2,2022-10-07 11:49:35.282594,BEAUTY,2209590.jpg,2209590,2,0,NA
2209589_2,2022-10-07 11:49:33.907705,BEAUTY,2209589.jpg,2209589,2,0,NA
2209587_2,2022-10-07 11:49:31.876349,BEAUTY,2209587.jpg,2209587,2,0,NA
2209584_2,2022-10-07 11:49:30.704444,BEAUTY,2209584.jpg,2209584,2,0,NA
2209582_2,2022-10-07 11:49:30.079453,BEAUTY,2209582.jpg,2209582,2,0,NA
2209512_2,2022-10-07 11:49:29.063822,BEAUTY,2209512.jpg,2209512,2,0,NA
2209510_2,2022-10-07 11:49:27.626318,BEAUTY,2209510.jpg,2209510,2,0,NA
2209508_2,2022-10-07 11:49:27.095059,BEAUTY,2209508.jpg,2209508,2,0,NA
2209500_2,2022-10-07 11:49:26.438812,BEAUTY,2209500.jpg,2209500,2,0,NA
2209499_2,2022-10-07 11:49:25.860693,BEAUTY,2209499.jpg,2209499,2,0,NA
2209497_2,2022-10-07 11:49:25.329432,BEAUTY,2209497.jpg,2209497,2,0,NA
2209493_2,2022-10-07 11:49:24.860689,BEAUTY,2209493.jpg,2209493,2,0,NA
2209482_2,2022-10-07 11:49:24.110687,BEAUTY,2209482.jpg,2209482,2,0,NA
2209477_2,2022-10-07 11:49:22.220056,BEAUTY,2209477.jpg,2209477,2,0,NA
2209463_2,2022-10-07 11:49:20.751443,BEAUTY,2209463.jpg,2209463,2,0,NA
2209461_2,2022-10-07 11:49:19.141916,BEAUTY,2209461.jpg,2209461,2,0,NA
2208904_2,2022-10-07 11:49:18.829437,BEAUTY,2208904.jpg,2208904,2,0,NA
2208733_2,2022-10-07 11:49:17.626315,BEAUTY,2208733.jpg,2208733,2,0,NA
2208728_2,2022-10-07 11:49:16.907586,BEAUTY,2208728.jpg,2208728,2,0,NA
2208724_2,2022-10-07 11:49:15.204412,BEAUTY,2208724.jpg,2208724,2,0,NA
2208714_2,2022-10-07 11:49:13.485679,BEAUTY,2208714.jpg,2208714,2,0,NA
2208698_2,2022-10-07 11:49:11.798177,BEAUTY,2208698.jpg,2208698,2,0,NA
2208688_2,2022-10-07 11:49:10.860669,BEAUTY,2208688.jpg,2208688,2,0,NA
2208687_2,2022-10-07 11:49:09.798307,BEAUTY,2208687.jpg,2208687,2,0,NA
2208499_2,2022-10-07 11:49:09.016935,BEAUTY,2208499.jpg,2208499,2,0,NA
2206227_2,2022-10-07 11:49:08.438902,BEAUTY,2206227.jpg,2206227,2,0,NA
2205185_2,2022-10-07 11:49:06.876290,BEAUTY,2205185.jpg,2205185,2,0,NA
2205172_2,2022-10-07 11:49:06.048177,BEAUTY,2205172.jpg,2205172,2,0,NA
2205165_2,2022-10-07 11:49:04.610725,BEAUTY,2205165.jpg,2205165,2,0,NA
2205159_2,2022-10-07 11:49:03.626259,BEAUTY,2205159.jpg,2205159,2,0,NA
2204997_2,2022-10-07 11:49:02.173280,BEAUTY,2204997.jpg,2204997,2,0,NA
2204861_2,2022-10-07 11:49:01.798312,BEAUTY,2204861.jpg,2204861,2,0,NA
2204817_2,2022-10-07 11:49:00.564069,BEAUTY,2204817.jpg,2204817,2,0,NA
2204815_2,2022-10-07 11:48:59.470018,BEAUTY,2204815.jpg,2204815,2,0,NA
2204809_2,2022-10-07 11:48:58.674245,BEAUTY,2204809.jpg,2204809,2,0,NA
2204806_2,2022-10-07 11:48:57.626264,BEAUTY,2204806.jpg,2204806,2,0,NA
2204801_2,2022-10-07 11:48:56.829386,BEAUTY,2204801.jpg,2204801,2,0,NA
2204798_2,2022-10-07 11:48:55.438774,BEAUTY,2204798.jpg,2204798,2,0,NA
2204793_2,2022-10-07 11:48:54.876294,BEAUTY,2204793.jpg,2204793,2,0,NA
2204791_2,2022-10-07 11:48:53.423135,BEAUTY,2204791.jpg,2204791,2,0,NA
2204747_2,2022-10-07 11:48:52.141905,BEAUTY,2204747.jpg,2204747,2,0,NA
2204537_2,2022-10-07 11:48:50.908182,BEAUTY,2204537.jpg,2204537,2,0,NA
2202530_2,2022-10-07 11:48:50.423116,BEAUTY,2202530.jpg,2202530,2,0,NA
2202528_2,2022-10-07 11:48:49.626250,BEAUTY,2202528.jpg,2202528,2,0,NA
2202525_2,2022-10-07 11:48:48.266870,BEAUTY,2202525.jpg,2202525,2,0,NA
2202413_2,2022-10-07 11:48:47.391963,BEAUTY,2202413.jpg,2202413,2,0,NA
2201641_2,2022-10-07 11:48:46.423137,BEAUTY,2201641.jpg,2201641,2,0,NA
2201612_2,2022-10-07 11:48:44.985615,BEAUTY,2201612.jpg,2201612,2,0,NA
2201609_2,2022-10-07 11:48:44.032783,BEAUTY,2201609.jpg,2201609,2,0,NA
2201602_2,2022-10-07 11:48:43.360700,BEAUTY,2201602.jpg,2201602,2,0,NA
2201205_2,2022-10-07 11:48:42.548119,BEAUTY,2201205.jpg,2201205,2,0,NA
2214819_2,2022-10-07 11:48:35.813899,CLO,2214819.jpg,2214819,2,0,NA
2214134_2,2022-10-07 11:48:33.813914,CLO,2214134.jpg,2214134,2,0,NA
2213089_2,2022-10-07 11:48:31.829341,CLO,2213089.jpg,2213089,2,0,NA
2212892_2,2022-10-07 11:48:29.204336,CLO,2212892.jpg,2212892,2,0,NA
2212086_2,2022-10-07 11:48:26.610710,CLO,2212086.jpg,2212086,2,0,NA
2212085_2,2022-10-07 11:48:24.094947,CLO,2212085.jpg,2212085,2,0,NA
2212084_2,2022-10-07 11:48:20.954474,CLO,2212084.jpg,2212084,2,0,NA
2212083_2,2022-10-07 11:48:20.485559,CLO,2212083.jpg,2212083,2,0,NA
2212082_2,2022-10-07 11:48:17.048073,CLO,2212082.jpg,2212082,2,0,NA
2212081_2,2022-10-07 11:48:13.360531,CLO,2212081.jpg,2212081,2,0,NA
2212080_2,2022-10-07 11:48:09.516802,CLO,2212080.jpg,2212080,2,0,NA
2212079_2,2022-10-07 11:48:06.438818,CLO,2212079.jpg,2212079,2,0,NA
2212078_2,2022-10-07 11:48:03.251311,CLO,2212078.jpg,2212078,2,0,NA
2212077_2,2022-10-07 11:48:00.610511,CLO,2212077.jpg,2212077,2,0,NA
2211984_2,2022-10-07 11:47:56.719872,CLO,2211984.jpg,2211984,2,0,NA
2211983_2,2022-10-07 11:47:51.985524,CLO,2211983.jpg,2211983,2,0,NA
2211981_2,2022-10-07 11:47:48.329220,CLO,2211981.jpg,2211981,2,0,NA
2211980_2,2022-10-07 11:47:45.657343,CLO,2211980.jpg,2211980,2,0,NA
2211882_2,2022-10-07 11:47:43.204344,CLO,2211882.jpg,2211882,2,0,NA
2211881_2,2022-10-07 11:47:41.141716,CLO,2211881.jpg,2211881,2,0,NA
2211880_2,2022-10-07 11:47:39.157330,CLO,2211880.jpg,2211880,2,0,NA
2211794_2,2022-10-07 11:47:37.235453,CLO,2211794.jpg,2211794,2,0,NA
2211581_2,2022-10-07 11:47:35.891692,CLO,2211581.jpg,2211581,2,0,NA
2211579_2,2022-10-07 11:47:34.563562,CLO,2211579.jpg,2211579,2,0,NA
2211578_2,2022-10-07 11:47:32.048052,CLO,2211578.jpg,2211578,2,0,NA
2211568_2,2022-10-07 11:47:30.145454,CLO,2211568.jpg,2211568,2,0,NA
2211567_2,2022-10-07 11:47:28.532445,CLO,2211567.jpg,2211567,2,0,NA
2211566_2,2022-10-07 11:47:26.891792,CLO,2211566.jpg,2211566,2,0,NA
2211565_2,2022-10-07 11:47:25.173220,CLO,2211565.jpg,2211565,2,0,NA
2211564_2,2022-10-07 11:47:23.782444,CLO,2211564.jpg,2211564,2,0,NA
2211563_2,2022-10-07 11:47:21.329302,CLO,2211563.jpg,2211563,2,0,NA
2211338_2,2022-10-07 11:47:19.235453,CLO,2211338.jpg,2211338,2,0,NA
2211188_2,2022-10-07 11:47:18.720910,CLO,2211188.jpg,2211188,2,0,NA
2211187_2,2022-10-07 11:47:17.360410,CLO,2211187.jpg,2211187,2,0,NA
2211184_2,2022-10-07 11:47:15.985485,CLO,2211184.jpg,2211184,2,0,NA
2211183_2,2022-10-07 11:47:15.516653,CLO,2211183.jpg,2211183,2,0,NA
2211182_2,2022-10-07 11:47:15.032493,CLO,2211182.jpg,2211182,2,0,NA
2211181_2,2022-10-07 11:47:14.485569,CLO,2211181.jpg,2211181,2,0,NA
2211159_2,2022-10-07 11:47:14.047926,CLO,2211159.jpg,2211159,2,0,NA
2211010_2,2022-10-07 11:47:13.501023,CLO,2211010.jpg,2211010,2,0,NA
2211009_2,2022-10-07 11:47:11.313516,CLO,2211009.jpg,2211009,2,0,NA
2211008_2,2022-10-07 11:47:10.547912,CLO,2211008.jpg,2211008,2,0,NA
2211006_2,2022-10-07 11:47:08.251013,CLO,2211006.jpg,2211006,2,0,NA
2211004_2,2022-10-07 11:47:05.954144,CLO,2211004.jpg,2211004,2,0,NA
2210961_2,2022-10-07 11:47:04.094771,CLO,2210961.jpg,2210961,2,0,NA
2210960_2,2022-10-07 11:47:02.141630,CLO,2210960.jpg,2210960,2,0,NA
2210958_2,2022-10-07 11:46:59.954221,CLO,2210958.jpg,2210958,2,0,NA
2210957_2,2022-10-07 11:46:57.907235,CLO,2210957.jpg,2210957,2,0,NA
2210956_2,2022-10-07 11:46:55.719803,CLO,2210956.jpg,2210956,2,0,NA
2210954_2,2022-10-07 11:46:54.047843,CLO,2210954.jpg,2210954,2,0,NA
2210941_2,2022-10-07 11:46:52.094733,CLO,2210941.jpg,2210941,2,0,NA
2210940_2,2022-10-07 11:46:51.172863,CLO,2210940.jpg,2210940,2,0,NA
2210917_2,2022-10-07 11:46:50.375980,CLO,2210917.jpg,2210917,2,0,NA
2210915_2,2022-10-07 11:46:48.454122,CLO,2210915.jpg,2210915,2,0,NA
2210913_2,2022-10-07 11:46:46.813527,CLO,2210913.jpg,2210913,2,0,NA
2210912_2,2022-10-07 11:46:45.423004,CLO,2210912.jpg,2210912,2,0,NA
2210899_2,2022-10-07 11:46:43.579105,CLO,2210899.jpg,2210899,2,0,NA
2210898_2,2022-10-07 11:46:42.251231,CLO,2210898.jpg,2210898,2,0,NA
2210897_2,2022-10-07 11:46:40.876091,CLO,2210897.jpg,2210897,2,0,NA
2210896_2,2022-10-07 11:46:39.063435,CLO,2210896.jpg,2210896,2,0,NA
2210894_2,2022-10-07 11:46:37.126110,CLO,2210894.jpg,2210894,2,0,NA
2210893_2,2022-10-07 11:46:35.376517,CLO,2210893.jpg,2210893,2,0,NA
2210892_2,2022-10-07 11:46:33.422809,CLO,2210892.jpg,2210892,2,0,NA
2210891_2,2022-10-07 11:46:32.672812,CLO,2210891.jpg,2210891,2,0,NA
2210858_2,2022-10-07 11:46:30.610317,CLO,2210858.jpg,2210858,2,0,NA
2210857_2,2022-10-07 11:46:29.219873,CLO,2210857.jpg,2210857,2,0,NA
2210792_2,2022-10-07 11:46:28.626037,CLO,2210792.jpg,2210792,2,0,NA
2210790_2,2022-10-07 11:46:26.797992,CLO,2210790.jpg,2210790,2,0,NA
2210777_2,2022-10-07 11:46:25.063604,CLO,2210777.jpg,2210777,2,0,NA
2210758_2,2022-10-07 11:46:22.782341,CLO,2210758.jpg,2210758,2,0,NA
2210756_2,2022-10-07 11:46:21.735373,CLO,2210756.jpg,2210756,2,0,NA
2210753_2,2022-10-07 11:46:20.862604,CLO,2210753.jpg,2210753,2,0,NA
2210699_2,2022-10-07 11:46:19.110546,CLO,2210699.jpg,2210699,2,0,NA
2210689_2,2022-10-07 11:46:16.469654,CLO,2210689.jpg,2210689,2,0,NA
2210688_2,2022-10-07 11:46:15.610407,CLO,2210688.jpg,2210688,2,0,NA
2210687_2,2022-10-07 11:46:13.891502,CLO,2210687.jpg,2210687,2,0,NA
2210675_2,2022-10-07 11:46:12.750910,CLO,2210675.jpg,2210675,2,0,NA
2210669_2,2022-10-07 11:46:11.704016,CLO,2210669.jpg,2210669,2,0,NA
2210667_2,2022-10-07 11:46:10.579017,CLO,2210667.jpg,2210667,2,0,NA
2210664_2,2022-10-07 11:46:09.719631,CLO,2210664.jpg,2210664,2,0,NA
2210663_2,2022-10-07 11:46:07.297960,CLO,2210663.jpg,2210663,2,0,NA
2210662_2,2022-10-07 11:46:04.516557,CLO,2210662.jpg,2210662,2,0,NA
2210658_2,2022-10-07 11:46:02.313364,CLO,2210658.jpg,2210658,2,0,NA
2210655_2,2022-10-07 11:46:01.157124,CLO,2210655.jpg,2210655,2,0,NA
2210652_2,2022-10-07 11:45:59.328996,CLO,2210652.jpg,2210652,2,0,NA
2210651_2,2022-10-07 11:45:58.516499,CLO,2210651.jpg,2210651,2,0,NA
2210631_2,2022-10-07 11:45:56.813345,CLO,2210631.jpg,2210631,2,0,NA
2210628_2,2022-10-07 11:45:54.563545,CLO,2210628.jpg,2210628,2,0,NA
2210627_2,2022-10-07 11:45:53.563368,CLO,2210627.jpg,2210627,2,0,NA
2210625_2,2022-10-07 11:45:52.750875,CLO,2210625.jpg,2210625,2,0,NA
2210624_2,2022-10-07 11:45:50.641476,CLO,2210624.jpg,2210624,2,0,NA
2210619_2,2022-10-07 11:45:48.797729,CLO,2210619.jpg,2210619,2,0,NA
2210617_2,2022-10-07 11:45:47.891479,CLO,2210617.jpg,2210617,2,0,NA
2210615_2,2022-10-07 11:45:46.141839,CLO,2210615.jpg,2210615,2,0,NA
2210602_2,2022-10-07 11:45:44.141587,CLO,2210602.jpg,2210602,2,0,NA
2210565_2,2022-10-07 11:45:43.297691,CLO,2210565.jpg,2210565,2,0,NA
2210564_2,2022-10-07 11:45:41.110211,CLO,2210564.jpg,2210564,2,0,NA
2210562_2,2022-10-07 11:45:40.032129,CLO,2210562.jpg,2210562,2,0,NA
2210552_2,2022-10-07 11:45:39.250837,CLO,2210552.jpg,2210552,2,0,NA
2210549_2,2022-10-07 11:45:38.219636,CLO,2210549.jpg,2210549,2,0,NA
2210547_2,2022-10-07 11:45:37.454329,CLO,2210547.jpg,2210547,2,0,NA
2210543_2,2022-10-07 11:45:36.703934,CLO,2210543.jpg,2210543,2,0,NA
2210542_2,2022-10-07 11:45:35.282055,CLO,2210542.jpg,2210542,2,0,NA
2210539_2,2022-10-07 11:45:34.063323,CLO,2210539.jpg,2210539,2,0,NA
2210537_2,2022-10-07 11:45:33.157326,CLO,2210537.jpg,2210537,2,0,NA
2210534_2,2022-10-07 11:45:32.344559,CLO,2210534.jpg,2210534,2,0,NA
2210533_2,2022-10-07 11:45:31.563569,CLO,2210533.jpg,2210533,2,0,NA
2210532_2,2022-10-07 11:45:29.641434,CLO,2210532.jpg,2210532,2,0,NA
2210528_2,2022-10-07 11:45:27.750934,CLO,2210528.jpg,2210528,2,0,NA
2210527_2,2022-10-07 11:45:26.985144,CLO,2210527.jpg,2210527,2,0,NA
2210526_2,2022-10-07 11:45:25.000909,CLO,2210526.jpg,2210526,2,0,NA
2210525_2,2022-10-07 11:45:22.875830,CLO,2210525.jpg,2210525,2,0,NA
2210524_2,2022-10-07 11:45:21.016417,CLO,2210524.jpg,2210524,2,0,NA
2210523_2,2022-10-07 11:45:20.235246,CLO,2210523.jpg,2210523,2,0,NA
2210521_2,2022-10-07 11:45:18.453911,CLO,2210521.jpg,2210521,2,0,NA
2210517_2,2022-10-07 11:45:17.032566,CLO,2210517.jpg,2210517,2,0,NA
2210511_2,2022-10-07 11:45:14.876073,CLO,2210511.jpg,2210511,2,0,NA
2210510_2,2022-10-07 11:45:13.283415,CLO,2210510.jpg,2210510,2,0,NA
2210508_2,2022-10-07 11:45:11.422723,CLO,2210508.jpg,2210508,2,0,NA
2210507_2,2022-10-07 11:45:09.766676,CLO,2210507.jpg,2210507,2,0,NA
2210506_2,2022-10-07 11:45:07.735107,CLO,2210506.jpg,2210506,2,0,NA
2210494_2,2022-10-07 11:45:05.422630,CLO,2210494.jpg,2210494,2,0,NA
2210491_2,2022-10-07 11:45:04.719477,CLO,2210491.jpg,2210491,2,0,NA
2210487_2,2022-10-07 11:45:02.313414,CLO,2210487.jpg,2210487,2,0,NA
2210486_2,2022-10-07 11:44:59.766354,CLO,2210486.jpg,2210486,2,0,NA
2210485_2,2022-10-07 11:44:57.688203,CLO,2210485.jpg,2210485,2,0,NA
2210483_2,2022-10-07 11:44:56.813324,CLO,2210483.jpg,2210483,2,0,NA
2210481_2,2022-10-07 11:44:55.063215,CLO,2210481.jpg,2210481,2,0,NA
2210480_2,2022-10-07 11:44:53.001172,CLO,2210480.jpg,2210480,2,0,NA
2210479_2,2022-10-07 11:44:50.969510,CLO,2210479.jpg,2210479,2,0,NA
2210478_2,2022-10-07 11:44:48.344814,CLO,2210478.jpg,2210478,2,0,NA
2210477_2,2022-10-07 11:44:47.203831,CLO,2210477.jpg,2210477,2,0,NA
2210476_2,2022-10-07 11:44:46.500691,CLO,2210476.jpg,2210476,2,0,NA
2210475_2,2022-10-07 11:44:44.578955,CLO,2210475.jpg,2210475,2,0,NA
2210474_2,2022-10-07 11:44:43.625774,CLO,2210474.jpg,2210474,2,0,NA
2210473_2,2022-10-07 11:44:42.735307,CLO,2210473.jpg,2210473,2,0,NA
2210472_2,2022-10-07 11:44:40.610040,CLO,2210472.jpg,2210472,2,0,NA
2210471_2,2022-10-07 11:44:39.672554,CLO,2210471.jpg,2210471,2,0,NA
2210470_2,2022-10-07 11:44:37.094419,CLO,2210470.jpg,2210470,2,0,NA
2210469_2,2022-10-07 11:44:36.266282,CLO,2210469.jpg,2210469,2,0,NA
2210467_2,2022-10-07 11:44:34.500666,CLO,2210467.jpg,2210467,2,0,NA
2210466_2,2022-10-07 11:44:32.719806,CLO,2210466.jpg,2210466,2,0,NA
2210465_2,2022-10-07 11:44:30.719399,CLO,2210465.jpg,2210465,2,0,NA
2210464_2,2022-10-07 11:44:28.828774,CLO,2210464.jpg,2210464,2,0,NA
2210463_2,2022-10-07 11:44:26.407057,CLO,2210463.jpg,2210463,2,0,NA
2210462_2,2022-10-07 11:44:23.328764,CLO,2210462.jpg,2210462,2,0,NA
2210460_2,2022-10-07 11:44:22.610002,CLO,2210460.jpg,2210460,2,0,NA
2210364_2,2022-10-07 11:44:20.313194,CLO,2210364.jpg,2210364,2,0,NA
2210363_2,2022-10-07 11:44:19.329089,CLO,2210363.jpg,2210363,2,0,NA
2210359_2,2022-10-07 11:44:18.485035,CLO,2210359.jpg,2210359,2,0,NA
2210332_2,2022-10-07 11:44:16.172697,CLO,2210332.jpg,2210332,2,0,NA
2210326_2,2022-10-07 11:44:15.313159,CLO,2210326.jpg,2210326,2,0,NA
2210306_2,2022-10-07 11:44:13.594409,CLO,2210306.jpg,2210306,2,0,NA
2210305_2,2022-10-07 11:44:11.563200,CLO,2210305.jpg,2210305,2,0,NA
2210304_2,2022-10-07 11:44:09.547505,CLO,2210304.jpg,2210304,2,0,NA
2210303_2,2022-10-07 11:44:08.453770,CLO,2210303.jpg,2210303,2,0,NA
2210302_2,2022-10-07 11:44:07.547637,CLO,2210302.jpg,2210302,2,0,NA
2210301_2,2022-10-07 11:44:06.797469,CLO,2210301.jpg,2210301,2,0,NA
2210300_2,2022-10-07 11:44:05.031969,CLO,2210300.jpg,2210300,2,0,NA
2210298_2,2022-10-07 11:44:03.063087,CLO,2210298.jpg,2210298,2,0,NA
2210297_2,2022-10-07 11:44:00.922479,CLO,2210297.jpg,2210297,2,0,NA
2210296_2,2022-10-07 11:43:58.766217,CLO,2210296.jpg,2210296,2,0,NA
2210295_2,2022-10-07 11:43:57.000680,CLO,2210295.jpg,2210295,2,0,NA
2210293_2,2022-10-07 11:43:55.156859,CLO,2210293.jpg,2210293,2,0,NA
2210292_2,2022-10-07 11:43:52.344417,CLO,2210292.jpg,2210292,2,0,NA
2210291_2,2022-10-07 11:43:51.125563,CLO,2210291.jpg,2210291,2,0,NA
2210290_2,2022-10-07 11:43:49.281970,CLO,2210290.jpg,2210290,2,0,NA
2210289_2,2022-10-07 11:43:47.141482,CLO,2210289.jpg,2210289,2,0,NA
2210288_2,2022-10-07 11:43:46.125583,CLO,2210288.jpg,2210288,2,0,NA
2210286_2,2022-10-07 11:43:45.297539,CLO,2210286.jpg,2210286,2,0,NA
2210285_2,2022-10-07 11:43:43.219306,CLO,2210285.jpg,2210285,2,0,NA
2210284_2,2022-10-07 11:43:40.703687,CLO,2210284.jpg,2210284,2,0,NA
2210283_2,2022-10-07 11:43:38.703670,CLO,2210283.jpg,2210283,2,0,NA
2210282_2,2022-10-07 11:43:35.828673,CLO,2210282.jpg,2210282,2,0,NA
2210281_2,2022-10-07 11:43:35.000566,CLO,2210281.jpg,2210281,2,0,NA
2210280_2,2022-10-07 11:43:32.484926,CLO,2210280.jpg,2210280,2,0,NA
2210279_2,2022-10-07 11:43:29.063041,CLO,2210279.jpg,2210279,2,0,NA
2210278_2,2022-10-07 11:43:26.578665,CLO,2210278.jpg,2210278,2,0,NA
2210277_2,2022-10-07 11:43:25.359892,CLO,2210277.jpg,2210277,2,0,NA
2210276_2,2022-10-07 11:43:22.234905,CLO,2210276.jpg,2210276,2,0,NA
2210275_2,2022-10-07 11:43:20.125497,CLO,2210275.jpg,2210275,2,0,NA
2210274_2,2022-10-07 11:43:17.782099,CLO,2210274.jpg,2210274,2,0,NA
2210273_2,2022-10-07 11:43:16.344241,CLO,2210273.jpg,2210273,2,0,NA
2210272_2,2022-10-07 11:43:15.484862,CLO,2210272.jpg,2210272,2,0,NA
2210271_2,2022-10-07 11:43:14.406723,CLO,2210271.jpg,2210271,2,0,NA
2210270_2,2022-10-07 11:43:13.469251,CLO,2210270.jpg,2210270,2,0,NA
2210269_2,2022-10-07 11:43:11.094228,CLO,2210269.jpg,2210269,2,0,NA
2210268_2,2022-10-07 11:43:08.984934,CLO,2210268.jpg,2210268,2,0,NA
2210267_2,2022-10-07 11:43:06.703588,CLO,2210267.jpg,2210267,2,0,NA
2210266_2,2022-10-07 11:43:04.172415,CLO,2210266.jpg,2210266,2,0,NA
2210265_2,2022-10-07 11:43:01.937960,CLO,2210265.jpg,2210265,2,0,NA
2210263_2,2022-10-07 11:42:59.922325,CLO,2210263.jpg,2210263,2,0,NA
2210262_2,2022-10-07 11:42:57.766156,CLO,2210262.jpg,2210262,2,0,NA
2210261_2,2022-10-07 11:42:55.844228,CLO,2210261.jpg,2210261,2,0,NA
2210260_2,2022-10-07 11:42:53.828634,CLO,2210260.jpg,2210260,2,0,NA
2210259_2,2022-10-07 11:42:51.375517,CLO,2210259.jpg,2210259,2,0,NA
2210258_2,2022-10-07 11:42:49.625442,CLO,2210258.jpg,2210258,2,0,NA
2210257_2,2022-10-07 11:42:48.703552,CLO,2210257.jpg,2210257,2,0,NA
2210256_2,2022-10-07 11:42:47.922313,CLO,2210256.jpg,2210256,2,0,NA
2210255_2,2022-10-07 11:42:46.156685,CLO,2210255.jpg,2210255,2,0,NA
2210254_2,2022-10-07 11:42:43.547508,CLO,2210254.jpg,2210254,2,0,NA
2210252_2,2022-10-07 11:42:42.531729,CLO,2210252.jpg,2210252,2,0,NA
2210250_2,2022-10-07 11:42:38.953539,CLO,2210250.jpg,2210250,2,0,NA
2210248_2,2022-10-07 11:42:38.172275,CLO,2210248.jpg,2210248,2,0,NA
2210247_2,2022-10-07 11:42:35.906700,CLO,2210247.jpg,2210247,2,0,NA
2210237_2,2022-10-07 11:42:34.048020,CLO,2210237.jpg,2210237,2,0,NA
2210236_2,2022-10-07 11:42:31.781787,CLO,2210236.jpg,2210236,2,0,NA
2210235_2,2022-10-07 11:42:29.703531,CLO,2210235.jpg,2210235,2,0,NA
2210233_2,2022-10-07 11:42:27.735399,CLO,2210233.jpg,2210233,2,0,NA
2210232_2,2022-10-07 11:42:25.078631,CLO,2210232.jpg,2210232,2,0,NA
2210231_2,2022-10-07 11:42:24.250395,CLO,2210231.jpg,2210231,2,0,NA
2210230_2,2022-10-07 11:42:23.344246,CLO,2210230.jpg,2210230,2,0,NA
2210228_2,2022-10-07 11:42:22.453928,CLO,2210228.jpg,2210228,2,0,NA
2210227_2,2022-10-07 11:42:19.875359,CLO,2210227.jpg,2210227,2,0,NA
2210226_2,2022-10-07 11:42:18.859755,CLO,2210226.jpg,2210226,2,0,NA
2210225_2,2022-10-07 11:42:17.516101,CLO,2210225.jpg,2210225,2,0,NA
2210224_2,2022-10-07 11:42:16.359882,CLO,2210224.jpg,2210224,2,0,NA
2210223_2,2022-10-07 11:42:15.406747,CLO,2210223.jpg,2210223,2,0,NA
2210217_2,2022-10-07 11:42:14.500429,CLO,2210217.jpg,2210217,2,0,NA
2210216_2,2022-10-07 11:42:13.172232,CLO,2210216.jpg,2210216,2,0,NA
2210212_2,2022-10-07 11:42:11.484759,CLO,2210212.jpg,2210212,2,0,NA
2210211_2,2022-10-07 11:42:09.672216,CLO,2210211.jpg,2210211,2,0,NA
2210210_2,2022-10-07 11:42:08.125365,CLO,2210210.jpg,2210210,2,0,NA
2210176_2,2022-10-07 11:42:06.578470,CLO,2210176.jpg,2210176,2,0,NA
2210175_2,2022-10-07 11:42:04.437817,CLO,2210175.jpg,2210175,2,0,NA
2210172_2,2022-10-07 11:42:02.437865,CLO,2210172.jpg,2210172,2,0,NA
2210171_2,2022-10-07 11:42:00.844165,CLO,2210171.jpg,2210171,2,0,NA
2210169_2,2022-10-07 11:41:58.922199,CLO,2210169.jpg,2210169,2,0,NA
2210166_2,2022-10-07 11:41:57.250458,CLO,2210166.jpg,2210166,2,0,NA
2210154_2,2022-10-07 11:41:55.375316,CLO,2210154.jpg,2210154,2,0,NA
2210149_2,2022-10-07 11:41:53.125316,CLO,2210149.jpg,2210149,2,0,NA
2210146_2,2022-10-07 11:41:52.250303,CLO,2210146.jpg,2210146,2,0,NA
2210144_2,2022-10-07 11:41:50.375299,CLO,2210144.jpg,2210144,2,0,NA
2210142_2,2022-10-07 11:41:49.484675,CLO,2210142.jpg,2210142,2,0,NA
2210141_2,2022-10-07 11:41:47.625374,CLO,2210141.jpg,2210141,2,0,NA
2210140_2,2022-10-07 11:41:45.703521,CLO,2210140.jpg,2210140,2,0,NA
2210139_2,2022-10-07 11:41:43.828403,CLO,2210139.jpg,2210139,2,0,NA
2210138_2,2022-10-07 11:41:42.250295,CLO,2210138.jpg,2210138,2,0,NA
2210137_2,2022-10-07 11:41:40.984650,CLO,2210137.jpg,2210137,2,0,NA
2210134_2,2022-10-07 11:41:40.125286,CLO,2210134.jpg,2210134,2,0,NA
2210132_2,2022-10-07 11:41:38.187771,CLO,2210132.jpg,2210132,2,0,NA
2210131_2,2022-10-07 11:41:35.781517,CLO,2210131.jpg,2210131,2,0,NA
2210128_2,2022-10-07 11:41:33.625249,CLO,2210128.jpg,2210128,2,0,NA
2210117_2,2022-10-07 11:41:31.500244,CLO,2210117.jpg,2210117,2,0,NA
2210115_2,2022-10-07 11:41:30.547290,CLO,2210115.jpg,2210115,2,0,NA
2210112_2,2022-10-07 11:41:29.625255,CLO,2210112.jpg,2210112,2,0,NA
2210109_2,2022-10-07 11:41:27.797153,CLO,2210109.jpg,2210109,2,0,NA
2210107_2,2022-10-07 11:41:25.172132,CLO,2210107.jpg,2210107,2,0,NA
2210100_2,2022-10-07 11:41:23.235757,CLO,2210100.jpg,2210100,2,0,NA
2210093_2,2022-10-07 11:41:22.219019,CLO,2210093.jpg,2210093,2,0,NA
2210085_2,2022-10-07 11:41:20.422135,CLO,2210085.jpg,2210085,2,0,NA
2210084_2,2022-10-07 11:41:19.281473,CLO,2210084.jpg,2210084,2,0,NA
2210081_2,2022-10-07 11:41:17.062757,CLO,2210081.jpg,2210081,2,0,NA
2210080_2,2022-10-07 11:41:15.203331,CLO,2210080.jpg,2210080,2,0,NA
2210079_2,2022-10-07 11:41:13.703352,CLO,2210079.jpg,2210079,2,0,NA
2210078_2,2022-10-07 11:41:11.718952,CLO,2210078.jpg,2210078,2,0,NA
2210077_2,2022-10-07 11:41:09.797568,CLO,2210077.jpg,2210077,2,0,NA
2210075_2,2022-10-07 11:41:07.500206,CLO,2210075.jpg,2210075,2,0,NA
2210072_2,2022-10-07 11:41:06.344119,CLO,2210072.jpg,2210072,2,0,NA
2210069_2,2022-10-07 11:41:05.468939,CLO,2210069.jpg,2210069,2,0,NA
2210068_2,2022-10-07 11:41:03.031438,CLO,2210068.jpg,2210068,2,0,NA
2210067_2,2022-10-07 11:41:01.422049,CLO,2210067.jpg,2210067,2,0,NA
2210066_2,2022-10-07 11:41:00.562796,CLO,2210066.jpg,2210066,2,0,NA
2210063_2,2022-10-07 11:40:58.765799,CLO,2210063.jpg,2210063,2,0,NA
2210062_2,2022-10-07 11:40:57.406419,CLO,2210062.jpg,2210062,2,0,NA
2210047_2,2022-10-07 11:40:56.453312,CLO,2210047.jpg,2210047,2,0,NA
2210046_2,2022-10-07 11:40:53.390793,CLO,2210046.jpg,2210046,2,0,NA
2210045_2,2022-10-07 11:40:52.375174,CLO,2210045.jpg,2210045,2,0,NA
2210043_2,2022-10-07 11:40:51.515799,CLO,2210043.jpg,2210043,2,0,NA
2210029_2,2022-10-07 11:40:50.328276,CLO,2210029.jpg,2210029,2,0,NA
2210019_2,2022-10-07 11:40:49.000256,CLO,2210019.jpg,2210019,2,0,NA
2210018_2,2022-10-07 11:40:48.047032,CLO,2210018.jpg,2210018,2,0,NA
2210017_2,2022-10-07 11:40:46.531397,CLO,2210017.jpg,2210017,2,0,NA
2210015_2,2022-10-07 11:40:45.359558,CLO,2210015.jpg,2210015,2,0,NA
2210011_2,2022-10-07 11:40:44.437639,CLO,2210011.jpg,2210011,2,0,NA
2210009_2,2022-10-07 11:40:42.625134,CLO,2210009.jpg,2210009,2,0,NA
2210006_2,2022-10-07 11:40:41.015772,CLO,2210006.jpg,2210006,2,0,NA
2210004_2,2022-10-07 11:40:40.422022,CLO,2210004.jpg,2210004,2,0,NA
2210003_2,2022-10-07 11:40:38.422008,CLO,2210003.jpg,2210003,2,0,NA
2210000_2,2022-10-07 11:40:37.437664,CLO,2210000.jpg,2210000,2,0,NA
2209999_2,2022-10-07 11:40:35.422002,CLO,2209999.jpg,2209999,2,0,NA
2209998_2,2022-10-07 11:40:34.500214,CLO,2209998.jpg,2209998,2,0,NA
2209997_2,2022-10-07 11:40:32.078266,CLO,2209997.jpg,2209997,2,0,NA
2209996_2,2022-10-07 11:40:29.859500,CLO,2209996.jpg,2209996,2,0,NA
2209995_2,2022-10-07 11:40:27.875144,CLO,2209995.jpg,2209995,2,0,NA
2209994_2,2022-10-07 11:40:25.734497,CLO,2209994.jpg,2209994,2,0,NA
2209993_2,2022-10-07 11:40:23.625106,CLO,2209993.jpg,2209993,2,0,NA
2209992_2,2022-10-07 11:40:22.781379,CLO,2209992.jpg,2209992,2,0,NA
2209974_2,2022-10-07 11:40:20.468874,CLO,2209974.jpg,2209974,2,0,NA
2209973_2,2022-10-07 11:40:18.703230,CLO,2209973.jpg,2209973,2,0,NA
2209972_2,2022-10-07 11:40:16.812578,CLO,2209972.jpg,2209972,2,0,NA
2209971_2,2022-10-07 11:40:14.406364,CLO,2209971.jpg,2209971,2,0,NA
2209970_2,2022-10-07 11:40:11.937582,CLO,2209970.jpg,2209970,2,0,NA
2209967_2,2022-10-07 11:40:10.109458,CLO,2209967.jpg,2209967,2,0,NA
2209966_2,2022-10-07 11:40:08.641037,CLO,2209966.jpg,2209966,2,0,NA
2209965_2,2022-10-07 11:40:06.875093,CLO,2209965.jpg,2209965,2,0,NA
2209964_2,2022-10-07 11:40:05.203374,CLO,2209964.jpg,2209964,2,0,NA
2209963_2,2022-10-07 11:40:03.546944,CLO,2209963.jpg,2209963,2,0,NA
2209962_2,2022-10-07 11:40:01.640695,CLO,2209962.jpg,2209962,2,0,NA
2209961_2,2022-10-07 11:39:59.921933,CLO,2209961.jpg,2209961,2,0,NA
2209949_2,2022-10-07 11:39:58.156489,CLO,2209949.jpg,2209949,2,0,NA
2209948_2,2022-10-07 11:39:56.812593,CLO,2209948.jpg,2209948,2,0,NA
2209947_2,2022-10-07 11:39:55.062551,CLO,2209947.jpg,2209947,2,0,NA
2209946_2,2022-10-07 11:39:53.187540,CLO,2209946.jpg,2209946,2,0,NA
2209917_2,2022-10-07 11:39:52.328171,CLO,2209917.jpg,2209917,2,0,NA
2209916_2,2022-10-07 11:39:51.375074,CLO,2209916.jpg,2209916,2,0,NA
2209915_2,2022-10-07 11:39:50.422052,CLO,2209915.jpg,2209915,2,0,NA
2209914_2,2022-10-07 11:39:49.328140,CLO,2209914.jpg,2209914,2,0,NA
2209913_2,2022-10-07 11:39:48.375040,CLO,2209913.jpg,2209913,2,0,NA
2209912_2,2022-10-07 11:39:47.500063,CLO,2209912.jpg,2209912,2,0,NA
2209892_2,2022-10-07 11:39:46.203183,CLO,2209892.jpg,2209892,2,0,NA
2209889_2,2022-10-07 11:39:45.046907,CLO,2209889.jpg,2209889,2,0,NA
2209887_2,2022-10-07 11:39:43.828132,CLO,2209887.jpg,2209887,2,0,NA
2209885_2,2022-10-07 11:39:42.593754,CLO,2209885.jpg,2209885,2,0,NA
2209883_2,2022-10-07 11:39:41.671873,CLO,2209883.jpg,2209883,2,0,NA
2209878_2,2022-10-07 11:39:40.890632,CLO,2209878.jpg,2209878,2,0,NA
2209821_2,2022-10-07 11:39:39.171892,CLO,2209821.jpg,2209821,2,0,NA
2209816_2,2022-10-07 11:39:36.874988,CLO,2209816.jpg,2209816,2,0,NA
2209815_2,2022-10-07 11:39:35.171858,CLO,2209815.jpg,2209815,2,0,NA
2209757_2,2022-10-07 11:39:34.390642,CLO,2209757.jpg,2209757,2,0,NA
2209755_2,2022-10-07 11:39:33.421993,CLO,2209755.jpg,2209755,2,0,NA
2209752_2,2022-10-07 11:39:32.234389,CLO,2209752.jpg,2209752,2,0,NA
2209751_2,2022-10-07 11:39:31.343756,CLO,2209751.jpg,2209751,2,0,NA
2209747_2,2022-10-07 11:39:30.437500,CLO,2209747.jpg,2209747,2,0,NA
2209744_2,2022-10-07 11:39:29.624985,CLO,2209744.jpg,2209744,2,0,NA
2209725_2,2022-10-07 11:39:27.687494,CLO,2209725.jpg,2209725,2,0,NA
2209722_2,2022-10-07 11:39:26.937487,CLO,2209722.jpg,2209722,2,0,NA
2209720_2,2022-10-07 11:39:25.093741,CLO,2209720.jpg,2209720,2,0,NA
2209695_2,2022-10-07 11:39:24.218894,CLO,2209695.jpg,2209695,2,0,NA
2209694_2,2022-10-07 11:39:23.375010,CLO,2209694.jpg,2209694,2,0,NA
2209688_2,2022-10-07 11:39:20.890577,CLO,2209688.jpg,2209688,2,0,NA
2209684_2,2022-10-07 11:39:19.937463,CLO,2209684.jpg,2209684,2,0,NA
2209681_2,2022-10-07 11:39:17.765574,CLO,2209681.jpg,2209681,2,0,NA
2209678_2,2022-10-07 11:39:15.703069,CLO,2209678.jpg,2209678,2,0,NA
2209675_2,2022-10-07 11:39:13.968705,CLO,2209675.jpg,2209675,2,0,NA
2209655_2,2022-10-07 11:39:11.843692,CLO,2209655.jpg,2209655,2,0,NA
2209654_2,2022-10-07 11:39:10.749952,CLO,2209654.jpg,2209654,2,0,NA
2209650_2,2022-10-07 11:39:09.921834,CLO,2209650.jpg,2209650,2,0,NA
2209648_2,2022-10-07 11:39:08.171803,CLO,2209648.jpg,2209648,2,0,NA
2209647_2,2022-10-07 11:39:07.281205,CLO,2209647.jpg,2209647,2,0,NA
2209645_2,2022-10-07 11:39:06.125043,CLO,2209645.jpg,2209645,2,0,NA
2209644_2,2022-10-07 11:39:04.937494,CLO,2209644.jpg,2209644,2,0,NA
2209643_2,2022-10-07 11:39:03.999992,CLO,2209643.jpg,2209643,2,0,NA
2209580_2,2022-10-07 11:39:03.125031,CLO,2209580.jpg,2209580,2,0,NA
2209579_2,2022-10-07 11:39:01.437416,CLO,2209579.jpg,2209579,2,0,NA
2209567_2,2022-10-07 11:39:00.796787,CLO,2209567.jpg,2209567,2,0,NA
2209552_2,2022-10-07 11:38:58.859637,CLO,2209552.jpg,2209552,2,0,NA
2209549_2,2022-10-07 11:38:57.843836,CLO,2209549.jpg,2209549,2,0,NA
2209539_2,2022-10-07 11:38:56.953115,CLO,2209539.jpg,2209539,2,0,NA
2209506_2,2022-10-07 11:38:55.906180,CLO,2209506.jpg,2209506,2,0,NA
2209502_2,2022-10-07 11:38:55.109397,CLO,2209502.jpg,2209502,2,0,NA
2209501_2,2022-10-07 11:38:54.093799,CLO,2209501.jpg,2209501,2,0,NA
2209498_2,2022-10-07 11:38:53.156207,CLO,2209498.jpg,2209498,2,0,NA
2209494_2,2022-10-07 11:38:52.203026,CLO,2209494.jpg,2209494,2,0,NA
2209491_2,2022-10-07 11:38:51.234435,CLO,2209491.jpg,2209491,2,0,NA
2209489_2,2022-10-07 11:38:50.140542,CLO,2209489.jpg,2209489,2,0,NA
2209487_2,2022-10-07 11:38:46.562423,CLO,2209487.jpg,2209487,2,0,NA
2209484_2,2022-10-07 11:38:45.218641,CLO,2209484.jpg,2209484,2,0,NA
2209475_2,2022-10-07 11:38:44.094064,CLO,2209475.jpg,2209475,2,0,NA
2209458_2,2022-10-07 11:38:43.218634,CLO,2209458.jpg,2209458,2,0,NA
2209457_2,2022-10-07 11:38:41.453001,CLO,2209457.jpg,2209457,2,0,NA
2209456_2,2022-10-07 11:38:39.671879,CLO,2209456.jpg,2209456,2,0,NA
2209455_2,2022-10-07 11:38:37.968618,CLO,2209455.jpg,2209455,2,0,NA
2209382_2,2022-10-07 11:38:36.468617,CLO,2209382.jpg,2209382,2,0,NA
2209373_2,2022-10-07 11:38:34.421752,CLO,2209373.jpg,2209373,2,0,NA
2209363_2,2022-10-07 11:38:32.359233,CLO,2209363.jpg,2209363,2,0,NA
2209359_2,2022-10-07 11:38:31.406109,CLO,2209359.jpg,2209359,2,0,NA
2209354_2,2022-10-07 11:38:30.421734,CLO,2209354.jpg,2209354,2,0,NA
2209346_2,2022-10-07 11:38:29.406212,CLO,2209346.jpg,2209346,2,0,NA
2209173_2,2022-10-07 11:38:27.297048,CLO,2209173.jpg,2209173,2,0,NA
2209158_2,2022-10-07 11:38:24.671725,CLO,2209158.jpg,2209158,2,0,NA
2209153_2,2022-10-07 11:38:23.624845,CLO,2209153.jpg,2209153,2,0,NA
2209148_2,2022-10-07 11:38:22.609207,CLO,2209148.jpg,2209148,2,0,NA
2209147_2,2022-10-07 11:38:21.671709,CLO,2209147.jpg,2209147,2,0,NA
2209146_2,2022-10-07 11:38:19.593569,CLO,2209146.jpg,2209146,2,0,NA
2208890_2,2022-10-07 11:38:17.609201,CLO,2208890.jpg,2208890,2,0,NA
2208886_2,2022-10-07 11:38:15.484193,CLO,2208886.jpg,2208886,2,0,NA
2208866_2,2022-10-07 11:38:13.421705,CLO,2208866.jpg,2208866,2,0,NA
2208863_2,2022-10-07 11:38:12.609195,CLO,2208863.jpg,2208863,2,0,NA
2208861_2,2022-10-07 11:38:11.562307,CLO,2208861.jpg,2208861,2,0,NA
2208859_2,2022-10-07 11:38:10.156192,CLO,2208859.jpg,2208859,2,0,NA
2208855_2,2022-10-07 11:38:09.171710,CLO,2208855.jpg,2208855,2,0,NA
2208762_2,2022-10-07 11:38:08.218546,CLO,2208762.jpg,2208762,2,0,NA
2208752_2,2022-10-07 11:38:07.093769,CLO,2208752.jpg,2208752,2,0,NA
2208734_2,2022-10-07 11:38:06.171673,CLO,2208734.jpg,2208734,2,0,NA
2208727_2,2022-10-07 11:38:03.952920,CLO,2208727.jpg,2208727,2,0,NA
2208726_2,2022-10-07 11:38:01.890411,CLO,2208726.jpg,2208726,2,0,NA
2208725_2,2022-10-07 11:37:59.562306,CLO,2208725.jpg,2208725,2,0,NA
2208723_2,2022-10-07 11:37:57.546657,CLO,2208723.jpg,2208723,2,0,NA
2208722_2,2022-10-07 11:37:55.203149,CLO,2208722.jpg,2208722,2,0,NA
2208721_2,2022-10-07 11:37:52.906015,CLO,2208721.jpg,2208721,2,0,NA
2208720_2,2022-10-07 11:37:50.624780,CLO,2208720.jpg,2208720,2,0,NA
2208718_2,2022-10-07 11:37:47.952869,CLO,2208718.jpg,2208718,2,0,NA
2208717_2,2022-10-07 11:37:45.765380,CLO,2208717.jpg,2208717,2,0,NA
2208711_2,2022-10-07 11:37:43.640377,CLO,2208711.jpg,2208711,2,0,NA
2208709_2,2022-10-07 11:37:41.499757,CLO,2208709.jpg,2208709,2,0,NA
2208685_2,2022-10-07 11:37:39.109129,CLO,2208685.jpg,2208685,2,0,NA
2208676_2,2022-10-07 11:37:38.249890,CLO,2208676.jpg,2208676,2,0,NA
2208675_2,2022-10-07 11:37:35.687436,CLO,2208675.jpg,2208675,2,0,NA
2208671_2,2022-10-07 11:37:33.046611,CLO,2208671.jpg,2208671,2,0,NA
2208669_2,2022-10-07 11:37:30.796603,CLO,2208669.jpg,2208669,2,0,NA
2208525_2,2022-10-07 11:37:28.843509,CLO,2208525.jpg,2208525,2,0,NA
2208524_2,2022-10-07 11:37:26.968619,CLO,2208524.jpg,2208524,2,0,NA
2208522_2,2022-10-07 11:37:25.249711,CLO,2208522.jpg,2208522,2,0,NA
2208521_2,2022-10-07 11:37:22.953020,CLO,2208521.jpg,2208521,2,0,NA
2208519_2,2022-10-07 11:37:22.093459,CLO,2208519.jpg,2208519,2,0,NA
2208512_2,2022-10-07 11:37:20.015528,CLO,2208512.jpg,2208512,2,0,NA
2208510_2,2022-10-07 11:37:19.046560,CLO,2208510.jpg,2208510,2,0,NA
2208406_2,2022-10-07 11:37:16.843437,CLO,2208406.jpg,2208406,2,0,NA
2208357_2,2022-10-07 11:37:13.937187,CLO,2208357.jpg,2208357,2,0,NA
2208328_2,2022-10-07 11:37:11.624781,CLO,2208328.jpg,2208328,2,0,NA
2208266_2,2022-10-07 11:37:10.593613,CLO,2208266.jpg,2208266,2,0,NA
2208263_2,2022-10-07 11:37:09.421543,CLO,2208263.jpg,2208263,2,0,NA
2208257_2,2022-10-07 11:37:08.562174,CLO,2208257.jpg,2208257,2,0,NA
2208256_2,2022-10-07 11:37:07.609076,CLO,2208256.jpg,2208256,2,0,NA
2208243_2,2022-10-07 11:37:04.999657,CLO,2208243.jpg,2208243,2,0,NA
2208240_2,2022-10-07 11:37:02.921617,CLO,2208240.jpg,2208240,2,0,NA
2208236_2,2022-10-07 11:37:00.000043,CLO,2208236.jpg,2208236,2,0,NA
2208231_2,2022-10-07 11:36:58.124629,CLO,2208231.jpg,2208231,2,0,NA
2208229_2,2022-10-07 11:36:55.483998,CLO,2208229.jpg,2208229,2,0,NA
2208227_2,2022-10-07 11:36:54.577758,CLO,2208227.jpg,2208227,2,0,NA
2208225_2,2022-10-07 11:36:51.718535,CLO,2208225.jpg,2208225,2,0,NA
2208224_2,2022-10-07 11:36:49.484014,CLO,2208224.jpg,2208224,2,0,NA
2208223_2,2022-10-07 11:36:46.890232,CLO,2208223.jpg,2208223,2,0,NA
2208222_2,2022-10-07 11:36:44.155886,CLO,2208222.jpg,2208222,2,0,NA
2208221_2,2022-10-07 11:36:41.312128,CLO,2208221.jpg,2208221,2,0,NA
2208219_2,2022-10-07 11:36:39.124619,CLO,2208219.jpg,2208219,2,0,NA
2208217_2,2022-10-07 11:36:36.983984,CLO,2208217.jpg,2208217,2,0,NA
2208212_2,2022-10-07 11:36:34.015427,CLO,2208212.jpg,2208212,2,0,NA
2208197_2,2022-10-07 11:36:31.343326,CLO,2208197.jpg,2208197,2,0,NA
2208194_2,2022-10-07 11:36:29.140366,CLO,2208194.jpg,2208194,2,0,NA
2208191_2,2022-10-07 11:36:28.093622,CLO,2208191.jpg,2208191,2,0,NA
2207842_2,2022-10-07 11:36:27.171470,CLO,2207842.jpg,2207842,2,0,NA
2207841_2,2022-10-07 11:36:24.530837,CLO,2207841.jpg,2207841,2,0,NA
2207838_2,2022-10-07 11:36:22.343333,CLO,2207838.jpg,2207838,2,0,NA
2207835_2,2022-10-07 11:36:21.484378,CLO,2207835.jpg,2207835,2,0,NA
2207824_2,2022-10-07 11:36:19.609356,CLO,2207824.jpg,2207824,2,0,NA
2207788_2,2022-10-07 11:36:18.640280,CLO,2207788.jpg,2207788,2,0,NA
2207734_2,2022-10-07 11:36:16.484358,CLO,2207734.jpg,2207734,2,0,NA
2207669_2,2022-10-07 11:36:15.530804,CLO,2207669.jpg,2207669,2,0,NA
2207665_2,2022-10-07 11:36:14.374657,CLO,2207665.jpg,2207665,2,0,NA
2207664_2,2022-10-07 11:36:13.468286,CLO,2207664.jpg,2207664,2,0,NA
2207660_2,2022-10-07 11:36:11.265173,CLO,2207660.jpg,2207660,2,0,NA
2207659_2,2022-10-07 11:36:08.968310,CLO,2207659.jpg,2207659,2,0,NA
2207658_2,2022-10-07 11:36:06.765171,CLO,2207658.jpg,2207658,2,0,NA
2207632_2,2022-10-07 11:36:05.702670,CLO,2207632.jpg,2207632,2,0,NA
2207631_2,2022-10-07 11:36:04.421420,CLO,2207631.jpg,2207631,2,0,NA
2207628_2,2022-10-07 11:36:03.499878,CLO,2207628.jpg,2207628,2,0,NA
2207614_2,2022-10-07 11:36:02.530802,CLO,2207614.jpg,2207614,2,0,NA
2207613_2,2022-10-07 11:36:00.405754,CLO,2207613.jpg,2207613,2,0,NA
2207577_2,2022-10-07 11:35:58.296401,CLO,2207577.jpg,2207577,2,0,NA
2207547_2,2022-10-07 11:35:56.124507,CLO,2207547.jpg,2207547,2,0,NA
2207445_2,2022-10-07 11:35:54.843385,CLO,2207445.jpg,2207445,2,0,NA
2207444_2,2022-10-07 11:35:53.733864,CLO,2207444.jpg,2207444,2,0,NA
2207442_2,2022-10-07 11:35:52.577633,CLO,2207442.jpg,2207442,2,0,NA
2207364_2,2022-10-07 11:35:51.469083,CLO,2207364.jpg,2207364,2,0,NA
2207350_2,2022-10-07 11:35:49.358883,CLO,2207350.jpg,2207350,2,0,NA
2207347_2,2022-10-07 11:35:47.140128,CLO,2207347.jpg,2207347,2,0,NA
2207288_2,2022-10-07 11:35:46.343251,CLO,2207288.jpg,2207288,2,0,NA
2207272_2,2022-10-07 11:35:44.218217,CLO,2207272.jpg,2207272,2,0,NA
2207270_2,2022-10-07 11:35:42.327604,CLO,2207270.jpg,2207270,2,0,NA
2207222_2,2022-10-07 11:35:40.124476,CLO,2207222.jpg,2207222,2,0,NA
2207213_2,2022-10-07 11:35:38.515094,CLO,2207213.jpg,2207213,2,0,NA
2207187_2,2022-10-07 11:35:37.718429,CLO,2207187.jpg,2207187,2,0,NA
2207186_2,2022-10-07 11:35:35.687052,CLO,2207186.jpg,2207186,2,0,NA
2207185_2,2022-10-07 11:35:33.608832,CLO,2207185.jpg,2207185,2,0,NA
2207184_2,2022-10-07 11:35:32.561968,CLO,2207184.jpg,2207184,2,0,NA
2207183_2,2022-10-07 11:35:31.686962,CLO,2207183.jpg,2207183,2,0,NA
2207111_2,2022-10-07 11:35:29.983826,CLO,2207111.jpg,2207111,2,0,NA
2207082_2,2022-10-07 11:35:28.249443,CLO,2207082.jpg,2207082,2,0,NA
2206985_2,2022-10-07 11:35:26.436945,CLO,2206985.jpg,2206985,2,0,NA
2206984_2,2022-10-07 11:35:24.936934,CLO,2206984.jpg,2206984,2,0,NA
2206983_2,2022-10-07 11:35:23.640160,CLO,2206983.jpg,2206983,2,0,NA
2206982_2,2022-10-07 11:35:22.437010,CLO,2206982.jpg,2206982,2,0,NA
2206981_2,2022-10-07 11:35:20.780905,CLO,2206981.jpg,2206981,2,0,NA
2206980_2,2022-10-07 11:35:19.468162,CLO,2206980.jpg,2206980,2,0,NA
2206974_2,2022-10-07 11:35:18.265055,CLO,2206974.jpg,2206974,2,0,NA
2206973_2,2022-10-07 11:35:16.749748,CLO,2206973.jpg,2206973,2,0,NA
2206972_2,2022-10-07 11:35:15.421307,CLO,2206972.jpg,2206972,2,0,NA
2206971_2,2022-10-07 11:35:13.780682,CLO,2206971.jpg,2206971,2,0,NA
2206945_2,2022-10-07 11:35:12.343191,CLO,2206945.jpg,2206945,2,0,NA
2206943_2,2022-10-07 11:35:11.265054,CLO,2206943.jpg,2206943,2,0,NA
2206942_2,2022-10-07 11:35:10.015035,CLO,2206942.jpg,2206942,2,0,NA
2206940_2,2022-10-07 11:35:08.874405,CLO,2206940.jpg,2206940,2,0,NA
2206936_2,2022-10-07 11:35:07.733768,CLO,2206936.jpg,2206936,2,0,NA
2206929_2,2022-10-07 11:35:06.780663,CLO,2206929.jpg,2206929,2,0,NA
2206922_2,2022-10-07 11:35:04.046263,CLO,2206922.jpg,2206922,2,0,NA
2206911_2,2022-10-07 11:35:00.593141,CLO,2206911.jpg,2206911,2,0,NA
2206909_2,2022-10-07 11:34:59.233748,CLO,2206909.jpg,2206909,2,0,NA
2206907_2,2022-10-07 11:34:58.140003,CLO,2206907.jpg,2206907,2,0,NA
2206906_2,2022-10-07 11:34:57.140080,CLO,2206906.jpg,2206906,2,0,NA
2206905_2,2022-10-07 11:34:54.483733,CLO,2206905.jpg,2206905,2,0,NA
2206904_2,2022-10-07 11:34:51.858753,CLO,2206904.jpg,2206904,2,0,NA
2206903_2,2022-10-07 11:34:49.468103,CLO,2206903.jpg,2206903,2,0,NA
2206902_2,2022-10-07 11:34:48.327501,CLO,2206902.jpg,2206902,2,0,NA
2206899_2,2022-10-07 11:34:45.937004,CLO,2206899.jpg,2206899,2,0,NA
2206893_2,2022-10-07 11:34:45.140065,CLO,2206893.jpg,2206893,2,0,NA
2206888_2,2022-10-07 11:34:43.405582,CLO,2206888.jpg,2206888,2,0,NA
2206774_2,2022-10-07 11:34:41.405585,CLO,2206774.jpg,2206774,2,0,NA
2206767_2,2022-10-07 11:34:40.202482,CLO,2206767.jpg,2206767,2,0,NA
2206731_2,2022-10-07 11:34:39.311847,CLO,2206731.jpg,2206731,2,0,NA
2206722_2,2022-10-07 11:34:37.046221,CLO,2206722.jpg,2206722,2,0,NA
2206665_2,2022-10-07 11:34:35.233713,CLO,2206665.jpg,2206665,2,0,NA
2206663_2,2022-10-07 11:34:32.827564,CLO,2206663.jpg,2206663,2,0,NA
2206659_2,2022-10-07 11:34:30.671182,CLO,2206659.jpg,2206659,2,0,NA
2206631_2,2022-10-07 11:34:30.030586,CLO,2206631.jpg,2206631,2,0,NA
2206580_2,2022-10-07 11:34:27.999309,CLO,2206580.jpg,2206580,2,0,NA
2206572_2,2022-10-07 11:34:26.593075,CLO,2206572.jpg,2206572,2,0,NA
2206488_2,2022-10-07 11:34:25.421173,CLO,2206488.jpg,2206488,2,0,NA
2206479_2,2022-10-07 11:34:24.499381,CLO,2206479.jpg,2206479,2,0,NA
2206468_2,2022-10-07 11:34:22.999286,CLO,2206468.jpg,2206468,2,0,NA
2206446_2,2022-10-07 11:34:20.718043,CLO,2206446.jpg,2206446,2,0,NA
2206445_2,2022-10-07 11:34:17.999286,CLO,2206445.jpg,2206445,2,0,NA
2206442_2,2022-10-07 11:34:16.030539,CLO,2206442.jpg,2206442,2,0,NA
2206419_2,2022-10-07 11:34:14.702410,CLO,2206419.jpg,2206419,2,0,NA
2206416_2,2022-10-07 11:34:13.718098,CLO,2206416.jpg,2206416,2,0,NA
2206402_2,2022-10-07 11:34:12.249269,CLO,2206402.jpg,2206402,2,0,NA
2206342_2,2022-10-07 11:34:10.593007,CLO,2206342.jpg,2206342,2,0,NA
2206341_2,2022-10-07 11:34:08.249258,CLO,2206341.jpg,2206341,2,0,NA
2206340_2,2022-10-07 11:34:05.655605,CLO,2206340.jpg,2206340,2,0,NA
2206339_2,2022-10-07 11:34:04.343163,CLO,2206339.jpg,2206339,2,0,NA
2206338_2,2022-10-07 11:34:03.030529,CLO,2206338.jpg,2206338,2,0,NA
2206336_2,2022-10-07 11:34:01.936748,CLO,2206336.jpg,2206336,2,0,NA
2206329_2,2022-10-07 11:34:01.139896,CLO,2206329.jpg,2206329,2,0,NA
2206321_2,2022-10-07 11:33:59.108618,CLO,2206321.jpg,2206321,2,0,NA
2206311_2,2022-10-07 11:33:58.311751,CLO,2206311.jpg,2206311,2,0,NA
2206310_2,2022-10-07 11:33:55.624227,CLO,2206310.jpg,2206310,2,0,NA
2206309_2,2022-10-07 11:33:54.061731,CLO,2206309.jpg,2206309,2,0,NA
2206308_2,2022-10-07 11:33:52.186725,CLO,2206308.jpg,2206308,2,0,NA
2206299_2,2022-10-07 11:33:50.452359,CLO,2206299.jpg,2206299,2,0,NA
2206274_2,2022-10-07 11:33:49.108597,CLO,2206274.jpg,2206274,2,0,NA
2206261_2,2022-10-07 11:33:47.374225,CLO,2206261.jpg,2206261,2,0,NA
2206248_2,2022-10-07 11:33:46.155465,CLO,2206248.jpg,2206248,2,0,NA
2206247_2,2022-10-07 11:33:45.452344,CLO,2206247.jpg,2206247,2,0,NA
2206246_2,2022-10-07 11:33:44.733584,CLO,2206246.jpg,2206246,2,0,NA
2206235_2,2022-10-07 11:33:44.030479,CLO,2206235.jpg,2206235,2,0,NA
2206225_2,2022-10-07 11:33:43.186693,CLO,2206225.jpg,2206225,2,0,NA
2206223_2,2022-10-07 11:33:41.483735,CLO,2206223.jpg,2206223,2,0,NA
2206216_2,2022-10-07 11:33:39.561718,CLO,2206216.jpg,2206216,2,0,NA
2206214_2,2022-10-07 11:33:37.342930,CLO,2206214.jpg,2206214,2,0,NA
2206207_2,2022-10-07 11:33:35.375815,CLO,2206207.jpg,2206207,2,0,NA
2206153_2,2022-10-07 11:33:33.967950,CLO,2206153.jpg,2206153,2,0,NA
2206148_2,2022-10-07 11:33:32.468818,CLO,2206148.jpg,2206148,2,0,NA
2206140_2,2022-10-07 11:33:30.796052,CLO,2206140.jpg,2206140,2,0,NA
2206132_2,2022-10-07 11:33:29.186705,CLO,2206132.jpg,2206132,2,0,NA
2206131_2,2022-10-07 11:33:27.671051,CLO,2206131.jpg,2206131,2,0,NA
2206130_2,2022-10-07 11:33:26.249275,CLO,2206130.jpg,2206130,2,0,NA
2206127_2,2022-10-07 11:33:24.874160,CLO,2206127.jpg,2206127,2,0,NA
2206122_2,2022-10-07 11:33:23.655401,CLO,2206122.jpg,2206122,2,0,NA
2206121_2,2022-10-07 11:33:22.796145,CLO,2206121.jpg,2206121,2,0,NA
2206114_2,2022-10-07 11:33:21.546033,CLO,2206114.jpg,2206114,2,0,NA
2206109_2,2022-10-07 11:33:20.639782,CLO,2206109.jpg,2206109,2,0,NA
2206099_2,2022-10-07 11:33:20.030998,CLO,2206099.jpg,2206099,2,0,NA
2206074_2,2022-10-07 11:33:19.233528,CLO,2206074.jpg,2206074,2,0,NA
2206072_2,2022-10-07 11:33:18.296014,CLO,2206072.jpg,2206072,2,0,NA
2206071_2,2022-10-07 11:33:16.530407,CLO,2206071.jpg,2206071,2,0,NA
2206064_2,2022-10-07 11:33:15.608547,CLO,2206064.jpg,2206064,2,0,NA
2206054_2,2022-10-07 11:33:13.733550,CLO,2206054.jpg,2206054,2,0,NA
2206045_2,2022-10-07 11:33:12.202264,CLO,2206045.jpg,2206045,2,0,NA
2206034_2,2022-10-07 11:33:10.968084,CLO,2206034.jpg,2206034,2,0,NA
2206020_2,2022-10-07 11:33:09.452865,CLO,2206020.jpg,2206020,2,0,NA
2206011_2,2022-10-07 11:33:08.077291,CLO,2206011.jpg,2206011,2,0,NA
2206009_2,2022-10-07 11:33:07.046212,CLO,2206009.jpg,2206009,2,0,NA
2206006_2,2022-10-07 11:33:06.374202,CLO,2206006.jpg,2206006,2,0,NA
2206000_2,2022-10-07 11:33:05.389743,CLO,2206000.jpg,2206000,2,0,NA
2205980_2,2022-10-07 11:33:04.577290,CLO,2205980.jpg,2205980,2,0,NA
2205979_2,2022-10-07 11:33:03.702242,CLO,2205979.jpg,2205979,2,0,NA
2205978_2,2022-10-07 11:33:02.155374,CLO,2205978.jpg,2205978,2,0,NA
2205977_2,2022-10-07 11:33:00.280362,CLO,2205977.jpg,2205977,2,0,NA
2205951_2,2022-10-07 11:32:59.421055,CLO,2205951.jpg,2205951,2,0,NA
2205929_2,2022-10-07 11:32:58.264729,CLO,2205929.jpg,2205929,2,0,NA
2205928_2,2022-10-07 11:32:56.952377,CLO,2205928.jpg,2205928,2,0,NA
2205926_2,2022-10-07 11:32:55.733510,CLO,2205926.jpg,2205926,2,0,NA
2205924_2,2022-10-07 11:32:54.639755,CLO,2205924.jpg,2205924,2,0,NA
2205922_2,2022-10-07 11:32:53.202348,CLO,2205922.jpg,2205922,2,0,NA
2205916_2,2022-10-07 11:32:51.295972,CLO,2205916.jpg,2205916,2,0,NA
2205909_2,2022-10-07 11:32:50.108613,CLO,2205909.jpg,2205909,2,0,NA
2205904_2,2022-10-07 11:32:49.217866,CLO,2205904.jpg,2205904,2,0,NA
2205894_2,2022-10-07 11:32:48.421221,CLO,2205894.jpg,2205894,2,0,NA
2205893_2,2022-10-07 11:32:47.749216,CLO,2205893.jpg,2205893,2,0,NA
2205826_2,2022-10-07 11:32:45.967841,CLO,2205826.jpg,2205826,2,0,NA
2205820_2,2022-10-07 11:32:44.952220,CLO,2205820.jpg,2205820,2,0,NA
2205819_2,2022-10-07 11:32:43.905450,CLO,2205819.jpg,2205819,2,0,NA
2205817_2,2022-10-07 11:32:43.061641,CLO,2205817.jpg,2205817,2,0,NA
2205815_2,2022-10-07 11:32:41.577203,CLO,2205815.jpg,2205815,2,0,NA
2205798_2,2022-10-07 11:32:40.108428,CLO,2205798.jpg,2205798,2,0,NA
2205783_2,2022-10-07 11:32:38.342828,CLO,2205783.jpg,2205783,2,0,NA
2205781_2,2022-10-07 11:32:37.608424,CLO,2205781.jpg,2205781,2,0,NA
2205766_2,2022-10-07 11:32:36.342818,CLO,2205766.jpg,2205766,2,0,NA
2205702_2,2022-10-07 11:32:35.514666,CLO,2205702.jpg,2205702,2,0,NA
2205700_2,2022-10-07 11:32:34.280291,CLO,2205700.jpg,2205700,2,0,NA
2205636_2,2022-10-07 11:32:32.608430,CLO,2205636.jpg,2205636,2,0,NA
2205569_2,2022-10-07 11:32:30.858429,CLO,2205569.jpg,2205569,2,0,NA
2205558_2,2022-10-07 11:32:29.327173,CLO,2205558.jpg,2205558,2,0,NA
2205546_2,2022-10-07 11:32:28.202159,CLO,2205546.jpg,2205546,2,0,NA
2205368_2,2022-10-07 11:32:27.467788,CLO,2205368.jpg,2205368,2,0,NA
2205337_2,2022-10-07 11:32:26.405283,CLO,2205337.jpg,2205337,2,0,NA
2205328_2,2022-10-07 11:32:24.577189,CLO,2205328.jpg,2205328,2,0,NA
2205327_2,2022-10-07 11:32:23.405450,CLO,2205327.jpg,2205327,2,0,NA
2205241_2,2022-10-07 11:32:22.233399,CLO,2205241.jpg,2205241,2,0,NA
2205198_2,2022-10-07 11:32:21.358457,CLO,2205198.jpg,2205198,2,0,NA
2205060_2,2022-10-07 11:32:20.311534,CLO,2205060.jpg,2205060,2,0,NA
2205034_2,2022-10-07 11:32:19.374027,CLO,2205034.jpg,2205034,2,0,NA
2204922_2,2022-10-07 11:32:18.858394,CLO,2204922.jpg,2204922,2,0,NA
2204920_2,2022-10-07 11:32:18.202239,CLO,2204920.jpg,2204920,2,0,NA
2204910_2,2022-10-07 11:32:17.733378,CLO,2204910.jpg,2204910,2,0,NA
2204902_2,2022-10-07 11:32:16.686529,CLO,2204902.jpg,2204902,2,0,NA
2204899_2,2022-10-07 11:32:14.920903,CLO,2204899.jpg,2204899,2,0,NA
2204881_2,2022-10-07 11:32:13.780366,CLO,2204881.jpg,2204881,2,0,NA
2204880_2,2022-10-07 11:32:12.655248,CLO,2204880.jpg,2204880,2,0,NA
2204877_2,2022-10-07 11:32:11.655279,CLO,2204877.jpg,2204877,2,0,NA
2204875_2,2022-10-07 11:32:10.733547,CLO,2204875.jpg,2204875,2,0,NA
2204868_2,2022-10-07 11:32:09.670891,CLO,2204868.jpg,2204868,2,0,NA
2204864_2,2022-10-07 11:32:08.905953,CLO,2204864.jpg,2204864,2,0,NA
2204862_2,2022-10-07 11:32:08.155268,CLO,2204862.jpg,2204862,2,0,NA
2204860_2,2022-10-07 11:32:06.827135,CLO,2204860.jpg,2204860,2,0,NA
2204788_2,2022-10-07 11:32:05.765446,CLO,2204788.jpg,2204788,2,0,NA
2204776_2,2022-10-07 11:32:04.061505,CLO,2204776.jpg,2204776,2,0,NA
2204366_2,2022-10-07 11:32:02.092739,CLO,2204366.jpg,2204366,2,0,NA
2204365_2,2022-10-07 11:32:01.780226,CLO,2204365.jpg,2204365,2,0,NA
2204287_2,2022-10-07 11:32:00.795849,CLO,2204287.jpg,2204287,2,0,NA
2204277_2,2022-10-07 11:32:00.139673,CLO,2204277.jpg,2204277,2,0,NA
2204164_2,2022-10-07 11:31:59.608624,CLO,2204164.jpg,2204164,2,0,NA
2204132_2,2022-10-07 11:31:57.608366,CLO,2204132.jpg,2204132,2,0,NA
2204128_2,2022-10-07 11:31:53.843484,CLO,2204128.jpg,2204128,2,0,NA
2204117_2,2022-10-07 11:31:52.045874,CLO,2204117.jpg,2204117,2,0,NA
2204116_2,2022-10-07 11:31:50.827070,CLO,2204116.jpg,2204116,2,0,NA
2204109_2,2022-10-07 11:31:48.374052,CLO,2204109.jpg,2204109,2,0,NA
2204097_2,2022-10-07 11:31:47.483324,CLO,2204097.jpg,2204097,2,0,NA
2204088_2,2022-10-07 11:31:46.546331,CLO,2204088.jpg,2204088,2,0,NA
2204047_2,2022-10-07 11:31:44.967715,CLO,2204047.jpg,2204047,2,0,NA
2204046_2,2022-10-07 11:31:42.608306,CLO,2204046.jpg,2204046,2,0,NA
2204045_2,2022-10-07 11:31:39.889574,CLO,2204045.jpg,2204045,2,0,NA
2204043_2,2022-10-07 11:31:38.248957,CLO,2204043.jpg,2204043,2,0,NA
2204042_2,2022-10-07 11:31:36.327065,CLO,2204042.jpg,2204042,2,0,NA
2204041_2,2022-10-07 11:31:34.749012,CLO,2204041.jpg,2204041,2,0,NA
2204028_2,2022-10-07 11:31:33.139550,CLO,2204028.jpg,2204028,2,0,NA
2204020_2,2022-10-07 11:31:31.842860,CLO,2204020.jpg,2204020,2,0,NA
2203782_2,2022-10-07 11:31:28.967674,CLO,2203782.jpg,2203782,2,0,NA
2203781_2,2022-10-07 11:31:27.389717,CLO,2203781.jpg,2203781,2,0,NA
2203720_2,2022-10-07 11:31:24.889836,CLO,2203720.jpg,2203720,2,0,NA
2203624_2,2022-10-07 11:31:23.170779,CLO,2203624.jpg,2203624,2,0,NA
2203569_2,2022-10-07 11:31:21.983415,CLO,2203569.jpg,2203569,2,0,NA
2203529_2,2022-10-07 11:31:21.217706,CLO,2203529.jpg,2203529,2,0,NA
2203494_2,2022-10-07 11:31:19.467880,CLO,2203494.jpg,2203494,2,0,NA
2203492_2,2022-10-07 11:31:16.936393,CLO,2203492.jpg,2203492,2,0,NA
2203465_2,2022-10-07 11:31:15.514531,CLO,2203465.jpg,2203465,2,0,NA
2203463_2,2022-10-07 11:31:14.795784,CLO,2203463.jpg,2203463,2,0,NA
2203459_2,2022-10-07 11:31:12.623882,CLO,2203459.jpg,2203459,2,0,NA
2203458_2,2022-10-07 11:31:10.420809,CLO,2203458.jpg,2203458,2,0,NA
2203457_2,2022-10-07 11:31:08.577006,CLO,2203457.jpg,2203457,2,0,NA
2203456_2,2022-10-07 11:31:06.764512,CLO,2203456.jpg,2203456,2,0,NA
2203455_2,2022-10-07 11:31:04.514465,CLO,2203455.jpg,2203455,2,0,NA
2203413_2,2022-10-07 11:31:03.561512,CLO,2203413.jpg,2203413,2,0,NA
2203265_2,2022-10-07 11:31:01.717582,CLO,2203265.jpg,2203265,2,0,NA
2203264_2,2022-10-07 11:31:00.092694,CLO,2203264.jpg,2203264,2,0,NA
2203263_2,2022-10-07 11:30:58.592595,CLO,2203263.jpg,2203263,2,0,NA
2203250_2,2022-10-07 11:30:56.764458,CLO,2203250.jpg,2203250,2,0,NA
2203245_2,2022-10-07 11:30:55.217597,CLO,2203245.jpg,2203245,2,0,NA
2203239_2,2022-10-07 11:30:53.858212,CLO,2203239.jpg,2203239,2,0,NA
2203196_2,2022-10-07 11:30:52.811363,CLO,2203196.jpg,2203196,2,0,NA
2203192_2,2022-10-07 11:30:51.592600,CLO,2203192.jpg,2203192,2,0,NA
2203191_2,2022-10-07 11:30:50.811407,CLO,2203191.jpg,2203191,2,0,NA
2203190_2,2022-10-07 11:30:49.295680,CLO,2203190.jpg,2203190,2,0,NA
2203188_2,2022-10-07 11:30:47.530059,CLO,2203188.jpg,2203188,2,0,NA
2203187_2,2022-10-07 11:30:46.030096,CLO,2203187.jpg,2203187,2,0,NA
2203186_2,2022-10-07 11:30:43.905068,CLO,2203186.jpg,2203186,2,0,NA
2203185_2,2022-10-07 11:30:43.186436,CLO,2203185.jpg,2203185,2,0,NA
2203148_2,2022-10-07 11:30:40.920825,CLO,2203148.jpg,2203148,2,0,NA
2203087_2,2022-10-07 11:30:39.998909,CLO,2203087.jpg,2203087,2,0,NA
2203011_2,2022-10-07 11:30:38.451920,CLO,2203011.jpg,2203011,2,0,NA
2203010_2,2022-10-07 11:30:35.717699,CLO,2203010.jpg,2203010,2,0,NA
2203009_2,2022-10-07 11:30:34.092529,CLO,2203009.jpg,2203009,2,0,NA
2203004_2,2022-10-07 11:30:32.764404,CLO,2203004.jpg,2203004,2,0,NA
2202937_2,2022-10-07 11:30:31.327117,CLO,2202937.jpg,2202937,2,0,NA
2202915_2,2022-10-07 11:30:30.342568,CLO,2202915.jpg,2202915,2,0,NA
2202914_2,2022-10-07 11:30:28.545632,CLO,2202914.jpg,2202914,2,0,NA
2202913_2,2022-10-07 11:30:27.326903,CLO,2202913.jpg,2202913,2,0,NA
2202912_2,2022-10-07 11:30:25.889498,CLO,2202912.jpg,2202912,2,0,NA
2202908_2,2022-10-07 11:30:24.499405,CLO,2202908.jpg,2202908,2,0,NA
2202907_2,2022-10-07 11:30:22.498948,CLO,2202907.jpg,2202907,2,0,NA
2202906_2,2022-10-07 11:30:21.045640,CLO,2202906.jpg,2202906,2,0,NA
2202904_2,2022-10-07 11:30:19.780010,CLO,2202904.jpg,2202904,2,0,NA
2202902_2,2022-10-07 11:30:18.217530,CLO,2202902.jpg,2202902,2,0,NA
2202866_2,2022-10-07 11:30:16.639381,CLO,2202866.jpg,2202866,2,0,NA
2202831_2,2022-10-07 11:30:14.061247,CLO,2202831.jpg,2202831,2,0,NA
2202829_2,2022-10-07 11:30:12.404994,CLO,2202829.jpg,2202829,2,0,NA
2202787_2,2022-10-07 11:30:10.529996,CLO,2202787.jpg,2202787,2,0,NA
2202786_2,2022-10-07 11:30:08.748739,CLO,2202786.jpg,2202786,2,0,NA
2202785_2,2022-10-07 11:30:06.858101,CLO,2202785.jpg,2202785,2,0,NA
2202784_2,2022-10-07 11:30:04.920579,CLO,2202784.jpg,2202784,2,0,NA
2202778_2,2022-10-07 11:30:03.061241,CLO,2202778.jpg,2202778,2,0,NA
2202764_2,2022-10-07 11:30:01.920881,CLO,2202764.jpg,2202764,2,0,NA
2202690_2,2022-10-07 11:30:00.889478,CLO,2202690.jpg,2202690,2,0,NA
2202676_2,2022-10-07 11:29:59.780056,CLO,2202676.jpg,2202676,2,0,NA
2202675_2,2022-10-07 11:29:58.811204,CLO,2202675.jpg,2202675,2,0,NA
2202643_2,2022-10-07 11:29:57.842454,CLO,2202643.jpg,2202643,2,0,NA
2202637_2,2022-10-07 11:29:56.686233,CLO,2202637.jpg,2202637,2,0,NA
2202635_2,2022-10-07 11:29:55.998699,CLO,2202635.jpg,2202635,2,0,NA
2202623_2,2022-10-07 11:29:55.014468,CLO,2202623.jpg,2202623,2,0,NA
2202612_2,2022-10-07 11:29:53.796197,CLO,2202612.jpg,2202612,2,0,NA
2202611_2,2022-10-07 11:29:52.842527,CLO,2202611.jpg,2202611,2,0,NA
2202602_2,2022-10-07 11:29:52.045746,CLO,2202602.jpg,2202602,2,0,NA
2202597_2,2022-10-07 11:29:51.154959,CLO,2202597.jpg,2202597,2,0,NA
2202596_2,2022-10-07 11:29:49.842419,CLO,2202596.jpg,2202596,2,0,NA
2202594_2,2022-10-07 11:29:48.358043,CLO,2202594.jpg,2202594,2,0,NA
2202593_2,2022-10-07 11:29:47.592558,CLO,2202593.jpg,2202593,2,0,NA
2202564_2,2022-10-07 11:29:46.514611,CLO,2202564.jpg,2202564,2,0,NA
2202558_2,2022-10-07 11:29:45.733053,CLO,2202558.jpg,2202558,2,0,NA
2202556_2,2022-10-07 11:29:44.779917,CLO,2202556.jpg,2202556,2,0,NA
2202547_2,2022-10-07 11:29:43.873990,CLO,2202547.jpg,2202547,2,0,NA
2202538_2,2022-10-07 11:29:42.967908,CLO,2202538.jpg,2202538,2,0,NA
2202527_2,2022-10-07 11:29:41.983244,CLO,2202527.jpg,2202527,2,0,NA
2202521_2,2022-10-07 11:29:41.014367,CLO,2202521.jpg,2202521,2,0,NA
2202514_2,2022-10-07 11:29:40.092412,CLO,2202514.jpg,2202514,2,0,NA
2202512_2,2022-10-07 11:29:39.280063,CLO,2202512.jpg,2202512,2,0,NA
2202511_2,2022-10-07 11:29:37.795552,CLO,2202511.jpg,2202511,2,0,NA
2202510_2,2022-10-07 11:29:36.483029,CLO,2202510.jpg,2202510,2,0,NA
2202506_2,2022-10-07 11:29:34.420513,CLO,2202506.jpg,2202506,2,0,NA
2202481_2,2022-10-07 11:29:33.092655,CLO,2202481.jpg,2202481,2,0,NA
2202476_2,2022-10-07 11:29:31.655068,CLO,2202476.jpg,2202476,2,0,NA
2202156_2,2022-10-07 11:29:30.311153,CLO,2202156.jpg,2202156,2,0,NA
2202155_2,2022-10-07 11:29:28.483037,CLO,2202155.jpg,2202155,2,0,NA
2202154_2,2022-10-07 11:29:26.279914,CLO,2202154.jpg,2202154,2,0,NA
2202153_2,2022-10-07 11:29:24.545516,CLO,2202153.jpg,2202153,2,0,NA
2202152_2,2022-10-07 11:29:23.889458,CLO,2202152.jpg,2202152,2,0,NA
2202122_2,2022-10-07 11:29:22.748858,CLO,2202122.jpg,2202122,2,0,NA
2202119_2,2022-10-07 11:29:21.108100,CLO,2202119.jpg,2202119,2,0,NA
2202110_2,2022-10-07 11:29:19.732977,CLO,2202110.jpg,2202110,2,0,NA
2202104_2,2022-10-07 11:29:18.045520,CLO,2202104.jpg,2202104,2,0,NA
2202073_2,2022-10-07 11:29:17.139247,CLO,2202073.jpg,2202073,2,0,NA
2202049_2,2022-10-07 11:29:16.764235,CLO,2202049.jpg,2202049,2,0,NA
2202025_2,2022-10-07 11:29:15.983181,CLO,2202025.jpg,2202025,2,0,NA
2201988_2,2022-10-07 11:29:14.139241,CLO,2201988.jpg,2201988,2,0,NA
2201983_2,2022-10-07 11:29:11.686398,CLO,2201983.jpg,2201983,2,0,NA
2201981_2,2022-10-07 11:29:10.670465,CLO,2201981.jpg,2201981,2,0,NA
2201979_2,2022-10-07 11:29:09.936083,CLO,2201979.jpg,2201979,2,0,NA
2201978_2,2022-10-07 11:29:09.061081,CLO,2201978.jpg,2201978,2,0,NA
2201975_2,2022-10-07 11:29:08.076808,CLO,2201975.jpg,2201975,2,0,NA
2201970_2,2022-10-07 11:29:07.201715,CLO,2201970.jpg,2201970,2,0,NA
2201917_2,2022-10-07 11:29:06.358145,CLO,2201917.jpg,2201917,2,0,NA
2201838_2,2022-10-07 11:29:05.545462,CLO,2201838.jpg,2201838,2,0,NA
2201778_2,2022-10-07 11:29:03.014207,CLO,2201778.jpg,2201778,2,0,NA
2201708_2,2022-10-07 11:29:01.107964,CLO,2201708.jpg,2201708,2,0,NA
2201631_2,2022-10-07 11:28:59.357950,CLO,2201631.jpg,2201631,2,0,NA
2201628_2,2022-10-07 11:28:58.654825,CLO,2201628.jpg,2201628,2,0,NA
2201626_2,2022-10-07 11:28:57.670436,CLO,2201626.jpg,2201626,2,0,NA
2201624_2,2022-10-07 11:28:56.529971,CLO,2201624.jpg,2201624,2,0,NA
2201565_2,2022-10-07 11:28:55.561067,CLO,2201565.jpg,2201565,2,0,NA
2201495_2,2022-10-07 11:28:53.732938,CLO,2201495.jpg,2201495,2,0,NA
2201489_2,2022-10-07 11:28:51.639191,CLO,2201489.jpg,2201489,2,0,NA
2201484_2,2022-10-07 11:28:50.498591,CLO,2201484.jpg,2201484,2,0,NA
2201482_2,2022-10-07 11:28:49.670441,CLO,2201482.jpg,2201482,2,0,NA
2201445_2,2022-10-07 11:28:48.967297,CLO,2201445.jpg,2201445,2,0,NA
2201434_2,2022-10-07 11:28:48.186458,CLO,2201434.jpg,2201434,2,0,NA
2201411_2,2022-10-07 11:28:46.373594,CLO,2201411.jpg,2201411,2,0,NA
2201390_2,2022-10-07 11:28:44.311031,CLO,2201390.jpg,2201390,2,0,NA
2201383_2,2022-10-07 11:28:42.842299,CLO,2201383.jpg,2201383,2,0,NA
2201376_2,2022-10-07 11:28:40.389169,CLO,2201376.jpg,2201376,2,0,NA
2201375_2,2022-10-07 11:28:38.451638,CLO,2201375.jpg,2201375,2,0,NA
2201368_2,2022-10-07 11:28:36.764138,CLO,2201368.jpg,2201368,2,0,NA
2201364_2,2022-10-07 11:28:34.592251,CLO,2201364.jpg,2201364,2,0,NA
2201318_2,2022-10-07 11:28:33.826639,CLO,2201318.jpg,2201318,2,0,NA
2201309_2,2022-10-07 11:28:32.514145,CLO,2201309.jpg,2201309,2,0,NA
2201299_2,2022-10-07 11:28:30.717275,CLO,2201299.jpg,2201299,2,0,NA
2201206_2,2022-10-07 11:28:29.843132,CLO,2201206.jpg,2201206,2,0,NA
2201106_2,2022-10-07 11:28:27.248741,CLO,2201106.jpg,2201106,2,0,NA
2213898_2,2022-10-07 11:28:25.842312,ACC,2213898.jpg,2213898,2,0,NA
2213897_2,2022-10-07 11:28:25.279790,ACC,2213897.jpg,2213897,2,0,NA
2213895_2,2022-10-07 11:28:24.764147,ACC,2213895.jpg,2213895,2,0,NA
2213834_2,2022-10-07 11:28:23.842254,ACC,2213834.jpg,2213834,2,0,NA
2213823_2,2022-10-07 11:28:23.279749,ACC,2213823.jpg,2213823,2,0,NA
2213821_2,2022-10-07 11:28:22.498503,ACC,2213821.jpg,2213821,2,0,NA
2213820_2,2022-10-07 11:28:21.826599,ACC,2213820.jpg,2213820,2,0,NA
2213818_2,2022-10-07 11:28:20.998514,ACC,2213818.jpg,2213818,2,0,NA
2213803_2,2022-10-07 11:28:17.998529,ACC,2213803.jpg,2213803,2,0,NA
2213800_2,2022-10-07 11:28:17.639241,ACC,2213800.jpg,2213800,2,0,NA
2213681_2,2022-10-07 11:28:17.342288,ACC,2213681.jpg,2213681,2,0,NA
2213677_2,2022-10-07 11:28:16.873468,ACC,2213677.jpg,2213677,2,0,NA
2213676_2,2022-10-07 11:28:16.389098,ACC,2213676.jpg,2213676,2,0,NA
2213675_2,2022-10-07 11:28:15.889110,ACC,2213675.jpg,2213675,2,0,NA
2213674_2,2022-10-07 11:28:15.435974,ACC,2213674.jpg,2213674,2,0,NA
2213672_2,2022-10-07 11:28:14.998505,ACC,2213672.jpg,2213672,2,0,NA
2213663_2,2022-10-07 11:28:14.248461,ACC,2213663.jpg,2213663,2,0,NA
2213660_2,2022-10-07 11:28:13.639125,ACC,2213660.jpg,2213660,2,0,NA
2213658_2,2022-10-07 11:28:12.607849,ACC,2213658.jpg,2213658,2,0,NA
2213657_2,2022-10-07 11:28:11.607825,ACC,2213657.jpg,2213657,2,0,NA
2213593_2,2022-10-07 11:28:11.029712,ACC,2213593.jpg,2213593,2,0,NA
2213383_2,2022-10-07 11:28:10.389085,ACC,2213383.jpg,2213383,2,0,NA
2213377_2,2022-10-07 11:28:09.436307,ACC,2213377.jpg,2213377,2,0,NA
2213357_2,2022-10-07 11:28:09.154739,ACC,2213357.jpg,2213357,2,0,NA
2213116_2,2022-10-07 11:28:08.857846,ACC,2213116.jpg,2213116,2,0,NA
2213113_2,2022-10-07 11:28:08.514089,ACC,2213113.jpg,2213113,2,0,NA
2213035_2,2022-10-07 11:28:07.889066,ACC,2213035.jpg,2213035,2,0,NA
2213032_2,2022-10-07 11:28:07.451567,ACC,2213032.jpg,2213032,2,0,NA
2213003_2,2022-10-07 11:28:06.857816,ACC,2213003.jpg,2213003,2,0,NA
2212494_2,2022-10-07 11:28:04.654692,ACC,2212494.jpg,2212494,2,0,NA
2212212_2,2022-10-07 11:28:04.342221,ACC,2212212.jpg,2212212,2,0,NA
2211958_2,2022-10-07 11:28:03.951601,ACC,2211958.jpg,2211958,2,0,NA
2211957_2,2022-10-07 11:28:03.435941,ACC,2211957.jpg,2211957,2,0,NA
2211417_2,2022-10-07 11:28:03.123433,ACC,2211417.jpg,2211417,2,0,NA
2211409_2,2022-10-07 11:28:02.764186,ACC,2211409.jpg,2211409,2,0,NA
2211408_2,2022-10-07 11:28:01.857811,ACC,2211408.jpg,2211408,2,0,NA
2211399_2,2022-10-07 11:28:00.951578,ACC,2211399.jpg,2211399,2,0,NA
2211398_2,2022-10-07 11:28:00.389055,ACC,2211398.jpg,2211398,2,0,NA
2211397_2,2022-10-07 11:27:59.795308,ACC,2211397.jpg,2211397,2,0,NA
2211394_2,2022-10-07 11:27:59.232812,ACC,2211394.jpg,2211394,2,0,NA
2211393_2,2022-10-07 11:27:58.326545,ACC,2211393.jpg,2211393,2,0,NA
2211392_2,2022-10-07 11:27:57.404677,ACC,2211392.jpg,2211392,2,0,NA
2211391_2,2022-10-07 11:27:55.982797,ACC,2211391.jpg,2211391,2,0,NA
2211390_2,2022-10-07 11:27:55.045290,ACC,2211390.jpg,2211390,2,0,NA
2211071_2,2022-10-07 11:27:54.248578,ACC,2211071.jpg,2211071,2,0,NA
2211051_2,2022-10-07 11:27:52.889062,ACC,2211051.jpg,2211051,2,0,NA
2211029_2,2022-10-07 11:27:52.326550,ACC,2211029.jpg,2211029,2,0,NA
2210979_2,2022-10-07 11:27:51.311096,ACC,2210979.jpg,2210979,2,0,NA
2210948_2,2022-10-07 11:27:50.998428,ACC,2210948.jpg,2210948,2,0,NA
2210932_2,2022-10-07 11:27:50.560912,ACC,2210932.jpg,2210932,2,0,NA
2210931_2,2022-10-07 11:27:49.685915,ACC,2210931.jpg,2210931,2,0,NA
2210918_2,2022-10-07 11:27:48.795294,ACC,2210918.jpg,2210918,2,0,NA
2210862_2,2022-10-07 11:27:47.920301,ACC,2210862.jpg,2210862,2,0,NA
2210840_2,2022-10-07 11:27:46.607786,ACC,2210840.jpg,2210840,2,0,NA
2210821_2,2022-10-07 11:27:44.529684,ACC,2210821.jpg,2210821,2,0,NA
2210795_2,2022-10-07 11:27:42.498422,ACC,2210795.jpg,2210795,2,0,NA
2210793_2,2022-10-07 11:27:40.685896,ACC,2210793.jpg,2210793,2,0,NA
2210787_2,2022-10-07 11:27:39.295280,ACC,2210787.jpg,2210787,2,0,NA
2210785_2,2022-10-07 11:27:38.139031,ACC,2210785.jpg,2210785,2,0,NA
2210709_2,2022-10-07 11:27:36.779630,ACC,2210709.jpg,2210709,2,0,NA
2210637_2,2022-10-07 11:27:35.951513,ACC,2210637.jpg,2210637,2,0,NA
2210636_2,2022-10-07 11:27:34.717162,ACC,2210636.jpg,2210636,2,0,NA
2210635_2,2022-10-07 11:27:32.201515,ACC,2210635.jpg,2210635,2,0,NA
2210620_2,2022-10-07 11:27:30.904620,ACC,2210620.jpg,2210620,2,0,NA
2210563_2,2022-10-07 11:27:29.904633,ACC,2210563.jpg,2210563,2,0,NA
2210560_2,2022-10-07 11:27:28.998379,ACC,2210560.jpg,2210560,2,0,NA
2210559_2,2022-10-07 11:27:28.264006,ACC,2210559.jpg,2210559,2,0,NA
2210558_2,2022-10-07 11:27:27.779646,ACC,2210558.jpg,2210558,2,0,NA
2210557_2,2022-10-07 11:27:26.451524,ACC,2210557.jpg,2210557,2,0,NA
2210554_2,2022-10-07 11:27:24.904642,ACC,2210554.jpg,2210554,2,0,NA
2210553_2,2022-10-07 11:27:24.389007,ACC,2210553.jpg,2210553,2,0,NA
2210538_2,2022-10-07 11:27:22.107756,ACC,2210538.jpg,2210538,2,0,NA
2210353_2,2022-10-07 11:27:20.951572,ACC,2210353.jpg,2210353,2,0,NA
2210207_2,2022-10-07 11:27:19.810840,ACC,2210207.jpg,2210207,2,0,NA
2210204_2,2022-10-07 11:27:19.107740,ACC,2210204.jpg,2210204,2,0,NA
2210203_2,2022-10-07 11:27:18.498363,ACC,2210203.jpg,2210203,2,0,NA
2209955_2,2022-10-07 11:27:17.388961,ACC,2209955.jpg,2209955,2,0,NA
2209952_2,2022-10-07 11:27:16.185855,ACC,2209952.jpg,2209952,2,0,NA
2209929_2,2022-10-07 11:27:14.482718,ACC,2209929.jpg,2209929,2,0,NA
2209928_2,2022-10-07 11:27:13.342085,ACC,2209928.jpg,2209928,2,0,NA
2209927_2,2022-10-07 11:27:11.826484,ACC,2209927.jpg,2209927,2,0,NA
2209926_2,2022-10-07 11:27:11.232722,ACC,2209926.jpg,2209926,2,0,NA
2209925_2,2022-10-07 11:27:10.717077,ACC,2209925.jpg,2209925,2,0,NA
2209924_2,2022-10-07 11:27:10.014058,ACC,2209924.jpg,2209924,2,0,NA
2209923_2,2022-10-07 11:27:09.029877,ACC,2209923.jpg,2209923,2,0,NA
2209909_2,2022-10-07 11:27:07.888943,ACC,2209909.jpg,2209909,2,0,NA
2209908_2,2022-10-07 11:27:07.030175,ACC,2209908.jpg,2209908,2,0,NA
2209907_2,2022-10-07 11:27:06.513943,ACC,2209907.jpg,2209907,2,0,NA
2209904_2,2022-10-07 11:27:06.185841,ACC,2209904.jpg,2209904,2,0,NA
2209903_2,2022-10-07 11:27:04.888933,ACC,2209903.jpg,2209903,2,0,NA
2209902_2,2022-10-07 11:27:03.592072,ACC,2209902.jpg,2209902,2,0,NA
2209899_2,2022-10-07 11:27:02.967142,ACC,2209899.jpg,2209899,2,0,NA
2209898_2,2022-10-07 11:27:00.326470,ACC,2209898.jpg,2209898,2,0,NA
2209897_2,2022-10-07 11:26:58.826416,ACC,2209897.jpg,2209897,2,0,NA
2209896_2,2022-10-07 11:26:58.280083,ACC,2209896.jpg,2209896,2,0,NA
2209894_2,2022-10-07 11:26:57.513939,ACC,2209894.jpg,2209894,2,0,NA
2209879_2,2022-10-07 11:26:56.388923,ACC,2209879.jpg,2209879,2,0,NA
2209876_2,2022-10-07 11:26:55.701428,ACC,2209876.jpg,2209876,2,0,NA
2209874_2,2022-10-07 11:26:55.092092,ACC,2209874.jpg,2209874,2,0,NA
2209871_2,2022-10-07 11:26:53.810791,ACC,2209871.jpg,2209871,2,0,NA
2209869_2,2022-10-07 11:26:52.342203,ACC,2209869.jpg,2209869,2,0,NA
2209867_2,2022-10-07 11:26:51.388921,ACC,2209867.jpg,2209867,2,0,NA
2209661_2,2022-10-07 11:26:50.482676,ACC,2209661.jpg,2209661,2,0,NA
2209659_2,2022-10-07 11:26:48.748300,ACC,2209659.jpg,2209659,2,0,NA
2209658_2,2022-10-07 11:26:47.373274,ACC,2209658.jpg,2209658,2,0,NA
2209466_2,2022-10-07 11:26:45.670144,ACC,2209466.jpg,2209466,2,0,NA
2209444_2,2022-10-07 11:26:43.310766,ACC,2209444.jpg,2209444,2,0,NA
2209442_2,2022-10-07 11:26:41.154761,ACC,2209442.jpg,2209442,2,0,NA
2209441_2,2022-10-07 11:26:40.638874,ACC,2209441.jpg,2209441,2,0,NA
2209440_2,2022-10-07 11:26:40.154529,ACC,2209440.jpg,2209440,2,0,NA
2209439_2,2022-10-07 11:26:39.701380,ACC,2209439.jpg,2209439,2,0,NA
2209438_2,2022-10-07 11:26:39.248257,ACC,2209438.jpg,2209438,2,0,NA
2209437_2,2022-10-07 11:26:38.763882,ACC,2209437.jpg,2209437,2,0,NA
2209436_2,2022-10-07 11:26:38.263920,ACC,2209436.jpg,2209436,2,0,NA
2209435_2,2022-10-07 11:26:37.810756,ACC,2209435.jpg,2209435,2,0,NA
2209434_2,2022-10-07 11:26:37.342014,ACC,2209434.jpg,2209434,2,0,NA
2209433_2,2022-10-07 11:26:36.857644,ACC,2209433.jpg,2209433,2,0,NA
2209432_2,2022-10-07 11:26:36.341991,ACC,2209432.jpg,2209432,2,0,NA
2209430_2,2022-10-07 11:26:34.263868,ACC,2209430.jpg,2209430,2,0,NA
2209429_2,2022-10-07 11:26:32.529481,ACC,2209429.jpg,2209429,2,0,NA
2209428_2,2022-10-07 11:26:29.998238,ACC,2209428.jpg,2209428,2,0,NA
2209427_2,2022-10-07 11:26:27.451372,ACC,2209427.jpg,2209427,2,0,NA
2209426_2,2022-10-07 11:26:25.920104,ACC,2209426.jpg,2209426,2,0,NA
2209425_2,2022-10-07 11:26:23.841966,ACC,2209425.jpg,2209425,2,0,NA
2209423_2,2022-10-07 11:26:22.826340,ACC,2209423.jpg,2209423,2,0,NA
2209421_2,2022-10-07 11:26:22.421862,ACC,2209421.jpg,2209421,2,0,NA
2209420_2,2022-10-07 11:26:21.623242,ACC,2209420.jpg,2209420,2,0,NA
2209419_2,2022-10-07 11:26:19.545098,ACC,2209419.jpg,2209419,2,0,NA
2209416_2,2022-10-07 11:26:19.185763,ACC,2209416.jpg,2209416,2,0,NA
2209415_2,2022-10-07 11:26:18.482575,ACC,2209415.jpg,2209415,2,0,NA
2209414_2,2022-10-07 11:26:17.045106,ACC,2209414.jpg,2209414,2,0,NA
2209413_2,2022-10-07 11:26:16.701334,ACC,2209413.jpg,2209413,2,0,NA
2209412_2,2022-10-07 11:26:15.451409,ACC,2209412.jpg,2209412,2,0,NA
2209411_2,2022-10-07 11:26:15.076390,ACC,2209411.jpg,2209411,2,0,NA
2209409_2,2022-10-07 11:26:13.982592,ACC,2209409.jpg,2209409,2,0,NA
2209406_2,2022-10-07 11:26:13.576326,ACC,2209406.jpg,2209406,2,0,NA
2209405_2,2022-10-07 11:26:13.201355,ACC,2209405.jpg,2209405,2,0,NA
2209404_2,2022-10-07 11:26:12.842158,ACC,2209404.jpg,2209404,2,0,NA
2209402_2,2022-10-07 11:26:12.435748,ACC,2209402.jpg,2209402,2,0,NA
2209401_2,2022-10-07 11:26:12.060689,ACC,2209401.jpg,2209401,2,0,NA
2209400_2,2022-10-07 11:26:11.685712,ACC,2209400.jpg,2209400,2,0,NA
2209398_2,2022-10-07 11:26:11.341964,ACC,2209398.jpg,2209398,2,0,NA
2209323_2,2022-10-07 11:26:10.967485,ACC,2209323.jpg,2209323,2,0,NA
2209322_2,2022-10-07 11:26:09.560913,ACC,2209322.jpg,2209322,2,0,NA
2209320_2,2022-10-07 11:26:09.201848,ACC,2209320.jpg,2209320,2,0,NA
2209318_2,2022-10-07 11:26:08.623188,ACC,2209318.jpg,2209318,2,0,NA
2209316_2,2022-10-07 11:26:08.138911,ACC,2209316.jpg,2209316,2,0,NA
2209315_2,2022-10-07 11:26:07.654538,ACC,2209315.jpg,2209315,2,0,NA
2209313_2,2022-10-07 11:26:06.951310,ACC,2209313.jpg,2209313,2,0,NA
2209309_2,2022-10-07 11:26:06.388816,ACC,2209309.jpg,2209309,2,0,NA
2209308_2,2022-10-07 11:26:05.685688,ACC,2209308.jpg,2209308,2,0,NA
2209306_2,2022-10-07 11:26:03.935824,ACC,2209306.jpg,2209306,2,0,NA
2209302_2,2022-10-07 11:26:02.904439,ACC,2209302.jpg,2209302,2,0,NA
2209301_2,2022-10-07 11:26:02.576306,ACC,2209301.jpg,2209301,2,0,NA
2209280_2,2022-10-07 11:26:02.248185,ACC,2209280.jpg,2209280,2,0,NA
2209279_2,2022-10-07 11:26:01.295070,ACC,2209279.jpg,2209279,2,0,NA
2209278_2,2022-10-07 11:25:59.857551,ACC,2209278.jpg,2209278,2,0,NA
2209277_2,2022-10-07 11:25:58.607551,ACC,2209277.jpg,2209277,2,0,NA
2209276_2,2022-10-07 11:25:57.920039,ACC,2209276.jpg,2209276,2,0,NA
2209275_2,2022-10-07 11:25:57.576288,ACC,2209275.jpg,2209275,2,0,NA
2209274_2,2022-10-07 11:25:57.279426,ACC,2209274.jpg,2209274,2,0,NA
2209273_2,2022-10-07 11:25:56.982523,ACC,2209273.jpg,2209273,2,0,NA
2209271_2,2022-10-07 11:25:56.201290,ACC,2209271.jpg,2209271,2,0,NA
2209270_2,2022-10-07 11:25:55.920045,ACC,2209270.jpg,2209270,2,0,NA
2209268_2,2022-10-07 11:25:55.560654,ACC,2209268.jpg,2209268,2,0,NA
2209266_2,2022-10-07 11:25:55.201280,ACC,2209266.jpg,2209266,2,0,NA
2209265_2,2022-10-07 11:25:54.842119,ACC,2209265.jpg,2209265,2,0,NA
2209264_2,2022-10-07 11:25:54.466921,ACC,2209264.jpg,2209264,2,0,NA
2209263_2,2022-10-07 11:25:54.107651,ACC,2209263.jpg,2209263,2,0,NA
2209262_2,2022-10-07 11:25:53.763921,ACC,2209262.jpg,2209262,2,0,NA
2209260_2,2022-10-07 11:25:53.388867,ACC,2209260.jpg,2209260,2,0,NA
2209259_2,2022-10-07 11:25:52.795180,ACC,2209259.jpg,2209259,2,0,NA
2209257_2,2022-10-07 11:25:52.451288,ACC,2209257.jpg,2209257,2,0,NA
2209256_2,2022-10-07 11:25:51.560644,ACC,2209256.jpg,2209256,2,0,NA
2209255_2,2022-10-07 11:25:50.748183,ACC,2209255.jpg,2209255,2,0,NA
2209254_2,2022-10-07 11:25:50.013791,ACC,2209254.jpg,2209254,2,0,NA
2209253_2,2022-10-07 11:25:49.576305,ACC,2209253.jpg,2209253,2,0,NA
2209247_2,2022-10-07 11:25:48.841942,ACC,2209247.jpg,2209247,2,0,NA
2209246_2,2022-10-07 11:25:48.388757,ACC,2209246.jpg,2209246,2,0,NA
2209245_2,2022-10-07 11:25:47.529398,ACC,2209245.jpg,2209245,2,0,NA
2209244_2,2022-10-07 11:25:47.060633,ACC,2209244.jpg,2209244,2,0,NA
2209243_2,2022-10-07 11:25:46.029379,ACC,2209243.jpg,2209243,2,0,NA
2209240_2,2022-10-07 11:25:45.654375,ACC,2209240.jpg,2209240,2,0,NA
2209239_2,2022-10-07 11:25:44.716883,ACC,2209239.jpg,2209239,2,0,NA
2209238_2,2022-10-07 11:25:44.263789,ACC,2209238.jpg,2209238,2,0,NA
2209236_2,2022-10-07 11:25:43.888746,ACC,2209236.jpg,2209236,2,0,NA
2209235_2,2022-10-07 11:25:43.513797,ACC,2209235.jpg,2209235,2,0,NA
2209234_2,2022-10-07 11:25:43.123251,ACC,2209234.jpg,2209234,2,0,NA
2209233_2,2022-10-07 11:25:42.373126,ACC,2209233.jpg,2209233,2,0,NA
2209232_2,2022-10-07 11:25:41.513749,ACC,2209232.jpg,2209232,2,0,NA
2209231_2,2022-10-07 11:25:40.420012,ACC,2209231.jpg,2209231,2,0,NA
2209230_2,2022-10-07 11:25:39.576247,ACC,2209230.jpg,2209230,2,0,NA
2209229_2,2022-10-07 11:25:38.685622,ACC,2209229.jpg,2209229,2,0,NA
2209227_2,2022-10-07 11:25:37.873105,ACC,2209227.jpg,2209227,2,0,NA
2209225_2,2022-10-07 11:25:37.404361,ACC,2209225.jpg,2209225,2,0,NA
2209224_2,2022-10-07 11:25:36.623109,ACC,2209224.jpg,2209224,2,0,NA
2209223_2,2022-10-07 11:25:36.216852,ACC,2209223.jpg,2209223,2,0,NA
2209222_2,2022-10-07 11:25:35.404351,ACC,2209222.jpg,2209222,2,0,NA
2209221_2,2022-10-07 11:25:34.935620,ACC,2209221.jpg,2209221,2,0,NA
2209220_2,2022-10-07 11:25:34.466861,ACC,2209220.jpg,2209220,2,0,NA
2209219_2,2022-10-07 11:25:34.060628,ACC,2209219.jpg,2209219,2,0,NA
2209218_2,2022-10-07 11:25:33.669976,ACC,2209218.jpg,2209218,2,0,NA
2209214_2,2022-10-07 11:25:33.294977,ACC,2209214.jpg,2209214,2,0,NA
2209213_2,2022-10-07 11:25:32.951229,ACC,2209213.jpg,2209213,2,0,NA
2209211_2,2022-10-07 11:25:32.545106,ACC,2209211.jpg,2209211,2,0,NA
2209209_2,2022-10-07 11:25:32.185620,ACC,2209209.jpg,2209209,2,0,NA
2209207_2,2022-10-07 11:25:31.826245,ACC,2209207.jpg,2209207,2,0,NA
2209204_2,2022-10-07 11:25:30.701221,ACC,2209204.jpg,2209204,2,0,NA
2209200_2,2022-10-07 11:25:30.342075,ACC,2209200.jpg,2209200,2,0,NA
2209196_2,2022-10-07 11:25:29.967346,ACC,2209196.jpg,2209196,2,0,NA
2209194_2,2022-10-07 11:25:29.591875,ACC,2209194.jpg,2209194,2,0,NA
2209191_2,2022-10-07 11:25:29.139091,ACC,2209191.jpg,2209191,2,0,NA
2209190_2,2022-10-07 11:25:28.763760,ACC,2209190.jpg,2209190,2,0,NA
2209187_2,2022-10-07 11:25:28.404360,ACC,2209187.jpg,2209187,2,0,NA
2209186_2,2022-10-07 11:25:28.061107,ACC,2209186.jpg,2209186,2,0,NA
2209181_2,2022-10-07 11:25:27.716883,ACC,2209181.jpg,2209181,2,0,NA
2209179_2,2022-10-07 11:25:27.373275,ACC,2209179.jpg,2209179,2,0,NA
2209177_2,2022-10-07 11:25:27.029337,ACC,2209177.jpg,2209177,2,0,NA
2209175_2,2022-10-07 11:25:26.654434,ACC,2209175.jpg,2209175,2,0,NA
2209170_2,2022-10-07 11:25:26.279429,ACC,2209170.jpg,2209170,2,0,NA
2209168_2,2022-10-07 11:25:25.904334,ACC,2209168.jpg,2209168,2,0,NA
2209166_2,2022-10-07 11:25:25.045013,ACC,2209166.jpg,2209166,2,0,NA
2209165_2,2022-10-07 11:25:24.655343,ACC,2209165.jpg,2209165,2,0,NA
2209164_2,2022-10-07 11:25:23.716841,ACC,2209164.jpg,2209164,2,0,NA
2209162_2,2022-10-07 11:25:22.841828,ACC,2209162.jpg,2209162,2,0,NA
2209160_2,2022-10-07 11:25:22.060587,ACC,2209160.jpg,2209160,2,0,NA
2209156_2,2022-10-07 11:25:21.716841,ACC,2209156.jpg,2209156,2,0,NA
2209154_2,2022-10-07 11:25:21.279341,ACC,2209154.jpg,2209154,2,0,NA
2209150_2,2022-10-07 11:25:20.841832,ACC,2209150.jpg,2209150,2,0,NA
2209145_2,2022-10-07 11:25:20.452540,ACC,2209145.jpg,2209145,2,0,NA
2209144_2,2022-10-07 11:25:19.982442,ACC,2209144.jpg,2209144,2,0,NA
2209138_2,2022-10-07 11:25:19.607456,ACC,2209138.jpg,2209138,2,0,NA
2209135_2,2022-10-07 11:25:19.169942,ACC,2209135.jpg,2209135,2,0,NA
2209134_2,2022-10-07 11:25:18.732477,ACC,2209134.jpg,2209134,2,0,NA
2209120_2,2022-10-07 11:25:18.404342,ACC,2209120.jpg,2209120,2,0,NA
2209114_2,2022-10-07 11:25:17.998120,ACC,2209114.jpg,2209114,2,0,NA
2209096_2,2022-10-07 11:25:16.857449,ACC,2209096.jpg,2209096,2,0,NA
2209094_2,2022-10-07 11:25:16.482590,ACC,2209094.jpg,2209094,2,0,NA
2209090_2,2022-10-07 11:25:16.154559,ACC,2209090.jpg,2209090,2,0,NA
2209085_2,2022-10-07 11:25:15.794954,ACC,2209085.jpg,2209085,2,0,NA
2209083_2,2022-10-07 11:25:15.435578,ACC,2209083.jpg,2209083,2,0,NA
2209081_2,2022-10-07 11:25:15.091815,ACC,2209081.jpg,2209081,2,0,NA
2209076_2,2022-10-07 11:25:14.732458,ACC,2209076.jpg,2209076,2,0,NA
2209075_2,2022-10-07 11:25:14.373075,ACC,2209075.jpg,2209075,2,0,NA
2209073_2,2022-10-07 11:25:14.029552,ACC,2209073.jpg,2209073,2,0,NA
2209072_2,2022-10-07 11:25:13.669925,ACC,2209072.jpg,2209072,2,0,NA
2209071_2,2022-10-07 11:25:13.326196,ACC,2209071.jpg,2209071,2,0,NA
2209070_2,2022-10-07 11:25:12.951191,ACC,2209070.jpg,2209070,2,0,NA
2209068_2,2022-10-07 11:25:12.529322,ACC,2209068.jpg,2209068,2,0,NA
2209067_2,2022-10-07 11:25:12.169956,ACC,2209067.jpg,2209067,2,0,NA
2209063_2,2022-10-07 11:25:11.794948,ACC,2209063.jpg,2209063,2,0,NA
2209062_2,2022-10-07 11:25:11.435593,ACC,2209062.jpg,2209062,2,0,NA
2209061_2,2022-10-07 11:25:11.091807,ACC,2209061.jpg,2209061,2,0,NA
2209060_2,2022-10-07 11:25:10.748060,ACC,2209060.jpg,2209060,2,0,NA
2209059_2,2022-10-07 11:25:10.388672,ACC,2209059.jpg,2209059,2,0,NA
2209058_2,2022-10-07 11:25:10.029307,ACC,2209058.jpg,2209058,2,0,NA
2209057_2,2022-10-07 11:25:09.669921,ACC,2209057.jpg,2209057,2,0,NA
2209056_2,2022-10-07 11:25:09.310549,ACC,2209056.jpg,2209056,2,0,NA
2209054_2,2022-10-07 11:25:08.951215,ACC,2209054.jpg,2209054,2,0,NA
2209053_2,2022-10-07 11:25:08.607429,ACC,2209053.jpg,2209053,2,0,NA
2209052_2,2022-10-07 11:25:08.154317,ACC,2209052.jpg,2209052,2,0,NA
2209049_2,2022-10-07 11:25:07.810581,ACC,2209049.jpg,2209049,2,0,NA
2209047_2,2022-10-07 11:25:07.498091,ACC,2209047.jpg,2209047,2,0,NA
2209043_2,2022-10-07 11:25:07.154292,ACC,2209043.jpg,2209043,2,0,NA
2209042_2,2022-10-07 11:25:06.795098,ACC,2209042.jpg,2209042,2,0,NA
2209041_2,2022-10-07 11:25:06.451224,ACC,2209041.jpg,2209041,2,0,NA
2209040_2,2022-10-07 11:25:06.091789,ACC,2209040.jpg,2209040,2,0,NA
2209031_2,2022-10-07 11:25:05.591872,ACC,2209031.jpg,2209031,2,0,NA
2209029_2,2022-10-07 11:25:05.248157,ACC,2209029.jpg,2209029,2,0,NA
2209027_2,2022-10-07 11:25:04.919936,ACC,2209027.jpg,2209027,2,0,NA
2209023_2,2022-10-07 11:25:04.560573,ACC,2209023.jpg,2209023,2,0,NA
2209020_2,2022-10-07 11:25:04.076174,ACC,2209020.jpg,2209020,2,0,NA
2209019_2,2022-10-07 11:25:03.732492,ACC,2209019.jpg,2209019,2,0,NA
2209017_2,2022-10-07 11:25:03.388697,ACC,2209017.jpg,2209017,2,0,NA
2209016_2,2022-10-07 11:25:02.998029,ACC,2209016.jpg,2209016,2,0,NA
2209015_2,2022-10-07 11:25:02.654273,ACC,2209015.jpg,2209015,2,0,NA
2209014_2,2022-10-07 11:25:02.326473,ACC,2209014.jpg,2209014,2,0,NA
2209013_2,2022-10-07 11:25:01.982440,ACC,2209013.jpg,2209013,2,0,NA
2209012_2,2022-10-07 11:25:01.638653,ACC,2209012.jpg,2209012,2,0,NA
2209011_2,2022-10-07 11:25:01.248058,ACC,2209011.jpg,2209011,2,0,NA
2209007_2,2022-10-07 11:25:00.810525,ACC,2209007.jpg,2209007,2,0,NA
2209006_2,2022-10-07 11:25:00.466779,ACC,2209006.jpg,2209006,2,0,NA
2209005_2,2022-10-07 11:25:00.060655,ACC,2209005.jpg,2209005,2,0,NA
2209004_2,2022-10-07 11:24:59.685543,ACC,2209004.jpg,2209004,2,0,NA
2209003_2,2022-10-07 11:24:59.326152,ACC,2209003.jpg,2209003,2,0,NA
2209002_2,2022-10-07 11:24:58.966779,ACC,2209002.jpg,2209002,2,0,NA
2209001_2,2022-10-07 11:24:58.623124,ACC,2209001.jpg,2209001,2,0,NA
2208999_2,2022-10-07 11:24:58.216772,ACC,2208999.jpg,2208999,2,0,NA
2208998_2,2022-10-07 11:24:57.888653,ACC,2208998.jpg,2208998,2,0,NA
2208997_2,2022-10-07 11:24:57.529329,ACC,2208997.jpg,2208997,2,0,NA
2208996_2,2022-10-07 11:24:56.654293,ACC,2208996.jpg,2208996,2,0,NA
2208995_2,2022-10-07 11:24:55.779279,ACC,2208995.jpg,2208995,2,0,NA
2208993_2,2022-10-07 11:24:54.888656,ACC,2208993.jpg,2208993,2,0,NA
2208992_2,2022-10-07 11:24:54.092029,ACC,2208992.jpg,2208992,2,0,NA
2208990_2,2022-10-07 11:24:53.685536,ACC,2208990.jpg,2208990,2,0,NA
2208989_2,2022-10-07 11:24:53.279279,ACC,2208989.jpg,2208989,2,0,NA
2208988_2,2022-10-07 11:24:52.888662,ACC,2208988.jpg,2208988,2,0,NA
2208987_2,2022-10-07 11:24:52.482403,ACC,2208987.jpg,2208987,2,0,NA
2208986_2,2022-10-07 11:24:51.560506,ACC,2208986.jpg,2208986,2,0,NA
2208985_2,2022-10-07 11:24:51.154256,ACC,2208985.jpg,2208985,2,0,NA
2208984_2,2022-10-07 11:24:50.732379,ACC,2208984.jpg,2208984,2,0,NA
2208981_2,2022-10-07 11:24:50.310508,ACC,2208981.jpg,2208981,2,0,NA
2208979_2,2022-10-07 11:24:49.919922,ACC,2208979.jpg,2208979,2,0,NA
2208978_2,2022-10-07 11:24:48.951121,ACC,2208978.jpg,2208978,2,0,NA
2208884_2,2022-10-07 11:24:48.529246,ACC,2208884.jpg,2208884,2,0,NA
2208883_2,2022-10-07 11:24:48.091748,ACC,2208883.jpg,2208883,2,0,NA
2208881_2,2022-10-07 11:24:47.216759,ACC,2208881.jpg,2208881,2,0,NA
2208879_2,2022-10-07 11:24:46.279251,ACC,2208879.jpg,2208879,2,0,NA
2208878_2,2022-10-07 11:24:45.498018,ACC,2208878.jpg,2208878,2,0,NA
2208876_2,2022-10-07 11:24:44.638643,ACC,2208876.jpg,2208876,2,0,NA
2208875_2,2022-10-07 11:24:44.169859,ACC,2208875.jpg,2208875,2,0,NA
2208874_2,2022-10-07 11:24:43.435498,ACC,2208874.jpg,2208874,2,0,NA
2208873_2,2022-10-07 11:24:42.388642,ACC,2208873.jpg,2208873,2,0,NA
2208872_2,2022-10-07 11:24:41.357482,ACC,2208872.jpg,2208872,2,0,NA
2208870_2,2022-10-07 11:24:40.888621,ACC,2208870.jpg,2208870,2,0,NA
2208867_2,2022-10-07 11:24:39.919860,ACC,2208867.jpg,2208867,2,0,NA
2208865_2,2022-10-07 11:24:39.513617,ACC,2208865.jpg,2208865,2,0,NA
2208864_2,2022-10-07 11:24:38.669859,ACC,2208864.jpg,2208864,2,0,NA
2208862_2,2022-10-07 11:24:37.763615,ACC,2208862.jpg,2208862,2,0,NA
2208852_2,2022-10-07 11:24:36.997987,ACC,2208852.jpg,2208852,2,0,NA
2208851_2,2022-10-07 11:24:36.576133,ACC,2208851.jpg,2208851,2,0,NA
2208850_2,2022-10-07 11:24:35.654231,ACC,2208850.jpg,2208850,2,0,NA
2208849_2,2022-10-07 11:24:34.794876,ACC,2208849.jpg,2208849,2,0,NA
2208848_2,2022-10-07 11:24:34.404214,ACC,2208848.jpg,2208848,2,0,NA
2208843_2,2022-10-07 11:24:34.076102,ACC,2208843.jpg,2208843,2,0,NA
2208841_2,2022-10-07 11:24:33.622995,ACC,2208841.jpg,2208841,2,0,NA
2208839_2,2022-10-07 11:24:33.169843,ACC,2208839.jpg,2208839,2,0,NA
2208838_2,2022-10-07 11:24:32.294873,ACC,2208838.jpg,2208838,2,0,NA
2208837_2,2022-10-07 11:24:31.607363,ACC,2208837.jpg,2208837,2,0,NA
2208834_2,2022-10-07 11:24:30.716731,ACC,2208834.jpg,2208834,2,0,NA
2208831_2,2022-10-07 11:24:30.279231,ACC,2208831.jpg,2208831,2,0,NA
2208829_2,2022-10-07 11:24:29.779234,ACC,2208829.jpg,2208829,2,0,NA
2208827_2,2022-10-07 11:24:29.326102,ACC,2208827.jpg,2208827,2,0,NA
2208826_2,2022-10-07 11:24:28.982379,ACC,2208826.jpg,2208826,2,0,NA
2208825_2,2022-10-07 11:24:28.591756,ACC,2208825.jpg,2208825,2,0,NA
2208818_2,2022-10-07 11:24:28.076341,ACC,2208818.jpg,2208818,2,0,NA
2208817_2,2022-10-07 11:24:27.544845,ACC,2208817.jpg,2208817,2,0,NA
2208815_2,2022-10-07 11:24:27.169852,ACC,2208815.jpg,2208815,2,0,NA
2208814_2,2022-10-07 11:24:26.732551,ACC,2208814.jpg,2208814,2,0,NA
2208809_2,2022-10-07 11:24:26.310489,ACC,2208809.jpg,2208809,2,0,NA
2208808_2,2022-10-07 11:24:25.872978,ACC,2208808.jpg,2208808,2,0,NA
2208805_2,2022-10-07 11:24:25.529210,ACC,2208805.jpg,2208805,2,0,NA
2208804_2,2022-10-07 11:24:25.060503,ACC,2208804.jpg,2208804,2,0,NA
2208803_2,2022-10-07 11:24:24.701083,ACC,2208803.jpg,2208803,2,0,NA
2208799_2,2022-10-07 11:24:24.263595,ACC,2208799.jpg,2208799,2,0,NA
2208796_2,2022-10-07 11:24:23.451078,ACC,2208796.jpg,2208796,2,0,NA
2208795_2,2022-10-07 11:24:22.404200,ACC,2208795.jpg,2208795,2,0,NA
2208794_2,2022-10-07 11:24:21.576081,ACC,2208794.jpg,2208794,2,0,NA
2208793_2,2022-10-07 11:24:21.232350,ACC,2208793.jpg,2208793,2,0,NA
2208792_2,2022-10-07 11:24:20.482324,ACC,2208792.jpg,2208792,2,0,NA
2208791_2,2022-10-07 11:24:19.544818,ACC,2208791.jpg,2208791,2,0,NA
2208788_2,2022-10-07 11:24:18.404294,ACC,2208788.jpg,2208788,2,0,NA
2208787_2,2022-10-07 11:24:17.748111,ACC,2208787.jpg,2208787,2,0,NA
2208786_2,2022-10-07 11:24:17.091711,ACC,2208786.jpg,2208786,2,0,NA
2208784_2,2022-10-07 11:24:16.264137,ACC,2208784.jpg,2208784,2,0,NA
2208710_2,2022-10-07 11:24:15.404351,ACC,2208710.jpg,2208710,2,0,NA
2208706_2,2022-10-07 11:24:14.951098,ACC,2208706.jpg,2208706,2,0,NA
2208704_2,2022-10-07 11:24:13.982430,ACC,2208704.jpg,2208704,2,0,NA
2208702_2,2022-10-07 11:24:13.247926,ACC,2208702.jpg,2208702,2,0,NA
2208701_2,2022-10-07 11:24:12.310430,ACC,2208701.jpg,2208701,2,0,NA
2208699_2,2022-10-07 11:24:11.451060,ACC,2208699.jpg,2208699,2,0,NA
2208696_2,2022-10-07 11:24:10.466690,ACC,2208696.jpg,2208696,2,0,NA
2208542_2,2022-10-07 11:24:09.482316,ACC,2208542.jpg,2208542,2,0,NA
2208541_2,2022-10-07 11:24:08.669961,ACC,2208541.jpg,2208541,2,0,NA
2208539_2,2022-10-07 11:24:07.841686,ACC,2208539.jpg,2208539,2,0,NA
2208530_2,2022-10-07 11:24:06.982281,ACC,2208530.jpg,2208530,2,0,NA
2208529_2,2022-10-07 11:24:06.623044,ACC,2208529.jpg,2208529,2,0,NA
2208528_2,2022-10-07 11:24:05.716699,ACC,2208528.jpg,2208528,2,0,NA
2208527_2,2022-10-07 11:24:04.732297,ACC,2208527.jpg,2208527,2,0,NA
2208526_2,2022-10-07 11:24:03.357325,ACC,2208526.jpg,2208526,2,0,NA
2208517_2,2022-10-07 11:24:02.154171,ACC,2208517.jpg,2208517,2,0,NA
2208516_2,2022-10-07 11:24:01.638520,ACC,2208516.jpg,2208516,2,0,NA
2208483_2,2022-10-07 11:24:01.201047,ACC,2208483.jpg,2208483,2,0,NA
2208476_2,2022-10-07 11:24:00.826030,ACC,2208476.jpg,2208476,2,0,NA
2208464_2,2022-10-07 11:24:00.435410,ACC,2208464.jpg,2208464,2,0,NA
2208460_2,2022-10-07 11:23:59.607264,ACC,2208460.jpg,2208460,2,0,NA
2208459_2,2022-10-07 11:23:58.826013,ACC,2208459.jpg,2208459,2,0,NA
2208458_2,2022-10-07 11:23:58.451010,ACC,2208458.jpg,2208458,2,0,NA
2208454_2,2022-10-07 11:23:57.966680,ACC,2208454.jpg,2208454,2,0,NA
2208435_2,2022-10-07 11:23:57.435388,ACC,2208435.jpg,2208435,2,0,NA
2208423_2,2022-10-07 11:23:56.951059,ACC,2208423.jpg,2208423,2,0,NA
2208410_2,2022-10-07 11:23:56.357260,ACC,2208410.jpg,2208410,2,0,NA
2208407_2,2022-10-07 11:23:55.872881,ACC,2208407.jpg,2208407,2,0,NA
2208356_2,2022-10-07 11:23:55.482253,ACC,2208356.jpg,2208356,2,0,NA
2208332_2,2022-10-07 11:23:55.013651,ACC,2208332.jpg,2208332,2,0,NA
2208327_2,2022-10-07 11:23:54.544782,ACC,2208327.jpg,2208327,2,0,NA
2208326_2,2022-10-07 11:23:53.497942,ACC,2208326.jpg,2208326,2,0,NA
2208306_2,2022-10-07 11:23:52.388521,ACC,2208306.jpg,2208306,2,0,NA
2208094_2,2022-10-07 11:23:51.326000,ACC,2208094.jpg,2208094,2,0,NA
2208060_2,2022-10-07 11:23:50.794765,ACC,2208060.jpg,2208060,2,0,NA
2208055_2,2022-10-07 11:23:49.872899,ACC,2208055.jpg,2208055,2,0,NA
2208054_2,2022-10-07 11:23:49.482357,ACC,2208054.jpg,2208054,2,0,NA
2207947_2,2022-10-07 11:23:48.747883,ACC,2207947.jpg,2207947,2,0,NA
2207873_2,2022-10-07 11:23:47.997871,ACC,2207873.jpg,2207873,2,0,NA
2207872_2,2022-10-07 11:23:47.013556,ACC,2207872.jpg,2207872,2,0,NA
2207868_2,2022-10-07 11:23:45.638510,ACC,2207868.jpg,2207868,2,0,NA
2207860_2,2022-10-07 11:23:44.701010,ACC,2207860.jpg,2207860,2,0,NA
2207750_2,2022-10-07 11:23:44.216603,ACC,2207750.jpg,2207750,2,0,NA
2207555_2,2022-10-07 11:23:43.325980,ACC,2207555.jpg,2207555,2,0,NA
2207554_2,2022-10-07 11:23:42.544741,ACC,2207554.jpg,2207554,2,0,NA
2207446_2,2022-10-07 11:23:42.201090,ACC,2207446.jpg,2207446,2,0,NA
2207428_2,2022-10-07 11:23:41.075972,ACC,2207428.jpg,2207428,2,0,NA
2207228_2,2022-10-07 11:23:40.607271,ACC,2207228.jpg,2207228,2,0,NA
2207034_2,2022-10-07 11:23:39.591598,ACC,2207034.jpg,2207034,2,0,NA
2206711_2,2022-10-07 11:23:39.122846,ACC,2206711.jpg,2206711,2,0,NA
2206710_2,2022-10-07 11:23:38.279127,ACC,2206710.jpg,2206710,2,0,NA
2206707_2,2022-10-07 11:23:37.185372,ACC,2206707.jpg,2206707,2,0,NA
2206705_2,2022-10-07 11:23:36.200994,ACC,2206705.jpg,2206705,2,0,NA
2206649_2,2022-10-07 11:23:35.060378,ACC,2206649.jpg,2206649,2,0,NA
2206526_2,2022-10-07 11:23:34.419760,ACC,2206526.jpg,2206526,2,0,NA
2206210_2,2022-10-07 11:23:33.482231,ACC,2206210.jpg,2206210,2,0,NA
2206209_2,2022-10-07 11:23:32.107222,ACC,2206209.jpg,2206209,2,0,NA
2206208_2,2022-10-07 11:23:31.482347,ACC,2206208.jpg,2206208,2,0,NA
2206206_2,2022-10-07 11:23:30.701134,ACC,2206206.jpg,2206206,2,0,NA
2206204_2,2022-10-07 11:23:30.263459,ACC,2206204.jpg,2206204,2,0,NA
2206198_2,2022-10-07 11:23:29.779094,ACC,2206198.jpg,2206198,2,0,NA
2206195_2,2022-10-07 11:23:29.404237,ACC,2206195.jpg,2206195,2,0,NA
2206194_2,2022-10-07 11:23:28.591587,ACC,2206194.jpg,2206194,2,0,NA
2206190_2,2022-10-07 11:23:28.154099,ACC,2206190.jpg,2206190,2,0,NA
2206184_2,2022-10-07 11:23:27.310334,ACC,2206184.jpg,2206184,2,0,NA
2206134_2,2022-10-07 11:23:26.560321,ACC,2206134.jpg,2206134,2,0,NA
2206040_2,2022-10-07 11:23:26.060373,ACC,2206040.jpg,2206040,2,0,NA
2205991_2,2022-10-07 11:23:25.732200,ACC,2205991.jpg,2205991,2,0,NA
2205989_2,2022-10-07 11:23:24.341593,ACC,2205989.jpg,2205989,2,0,NA
2205987_2,2022-10-07 11:23:23.154068,ACC,2205987.jpg,2205987,2,0,NA
2205727_2,2022-10-07 11:23:22.372808,ACC,2205727.jpg,2205727,2,0,NA
2205726_2,2022-10-07 11:23:21.950936,ACC,2205726.jpg,2205726,2,0,NA
2205723_2,2022-10-07 11:23:21.013432,ACC,2205723.jpg,2205723,2,0,NA
2205722_2,2022-10-07 11:23:19.060323,ACC,2205722.jpg,2205722,2,0,NA
2205720_2,2022-10-07 11:23:18.294699,ACC,2205720.jpg,2205720,2,0,NA
2205716_2,2022-10-07 11:23:17.654048,ACC,2205716.jpg,2205716,2,0,NA
2205715_2,2022-10-07 11:23:16.966734,ACC,2205715.jpg,2205715,2,0,NA
2205633_2,2022-10-07 11:23:16.122977,ACC,2205633.jpg,2205633,2,0,NA
2205628_2,2022-10-07 11:23:14.966544,ACC,2205628.jpg,2205628,2,0,NA
2205622_2,2022-10-07 11:23:14.216543,ACC,2205622.jpg,2205622,2,0,NA
2205617_2,2022-10-07 11:23:13.216749,ACC,2205617.jpg,2205617,2,0,NA
2205616_2,2022-10-07 11:23:12.388445,ACC,2205616.jpg,2205616,2,0,NA
2205611_2,2022-10-07 11:23:11.544808,ACC,2205611.jpg,2205611,2,0,NA
2205610_2,2022-10-07 11:23:10.685282,ACC,2205610.jpg,2205610,2,0,NA
2205607_2,2022-10-07 11:23:10.341538,ACC,2205607.jpg,2205607,2,0,NA
2205602_2,2022-10-07 11:23:09.935314,ACC,2205602.jpg,2205602,2,0,NA
2205601_2,2022-10-07 11:23:09.044673,ACC,2205601.jpg,2205601,2,0,NA
2205600_2,2022-10-07 11:23:08.404042,ACC,2205600.jpg,2205600,2,0,NA
2205598_2,2022-10-07 11:23:08.029028,ACC,2205598.jpg,2205598,2,0,NA
2205595_2,2022-10-07 11:23:07.404019,ACC,2205595.jpg,2205595,2,0,NA
2205594_2,2022-10-07 11:23:06.544650,ACC,2205594.jpg,2205594,2,0,NA
2205592_2,2022-10-07 11:23:06.200928,ACC,2205592.jpg,2205592,2,0,NA
2205591_2,2022-10-07 11:23:05.294639,ACC,2205591.jpg,2205591,2,0,NA
2205588_2,2022-10-07 11:23:04.669662,ACC,2205588.jpg,2205588,2,0,NA
2205567_2,2022-10-07 11:23:03.669771,ACC,2205567.jpg,2205567,2,0,NA
2205557_2,2022-10-07 11:23:02.482158,ACC,2205557.jpg,2205557,2,0,NA
2205555_2,2022-10-07 11:23:01.841657,ACC,2205555.jpg,2205555,2,0,NA
2205545_2,2022-10-07 11:23:01.187159,ACC,2205545.jpg,2205545,2,0,NA
2205544_2,2022-10-07 11:23:00.794648,ACC,2205544.jpg,2205544,2,0,NA
2205531_2,2022-10-07 11:22:59.310281,ACC,2205531.jpg,2205531,2,0,NA
2205507_2,2022-10-07 11:22:57.388390,ACC,2205507.jpg,2205507,2,0,NA
2205502_2,2022-10-07 11:22:56.872921,ACC,2205502.jpg,2205502,2,0,NA
2205489_2,2022-10-07 11:22:55.279624,ACC,2205489.jpg,2205489,2,0,NA
2205486_2,2022-10-07 11:22:54.560267,ACC,2205486.jpg,2205486,2,0,NA
2205427_2,2022-10-07 11:22:53.966531,ACC,2205427.jpg,2205427,2,0,NA
2205425_2,2022-10-07 11:22:53.169681,ACC,2205425.jpg,2205425,2,0,NA
2205423_2,2022-10-07 11:22:52.044617,ACC,2205423.jpg,2205423,2,0,NA
2205414_2,2022-10-07 11:22:51.497767,ACC,2205414.jpg,2205414,2,0,NA
2205413_2,2022-10-07 11:22:50.013744,ACC,2205413.jpg,2205413,2,0,NA
2205412_2,2022-10-07 11:22:49.591494,ACC,2205412.jpg,2205412,2,0,NA
2205411_2,2022-10-07 11:22:49.200880,ACC,2205411.jpg,2205411,2,0,NA
2205405_2,2022-10-07 11:22:48.716603,ACC,2205405.jpg,2205405,2,0,NA
2205403_2,2022-10-07 11:22:48.216508,ACC,2205403.jpg,2205403,2,0,NA
2205401_2,2022-10-07 11:22:47.638352,ACC,2205401.jpg,2205401,2,0,NA
2205400_2,2022-10-07 11:22:46.888483,ACC,2205400.jpg,2205400,2,0,NA
2205397_2,2022-10-07 11:22:45.794647,ACC,2205397.jpg,2205397,2,0,NA
2205393_2,2022-10-07 11:22:45.122726,ACC,2205393.jpg,2205393,2,0,NA
2205392_2,2022-10-07 11:22:44.232128,ACC,2205392.jpg,2205392,2,0,NA
2205387_2,2022-10-07 11:22:43.716472,ACC,2205387.jpg,2205387,2,0,NA
2205386_2,2022-10-07 11:22:43.419617,ACC,2205386.jpg,2205386,2,0,NA
2205385_2,2022-10-07 11:22:42.763507,ACC,2205385.jpg,2205385,2,0,NA
2205384_2,2022-10-07 11:22:41.857116,ACC,2205384.jpg,2205384,2,0,NA
2205382_2,2022-10-07 11:22:40.747902,ACC,2205382.jpg,2205382,2,0,NA
2205375_2,2022-10-07 11:22:39.888366,ACC,2205375.jpg,2205375,2,0,NA
2205373_2,2022-10-07 11:22:39.388540,ACC,2205373.jpg,2205373,2,0,NA
2205365_2,2022-10-07 11:22:37.028955,ACC,2205365.jpg,2205365,2,0,NA
2205364_2,2022-10-07 11:22:34.295105,ACC,2205364.jpg,2205364,2,0,NA
2205362_2,2022-10-07 11:22:33.294672,ACC,2205362.jpg,2205362,2,0,NA
2205361_2,2022-10-07 11:22:32.575842,ACC,2205361.jpg,2205361,2,0,NA
2205359_2,2022-10-07 11:22:31.857094,ACC,2205359.jpg,2205359,2,0,NA
2205357_2,2022-10-07 11:22:31.107366,ACC,2205357.jpg,2205357,2,0,NA
2205356_2,2022-10-07 11:22:30.372715,ACC,2205356.jpg,2205356,2,0,NA
2205355_2,2022-10-07 11:22:29.904016,ACC,2205355.jpg,2205355,2,0,NA
2205354_2,2022-10-07 11:22:28.732178,ACC,2205354.jpg,2205354,2,0,NA
2205351_2,2022-10-07 11:22:27.700843,ACC,2205351.jpg,2205351,2,0,NA
2205345_2,2022-10-07 11:22:26.325828,ACC,2205345.jpg,2205345,2,0,NA
2205344_2,2022-10-07 11:22:24.591537,ACC,2205344.jpg,2205344,2,0,NA
2205343_2,2022-10-07 11:22:23.685192,ACC,2205343.jpg,2205343,2,0,NA
2205338_2,2022-10-07 11:22:22.810185,ACC,2205338.jpg,2205338,2,0,NA
2205319_2,2022-10-07 11:22:22.060250,ACC,2205319.jpg,2205319,2,0,NA
2205318_2,2022-10-07 11:22:21.466463,ACC,2205318.jpg,2205318,2,0,NA
2205303_2,2022-10-07 11:22:20.763465,ACC,2205303.jpg,2205303,2,0,NA
2205255_2,2022-10-07 11:22:20.029048,ACC,2205255.jpg,2205255,2,0,NA
2205234_2,2022-10-07 11:22:19.653917,ACC,2205234.jpg,2205234,2,0,NA
2205226_2,2022-10-07 11:22:19.138300,ACC,2205226.jpg,2205226,2,0,NA
2205134_2,2022-10-07 11:22:18.763313,ACC,2205134.jpg,2205134,2,0,NA
2205100_2,2022-10-07 11:22:18.107095,ACC,2205100.jpg,2205100,2,0,NA
2205076_2,2022-10-07 11:22:17.357139,ACC,2205076.jpg,2205076,2,0,NA
2205066_2,2022-10-07 11:22:16.466419,ACC,2205066.jpg,2205066,2,0,NA
2205063_2,2022-10-07 11:22:15.560156,ACC,2205063.jpg,2205063,2,0,NA
2205061_2,2022-10-07 11:22:14.903929,ACC,2205061.jpg,2205061,2,0,NA
2204807_2,2022-10-07 11:22:14.075800,ACC,2204807.jpg,2204807,2,0,NA
2204730_2,2022-10-07 11:22:13.122653,ACC,2204730.jpg,2204730,2,0,NA
2204626_2,2022-10-07 11:22:11.997656,ACC,2204626.jpg,2204626,2,0,NA
2204582_2,2022-10-07 11:22:11.654004,ACC,2204582.jpg,2204582,2,0,NA
2204296_2,2022-10-07 11:22:10.794542,ACC,2204296.jpg,2204296,2,0,NA
2204292_2,2022-10-07 11:22:10.216430,ACC,2204292.jpg,2204292,2,0,NA
2204273_2,2022-10-07 11:22:09.060139,ACC,2204273.jpg,2204273,2,0,NA
2204032_2,2022-10-07 11:22:08.638302,ACC,2204032.jpg,2204032,2,0,NA
2203743_2,2022-10-07 11:22:07.810193,ACC,2203743.jpg,2203743,2,0,NA
2203742_2,2022-10-07 11:22:07.341421,ACC,2203742.jpg,2203742,2,0,NA
2203430_2,2022-10-07 11:22:06.841428,ACC,2203430.jpg,2203430,2,0,NA
2203038_2,2022-10-07 11:22:06.325980,ACC,2203038.jpg,2203038,2,0,NA
2202995_2,2022-10-07 11:22:05.966388,ACC,2202995.jpg,2202995,2,0,NA
2202816_2,2022-10-07 11:22:05.435333,ACC,2202816.jpg,2202816,2,0,NA
2201727_2,2022-10-07 11:22:04.341505,ACC,2201727.jpg,2201727,2,0,NA
2201525_2,2022-10-07 11:22:03.185169,ACC,2201525.jpg,2201525,2,0,NA
2201523_2,2022-10-07 11:22:02.669558,ACC,2201523.jpg,2201523,2,0,NA
2201083_2,2022-10-07 11:22:02.216639,ACC,2201083.jpg,2201083,2,0,NA
2201082_2,2022-10-07 11:22:01.232029,ACC,2201082.jpg,2201082,2,0,NA
2201081_2,2022-10-07 11:22:00.372637,ACC,2201081.jpg,2201081,2,0,NA
2215621_2,2022-10-07 10:36:04.177692,CLO,2215621.jpg,2215621,2,0,NA
2215709_2,2022-10-06 12:37:06.476224,CLO,2215709.jpg,2215709,2,0,NA
2215559_2,2022-10-06 12:36:17.929231,Ropa,2215559.jpg,2215559,2,0,ROPA
2215559_2,2022-10-06 12:36:17.929231,CLO,2215559.jpg,2215559,2,0,NA
2215598_2,2022-10-06 12:34:42.069643,CLO,2215598.jpg,2215598,2,0,NA
2215622_2,2022-10-06 12:34:14.241451,CLO,2215622.jpg,2215622,2,0,NA
2215620_2,2022-10-06 12:34:09.319586,CLO,2215620.jpg,2215620,2,0,NA
2215614_2,2022-10-06 12:33:56.944567,CLO,2215614.jpg,2215614,2,0,NA
2215453_2,2022-10-06 10:54:42.119203,CLO,2215453.png,2215453,2,0,NA
2215450_2,2022-10-06 10:54:24.879269,CLO,2215450.jpg,2215450,2,0,NA
2215437_2,2022-10-06 09:48:07.294522,CLO,2215437.png,2215437,2,0,NA
2215442_2,2022-10-06 09:47:10.901275,CLO,2215442.png,2215442,2,0,NA
2215440_2,2022-10-06 09:46:52.523704,CLO,2215440.png,2215440,2,0,NA
2215439_2,2022-10-06 09:46:35.288432,CLO,2215439.png,2215439,2,0,NA
2215435_2,2022-10-06 09:46:19.341186,CLO,2215435.png,2215435,2,0,NA
2215447_2,2022-10-06 09:42:39.433105,CLO,2215447.jpg,2215447,2,0,NA
2215444_2,2022-10-06 09:42:23.598534,CLO,2215444.jpg,2215444,2,0,NA
2215416_2,2022-10-06 09:41:28.900716,BEAUTY,2215416.jpg,2215416,2,0,NA
2215415_2,2022-10-06 09:40:59.978885,BEAUTY,2215415.jpg,2215415,2,0,NA
2215443_2,2022-10-06 09:40:55.270517,CLO,2215443.jpg,2215443,2,0,NA
2215414_2,2022-10-06 09:40:29.541200,BEAUTY,2215414.jpg,2215414,2,0,NA
2215551_2,2022-10-06 08:21:38.808637,Ropa,2215551.jfif,2215551,2,0,ROPA
2215551_2,2022-10-06 08:21:38.808637,CLO,2215551.jfif,2215551,2,0,NA
2215600_2,2022-10-06 08:18:47.323889,CLO,2215600.jfif,2215600,2,0,NA
0_2,2022-10-06 08:18:32.120892,CLO,221515.jfif,0,2,0,NA
0_2,2022-10-06 08:18:32.120892,CLO,221515.jpg,0,2,0,NA
2215616_2,2022-10-06 08:18:24.714499,CLO,2215616.jpg,2215616,2,0,NA
2215616_2,2022-10-06 08:18:24.714499,CLO,2215616.jfif,2215616,2,0,NA
2215519_2,2022-10-06 08:17:31.183098,CLO,2215519.jpg,2215519,2,0,NA
2215519_2,2022-10-06 08:17:31.183098,CLO,2215519.jfif,2215519,2,0,NA
2215515_2,2022-10-06 08:17:03.011157,CLO,2215515.jpg,2215515,2,0,NA
2215515_2,2022-10-06 08:17:03.011157,CLO,2215515.jfif,2215515,2,0,NA
2215575_2,2022-10-06 08:13:47.541882,CLO,2215575.jfif,2215575,2,0,NA
2215575_2,2022-10-06 08:13:47.541882,CLO,2215575.jpg,2215575,2,0,NA
2215575_2,2022-10-06 08:13:40.682389,CLO,2215575 (2).jfif,2215575,2,2,NA
2215576_2,2022-10-06 08:13:30.979114,CLO,2215576.jpg,2215576,2,0,NA
2215576_2,2022-10-06 08:13:30.979114,CLO,2215576.jfif,2215576,2,0,NA
2215572_2,2022-10-06 08:13:24.025889,CLO,2215572.jfif,2215572,2,0,NA
2215572_2,2022-10-06 08:13:24.025889,CLO,2215572.jpg,2215572,2,0,NA
2215564_2,2022-10-06 08:13:00.431796,CLO,2215564.jfif,2215564,2,0,NA
2215564_2,2022-10-06 08:13:00.431796,CLO,2215564.jpg,2215564,2,0,NA
2215548_2,2022-10-06 08:13:00.431796,CLO,2215548.jfif,2215548,2,0,NA
2215548_2,2022-10-06 08:13:00.431796,CLO,2215548.jpg,2215548,2,0,NA
2215533_2,2022-10-06 08:12:36.743904,CLO,2215533.jfif,2215533,2,0,NA
2215533_2,2022-10-06 08:12:36.743904,CLO,2215533.jpg,2215533,2,0,NA
2215529_2,2022-10-06 08:12:29.712550,CLO,2215529.jpg,2215529,2,0,NA
2215529_2,2022-10-06 08:12:29.712550,CLO,2215529.jfif,2215529,2,0,NA
2215530_2,2022-10-06 08:12:23.290588,CLO,2215530.jfif,2215530,2,0,NA
2215530_2,2022-10-06 08:12:23.290588,CLO,2215530.jpg,2215530,2,0,NA
2215531_2,2022-10-06 08:12:15.774975,CLO,2215531.jfif,2215531,2,0,NA
2215531_2,2022-10-06 08:12:15.774975,CLO,2215531.jpg,2215531,2,0,NA
2215619_2,2022-10-06 08:12:06.290332,CLO,2215619.jfif,2215619,2,0,NA
2215618_2,2022-10-05 19:13:40.584699,CLO,2215618.jpeg,2215618,2,0,NA
2215423_2,2022-10-05 17:57:44.396742,BEAUTY,2215423.JPG,2215423,2,0,NA
2215482_2,2022-10-05 17:52:37.444738,CLO,2215482.jpeg,2215482,2,0,NA
2215628_2,2022-10-05 17:51:02.764442,CLO,2215628.jpeg,2215628,2,0,NA
2215504_2,2022-10-05 17:49:38.040746,CLO,2215504.jpeg,2215504,2,0,NA
2215421_2,2022-10-05 17:49:37.457781,BEAUTY,2215421.JPG,2215421,2,0,NA
2215627_2,2022-10-05 17:46:40.800068,CLO,2215627.jpeg,2215627,2,0,NA
2215610_2,2022-10-05 17:42:55.544621,CLO,2215610.jpeg,2215610,2,0,NA
2215612_2,2022-10-05 17:42:48.658505,CLO,2215612.jpeg,2215612,2,0,NA
2215518_2,2022-10-05 17:39:51.714387,CLO,2215518.jpeg,2215518,2,0,NA
2215419_2,2022-10-05 17:39:42.736429,BEAUTY,2215419.JPG,2215419,2,0,NA
2215532_2,2022-10-05 17:39:42.537217,CLO,2215532.jpeg,2215532,2,0,NA
2215510_2,2022-10-05 17:39:38.014013,CLO,2215510.jpeg,2215510,2,0,NA
2215496_2,2022-10-05 17:33:19.732616,CLO,2215496.jpeg,2215496,2,0,NA
2215501_2,2022-10-05 17:33:04.198779,CLO,2215501.jpeg,2215501,2,0,NA
2215490_2,2022-10-05 17:32:36.946502,CLO,2215490.jpeg,2215490,2,0,NA
2215411_2,2022-10-05 12:59:06.462786,SHO,2215411.jpg,2215411,2,0,NA
2215409_2,2022-10-05 12:55:54.100146,SHO,2215409.jpg,2215409,2,0,NA
2215407_2,2022-10-05 12:53:24.474812,SHO,2215407.jpg,2215407,2,0,NA
2215405_2,2022-10-05 12:50:33.552559,SHO,2215405.jpg,2215405,2,0,NA
2215403_2,2022-10-05 12:46:49.598951,SHO,2215403.jpg,2215403,2,0,NA
2215402_2,2022-10-05 12:34:19.722245,SHO,2215402.jpg,2215402,2,0,NA
2215401_2,2022-10-05 12:31:56.300071,SHO,2215401.jpg,2215401,2,0,NA
2215400_2,2022-10-05 12:28:53.252923,SHO,2215400.jpg,2215400,2,0,NA
2215399_2,2022-10-05 12:26:29.971212,SHO,2215399.jpg,2215399,2,0,NA
2215398_2,2022-10-05 12:12:43.951129,SHO,2215398.jpg,2215398,2,0,NA
2215397_2,2022-10-05 12:10:03.917546,SHO,2215397.jpg,2215397,2,0,NA
2215396_2,2022-10-05 12:07:29.538899,SHO,2215396.jpg,2215396,2,0,NA
2215395_2,2022-10-05 12:05:01.314873,SHO,2215395.jpg,2215395,2,0,NA
2215394_2,2022-10-05 11:03:03.390810,SHO,2215394.jpg,2215394,2,0,NA
2215393_2,2022-10-05 10:59:20.444151,SHO,2215393.jpg,2215393,2,0,NA
2215392_2,2022-10-05 10:53:52.253668,SHO,2215392.jpg,2215392,2,0,NA
2207921_2,2022-10-05 10:37:57.444664,CLO,2207921.png,2207921,2,0,NA
2207832_2,2022-10-05 10:35:06.246439,CLO,2207832.png,2207832,2,0,NA
2207663_2,2022-10-05 10:32:52.981823,CLO,2207663.png,2207663,2,0,NA
2206366_2,2022-10-05 10:31:08.045863,CLO,2206366.png,2206366,2,0,NA
2205900_2,2022-10-05 10:28:39.420597,CLO,2205900.png,2205900,2,0,NA
2205795_2,2022-10-05 10:26:11.945956,CLO,2205795.png,2205795,2,0,NA
2203428_2,2022-10-05 10:21:13.843762,CLO,2203428.png,2203428,2,0,NA
2202450_2,2022-10-05 10:18:19.910554,CLO,2202450.png,2202450,2,0,NA
2201501_2,2022-10-05 10:14:16.901832,CLO,2201501.png,2201501,2,0,NA
2201431_2,2022-10-05 10:08:59.219061,CLO,2201431.png,2201431,2,0,NA
2203528_2,2022-10-04 15:40:07.127402,CLO,2203528.jpg,2203528,2,0,NA
2201578_2,2022-10-04 12:31:38.490911,CLO,2201578.jpg,2201578,2,0,NA
2212841_2,2022-10-04 12:30:32.913572,CLO,2212841.jpg,2212841,2,0,NA
2214526_2,2022-10-04 11:21:23.677347,CLO,2214526.png,2214526,2,0,NA
2214599_2,2022-10-03 17:34:30.782883,CLO,2214599.png,2214599,2,0,NA
2214596_2,2022-10-03 17:33:57.985904,CLO,2214596.jpg,2214596,2,0,NA
2214595_2,2022-10-03 17:33:22.329581,CLO,2214595.jpg,2214595,2,0,NA
2214591_2,2022-10-03 17:33:01.329535,CLO,2214591.jpg,2214591,2,0,NA
2214589_2,2022-10-03 17:32:39.564029,CLO,2214589.jpg,2214589,2,0,NA
2214588_2,2022-10-03 17:32:19.204430,CLO,2214588.jpg,2214588,2,0,NA
2213968_2,2022-10-03 17:31:27.688693,CLO,2213968.jpg,2213968,2,0,NA
2213940_2,2022-10-03 17:30:58.610524,CLO,2213940.png,2213940,2,0,NA
2213892_2,2022-10-03 17:30:20.204181,CLO,2213892.jpg,2213892,2,0,NA
2213838_2,2022-10-03 17:29:42.407216,CLO,2213838.jpg,2213838,2,0,NA
2213833_2,2022-10-03 17:29:09.782145,CLO,2213833.png,2213833,2,0,NA
2213826_2,2022-10-03 17:26:57.109981,CLO,2213826.png,2213826,2,0,NA
2111367_2,2022-10-03 17:23:34.765765,CLO,2111367.jpg,2111367,2,0,NA
2108986_2,2022-10-03 17:21:11.468579,CLO,2108986.jpg,2108986,2,0,NA
2108527_2,2022-10-03 17:20:25.280969,CLO,2108527.jpg,2108527,2,0,NA
2010919_2,2022-10-03 17:19:33.640226,CLO,2010919.jpg,2010919,2,0,NA
2010918_2,2022-10-03 17:18:22.515194,CLO,2010918.jpg,2010918,2,0,NA
2009463_2,2022-10-03 17:16:45.874259,CLO,2009463.jpg,2009463,2,0,NA
2009289_2,2022-10-03 17:15:50.342859,CLO,2009289.jpg,2009289,2,0,NA
2008090_2,2022-10-03 17:15:04.983394,CLO,2008090.jpg,2008090,2,0,NA
2007944_2,2022-10-03 17:14:18.873379,CLO,2007944.jpg,2007944,2,0,NA
2215308_2,2022-10-03 17:12:10.293278,CLO,2215308.jpg,2215308,2,0,NA
2215317_2,2022-10-03 17:12:02.388070,CLO,2215317.jpg,2215317,2,0,NA
2215305_2,2022-10-03 17:11:54.199309,CLO,2215305.jpg,2215305,2,0,NA
2215303_2,2022-10-03 17:11:45.074393,CLO,2215303.jpg,2215303,2,0,NA
2215301_2,2022-10-03 17:11:37.152159,CLO,2215301.jpg,2215301,2,0,NA
2215300_2,2022-10-03 17:11:26.261397,CLO,2215300.jpg,2215300,2,0,NA
2215089_2,2022-10-03 17:10:32.713709,CLO,2215089.jpg,2215089,2,0,NA
2214998_2,2022-10-03 17:03:05.382347,CLO,2214998.jpg,2214998,2,0,NA
2214997_2,2022-10-03 17:02:52.052742,CLO,2214997.jpg,2214997,2,0,NA
2213922_2,2022-10-03 16:51:40.431413,JEW,2213922.jpg,2213922,2,0,NA
2213920_2,2022-10-03 16:51:12.509499,JEW,2213920.jpg,2213920,2,0,NA
2213918_2,2022-10-03 16:50:55.493817,JEW,2213918.jpg,2213918,2,0,NA
2213916_2,2022-10-03 16:50:38.962682,JEW,2213916.jpg,2213916,2,0,NA
2213915_2,2022-10-03 16:50:20.618741,JEW,2213915.jpg,2213915,2,0,NA
2213912_2,2022-10-03 16:49:42.353071,JEW,2213912.jpg,2213912,2,0,NA
2213909_2,2022-10-03 16:48:55.884470,JEW,2213909.jpg,2213909,2,0,NA
2213906_2,2022-10-03 16:48:07.759062,JEW,2213906.jpg,2213906,2,0,NA
2213904_2,2022-10-03 16:47:47.681230,JEW,2213904.jpg,2213904,2,0,NA
2213903_2,2022-10-03 16:47:30.462121,JEW,2213903.jpg,2213903,2,0,NA
2213902_2,2022-10-03 16:47:15.837110,JEW,2213902.jpg,2213902,2,0,NA
2213900_2,2022-10-03 16:46:59.337875,JEW,2213900.jpg,2213900,2,0,NA
2213894_2,2022-10-03 16:46:37.430979,JEW,2213894.jpg,2213894,2,0,NA
2213814_2,2022-10-03 16:42:49.289616,JEW,2213814.jpg,2213814,2,0,NA
2213809_2,2022-10-03 16:42:22.414540,JEW,2213809.jpg,2213809,2,0,NA
2213808_2,2022-10-03 16:42:05.320910,JEW,2213808.jpg,2213808,2,0,NA
2213807_2,2022-10-03 16:41:49.227106,JEW,2213807.jpg,2213807,2,0,NA
2213805_2,2022-10-03 16:41:26.711306,JEW,2213805.jpg,2213805,2,0,NA
2213801_2,2022-10-03 16:41:07.961335,JEW,2213801.jpg,2213801,2,0,NA
2213799_2,2022-10-03 16:40:49.601832,JEW,2213799.jpg,2213799,2,0,NA
2213798_2,2022-10-03 16:40:13.196192,JEW,2213798.jpg,2213798,2,0,NA
2213797_2,2022-10-03 16:39:50.898717,JEW,2213797.jpg,2213797,2,0,NA
2108999_2,2022-10-03 16:32:20.716372,ACC,2108999.jpg,2108999,2,0,NA
2213453_2,2022-10-03 16:31:56.288139,JEW,2213453.jpg,2213453,2,0,NA
0_0,2022-10-03 16:20:34.536664,JEW,RNE1155.jpg,0,0,0,NA
0_0,2022-10-03 16:20:20.349081,JEW,RN11260.jpg,0,0,0,NA
0_0,2022-10-03 16:20:04.364669,JEW,RN111248.jpg,0,0,0,NA
2213445_2,2022-10-03 16:18:36.661295,JEW,2213445.jpg,2213445,2,0,NA
2213444_2,2022-10-03 16:18:24.739266,JEW,2213444.jpg,2213444,2,0,NA
2213443_2,2022-10-03 16:17:27.004396,JEW,2213443.jpg,2213443,2,0,NA
2213441_2,2022-10-03 16:14:24.690293,JEW,2213441.jpg,2213441,2,0,NA
2213440_2,2022-10-03 16:13:32.439716,JEW,2213440.jpg,2213440,2,0,NA
2213439_2,2022-10-03 16:12:40.548316,JEW,2213439.jpg,2213439,2,0,NA
2213438_2,2022-10-03 16:12:26.673257,JEW,2213438.jpg,2213438,2,0,NA
2213437_2,2022-10-03 16:12:14.032280,JEW,2213437.jpg,2213437,2,0,NA
2213436_2,2022-10-03 16:11:04.140616,JEW,2213436.jpg,2213436,2,0,NA
2213435_2,2022-10-03 16:10:51.640417,JEW,2213435.jpg,2213435,2,0,NA
2213434_2,2022-10-03 16:10:00.514639,JEW,2213434.jpg,2213434,2,0,NA
2213433_2,2022-10-03 16:09:48.545707,JEW,2213433.jpg,2213433,2,0,NA
2213432_2,2022-10-03 16:08:56.669912,JEW,2213432.jpg,2213432,2,0,NA
2213431_2,2022-10-03 16:08:40.153880,JEW,2213431.jpg,2213431,2,0,NA
2213430_2,2022-10-03 16:08:26.996952,JEW,2213430.jpg,2213430,2,0,NA
2213429_2,2022-10-03 16:06:53.680623,JEW,2213429.jpg,2213429,2,0,NA
2213428_2,2022-10-03 16:06:40.633233,JEW,2213428.jpg,2213428,2,0,NA
2213427_2,2022-10-03 16:06:27.523299,JEW,2213427.jpg,2213427,2,0,NA
2213426_2,2022-10-03 16:05:08.504485,JEW,2213426.jpg,2213426,2,0,NA
2213425_2,2022-10-03 16:04:57.378999,JEW,2213425.jpg,2213425,2,0,NA
2213424_2,2022-10-03 16:04:44.347210,JEW,2213424.jpg,2213424,2,0,NA
2213423_2,2022-10-03 16:03:32.905627,JEW,2213423.jpg,2213423,2,0,NA
2213422_2,2022-10-03 16:03:19.763826,JEW,2213422.jpg,2213422,2,0,NA
2213421_2,2022-10-03 16:03:07.012203,JEW,2213421.jpg,2213421,2,0,NA
2213420_2,2022-10-03 16:01:49.175906,JEW,2213420.jpg,2213420,2,0,NA
2213419_2,2022-10-03 16:01:33.752812,JEW,2213419.jpg,2213419,2,0,NA
2213418_2,2022-10-03 16:01:17.531996,JEW,2213418.jpg,2213418,2,0,NA
2213417_2,2022-10-03 16:00:07.571545,JEW,2213417.jpg,2213417,2,0,NA
2213416_2,2022-10-03 15:59:47.272547,JEW,2213416.jpg,2213416,2,0,NA
2213414_2,2022-10-03 15:58:53.954459,JEW,2213414.jpg,2213414,2,0,NA
2213412_2,2022-10-03 15:58:39.454286,JEW,2213412.jpg,2213412,2,0,NA
2213409_2,2022-10-03 15:57:46.344791,JEW,2213409.jpg,2213409,2,0,NA
2213407_2,2022-10-03 15:57:27.594976,JEW,2213407.jpg,2213407,2,0,NA
2213406_2,2022-10-03 15:56:27.110236,JEW,2213406.jpg,2213406,2,0,NA
2213399_2,2022-10-03 15:55:43.141380,JEW,2213399.jpg,2213399,2,0,NA
2213398_2,2022-10-03 15:55:09.781941,JEW,2213398.jpg,2213398,2,0,NA
2213396_2,2022-10-03 15:54:29.828766,JEW,2213396.jpg,2213396,2,0,NA
2213393_2,2022-10-03 15:53:45.156752,JEW,2213393.jpg,2213393,2,0,NA
2213392_2,2022-10-03 15:52:53.594128,JEW,2213392.jpg,2213392,2,0,NA
2213391_2,2022-10-03 15:52:13.390919,JEW,2213391.jpg,2213391,2,0,NA
2213329_2,2022-10-03 15:51:28.718932,JEW,2213329.jpg,2213329,2,0,NA
2213170_2,2022-10-03 15:50:17.625034,JEW,2213170.jpg,2213170,2,0,NA
2111021_2,2022-10-03 15:35:40.263680,JEW,2111021.jpg,2111021,2,0,NA
2111101_2,2022-10-03 15:26:10.043690,JEW,21111017.jpg,2111101,2,0,NA
2110305_2,2022-10-03 15:25:36.012363,JEW,2110305.jpg,2110305,2,0,NA
2110284_2,2022-10-03 15:23:40.105843,JEW,2110284.jpg,2110284,2,0,NA
2110283_2,2022-10-03 15:23:12.558913,JEW,2110283.jpg,2110283,2,0,NA
2110278_2,2022-10-03 15:22:42.715092,JEW,2110278.jpg,2110278,2,0,NA
2110253_2,2022-10-03 15:21:30.777529,JEW,2110253.jpg,2110253,2,0,NA
2110087_2,2022-10-03 15:18:37.823811,JEW,2110087.jpg,2110087,2,0,NA
2110183_2,2022-10-03 15:17:17.838748,JEW,2110183.jpg,2110183,2,0,NA
2110145_2,2022-10-03 15:16:58.807351,JEW,2110145.jpg,2110145,2,0,NA
2110140_2,2022-10-03 15:16:24.041400,JEW,2110140.jpg,2110140,2,0,NA
2110134_2,2022-10-03 15:16:05.697643,JEW,2110134.jpg,2110134,2,0,NA
2110071_2,2022-10-03 15:15:33.494339,JEW,2110071.jpg,2110071,2,0,NA
2110056_2,2022-10-03 15:15:10.665762,JEW,2110056.jpg,2110056,2,0,NA
2110055_2,2022-10-03 15:14:14.962148,JEW,2110055.jpg,2110055,2,0,NA
2110051_2,2022-10-03 15:13:31.992896,JEW,2110051.jpg,2110051,2,0,NA
2110044_2,2022-10-03 15:13:05.508131,JEW,2110044.jpg,2110044,2,0,NA
1907787_1,2022-10-03 15:08:54.348217,JEW,1907787.jpg,1907787,1,0,NA
1904374_1,2022-10-03 15:06:18.998029,JEW,1904374.jpg,1904374,1,0,NA
2214725_2,2022-10-03 15:04:34.915606,ACC,2214725.jpg,2214725,2,0,NA
2214693_2,2022-10-03 15:04:16.633681,ACC,2214693.jpg,2214693,2,0,NA
2213811_2,2022-10-03 15:00:28.750911,ACC,2213811.jpg,2213811,2,0,NA
2214647_2,2022-10-03 14:50:41.750121,ACC,2214647.jpg,2214647,2,0,NA
2111100_2,2022-10-03 14:50:41.703254,ACC,2111100.jpg,2111100,2,0,NA
2111102_2,2022-10-03 14:50:41.656388,ACC,2111102.jpg,2111102,2,0,NA
2211993_2,2022-10-03 14:15:21.421593,CLO,2211993.jpg,2211993,2,0,NA
2211991_2,2022-10-03 14:13:41.405590,CLO,2211991.jpg,2211991,2,0,NA
2211990_2,2022-10-03 14:13:22.155337,CLO,2211990.jpg,2211990,2,0,NA
2213812_2,2022-10-03 14:07:36.257485,ACC,2213812.jpg,2213812,2,0,NA
2213673_2,2022-10-03 14:06:36.833360,ACC,2213673.jpg,2213673,2,0,NA
2211407_2,2022-10-03 14:05:54.034527,ACC,2211407.jpg,2211407,2,0,NA
2211405_2,2022-10-03 14:03:29.949159,ACC,2211405.png,2211405,2,0,NA
2211406_2,2022-10-03 14:03:12.634840,ACC,2211406.jpg,2211406,2,0,NA
2211405_2,2022-10-03 14:01:54.501624,ACC,2211405.jpg,2211405,2,0,NA
2211404_2,2022-10-03 14:01:28.171001,ACC,2211404.jpg,2211404,2,0,NA
2211403_2,2022-10-03 14:01:04.418255,ACC,2211403.jpg,2211403,2,0,NA
2211402_2,2022-10-03 13:59:46.316572,ACC,2211402.png,2211402,2,0,NA
2211400_2,2022-10-03 13:58:50.904270,ACC,2211400.png,2211400,2,0,NA
1907634_1,2022-10-03 13:55:21.683563,JEW,1907634.jpg,1907634,1,0,NA
0_0,2022-09-30 17:58:13.514683,Ropa,SEMANA 39.csv,0,0,0,ROPA
2215306_2,2022-09-30 17:32:15.069383,SHO,2215306.jpg,2215306,2,0,NA
1604123_1,2022-09-30 16:39:43.700274,CLO,1604123.jpg,1604123,1,0,NA
2215296_2,2022-09-30 16:36:13.636700,CLO,2215296.jpg,2215296,2,0,NA
2215290_2,2022-09-30 16:18:14.431130,CLO,2215290.jpg,2215290,2,0,NA
2215289_2,2022-09-30 16:05:53.636272,CLO,2215289.jpg,2215289,2,0,NA
2215283_2,2022-09-30 15:45:27.425627,CLO,2215283.jpg,2215283,2,0,NA
2215282_2,2022-09-30 15:34:47.611546,CLO,2215282.jpg,2215282,2,0,NA
2215278_2,2022-09-30 15:14:25.904124,SHO,2215278.jpg,2215278,2,0,NA
2215273_2,2022-09-30 14:59:35.533970,SHO,2215273.jpg,2215273,2,0,NA
2215272_2,2022-09-30 14:53:08.651555,SHO,2215272.jpg,2215272,2,0,NA
2215271_2,2022-09-30 14:31:03.539225,SHO,2215271.jpg,2215271,2,0,NA
2215270_2,2022-09-30 14:30:44.554812,SHO,2215270.jpg,2215270,2,0,NA
2215269_2,2022-09-30 14:30:36.523673,SHO,2215269.jpg,2215269,2,0,NA
2215268_2,2022-09-30 14:30:26.586017,SHO,2215268.jpg,2215268,2,0,NA
2215267_2,2022-09-30 14:30:18.117250,SHO,2215267.jpg,2215267,2,0,NA
2215266_2,2022-09-30 14:30:10.304762,SHO,2215266.jpg,2215266,2,0,NA
2215265_2,2022-09-30 14:29:29.242137,SHO,2215265.jpg,2215265,2,0,NA
2215264_2,2022-09-30 14:25:50.585662,SHO,2215264.jpg,2215264,2,0,NA
2215260_2,2022-09-30 13:59:52.790385,CLO,2215260.jpg,2215260,2,0,NA
2215259_2,2022-09-30 12:12:13.226544,CLO,2215259.jpg,2215259,2,0,NA
2215239_2,2022-09-30 11:58:36.171205,SHO,2215239.jpg,2215239,2,0,NA
2215238_2,2022-09-30 11:58:29.061853,SHO,2215238.jpg,2215238,2,0,NA
2215237_2,2022-09-30 11:55:59.061490,SHO,2215237.jpg,2215237,2,0,NA
2215255_2,2022-09-30 11:55:51.670988,CLO,2215255.jpg,2215255,2,0,NA
2215258_2,2022-09-30 11:55:32.975787,CLO,2215258.jpg,2215258,2,0,NA
2215236_2,2022-09-30 11:55:29.092815,SHO,2215236.jpg,2215236,2,0,NA
2215234_2,2022-09-30 11:50:27.185747,SHO,2215234.jpg,2215234,2,0,NA
2215235_2,2022-09-30 11:50:19.248420,SHO,2215235.jpg,2215235,2,0,NA
2215233_2,2022-09-30 11:23:39.494672,SHO,2215233.jpg,2215233,2,0,NA
2215232_2,2022-09-30 11:20:42.681764,SHO,2215232.jpg,2215232,2,0,NA
2215231_2,2022-09-30 11:16:41.383512,SHO,2215231.jpg,2215231,2,0,NA
2215230_2,2022-09-30 11:07:08.326501,SHO,2215230.jpg,2215230,2,0,NA
2215229_2,2022-09-30 11:04:28.069947,SHO,2215229.jpg,2215229,2,0,NA
2215228_2,2022-09-30 11:00:19.593376,SHO,2215228.jpg,2215228,2,0,NA
2215226_2,2022-09-30 10:57:30.160144,SHO,2215226.jpg,2215226,2,0,NA
2215225_2,2022-09-30 10:52:30.237473,SHO,2215225.jpg,2215225,2,0,NA
2215224_2,2022-09-30 10:49:40.705830,SHO,2215224.jpg,2215224,2,0,NA
2215223_2,2022-09-30 10:47:10.268013,SHO,2215223.jpg,2215223,2,0,NA
2215221_2,2022-09-30 10:41:10.392190,SHO,2215221.jpg,2215221,2,0,NA
2215220_2,2022-09-30 10:37:36.985485,SHO,2215220.jpg,2215220,2,0,NA
2215219_2,2022-09-30 10:33:31.656801,SHO,2215219.jpg,2215219,2,0,NA
2215217_2,2022-09-30 10:17:01.622357,SHO,2215217.jpg,2215217,2,0,NA
2215216_2,2022-09-30 10:13:54.104700,SHO,2215216.jpg,2215216,2,0,NA
2215216_2,2022-09-30 10:13:41.369981,SHO,2215216.png,2215216,2,0,NA
2215214_2,2022-09-30 10:09:19.865335,SHO,2215214.jpg,2215214,2,0,NA
2215194_2,2022-09-29 17:51:08.053774,CLO,2215194.jpeg,2215194,2,0,NA
2215192_2,2022-09-29 17:49:56.505632,CLO,2215192.PNG,2215192,2,0,NA
2215245_2,2022-09-29 16:57:00.421080,CLO,2215245.jpeg,2215245,2,0,NA
2215243_2,2022-09-29 16:56:57.311573,CLO,2215243.jpeg,2215243,2,0,NA
2215316_2,2022-09-29 16:30:30.648582,CLO,2215316.jpeg,2215316,2,0,NA
2215246_2,2022-09-29 16:30:17.865405,CLO,2215246.jpeg,2215246,2,0,NA
2215189_2,2022-09-29 15:44:45.604961,CLO,2215189.jpeg,2215189,2,0,NA
2215287_2,2022-09-29 15:44:14.175766,CLO,2215287.jpg,2215287,2,0,NA
2215287_2,2022-09-29 15:44:14.175766,CLO,2215287.jfif,2215287,2,0,NA
2215279_2,2022-09-29 15:44:08.644658,CLO,2215279.jfif,2215279,2,0,NA
2215280_2,2022-09-29 15:43:47.097555,CLO,2215280.jfif,2215280,2,0,NA
2215288_2,2022-09-29 15:43:43.769520,CLO,2215288.jfif,2215288,2,0,NA
2215288_2,2022-09-29 15:43:43.769520,CLO,2215288.jpg,2215288,2,0,NA
2215286_2,2022-09-29 15:43:33.191275,CLO,2215286.jfif,2215286,2,0,NA
2215286_2,2022-09-29 15:43:33.191275,CLO,2215286.jpg,2215286,2,0,NA
2215249_2,2022-09-29 15:38:59.909385,CLO,2215249.jpg,2215249,2,0,NA
2215249_2,2022-09-29 15:38:59.909385,CLO,2215249.jfif,2215249,2,0,NA
2215247_2,2022-09-29 15:38:54.034382,CLO,2215247.jpg,2215247,2,0,NA
2215247_2,2022-09-29 15:38:54.034382,CLO,2215247.jfif,2215247,2,0,NA
2215099_2,2022-09-29 15:38:45.596869,CLO,2215099.jfif,2215099,2,0,NA
2215099_2,2022-09-29 15:38:45.596869,CLO,2215099.jpg,2215099,2,0,NA
2215191_2,2022-09-29 15:38:29.237568,CLO,2215191.jfif,2215191,2,0,NA
2215298_2,2022-09-29 15:38:13.159298,CLO,2215298.jpg,2215298,2,0,NA
2215298_2,2022-09-29 15:38:13.159298,CLO,2215298.jfif,2215298,2,0,NA
2215292_2,2022-09-29 15:37:16.846763,CLO,2215292.jpg,2215292,2,0,NA
2215292_2,2022-09-29 15:37:16.846763,CLO,2215292.jfif,2215292,2,0,NA
2215285_2,2022-09-29 15:36:34.081272,CLO,2215285.jfif,2215285,2,0,NA
2215285_2,2022-09-29 15:36:34.081272,CLO,2215285.jpg,2215285,2,0,NA
2215326_2,2022-09-29 15:36:26.877815,CLO,2215326.jfif,2215326,2,0,NA
2215326_2,2022-09-29 15:36:26.877815,CLO,2215326.jpg,2215326,2,0,NA
2215281_2,2022-09-29 15:36:06.222038,CLO,2215281.jfif,2215281,2,0,NA
2215277_2,2022-09-29 15:35:29.377659,CLO,2215277.jfif,2215277,2,0,NA
2215190_2,2022-09-29 15:35:13.455993,CLO,2215190.jfif,2215190,2,0,NA
2215323_2,2022-09-29 15:34:56.549502,CLO,2215323.jpg,2215323,2,0,NA
2215323_2,2022-09-29 15:34:56.549502,CLO,2215323.jfif,2215323,2,0,NA
2215322_2,2022-09-29 15:34:48.408963,CLO,2215322.jfif,2215322,2,0,NA
2215322_2,2022-09-29 15:34:48.408963,CLO,2215322.jpg,2215322,2,0,NA
2215321_2,2022-09-29 15:34:40.752566,CLO,2215321.jfif,2215321,2,0,NA
2215321_2,2022-09-29 15:34:40.752566,CLO,2215321.jpg,2215321,2,0,NA
2215187_2,2022-09-29 12:22:54.342215,CLO,2215187.jpeg,2215187,2,0,NA
2211585_2,2022-09-29 11:53:47.000000,CLO,2211585.png,2211585,2,0,NA
2211583_2,2022-09-29 11:53:46.000000,CLO,2211583.png,2211583,2,0,NA
2215325_2,2022-09-29 10:59:38.099983,CLO,2215325.jpg,2215325,2,0,NA
2215263_2,2022-09-29 10:37:04.167279,CLO,2215263.jpg,2215263,2,0,NA
2215262_2,2022-09-29 10:36:47.683008,CLO,2215262.jpg,2215262,2,0,NA
2215261_2,2022-09-29 10:36:29.826317,CLO,2215261.jpg,2215261,2,0,NA
2215267_2,2022-09-29 08:37:53.621895,CLO,2215267.jpg,2215267,2,0,NA
2215227_2,2022-09-29 08:30:20.652157,CLO,2215227.jpg,2215227,2,0,NA
2215324_2,2022-09-28 18:41:09.732406,CLO,2215324.jpg,2215324,2,0,NA
2215318_2,2022-09-28 18:39:22.169657,CLO,2215318.jpg,2215318,2,0,NA
0_0,2022-09-28 14:00:44.000000,IT\AV\Bitdefender paquete normal,epskit_x64.exe,0,0,0,NA
0_0,2022-09-28 14:00:44.000000,IT\AV\Bitdefender paquete PDV,epskit_x64.exe,0,0,0,NA
0_0,2022-09-28 14:00:44.000000,IT\Instalacion\Bitdefender paquete normal,epskit_x64.exe,0,0,0,NA
2215248_2,2022-09-28 10:04:38.883292,CLO,2215248.JPG,2215248,2,0,NA
2215320_2,2022-09-27 14:46:36.301543,CLO,2215320.jpg,2215320,2,0,NA
2211651_2,2022-09-26 17:41:57.000000,CLO,2211651.jpg,2211651,2,0,NA
2213218_2,2022-09-26 13:30:06.741236,CLO,2213218.webp,2213218,2,0,NA
2212267_2,2022-09-23 20:59:05.000000,CLO,2212267.jpeg,2212267,2,0,NA
2212426_2,2022-09-23 20:57:10.000000,CLO,2212426.PNG,2212426,2,0,NA
2212397_2,2022-09-23 20:57:09.000000,CLO,2212397.jpg,2212397,2,0,NA
2212283_2,2022-09-23 20:57:09.000000,CLO,2212283.jpeg,2212283,2,0,NA
2212364_2,2022-09-23 20:57:09.000000,CLO,2212364.jpeg,2212364,2,0,NA
2212147_2,2022-09-23 20:57:07.000000,CLO,2212147.JPG,2212147,2,0,NA
2212095_2,2022-09-23 20:57:07.000000,CLO,2212095.jpg,2212095,2,0,NA
2212067_2,2022-09-23 20:57:05.000000,CLO,2212067.jpg,2212067,2,0,NA
2212064_2,2022-09-23 20:57:05.000000,CLO,2212064.jpg,2212064,2,0,NA
2212053_2,2022-09-23 20:57:04.000000,CLO,2212053.jpg,2212053,2,0,NA
2212051_2,2022-09-23 20:57:04.000000,CLO,2212051.jpg,2212051,2,0,NA
2212051_2,2022-09-23 20:57:04.000000,CLO,2212051.png,2212051,2,0,NA
2212049_2,2022-09-23 20:57:03.000000,CLO,2212049.png,2212049,2,0,NA
2212046_2,2022-09-23 20:57:03.000000,CLO,2212046.jpg,2212046,2,0,NA
2212049_2,2022-09-23 20:57:03.000000,CLO,2212049.jpg,2212049,2,0,NA
2212037_2,2022-09-23 20:57:02.000000,CLO,2212037.jpg,2212037,2,0,NA
2212014_2,2022-09-23 20:57:01.000000,CLO,2212014.jpg,2212014,2,0,NA
2212012_2,2022-09-23 20:57:01.000000,CLO,2212012.jpg,2212012,2,0,NA
2211995_2,2022-09-23 20:57:01.000000,CLO,2211995.jpg,2211995,2,0,NA
2211927_2,2022-09-23 20:56:59.000000,CLO,2211927.png,2211927,2,0,NA
2211927_2,2022-09-23 20:56:59.000000,CLO,2211927.jpg,2211927,2,0,NA
2211979_2,2022-09-23 20:56:59.000000,CLO,2211979.jpg,2211979,2,0,NA
2211809_2,2022-09-23 20:56:56.000000,CLO,2211809.jpg,2211809,2,0,NA
2211808_2,2022-09-23 20:56:53.000000,CLO,2211808.jpg,2211808,2,0,NA
2211807_2,2022-09-23 20:56:52.000000,CLO,2211807.png,2211807,2,0,NA
2211802_2,2022-09-23 20:56:52.000000,CLO,2211802.jpg,2211802,2,0,NA
2211725_2,2022-09-23 20:56:50.000000,CLO,2211725.jpg,2211725,2,0,NA
2211365_2,2022-09-23 20:56:43.000000,CLO,2211365.jpg,2211365,2,0,NA
2211384_2,2022-09-23 20:56:43.000000,CLO,2211384.jpg,2211384,2,0,NA
2211317_2,2022-09-23 20:56:41.000000,CLO,2211317.jpg,2211317,2,0,NA
2211007_2,2022-09-23 20:56:39.000000,CLO,2211007.jpeg,2211007,2,0,NA
2211283_2,2022-09-23 20:56:39.000000,CLO,2211283.PNG,2211283,2,0,NA
2210701_2,2022-09-23 20:56:34.000000,CLO,2210701.jpeg,2210701,2,0,NA
2209152_2,2022-09-23 20:56:32.000000,CLO,2209152.jpg,2209152,2,0,NA
2209212_2,2022-09-23 20:56:32.000000,CLO,2209212.jpg,2209212,2,0,NA
2208772_2,2022-09-23 20:56:30.000000,CLO,2208772.jpg,2208772,2,0,NA
2207035_2,2022-09-23 20:56:07.000000,CLO,2207035.png,2207035,2,0,NA
2110384_2,2022-09-23 20:55:38.000000,CLO,2110384.jpg,2110384,2,0,NA
2215052_2,2022-09-23 12:48:42.938776,CLO,2215052.jpeg,2215052,2,0,NA
2215019_2,2022-09-23 12:33:43.942900,CLO,2215019.jpeg,2215019,2,0,NA
2214953_2,2022-09-23 10:28:28.726283,CLO,2214953.jpg,2214953,2,0,NA
2214950_2,2022-09-23 10:28:15.319976,CLO,2214950.jpg,2214950,2,0,NA
2214846_2,2022-09-23 10:28:02.773206,CLO,2214846.jpg,2214846,2,0,NA
2214955_2,2022-09-23 10:27:48.054304,CLO,2214955.jpg,2214955,2,0,NA
2214954_2,2022-09-23 10:27:34.241918,CLO,2214954.jpg,2214954,2,0,NA
2214791_2,2022-09-23 10:27:19.538609,CLO,2214791.jpg,2214791,2,0,NA
2214787_2,2022-09-23 10:24:41.835145,CLO,2214787.jpg,2214787,2,0,NA
2214783_2,2022-09-23 10:24:26.788233,CLO,2214783.jpg,2214783,2,0,NA
2214756_2,2022-09-23 10:23:49.194400,CLO,2214756.jpg,2214756,2,0,NA
2214755_2,2022-09-23 10:23:33.069359,CLO,2214755.jpg,2214755,2,0,NA
2214780_2,2022-09-23 10:23:09.288230,CLO,2214780.jpg,2214780,2,0,NA
2214804_2,2022-09-23 10:22:57.397401,CLO,2214804.jpg,2214804,2,0,NA
2214814_2,2022-09-23 10:22:46.303740,CLO,2214814.jpg,2214814,2,0,NA
2214779_2,2022-09-23 10:22:30.616088,CLO,2214779.jpg,2214779,2,0,NA
2214776_2,2022-09-23 10:17:30.349355,CLO,2214776.jpg,2214776,2,0,NA
2214754_2,2022-09-23 10:17:18.021134,CLO,2214754.jpg,2214754,2,0,NA
2214812_2,2022-09-23 10:17:03.567896,CLO,2214812.jpg,2214812,2,0,NA
2214800_2,2022-09-23 10:16:51.458387,CLO,2214800.jpg,2214800,2,0,NA
2214753_2,2022-09-23 10:16:27.599039,CLO,2214753.jpg,2214753,2,0,NA
2214751_2,2022-09-23 10:16:16.583081,CLO,2214751.jpg,2214751,2,0,NA
2214816_2,2022-09-23 10:16:01.239206,CLO,2214816.jpg,2214816,2,0,NA
2214749_2,2022-09-23 10:15:48.285958,CLO,2214749.jpg,2214749,2,0,NA
2214747_2,2022-09-23 10:15:32.582696,CLO,2214747.jpg,2214747,2,0,NA
2214744_2,2022-09-23 10:15:18.254437,CLO,2214744.jpg,2214744,2,0,NA
2214742_2,2022-09-23 10:14:48.301073,CLO,2214742.jpg,2214742,2,0,NA
1040111_1,2022-09-23 10:14:37.113478,CLO,1040111.jpg,1040111,1,0,NA
2214741_2,2022-09-23 10:14:24.972766,CLO,2214741.jpg,2214741,2,0,NA
2214758_2,2022-09-23 10:10:29.938583,CLO,2214758.jpg,2214758,2,0,NA
2214738_2,2022-09-23 10:10:15.750603,CLO,2214738.jpg,2214738,2,0,NA
2214797_2,2022-09-23 10:07:34.480754,CLO,2214797.jpg,2214797,2,0,NA
2214795_2,2022-09-23 10:06:41.650486,CLO,2214795.jpg,2214795,2,0,NA
2214792_2,2022-09-23 10:05:56.851755,CLO,2214792.jpg,2214792,2,0,NA
2214990_2,2022-09-23 09:21:13.634241,CLO,2214990.jpg,2214990,2,0,NA
2214988_2,2022-09-23 09:20:55.618495,CLO,2214988.jpg,2214988,2,0,NA
2215025_2,2022-09-22 20:12:33.541838,CLO,2215025.jpeg,2215025,2,0,NA
2215096_2,2022-09-22 16:37:37.189454,CLO,2215096.jpeg,2215096,2,0,NA
2215043_2,2022-09-22 16:35:53.065194,CLO,2215043.jpeg,2215043,2,0,NA
2215044_2,2022-09-22 16:34:38.804913,CLO,2215044.jpeg,2215044,2,0,NA
2215031_2,2022-09-22 16:33:33.838748,CLO,2215031.jpeg,2215031,2,0,NA
2215051_2,2022-09-22 16:31:15.134022,CLO,2215051.jpeg,2215051,2,0,NA
2215021_2,2022-09-22 16:31:08.850978,CLO,2215021.jpeg,2215021,2,0,NA
2215015_2,2022-09-22 16:30:59.200672,CLO,2215015.jpeg,2215015,2,0,NA
2215013_2,2022-09-22 16:30:44.125334,CLO,2215013.jpeg,2215013,2,0,NA
2215095_2,2022-09-22 16:30:23.155844,CLO,2215095.jpeg,2215095,2,0,NA
2215098_2,2022-09-22 16:30:13.871056,CLO,2215098.jpeg,2215098,2,0,NA
2215053_2,2022-09-22 16:30:10.811533,CLO,2215053.jpeg,2215053,2,0,NA
2215041_2,2022-09-22 16:30:04.049645,CLO,2215041.jpeg,2215041,2,0,NA
2215039_2,2022-09-22 16:29:57.956074,CLO,2215039.jpeg,2215039,2,0,NA
2215042_2,2022-09-22 16:29:54.798288,CLO,2215042.jpeg,2215042,2,0,NA
2215097_2,2022-09-22 16:29:51.673439,CLO,2215097.jpeg,2215097,2,0,NA
2214978_2,2022-09-22 14:36:06.476992,CLO,2214978.jpg,2214978,2,0,NA
2214977_2,2022-09-22 14:34:28.004487,CLO,2214977.png,2214977,2,0,NA
2214976_2,2022-09-22 14:34:06.688347,CLO,2214976.png,2214976,2,0,NA
2214975_2,2022-09-22 14:33:51.245350,CLO,2214975.png,2214975,2,0,NA
2214974_2,2022-09-22 14:33:37.650432,CLO,2214974.png,2214974,2,0,NA
2214973_2,2022-09-22 14:33:22.359328,CLO,2214973.png,2214973,2,0,NA
2214972_2,2022-09-22 14:33:01.348982,CLO,2214972.jpg,2214972,2,0,NA
2214971_2,2022-09-22 14:32:51.537225,CLO,2214971.jpg,2214971,2,0,NA
2214969_2,2022-09-22 14:32:38.384536,CLO,2214969.jpg,2214969,2,0,NA
2215004_2,2022-09-22 11:58:48.271204,CLO,2215004.jpg,2215004,2,0,NA
2215006_2,2022-09-22 11:58:17.284133,CLO,2215006.jpg,2215006,2,0,NA
2215011_2,2022-09-22 10:25:22.489156,CLO,2215011.jpg,2215011,2,0,NA
2215012_2,2022-09-22 10:23:48.863930,CLO,2215012.jpg,2215012,2,0,NA
2212546_2,2022-09-21 16:21:59.000000,CLO,2212546.jpg,2212546,2,0,NA
2214944_2,2022-09-21 13:53:11.470950,ACC,2214944.jpeg,2214944,2,0,NA
2214943_2,2022-09-21 13:51:05.882180,ACC,2214943.jpeg,2214943,2,0,NA
2214942_2,2022-09-21 13:48:38.427647,ACC,2214942.jpeg,2214942,2,0,NA
2214941_2,2022-09-21 13:44:16.848927,ACC,2214941.jpeg,2214941,2,0,NA
2214940_2,2022-09-21 13:41:46.693008,ACC,2214940.jpeg,2214940,2,0,NA
2214939_2,2022-09-21 13:39:26.340325,ACC,2214939.jpeg,2214939,2,0,NA
2214937_2,2022-09-21 13:34:17.379027,ACC,2214937.jpeg,2214937,2,0,NA
2214938_2,2022-09-21 13:33:34.143339,ACC,2214938.jpeg,2214938,2,0,NA
2215033_2,2022-09-21 13:25:42.359272,CLO,2215033.jpg,2215033,2,0,NA
2215035_2,2022-09-21 13:25:24.796682,CLO,2215035.jpg,2215035,2,0,NA
2214936_2,2022-09-21 13:05:28.395699,ACC,2214936.jpeg,2214936,2,0,NA
2214935_2,2022-09-21 13:02:45.821535,ACC,2214935.jpeg,2214935,2,0,NA
2211986_2,2022-09-21 12:57:20.000000,CLO,2211986.jpg,2211986,2,0,NA
2211989_2,2022-09-21 12:53:38.000000,CLO,2211989.jpg,2211989,2,0,NA
2214933_2,2022-09-21 12:36:49.596300,ACC,2214933.jpeg,2214933,2,0,NA
2214931_2,2022-09-21 12:33:15.965692,ACC,2214931.jpeg,2214931,2,0,NA
2214926_2,2022-09-21 12:19:34.273479,ACC,2214926.jpeg,2214926,2,0,NA
2214927_2,2022-09-21 12:17:48.366647,ACC,2214927.jpeg,2214927,2,0,NA
2214928_2,2022-09-21 12:14:32.488906,ACC,2214928.jpeg,2214928,2,0,NA
2214916_2,2022-09-21 11:12:02.865491,ACC,2214916.jpeg,2214916,2,0,NA
2214918_2,2022-09-21 11:12:02.865491,ACC,2214918.jpeg,2214918,2,0,NA
2211987_2,2022-09-21 10:43:48.000000,CLO,2211987.jpeg,2211987,2,0,NA
2214991_2,2022-09-21 10:33:45.113495,CLO,2214991.JPG,2214991,2,0,NA
0_0,2022-09-21 10:31:23.320879,Print,readerdc64_es_ka_cra_mdr_install.exe,0,0,0,NA
2214898_2,2022-09-21 10:12:02.716886,ACC,2214898.jpg,2214898,2,0,NA
2214895_2,2022-09-21 10:11:52.169797,ACC,2214895.jpg,2214895,2,0,NA
2214893_2,2022-09-21 10:11:25.731853,ACC,2214893.jpg,2214893,2,0,NA
2214888_2,2022-09-21 10:11:14.278658,ACC,2214888.png,2214888,2,0,NA
2214885_2,2022-09-21 10:11:02.357063,ACC,2214885.png,2214885,2,0,NA
2214883_2,2022-09-21 10:10:51.153183,ACC,2214883.png,2214883,2,0,NA
2214881_2,2022-09-21 10:10:39.309288,ACC,2214881.png,2214881,2,0,NA
2214878_2,2022-09-21 10:10:29.418597,ACC,2214878.png,2214878,2,0,NA
2214876_2,2022-09-21 10:10:19.324607,ACC,2214876.png,2214876,2,0,NA
2214874_2,2022-09-21 10:10:08.261918,ACC,2214874.png,2214874,2,0,NA
2214872_2,2022-09-21 10:09:48.886621,ACC,2214872.png,2214872,2,0,NA
2214871_2,2022-09-21 10:09:36.948922,ACC,2214871.jpg,2214871,2,0,NA
2214868_2,2022-09-21 10:09:10.354797,ACC,2214868.jpg,2214868,2,0,NA
2214864_2,2022-09-21 10:08:58.620504,ACC,2214864.jpg,2214864,2,0,NA
2214863_2,2022-09-21 10:08:47.213792,ACC,2214863.jpg,2214863,2,0,NA
2214860_2,2022-09-21 10:08:34.260431,ACC,2214860.jpg,2214860,2,0,NA
2214859_2,2022-09-21 10:08:23.447459,ACC,2214859.jpg,2214859,2,0,NA
2214858_2,2022-09-21 10:08:13.290814,ACC,2214858.jpg,2214858,2,0,NA
2214856_2,2022-09-21 10:08:02.790431,ACC,2214856.jpg,2214856,2,0,NA
2214855_2,2022-09-21 10:07:52.289955,ACC,2214855.jpg,2214855,2,0,NA
2214854_2,2022-09-21 10:07:42.445992,ACC,2214854.jpg,2214854,2,0,NA
2214853_2,2022-09-21 10:07:30.132788,ACC,2214853.jpg,2214853,2,0,NA
2214852_2,2022-09-21 10:07:17.007505,ACC,2214852.jpg,2214852,2,0,NA
2214851_2,2022-09-21 10:06:48.131355,ACC,2214851.jpg,2214851,2,0,NA
2214850_2,2022-09-21 10:06:33.130463,ACC,2214850.jpg,2214850,2,0,NA
2214849_2,2022-09-21 10:06:19.020729,ACC,2214849.jpg,2214849,2,0,NA
2214848_2,2022-09-21 10:05:50.472700,ACC,2214848.jpg,2214848,2,0,NA
2214847_2,2022-09-21 10:05:36.987520,ACC,2214847.jpg,2214847,2,0,NA
2214992_2,2022-09-21 08:13:57.792127,CLO,2214992.jpg,2214992,2,0,NA
2215000_2,2022-09-21 08:13:26.198067,CLO,2215000.jpg,2215000,2,0,NA
2214984_2,2022-09-21 08:08:37.412462,CLO,2214984.jpg,2214984,2,0,NA
2214982_2,2022-09-21 08:08:30.662301,CLO,2214982.jpg,2214982,2,0,NA
2214983_2,2022-09-21 08:08:24.505648,CLO,2214983.jpg,2214983,2,0,NA
2214981_2,2022-09-21 08:08:17.771009,CLO,2214981.jpg,2214981,2,0,NA
2214980_2,2022-09-21 08:08:11.458254,CLO,2214980.jpg,2214980,2,0,NA
2214986_2,2022-09-21 08:08:05.067356,CLO,2214986.jpg,2214986,2,0,NA
2214985_2,2022-09-21 08:07:59.067119,CLO,2214985.jpg,2214985,2,0,NA
2214987_2,2022-09-21 08:07:53.504365,CLO,2214987.jpg,2214987,2,0,NA
2214979_2,2022-09-21 08:07:41.394502,CLO,2214979.jpg,2214979,2,0,NA
2214912_2,2022-09-20 14:41:45.244946,ACC,2214912.jpg,2214912,2,0,NA
2214911_2,2022-09-20 14:33:50.993742,ACC,2214911.jpg,2214911,2,0,NA
2214910_2,2022-09-20 14:28:16.118173,ACC,2214910.jpg,2214910,2,0,NA
2214909_2,2022-09-20 14:25:12.383205,ACC,2214909.jpg,2214909,2,0,NA
2214908_2,2022-09-20 14:14:18.739435,ACC,2214908.png,2214908,2,0,NA
2214907_2,2022-09-20 14:02:55.983630,ACC,2214907.jpg,2214907,2,0,NA
2214906_2,2022-09-20 13:56:47.784372,ACC,2214906.jpg,2214906,2,0,NA
2214905_2,2022-09-20 13:52:06.377488,ACC,2214905.jpg,2214905,2,0,NA
2214904_2,2022-09-20 13:48:44.564554,ACC,2214904.jpg,2214904,2,0,NA
2214901_2,2022-09-20 13:32:41.531142,ACC,2214901.jpg,2214901,2,0,NA
2214899_2,2022-09-20 13:27:45.280487,ACC,2214899.jpg,2214899,2,0,NA
2214897_2,2022-09-20 13:11:52.900075,ACC,2214897.jpg,2214897,2,0,NA
2214894_2,2022-09-20 13:09:33.741790,ACC,2214894.jpg,2214894,2,0,NA
2214892_2,2022-09-20 13:07:06.674660,ACC,2214892.jpg,2214892,2,0,NA
2214891_2,2022-09-20 13:03:41.150617,ACC,2214891.jpg,2214891,2,0,NA
2214890_2,2022-09-20 12:59:16.920139,ACC,2214890.jpg,2214890,2,0,NA
2214887_2,2022-09-20 12:49:44.180550,ACC,2214887.jpg,2214887,2,0,NA
2214884_2,2022-09-20 12:47:07.117504,ACC,2214884.jpg,2214884,2,0,NA
2214882_2,2022-09-20 12:44:18.554627,ACC,2214882.jpg,2214882,2,0,NA
2214880_2,2022-09-20 12:41:17.694849,ACC,2214880.jpg,2214880,2,0,NA
2214877_2,2022-09-20 12:36:36.287956,ACC,2214877.jpg,2214877,2,0,NA
2214875_2,2022-09-20 12:34:13.694117,ACC,2214875.jpg,2214875,2,0,NA
2214873_2,2022-09-20 12:30:05.974611,ACC,2214873.jpg,2214873,2,0,NA
2214869_2,2022-09-20 12:25:24.239581,ACC,2214869.jpg,2214869,2,0,NA
2214867_2,2022-09-20 12:14:10.875486,ACC,2214867.jpg,2214867,2,0,NA
2214866_2,2022-09-20 12:04:38.955198,ACC,2214866.jpg,2214866,2,0,NA
2214865_2,2022-09-20 11:59:53.147985,ACC,2214865.jpg,2214865,2,0,NA
2214861_2,2022-09-20 11:52:57.623625,ACC,2214861.jpg,2214861,2,0,NA
2214857_2,2022-09-20 11:42:40.763067,ACC,2214857.jpg,2214857,2,0,NA
2211016_2,2022-09-20 10:20:31.000000,CLO,2211016.jpeg,2211016,2,0,NA
2211025_2,2022-09-20 10:20:31.000000,CLO,2211025.jpeg,2211025,2,0,NA
2211646_2,2022-09-20 10:20:30.000000,CLO,2211646.jpg,2211646,2,0,NA
2211690_2,2022-09-20 10:20:30.000000,CLO,2211690.jpg,2211690,2,0,NA
2211158_2,2022-09-20 10:20:30.000000,CLO,2211158.jpg,2211158,2,0,NA
2211543_2,2022-09-20 10:20:30.000000,CLO,2211543.jpg,2211543,2,0,NA
2211700_2,2022-09-20 10:20:29.000000,CLO,2211700.jpg,2211700,2,0,NA
2211702_2,2022-09-20 10:20:28.000000,CLO,2211702.png,2211702,2,0,NA
2211706_2,2022-09-20 10:20:27.000000,CLO,2211706.png,2211706,2,0,NA
2211728_2,2022-09-20 10:20:27.000000,CLO,2211728.jpg,2211728,2,0,NA
2211791_2,2022-09-20 10:20:27.000000,CLO,2211791.jpg,2211791,2,0,NA
2211853_2,2022-09-20 10:20:26.000000,CLO,2211853.jpg,2211853,2,0,NA
2211793_2,2022-09-20 10:20:26.000000,CLO,2211793.jpg,2211793,2,0,NA
2211890_2,2022-09-20 10:20:25.000000,CLO,2211890.png,2211890,2,0,NA
2211856_2,2022-09-20 10:20:25.000000,CLO,2211856.jpg,2211856,2,0,NA
2211921_2,2022-09-20 10:20:22.000000,CLO,2211921.png,2211921,2,0,NA
2211921_2,2022-09-20 10:20:22.000000,CLO,2211921.jpg,2211921,2,0,NA
2211935_2,2022-09-20 10:20:21.000000,CLO,2211935.jpg,2211935,2,0,NA
2211935_2,2022-09-20 10:20:21.000000,CLO,2211935.png,2211935,2,0,NA
2211931_2,2022-09-20 10:20:20.000000,CLO,2211931.jpg,2211931,2,0,NA
2211931_2,2022-09-20 10:20:20.000000,CLO,2211931.png,2211931,2,0,NA
2211948_2,2022-09-20 10:20:19.000000,CLO,2211948.png,2211948,2,0,NA
2211948_2,2022-09-20 10:20:19.000000,CLO,2211948.jpg,2211948,2,0,NA
2211944_2,2022-09-20 10:20:19.000000,CLO,2211944.jpg,2211944,2,0,NA
2211944_2,2022-09-20 10:20:19.000000,CLO,2211944.png,2211944,2,0,NA
2211941_2,2022-09-20 10:20:19.000000,CLO,2211941.png,2211941,2,0,NA
2211947_2,2022-09-20 10:20:18.000000,CLO,2211947.png,2211947,2,0,NA
2211947_2,2022-09-20 10:20:18.000000,CLO,2211947.jpg,2211947,2,0,NA
2211954_2,2022-09-20 10:20:18.000000,CLO,2211954.jpg,2211954,2,0,NA
2211974_2,2022-09-20 10:20:17.000000,CLO,2211974.jpg,2211974,2,0,NA
2211964_2,2022-09-20 10:20:17.000000,CLO,2211964.png,2211964,2,0,NA
2211971_2,2022-09-20 10:20:16.000000,CLO,2211971.jpg,2211971,2,0,NA
2212002_2,2022-09-20 10:20:15.000000,CLO,2212002.png,2212002,2,0,NA
2212001_2,2022-09-20 10:20:15.000000,CLO,2212001.png,2212001,2,0,NA
2212040_2,2022-09-20 10:20:14.000000,CLO,2212040.png,2212040,2,0,NA
2212003_2,2022-09-20 10:20:14.000000,CLO,2212003.png,2212003,2,0,NA
2212038_2,2022-09-20 10:20:14.000000,CLO,2212038.png,2212038,2,0,NA
2212058_2,2022-09-20 10:20:13.000000,CLO,2212058.jpg,2212058,2,0,NA
2212069_2,2022-09-20 10:20:13.000000,CLO,2212069.jpg,2212069,2,0,NA
2212263_2,2022-09-20 10:20:11.000000,CLO,2212263.jpg,2212263,2,0,NA
2212266_2,2022-09-20 10:20:11.000000,CLO,2212266.jpg,2212266,2,0,NA
2212275_2,2022-09-20 10:20:10.000000,CLO,2212275.jpeg,2212275,2,0,NA
2212298_2,2022-09-20 10:20:09.000000,CLO,2212298.jpeg,2212298,2,0,NA
2212372_2,2022-09-20 10:20:09.000000,CLO,2212372.jpeg,2212372,2,0,NA
2203428_2,2022-09-19 13:54:23.326598,CLO,2203428.jpg,2203428,2,0,NA
2203428_2,2022-09-19 13:54:23.326598,Ropa,2203428,2203428,2,220342,ROPA
2202828_2,2022-09-19 13:53:45.029893,Ropa,2202828,2202828,2,220282,ROPA
2201354_2,2022-09-19 13:53:06.420687,Ropa,2201354,2201354,2,220135,ROPA
2111367_2,2022-09-19 13:52:41.764496,Ropa,2111367,2111367,2,211136,ROPA
2109700_2,2022-09-19 13:52:02.108427,Ropa,2109700 M,2109700,2,0,ROPA
2008610_2,2022-09-19 13:51:18.733873,Ropa,2008610,2008610,2,200861,ROPA
2208186_2,2022-09-19 13:50:41.436831,Ropa,2208186,2208186,2,220818,ROPA
2207921_2,2022-09-19 13:50:10.171329,CLO,2207921.jpg,2207921,2,0,NA
2207921_2,2022-09-19 13:50:10.171329,Ropa,2207921 B,2207921,2,0,ROPA
2115055_2,2022-09-19 13:48:06.000078,Ropa,2115055 N,2115055,2,0,ROPA
2200523_2,2022-09-19 13:47:31.453189,Ropa,2200523,2200523,2,220052,ROPA
2115055_2,2022-09-19 13:47:00.547075,Ropa,2115055,2115055,2,211505,ROPA
2201501_2,2022-09-19 13:46:28.156554,Ropa,2201501 R,2201501,2,0,ROPA
2109700_2,2022-09-19 13:45:41.906890,Ropa,2109700 N,2109700,2,0,ROPA
2211797_2,2022-09-19 13:44:49.391436,Ropa,2211797,2211797,2,221179,ROPA
2206366_2,2022-09-19 13:43:50.032168,CLO,2206366.jpg,2206366,2,0,NA
2206366_2,2022-09-19 13:43:50.032168,Ropa,2206366,2206366,2,220636,ROPA
2211776_2,2022-09-19 13:43:21.579308,Ropa,2211776,2211776,2,221177,ROPA
2211803_2,2022-09-19 13:42:45.126161,Ropa,2211803,2211803,2,221180,ROPA
2207663_2,2022-09-19 13:42:10.423274,Ropa,2207663,2207663,2,220766,ROPA
2207663_2,2022-09-19 13:42:10.423274,CLO,2207663.jpg,2207663,2,0,NA
2109700_2,2022-09-19 13:41:33.095187,Ropa,2109700 VL,2109700,2,0,ROPA
2202450_2,2022-09-19 13:40:41.861012,CLO,2202450.jpg,2202450,2,0,NA
2202450_2,2022-09-19 13:40:41.861012,Ropa,2202450,2202450,2,220245,ROPA
2207832_2,2022-09-19 13:40:04.017412,CLO,2207832.jpg,2207832,2,0,NA
2207832_2,2022-09-19 13:40:04.017412,Ropa,2207832,2207832,2,220783,ROPA
2211336_2,2022-09-19 13:38:19.486550,Ropa,2211336,2211336,2,221133,ROPA
2212018_2,2022-09-19 13:36:47.549406,Ropa,2212018 L,2212018,2,0,ROPA
2211822_2,2022-09-19 13:26:30.067416,Ropa,2211822,2211822,2,221182,ROPA
2211506_2,2022-09-19 13:05:58.520365,Ropa,2211506,2211506,2,221150,ROPA
2211812_2,2022-09-19 13:04:47.532557,Ropa,2211812,2211812,2,221181,ROPA
2211830_2,2022-09-19 13:01:28.080884,Ropa,2211830,2211830,2,221183,ROPA
2211698_2,2022-09-19 12:56:00.034921,Ropa,2211698 R,2211698,2,0,ROPA
2200788_2,2022-09-19 12:55:14.378783,Ropa,2200788 F,2200788,2,0,ROPA
2109700_2,2022-09-19 12:53:39.301034,Ropa,2109700 C,2109700,2,0,ROPA
2201501_2,2022-09-19 12:52:02.864065,Ropa,2201501 F,2201501,2,0,ROPA
2201501_2,2022-09-19 12:51:04.301630,CLO,2201501.jpg,2201501,2,0,NA
2201501_2,2022-09-19 12:51:04.301630,Ropa,2201501,2201501,2,220150,ROPA
2214712_2,2022-09-19 11:35:56.764538,CLO,2214712.jpg,2214712,2,0,NA
2214711_2,2022-09-19 11:35:42.155219,CLO,2214711.jpg,2214711,2,0,NA
2213938_2,2022-09-19 11:35:10.061588,CLO,2213938.jpg,2213938,2,0,NA
2214692_2,2022-09-19 11:34:51.311686,CLO,2214692.jpg,2214692,2,0,NA
2214841_2,2022-09-16 14:58:03.531751,CLO,2214841.jpg,2214841,2,0,NA
2214838_2,2022-09-16 13:33:20.824775,CLO,2214838.jpg,2214838,2,0,NA
2214836_2,2022-09-16 11:43:46.175334,CLO,2214836.jpg,2214836,2,0,NA
2214837_2,2022-09-16 11:16:42.434428,CLO,2214837.jpeg,2214837,2,0,NA
2214830_2,2022-09-15 19:57:10.421592,CLO,2214830.jpg,2214830,2,0,NA
2214828_2,2022-09-15 19:40:39.612753,CLO,2214828.jpg,2214828,2,0,NA
2214829_2,2022-09-15 19:40:26.081513,CLO,2214829.jpg,2214829,2,0,NA
2214831_2,2022-09-15 18:11:15.711774,CLO,2214831.jpg,2214831,2,0,NA
2214832_2,2022-09-15 17:03:33.082003,CLO,2214832.jpg,2214832,2,0,NA
2214833_2,2022-09-15 17:02:27.369471,CLO,2214833.jpg,2214833,2,0,NA
2214834_2,2022-09-15 17:01:17.625093,CLO,2214834.jpg,2214834,2,0,NA
2214842_2,2022-09-15 16:05:15.067790,CLO,2214842.jpg,2214842,2,0,NA
2214835_2,2022-09-15 16:05:11.817659,CLO,2214835.jpg,2214835,2,0,NA
2214839_2,2022-09-15 16:05:03.801582,CLO,2214839.jpg,2214839,2,0,NA
2214823_2,2022-09-15 16:04:46.957049,CLO,2214823.jpg,2214823,2,0,NA
2214827_2,2022-09-15 16:04:39.737751,CLO,2214827.jpg,2214827,2,0,NA
2211712_2,2022-09-15 15:15:03.000000,CLO,2211712.jpg,2211712,2,0,NA
2212301_2,2022-09-15 15:15:03.000000,CLO,2212301.jpg,2212301,2,0,NA
2214843_2,2022-09-15 14:36:31.892444,CLO,2214843.jpg,2214843,2,0,NA
2214822_2,2022-09-15 14:36:22.361279,CLO,2214822.jpg,2214822,2,0,NA
2214821_2,2022-09-15 14:36:16.064706,CLO,2214821.jpg,2214821,2,0,NA
5117741_0,2022-09-15 12:50:01.670540,Print,zd51177412-certified.exe,5117741,0,0,NA
2214820_2,2022-09-15 11:42:58.373033,CLO,2214820.jpg,2214820,2,0,NA
2214824_2,2022-09-15 11:42:33.483106,CLO,2214824.jpg,2214824,2,0,NA
2214825_2,2022-09-15 11:42:04.140244,CLO,2214825.jpg,2214825,2,0,NA
2212513_2,2022-09-15 11:04:44.000000,CLO,2212513.jpg,2212513,2,0,NA
2212480_2,2022-09-15 11:04:43.000000,CLO,2212480.jpg,2212480,2,0,NA
2212515_2,2022-09-15 11:04:43.000000,CLO,2212515.jpg,2212515,2,0,NA
2211389_2,2022-09-15 11:04:40.000000,CLO,2211389.jpg,2211389,2,0,NA
2210718_2,2022-09-15 11:04:39.000000,CLO,2210718.jpg,2210718,2,0,NA
2212296_2,2022-09-15 11:03:28.000000,CLO,2212296.jpg,2212296,2,0,NA
2212297_2,2022-09-15 11:03:27.000000,CLO,2212297.jpg,2212297,2,0,NA
2214790_2,2022-09-15 10:09:44.070758,CLO,2214790.png,2214790,2,0,NA
2214785_2,2022-09-15 10:09:29.248515,CLO,2214785.png,2214785,2,0,NA
2214796_2,2022-09-15 10:09:11.281193,CLO,2214796.png,2214796,2,0,NA
2214794_2,2022-09-15 10:09:06.170328,CLO,2214794.png,2214794,2,0,NA
2214799_2,2022-09-15 10:08:49.503579,CLO,2214799.png,2214799,2,0,NA
2214793_2,2022-09-15 10:08:21.457938,CLO,2214793.png,2214793,2,0,NA
2214826_2,2022-09-15 09:35:47.311888,CLO,2214826.jpg,2214826,2,0,NA
2214788_2,2022-09-15 09:35:42.530941,CLO,2214788.jpg,2214788,2,0,NA
2214777_2,2022-09-15 08:56:56.986945,CLO,2214777.jpg,2214777,2,0,NA
2212422_2,2022-09-14 17:16:31.000000,CLO,2212422.jpg,2212422,2,0,NA
2212421_2,2022-09-14 17:16:30.000000,CLO,2212421.jpg,2212421,2,0,NA
2212394_2,2022-09-14 17:16:30.000000,CLO,2212394.jpg,2212394,2,0,NA
2212360_2,2022-09-14 17:16:29.000000,CLO,2212360.jpg,2212360,2,0,NA
2212371_2,2022-09-14 17:16:29.000000,CLO,2212371.jpg,2212371,2,0,NA
2212389_2,2022-09-14 17:16:29.000000,CLO,2212389.jpg,2212389,2,0,NA
2212370_2,2022-09-14 17:16:28.000000,CLO,2212370.jpeg,2212370,2,0,NA
2212355_2,2022-09-14 17:16:28.000000,CLO,2212355.jpeg,2212355,2,0,NA
2212358_2,2022-09-14 17:16:27.000000,CLO,2212358.jpg,2212358,2,0,NA
2212348_2,2022-09-14 17:16:26.000000,CLO,2212348.jpeg,2212348,2,0,NA
2212352_2,2022-09-14 17:16:26.000000,CLO,2212352.png,2212352,2,0,NA
2212340_2,2022-09-14 17:16:25.000000,CLO,2212340.jpeg,2212340,2,0,NA
2212339_2,2022-09-14 17:16:25.000000,CLO,2212339.jpeg,2212339,2,0,NA
2212338_2,2022-09-14 17:16:24.000000,CLO,2212338.jpg,2212338,2,0,NA
2212274_2,2022-09-14 17:16:24.000000,CLO,2212274.jpeg,2212274,2,0,NA
2212292_2,2022-09-14 17:16:24.000000,CLO,2212292.jpeg,2212292,2,0,NA
2212295_2,2022-09-14 17:16:24.000000,CLO,2212295.jpeg,2212295,2,0,NA
2212262_2,2022-09-14 17:16:22.000000,CLO,2212262.jpg,2212262,2,0,NA
2212167_2,2022-09-14 17:16:22.000000,CLO,2212167.jpg,2212167,2,0,NA
2212264_2,2022-09-14 17:16:22.000000,CLO,2212264.jpeg,2212264,2,0,NA
2212164_2,2022-09-14 17:16:21.000000,CLO,2212164.png,2212164,2,0,NA
2212166_2,2022-09-14 17:16:21.000000,CLO,2212166.png,2212166,2,0,NA
2212162_2,2022-09-14 17:16:20.000000,CLO,2212162.jpg,2212162,2,0,NA
2212163_2,2022-09-14 17:16:20.000000,CLO,2212163.png,2212163,2,0,NA
2212044_2,2022-09-14 17:16:19.000000,CLO,2212044.png,2212044,2,0,NA
2212137_2,2022-09-14 17:16:19.000000,CLO,2212137.png,2212137,2,0,NA
2212025_2,2022-09-14 17:16:18.000000,CLO,2212025.jpg,2212025,2,0,NA
2211969_2,2022-09-14 17:16:16.000000,CLO,2211969.jpg,2211969,2,0,NA
2211951_2,2022-09-14 17:16:16.000000,CLO,2211951.jpg,2211951,2,0,NA
2211951_2,2022-09-14 17:16:16.000000,CLO,2211951.png,2211951,2,0,NA
2211939_2,2022-09-14 17:16:15.000000,CLO,2211939.jpg,2211939,2,0,NA
2211945_2,2022-09-14 17:16:15.000000,CLO,2211945.png,2211945,2,0,NA
2211945_2,2022-09-14 17:16:15.000000,CLO,2211945.jpg,2211945,2,0,NA
2211939_2,2022-09-14 17:16:15.000000,CLO,2211939.png,2211939,2,0,NA
2211854_2,2022-09-14 17:16:14.000000,CLO,2211854.jpg,2211854,2,0,NA
2211796_2,2022-09-14 17:16:12.000000,CLO,2211796.jpg,2211796,2,0,NA
2211757_2,2022-09-14 17:16:11.000000,CLO,2211757.jpg,2211757,2,0,NA
2211754_2,2022-09-14 17:16:08.000000,CLO,2211754.jpg,2211754,2,0,NA
2211752_2,2022-09-14 17:16:06.000000,CLO,2211752.jpg,2211752,2,0,NA
2211661_2,2022-09-14 17:16:04.000000,CLO,2211661.png,2211661,2,0,NA
2211660_2,2022-09-14 17:16:04.000000,CLO,2211660.png,2211660,2,0,NA
2211599_2,2022-09-14 17:16:03.000000,CLO,2211599.png,2211599,2,0,NA
2211602_2,2022-09-14 17:16:03.000000,CLO,2211602.jpg,2211602,2,0,NA
2211598_2,2022-09-14 17:16:02.000000,CLO,2211598.png,2211598,2,0,NA
2211596_2,2022-09-14 17:16:01.000000,CLO,2211596.png,2211596,2,0,NA
2211597_2,2022-09-14 17:16:01.000000,CLO,2211597.png,2211597,2,0,NA
2211522_2,2022-09-14 17:15:59.000000,CLO,2211522.jpeg,2211522,2,0,NA
2211525_2,2022-09-14 17:15:59.000000,CLO,2211525.jpg,2211525,2,0,NA
2211480_2,2022-09-14 17:15:58.000000,CLO,2211480.jpg,2211480,2,0,NA
2211506_2,2022-09-14 17:15:58.000000,CLO,2211506.jpg,2211506,2,0,NA
2211448_2,2022-09-14 17:15:57.000000,CLO,2211448.jpeg,2211448,2,0,NA
2211450_2,2022-09-14 17:15:57.000000,CLO,2211450.jpeg,2211450,2,0,NA
2211337_2,2022-09-14 17:15:56.000000,CLO,2211337.PNG,2211337,2,0,NA
2211082_2,2022-09-14 17:15:55.000000,CLO,2211082.jpg,2211082,2,0,NA
2211161_2,2022-09-14 17:15:55.000000,CLO,2211161.jpg,2211161,2,0,NA
2211031_2,2022-09-14 17:15:54.000000,CLO,2211031.jpeg,2211031,2,0,NA
2211040_2,2022-09-14 17:15:54.000000,CLO,2211040.jpeg,2211040,2,0,NA
2210770_2,2022-09-14 17:15:51.000000,CLO,2210770.jpg,2210770,2,0,NA
2208451_2,2022-09-14 17:15:49.000000,CLO,2208451.jpg,2208451,2,0,NA
2208445_2,2022-09-14 17:15:48.000000,CLO,2208445.jpg,2208445,2,0,NA
2214768_2,2022-09-14 14:46:45.575670,CLO,2214768.jpg,2214768,2,0,NA
2214767_2,2022-09-14 13:50:45.017616,CLO,2214767.jpg,2214767,2,0,NA
2214763_2,2022-09-14 13:50:32.142588,CLO,2214763.jpg,2214763,2,0,NA
2214766_2,2022-09-14 13:50:24.158329,CLO,2214766.jpg,2214766,2,0,NA
2214765_2,2022-09-14 13:50:16.923891,CLO,2214765.jpg,2214765,2,0,NA
2214764_2,2022-09-14 13:50:06.533481,CLO,2214764.jpg,2214764,2,0,NA
2214750_2,2022-09-14 12:28:42.937966,CLO,2214750.jpg,2214750,2,0,NA
2211279_2,2022-09-14 12:16:57.000000,CLO,2211279.PNG,2211279,2,0,NA
2214737_2,2022-09-14 10:59:19.939866,CLO,2214737.jpg,2214737,2,0,NA
2214734_2,2022-09-14 10:52:19.384379,CLO,2214734.jpg,2214734,2,0,NA
2211313_2,2022-09-14 10:47:14.670922,CLO,2211313.png,2211313,2,0,NA
2214732_2,2022-09-14 10:46:52.452341,CLO,2214732.jpg,2214732,2,0,NA
2214731_2,2022-09-14 10:46:26.562159,CLO,2214731.jpg,2214731,2,0,NA
2214730_2,2022-09-14 10:46:08.921936,CLO,2214730.jpg,2214730,2,0,NA
2214729_2,2022-09-14 10:45:26.906907,CLO,2214729.jpg,2214729,2,0,NA
2214728_2,2022-09-14 10:44:44.313947,CLO,2214728.jpg,2214728,2,0,NA
2214726_2,2022-09-14 10:44:02.361428,CLO,2214726.jpg,2214726,2,0,NA
2214724_2,2022-09-14 10:43:44.283625,CLO,2214724.jpg,2214724,2,0,NA
2214723_2,2022-09-14 10:43:30.221365,CLO,2214723.jpg,2214723,2,0,NA
2214722_2,2022-09-14 10:42:40.347186,CLO,2214722.jpg,2214722,2,0,NA
2214721_2,2022-09-14 10:42:19.894397,CLO,2214721.jpg,2214721,2,0,NA
2214720_2,2022-09-14 10:42:01.972820,CLO,2214720.jpg,2214720,2,0,NA
2214717_2,2022-09-14 10:41:38.395103,CLO,2214717.jpg,2214717,2,0,NA
2214719_2,2022-09-14 10:41:24.473548,CLO,2214719.jpg,2214719,2,0,NA
2214716_2,2022-09-14 10:41:04.067557,CLO,2214716.jpg,2214716,2,0,NA
2214714_2,2022-09-14 10:40:40.677305,CLO,2214714.jpg,2214714,2,0,NA
2214305_2,2022-09-14 10:37:43.758379,CLO,2214305.jpg,2214305,2,0,NA
2214697_2,2022-09-14 10:37:05.430908,CLO,2214697.png,2214697,2,0,NA
2214696_2,2022-09-14 10:36:51.634488,CLO,2214696.png,2214696,2,0,NA
2214698_2,2022-09-14 10:36:35.290787,CLO,2214698.png,2214698,2,0,NA
2214713_2,2022-09-14 10:36:18.166080,CLO,2214713.jpg,2214713,2,0,NA
2214718_2,2022-09-14 10:36:03.307006,CLO,2214718.jpg,2214718,2,0,NA
2211324_2,2022-09-14 10:35:46.854088,CLO,2211324.png,2211324,2,0,NA
2214695_2,2022-09-14 10:35:32.870076,CLO,2214695.jpg,2214695,2,0,NA
2214694_2,2022-09-14 10:35:15.370272,CLO,2214694.jpg,2214694,2,0,NA
2214675_2,2022-09-14 10:34:42.683458,CLO,2214675.jpg,2214675,2,0,NA
2214676_2,2022-09-14 10:34:23.292991,CLO,2214676.jpg,2214676,2,0,NA
2214710_2,2022-09-14 10:34:07.433876,CLO,2214710.jpg,2214710,2,0,NA
2214709_2,2022-09-14 10:33:50.746653,CLO,2214709.jpg,2214709,2,0,NA
2214653_2,2022-09-14 10:33:26.403339,CLO,2214653.jpg,2214653,2,0,NA
2214651_2,2022-09-14 10:33:07.075625,CLO,2214651.jpg,2214651,2,0,NA
2214650_2,2022-09-14 10:32:50.575786,CLO,2214650.jpg,2214650,2,0,NA
2214648_2,2022-09-14 10:32:31.263603,CLO,2214648.jpg,2214648,2,0,NA
2214622_2,2022-09-14 10:32:08.248375,CLO,2214622.jpg,2214622,2,0,NA
2214619_2,2022-09-14 10:31:52.326978,CLO,2214619.jpg,2214619,2,0,NA
2214617_2,2022-09-14 10:31:33.952190,CLO,2214617.jpg,2214617,2,0,NA
2214614_2,2022-09-14 10:31:13.452552,CLO,2214614.jpg,2214614,2,0,NA
2214611_2,2022-09-14 10:30:54.015492,CLO,2214611.jpg,2214611,2,0,NA
2214610_2,2022-09-14 10:30:39.156152,CLO,2214610.jpg,2214610,2,0,NA
2214608_2,2022-09-14 10:30:23.984483,CLO,2214608.jpg,2214608,2,0,NA
2210012_2,2022-09-14 10:30:07.266013,CLO,2210012.jpg,2210012,2,0,NA
2214674_2,2022-09-14 10:29:51.563178,CLO,2214674.jpg,2214674,2,0,NA
2214673_2,2022-09-14 10:29:35.969798,CLO,2214673.jpg,2214673,2,0,NA
2214672_2,2022-09-14 10:29:18.579357,CLO,2214672.jpg,2214672,2,0,NA
2214669_2,2022-09-14 10:28:46.751753,CLO,2214669.jpg,2214669,2,0,NA
2214666_2,2022-09-14 10:27:37.534233,CLO,2214666.jpg,2214666,2,0,NA
2214715_2,2022-09-14 10:27:22.097072,CLO,2214715.jpg,2214715,2,0,NA
2214654_2,2022-09-14 10:27:04.378460,CLO,2214654.jpg,2214654,2,0,NA
2214652_2,2022-09-14 10:26:37.300809,CLO,2214652.jpg,2214652,2,0,NA
2214662_2,2022-09-14 10:26:21.691702,CLO,2214662.jpg,2214662,2,0,NA
2214649_2,2022-09-14 10:26:02.895113,CLO,2214649.jpg,2214649,2,0,NA
2214646_2,2022-09-14 10:25:48.004726,CLO,2214646.jpg,2214646,2,0,NA
2214615_2,2022-09-14 10:25:28.755163,CLO,2214615.jpg,2214615,2,0,NA
2214594_2,2022-09-14 10:25:07.333542,CLO,2214594.jpg,2214594,2,0,NA
2214590_2,2022-09-14 10:24:10.490624,CLO,2214590.jpg,2214590,2,0,NA
2214708_2,2022-09-14 10:23:51.006429,CLO,2214708.jpg,2214708,2,0,NA
2214798_2,2022-09-14 00:18:31.284953,CLO,2214798.jpg,2214798,2,0,NA
2214806_2,2022-09-13 18:11:29.520108,CLO,2214806.jfif,2214806,2,0,NA
2214806_2,2022-09-13 18:11:29.520108,CLO,2214806.jpg,2214806,2,0,NA
2214808_2,2022-09-13 18:11:21.644938,CLO,2214808.jfif,2214808,2,0,NA
2214808_2,2022-09-13 18:11:21.644938,CLO,2214808.jpg,2214808,2,0,NA
2214840_2,2022-09-13 18:08:30.420711,CLO,2214840.jfif,2214840,2,0,NA
2214702_2,2022-09-13 12:51:46.877181,CLO,2214702.jpg,2214702,2,0,NA
2214701_2,2022-09-13 12:47:03.948064,CLO,2214701.jpg,2214701,2,0,NA
2214700_2,2022-09-13 12:33:45.190464,CLO,2214700.jpg,2214700,2,0,NA
2109700_2,2022-09-12 12:11:42.242304,Ropa,2109700,2109700,2,210970,ROPA
2201363_2,2022-09-12 12:10:07.349527,Ropa,2201363,2201363,2,220136,ROPA
2113191_2,2022-09-12 12:09:01.004353,Ropa,2113191,2113191,2,211319,ROPA
2200791_2,2022-09-12 12:08:06.157515,CLO,2200791.jpg,2200791,2,0,NA
2200791_2,2022-09-12 12:08:06.157515,Ropa,2200791,2200791,2,220079,ROPA
2200788_2,2022-09-12 11:55:21.209207,Ropa,2200788,2200788,2,220078,ROPA
2211784_2,2022-09-12 11:52:08.070919,Ropa,2211784,2211784,2,221178,ROPA
2212899_2,2022-09-12 11:51:08.914927,Ropa,2212899,2212899,2,221289,ROPA
2201431_2,2022-09-12 11:50:06.603157,Ropa,2201431,2201431,2,220143,ROPA
2205795_2,2022-09-12 11:47:34.151518,CLO,2205795.jpg,2205795,2,0,NA
2205795_2,2022-09-12 11:47:34.151518,Ropa,2205795,2205795,2,220579,ROPA
2211346_2,2022-09-12 11:46:22.402249,Ropa,2211346,2211346,2,221134,ROPA
2211505_2,2022-09-12 11:45:19.746670,Ropa,2211505,2211505,2,221150,ROPA
2210622_2,2022-09-12 11:43:48.794458,Ropa,2210622,2210622,2,221062,ROPA
2212018_2,2022-09-12 11:42:25.326572,Ropa,2212018,2212018,2,221201,ROPA
2210570_2,2022-09-12 11:40:45.983845,Ropa,2210570,2210570,2,221057,ROPA
2208719_2,2022-09-12 11:37:12.657916,Ropa,2208719.jpg,2208719,2,0,ROPA
2205900_2,2022-09-12 11:32:59.191775,Ropa,2205900,2205900,2,220590,ROPA
2205900_2,2022-09-12 11:32:59.191775,CLO,2205900.jpg,2205900,2,0,NA
2211956_2,2022-09-12 11:32:13.254743,Ropa,2211956,2211956,2,221195,ROPA
2213955_2,2022-09-12 08:46:58.501073,CLO,2213955.jpg,2213955,2,0,NA
2213951_2,2022-09-12 08:46:38.939076,CLO,2213951.jpg,2213951,2,0,NA
2213942_2,2022-09-12 08:46:29.251869,CLO,2213942.jpg,2213942,2,0,NA
2214605_2,2022-09-12 08:45:53.424794,CLO,2214605.jpg,2214605,2,0,NA
2213937_2,2022-09-12 08:45:30.987971,CLO,2213937.jpg,2213937,2,0,NA
2213936_2,2022-09-12 08:45:19.316530,CLO,2213936.jpg,2213936,2,0,NA
0_0,2022-09-11 02:36:39.380945,Print\LogsPaqueteras,RedPackRequestLog.txt,0,0,0,NA
0_0,2022-09-11 02:35:19.154170,Print\LogsPaqueteras,iVoyRequestLog.txt,0,0,0,NA
0_0,2022-09-11 02:35:10.408406,Print\LogsPaqueteras,iMileRequestLog.txt,0,0,0,NA
0_0,2022-09-11 02:35:04.364474,Print\LogsPaqueteras,EstafetaRequestLog.txt,0,0,0,NA
0_0,2022-09-11 02:33:40.670449,Print\Regedit para imprimir automaticamente,NSTPrint.reg,0,0,0,NA
2214638_2,2022-09-09 20:33:29.473773,CLO,2214638.jpeg,2214638,2,0,NA
2214632_2,2022-09-09 19:27:24.616558,CLO,2214632.jpeg,2214632,2,0,NA
2214630_2,2022-09-09 19:21:00.383379,CLO,2214630.jpeg,2214630,2,0,NA
2212325_2,2022-09-09 17:28:49.000000,CLO,2212325.jpeg,2212325,2,0,NA
2211985_2,2022-09-09 17:28:44.000000,CLO,2211985.jpg,2211985,2,0,NA
2211932_2,2022-09-09 17:28:43.000000,CLO,2211932.png,2211932,2,0,NA
2211857_2,2022-09-09 17:28:43.000000,CLO,2211857.jpg,2211857,2,0,NA
2211932_2,2022-09-09 17:28:43.000000,CLO,2211932.jpg,2211932,2,0,NA
2211619_2,2022-09-09 17:28:34.000000,CLO,2211619.jpg,2211619,2,0,NA
2211628_2,2022-09-09 17:28:34.000000,CLO,2211628.jpg,2211628,2,0,NA
2211595_2,2022-09-09 17:28:33.000000,CLO,2211595.jpg,2211595,2,0,NA
2211594_2,2022-09-09 17:28:33.000000,CLO,2211594.jpg,2211594,2,0,NA
2211593_2,2022-09-09 17:28:32.000000,CLO,2211593.jpg,2211593,2,0,NA
2211499_2,2022-09-09 17:28:31.000000,CLO,2211499.jpg,2211499,2,0,NA
2211524_2,2022-09-09 17:28:31.000000,CLO,2211524.jpg,2211524,2,0,NA
2211383_2,2022-09-09 17:28:30.000000,CLO,2211383.jpg,2211383,2,0,NA
2211428_2,2022-09-09 17:28:30.000000,CLO,2211428.jpg,2211428,2,0,NA
2210769_2,2022-09-09 17:28:27.000000,CLO,2210769.jpg,2210769,2,0,NA
2210608_2,2022-09-09 17:28:26.000000,CLO,2210608.jpeg,2210608,2,0,NA
2209605_2,2022-09-09 17:28:25.000000,CLO,2209605.jpg,2209605,2,0,NA
2207336_2,2022-09-09 17:28:23.000000,CLO,2207336.jpg,2207336,2,0,NA
2208432_2,2022-09-09 17:28:23.000000,CLO,2208432.jpg,2208432,2,0,NA
2207314_2,2022-09-09 17:28:22.000000,CLO,2207314.jpg,2207314,2,0,NA
2207312_2,2022-09-09 17:28:21.000000,CLO,2207312.jpg,2207312,2,0,NA
2214626_2,2022-09-09 16:59:36.224335,CLO,2214626.png,2214626,2,0,NA
2214639_2,2022-09-09 13:54:41.778596,CLO,2214639.jpg,2214639,2,0,NA
2214624_2,2022-09-09 13:35:22.000915,CLO,2214624.png,2214624,2,0,NA
2214640_2,2022-09-09 13:11:59.042708,CLO,2214640.jpeg,2214640,2,0,NA
2214621_2,2022-09-09 13:06:55.705768,CLO,2214621.jpg,2214621,2,0,NA
2214603_2,2022-09-09 12:59:07.995297,CLO,2214603.jpeg,2214603,2,0,NA
2214584_2,2022-09-09 11:57:37.725644,CLO,2214584.jpg,2214584,2,0,NA
2214581_2,2022-09-09 11:57:16.679488,CLO,2214581.jpg,2214581,2,0,NA
2214577_2,2022-09-09 11:56:38.180509,CLO,2214577.jpg,2214577,2,0,NA
2214574_2,2022-09-09 11:56:11.821924,CLO,2214574.jpg,2214574,2,0,NA
2214572_2,2022-09-09 11:55:54.463056,CLO,2214572.jpg,2214572,2,0,NA
2214569_2,2022-09-09 11:55:34.760514,CLO,2214569.jpg,2214569,2,0,NA
2214567_2,2022-09-09 11:55:13.886133,CLO,2214567.jpg,2214567,2,0,NA
2214565_2,2022-09-09 11:54:39.152776,CLO,2214565.jpg,2214565,2,0,NA
2214563_2,2022-09-09 11:54:18.247146,CLO,2214563.jpg,2214563,2,0,NA
2214243_2,2022-09-09 11:52:03.704268,CLO,2214243.jpg,2214243,2,0,NA
2214235_2,2022-09-09 11:51:05.940355,CLO,2214235.jpg,2214235,2,0,NA
2214228_2,2022-09-09 11:50:12.285843,CLO,2214228.jpg,2214228,2,0,NA
2214390_2,2022-09-09 11:48:39.054264,CLO,2214390.jpg,2214390,2,0,NA
2214389_2,2022-09-09 11:47:11.791054,CLO,2214389.jpg,2214389,2,0,NA
2214114_2,2022-09-09 11:44:57.107766,CLO,2214114.jpg,2214114,2,0,NA
2214113_2,2022-09-09 11:44:32.873875,CLO,2214113.jpg,2214113,2,0,NA
2214112_2,2022-09-09 11:44:11.233893,CLO,2214112.jpg,2214112,2,0,NA
2214107_2,2022-09-09 11:43:09.813832,CLO,2214107.jpg,2214107,2,0,NA
2214105_2,2022-09-09 11:42:44.236613,CLO,2214105.jpg,2214105,2,0,NA
2214075_2,2022-09-09 11:42:02.659565,CLO,2214075.jpg,2214075,2,0,NA
2214072_2,2022-09-09 11:40:12.178468,CLO,2214072.jpg,2214072,2,0,NA
2214331_2,2022-09-09 11:39:46.944864,CLO,2214331.jpg,2214331,2,0,NA
2214067_2,2022-09-09 11:39:22.586183,CLO,2214067.jpg,2214067,2,0,NA
2214102_2,2022-09-09 11:38:54.274513,CLO,2214102.jpg,2214102,2,0,NA
2214526_2,2022-09-09 11:38:27.072206,CLO,2214526.jpg,2214526,2,0,NA
2214101_2,2022-09-09 11:38:04.667049,CLO,2214101.jpg,2214101,2,0,NA
2214096_2,2022-09-09 11:36:26.825798,CLO,2214096.png,2214096,2,0,NA
2214092_2,2022-09-09 11:36:05.951377,CLO,2214092.jpg,2214092,2,0,NA
2214091_2,2022-09-09 11:35:34.671046,CLO,2214091.jpg,2214091,2,0,NA
2214124_2,2022-09-09 11:33:39.065096,CLO,2214124.jpg,2214124,2,0,NA
2214099_2,2022-09-09 11:33:12.909737,CLO,2214099.jpg,2214099,2,0,NA
2214090_2,2022-09-09 11:32:18.926850,CLO,2214090.jpg,2214090,2,0,NA
2214123_2,2022-09-09 11:29:37.994972,CLO,2214123.jpg,2214123,2,0,NA
2214119_2,2022-09-09 11:27:41.919446,CLO,2214119.jpg,2214119,2,0,NA
2214018_2,2022-09-09 11:27:11.982826,CLO,2214018.jpg,2214018,2,0,NA
2214116_2,2022-09-09 11:26:20.718726,CLO,2214116.jpg,2214116,2,0,NA
2214044_2,2022-09-09 11:24:04.644485,CLO,2214044.jpg,2214044,2,0,NA
2214115_2,2022-09-09 11:23:38.926329,CLO,2214115.jpg,2214115,2,0,NA
2213987_2,2022-09-09 11:22:49.036862,CLO,2213987.jpg,2213987,2,0,NA
2213984_2,2022-09-09 11:21:40.210295,CLO,2213984.jpg,2213984,2,0,NA
2214040_2,2022-09-09 11:13:52.950244,CLO,2214040.jpg,2214040,2,0,NA
2213985_2,2022-09-09 10:05:08.792665,CLO,2213985.jpg,2213985,2,0,NA
2214016_2,2022-09-09 10:04:44.319585,CLO,2214016.jpg,2214016,2,0,NA
2214030_2,2022-09-09 10:04:03.734882,CLO,2214030.jpg,2214030,2,0,NA
2212268_2,2022-09-08 17:26:08.000000,CLO,2212268.jpeg,2212268,2,0,NA
2212321_2,2022-09-08 17:26:07.000000,CLO,2212321.jpg,2212321,2,0,NA
2212112_2,2022-09-08 17:26:07.000000,CLO,2212112.JPG,2212112,2,0,NA
2211967_2,2022-09-08 17:26:05.000000,CLO,2211967.jpg,2211967,2,0,NA
2211966_2,2022-09-08 17:26:05.000000,CLO,2211966.jpg,2211966,2,0,NA
2211946_2,2022-09-08 17:26:04.000000,CLO,2211946.jpg,2211946,2,0,NA
2211949_2,2022-09-08 17:26:04.000000,CLO,2211949.jpg,2211949,2,0,NA
2211824_2,2022-09-08 17:26:02.000000,CLO,2211824.png,2211824,2,0,NA
2211829_2,2022-09-08 17:26:02.000000,CLO,2211829.png,2211829,2,0,NA
2211454_2,2022-09-08 17:26:01.000000,CLO,2211454.jpg,2211454,2,0,NA
2211081_2,2022-09-08 17:26:00.000000,CLO,2211081.jpg,2211081,2,0,NA
2211080_2,2022-09-08 17:26:00.000000,CLO,2211080.jpg,2211080,2,0,NA
2211079_2,2022-09-08 17:25:59.000000,CLO,2211079.jpg,2211079,2,0,NA
2211078_2,2022-09-08 17:25:59.000000,CLO,2211078.jpg,2211078,2,0,NA
2208437_2,2022-09-08 17:25:56.000000,CLO,2208437.jpg,2208437,2,0,NA
2208112_2,2022-09-08 17:25:55.000000,CLO,2208112.jpg,2208112,2,0,NA
2207666_2,2022-09-08 17:25:55.000000,CLO,2207666.jpg,2207666,2,0,NA
2207331_2,2022-09-08 17:25:53.000000,CLO,2207331.jpg,2207331,2,0,NA
2211903_2,2022-09-08 17:24:13.000000,CLO,2211903.jpg,2211903,2,0,NA
2211835_2,2022-09-08 17:24:12.000000,CLO,2211835.jpg,2211835,2,0,NA
2211836_2,2022-09-08 17:24:12.000000,CLO,2211836.jpg,2211836,2,0,NA
2211834_2,2022-09-08 17:24:11.000000,CLO,2211834.jpg,2211834,2,0,NA
2211833_2,2022-09-08 17:24:09.000000,CLO,2211833.jpg,2211833,2,0,NA
2211429_2,2022-09-08 17:24:09.000000,CLO,2211429.jpg,2211429,2,0,NA
2214641_2,2022-09-08 15:13:29.999527,CLO,2214641.jpg,2214641,2,0,NA
2214642_2,2022-09-08 15:12:35.045567,CLO,2214642.jpg,2214642,2,0,NA
2214643_2,2022-09-08 15:12:07.201399,CLO,2214643.jpg,2214643,2,0,NA
2214635_2,2022-09-08 15:11:54.779329,CLO,2214635.jpg,2214635,2,0,NA
2214547_2,2022-09-08 11:12:04.335275,CLO,2214547.jpg,2214547,2,0,NA
2214568_2,2022-09-08 11:10:21.841653,CLO,2214568.jpeg,2214568,2,0,NA
2214538_2,2022-09-08 10:25:31.564347,ACC,2214538.jpg,2214538,2,0,NA
2214537_2,2022-09-08 10:24:48.519731,ACC,2214537.jpg,2214537,2,0,NA
2214536_2,2022-09-08 10:23:54.819557,ACC,2214536.jpg,2214536,2,0,NA
2214535_2,2022-09-08 10:22:49.494891,ACC,2214535.jpg,2214535,2,0,NA
2214534_2,2022-09-08 10:21:54.747683,ACC,2214534.jpg,2214534,2,0,NA
2214533_2,2022-09-08 10:20:49.907139,ACC,2214533.jpg,2214533,2,0,NA
2214521_2,2022-09-08 10:19:56.847118,ACC,2214521.jpg,2214521,2,0,NA
2214518_2,2022-09-08 10:19:09.177548,ACC,2214518.jpg,2214518,2,0,NA
2214517_2,2022-09-08 10:18:23.164175,ACC,2214517.jpg,2214517,2,0,NA
2214516_2,2022-09-08 10:17:13.994563,ACC,2214516.jpg,2214516,2,0,NA
2214520_2,2022-09-08 10:15:53.121955,ACC,2214520.jpg,2214520,2,0,NA
2214515_2,2022-09-08 10:14:58.123588,ACC,2214515.jpg,2214515,2,0,NA
2214514_2,2022-09-08 10:14:15.515458,ACC,2214514.jpg,2214514,2,0,NA
2214513_2,2022-09-08 10:13:11.486004,ACC,2214513.jpg,2214513,2,0,NA
2212495_2,2022-09-07 17:14:39.000000,CLO,2212495.jpg,2212495,2,0,NA
2212059_2,2022-09-07 17:14:38.000000,CLO,2212059.jpg,2212059,2,0,NA
2211909_2,2022-09-07 17:14:36.000000,CLO,2211909.jpg,2211909,2,0,NA
2211907_2,2022-09-07 17:14:35.000000,CLO,2211907.jpg,2211907,2,0,NA
2211331_2,2022-09-07 17:14:35.000000,CLO,2211331.jpg,2211331,2,0,NA
2211905_2,2022-09-07 17:14:34.000000,CLO,2211905.jpg,2211905,2,0,NA
2214620_2,2022-09-07 16:40:45.103237,CLO,2214620.jpeg,2214620,2,0,NA
2214618_2,2022-09-07 16:40:33.831286,CLO,2214618.jpeg,2214618,2,0,NA
2214607_2,2022-09-07 16:39:40.940782,CLO,2214607.jpeg,2214607,2,0,NA
2214606_2,2022-09-07 16:39:34.754756,CLO,2214606.jpeg,2214606,2,0,NA
2214604_2,2022-09-07 16:39:28.738023,CLO,2214604.jpeg,2214604,2,0,NA
2214616_2,2022-09-07 16:39:19.715148,CLO,2214616.jpeg,2214616,2,0,NA
2214613_2,2022-09-07 16:38:38.373662,CLO,2214613.jpeg,2214613,2,0,NA
2214609_2,2022-09-07 16:38:35.789877,CLO,2214609.jpeg,2214609,2,0,NA
2214524_2,2022-09-07 16:27:38.525335,CLO,2214524.jpg,2214524,2,0,NA
2214528_2,2022-09-07 16:25:35.925303,CLO,2214528.png,2214528,2,0,NA
2214527_2,2022-09-07 16:24:58.780733,CLO,2214527.png,2214527,2,0,NA
2214525_2,2022-09-07 16:24:29.354651,CLO,2214525.png,2214525,2,0,NA
2214522_2,2022-09-07 16:21:55.209231,CLO,2214522.jpg,2214522,2,0,NA
2214519_2,2022-09-07 16:21:39.608546,CLO,2214519.jpg,2214519,2,0,NA
2214560_2,2022-09-07 16:21:12.800362,CLO,2214560.jpeg,2214560,2,0,NA
2214592_2,2022-09-07 16:21:11.045127,CLO,2214592.jpeg,2214592,2,0,NA
2214586_2,2022-09-07 16:20:53.958230,CLO,2214586.jpeg,2214586,2,0,NA
2214585_2,2022-09-07 16:20:50.734870,CLO,2214585.jpeg,2214585,2,0,NA
2214523_2,2022-09-07 16:20:19.268488,CLO,2214523.jpg,2214523,2,0,NA
2214570_2,2022-09-07 16:20:08.725606,CLO,2214570.jpeg,2214570,2,0,NA
2214530_2,2022-09-07 16:18:06.495795,CLO,2214530.png,2214530,2,0,NA
2214532_2,2022-09-07 16:17:54.159618,CLO,2214532.png,2214532,2,0,NA
2214531_2,2022-09-07 16:17:39.949684,CLO,2214531.jpg,2214531,2,0,NA
2214529_2,2022-09-07 16:17:09.122311,CLO,2214529.jpg,2214529,2,0,NA
2214509_2,2022-09-07 14:05:05.073963,ACC,2214509.jpg,2214509,2,0,NA
2214508_2,2022-09-07 14:03:35.426964,ACC,2214508.jpg,2214508,2,0,NA
2214507_2,2022-09-07 14:01:20.560991,ACC,2214507.jpg,2214507,2,0,NA
2214506_2,2022-09-07 13:59:02.502959,ACC,2214506.jpg,2214506,2,0,NA
2214505_2,2022-09-07 13:55:49.148571,ACC,2214505.jpg,2214505,2,0,NA
2214504_2,2022-09-07 13:45:25.829254,ACC,2214504.jpg,2214504,2,0,NA
2214503_2,2022-09-07 13:43:23.093726,ACC,2214503.jpg,2214503,2,0,NA
2214502_2,2022-09-07 13:42:03.625796,ACC,2214502.jpg,2214502,2,0,NA
2214500_2,2022-09-07 13:00:02.880569,ACC,2214500.jpg,2214500,2,0,NA
2214499_2,2022-09-07 12:51:16.993987,ACC,2214499.jpg,2214499,2,0,NA
2214498_2,2022-09-07 12:48:47.511948,ACC,2214498.jpg,2214498,2,0,NA
2214497_2,2022-09-07 12:43:22.001764,ACC,2214497.jpg,2214497,2,0,NA
2214496_2,2022-09-07 12:40:47.426237,ACC,2214496.jpg,2214496,2,0,NA
2214489_2,2022-09-07 12:14:13.510500,ACC,2214489.jpg,2214489,2,0,NA
2214487_2,2022-09-07 12:12:03.806411,ACC,2214487.jpg,2214487,2,0,NA
2214485_2,2022-09-07 12:09:37.209514,ACC,2214485.jpg,2214485,2,0,NA
2214484_2,2022-09-07 12:07:30.079564,ACC,2214484.jpg,2214484,2,0,NA
2214482_2,2022-09-07 12:03:38.667621,ACC,2214482.jpg,2214482,2,0,NA
2214480_2,2022-09-07 12:01:21.870486,ACC,2214480.jpg,2214480,2,0,NA
2214478_2,2022-09-07 11:58:34.416530,ACC,2214478.jpg,2214478,2,0,NA
2214477_2,2022-09-07 11:54:51.723933,ACC,2214477.jpg,2214477,2,0,NA
2214476_2,2022-09-07 11:39:18.776808,ACC,2214476.jpg,2214476,2,0,NA
2214475_2,2022-09-07 11:37:05.467394,ACC,2214475.jpg,2214475,2,0,NA
2214474_2,2022-09-07 11:35:01.282782,ACC,2214474.jpg,2214474,2,0,NA
2214473_2,2022-09-07 11:32:42.176617,ACC,2214473.jpg,2214473,2,0,NA
2214472_2,2022-09-07 11:29:51.665431,ACC,2214472.jpg,2214472,2,0,NA
2214470_2,2022-09-07 11:25:43.405076,ACC,2214470.jpg,2214470,2,0,NA
2214468_2,2022-09-07 11:22:51.830888,ACC,2214468.jpg,2214468,2,0,NA
2214467_2,2022-09-07 11:20:39.879948,ACC,2214467.jpg,2214467,2,0,NA
2214465_2,2022-09-07 11:18:31.007104,ACC,2214465.jpg,2214465,2,0,NA
2214464_2,2022-09-07 11:15:43.226878,ACC,2214464.jpg,2214464,2,0,NA
2214462_2,2022-09-07 11:13:03.055617,ACC,2214462.jpg,2214462,2,0,NA
2214460_2,2022-09-07 11:07:28.902826,ACC,2214460.jpg,2214460,2,0,NA
2214458_2,2022-09-07 11:05:09.245911,ACC,2214458.jpg,2214458,2,0,NA
2214457_2,2022-09-07 11:02:44.318449,ACC,2214457.jpg,2214457,2,0,NA
2214455_2,2022-09-07 11:00:37.960355,ACC,2214455.jpg,2214455,2,0,NA
2214454_2,2022-09-07 10:58:13.376962,ACC,2214454.jpg,2214454,2,0,NA
2214452_2,2022-09-07 10:49:26.150012,ACC,2214452.jpg,2214452,2,0,NA
2214451_2,2022-09-07 10:47:00.202144,ACC,2214451.jpg,2214451,2,0,NA
2214449_2,2022-09-07 10:44:06.536528,ACC,2214449.png,2214449,2,0,NA
2214421_2,2022-09-06 14:09:23.023980,ACC,2214421.jpg,2214421,2,0,NA
2214420_2,2022-09-06 14:06:35.798685,ACC,2214420.jpg,2214420,2,0,NA
2214419_2,2022-09-06 14:04:10.274244,ACC,2214419.jpg,2214419,2,0,NA
2214418_2,2022-09-06 14:01:23.956770,ACC,2214418.jpg,2214418,2,0,NA
2214417_2,2022-09-06 13:58:49.989835,ACC,2214417.jpg,2214417,2,0,NA
2214416_2,2022-09-06 13:55:58.854776,ACC,2214416.jpg,2214416,2,0,NA
2214415_2,2022-09-06 13:52:36.747460,ACC,2214415.jpg,2214415,2,0,NA
2214414_2,2022-09-06 13:50:01.733437,ACC,2214414.jpg,2214414,2,0,NA
2214413_2,2022-09-06 13:46:24.282545,ACC,2214413.jpg,2214413,2,0,NA
2214412_2,2022-09-06 13:42:43.597310,ACC,2214412.jpg,2214412,2,0,NA
2214410_2,2022-09-06 13:38:50.084089,ACC,2214410.jpg,2214410,2,0,NA
2214411_2,2022-09-06 13:37:03.303943,ACC,2214411.jpg,2214411,2,0,NA
2214409_2,2022-09-06 13:30:57.213969,ACC,2214409.jpg,2214409,2,0,NA
2214406_2,2022-09-06 13:25:40.045338,ACC,2214406.jpg,2214406,2,0,NA
2214186_2,2022-09-06 12:01:34.070928,ACC,2214186.jpg,2214186,2,0,NA
2214627_2,2022-09-06 11:55:27.585557,CLO,2214627.jpg,2214627,2,0,NA
2214625_2,2022-09-06 11:55:12.523365,CLO,2214625.jpg,2214625,2,0,NA
2214623_2,2022-09-06 11:55:00.179889,CLO,2214623.jpg,2214623,2,0,NA
2214176_2,2022-09-06 11:35:49.534675,ACC,2214176.jpg,2214176,2,0,NA
2214167_2,2022-09-06 11:19:30.290785,ACC,2214167.jpg,2214167,2,0,NA
2214160_2,2022-09-06 11:13:04.574950,ACC,2214160.jpg,2214160,2,0,NA
2214157_2,2022-09-06 11:12:18.934159,ACC,2214157.jpg,2214157,2,0,NA
2214154_2,2022-09-06 11:12:05.356685,ACC,2214154.jpg,2214154,2,0,NA
2214150_2,2022-09-06 11:11:22.010833,ACC,2214150.jpg,2214150,2,0,NA
2214150_2,2022-09-06 11:09:40.821157,2214150.jp,I:2214150.jpg,2214150,2,0,NA
2214153_2,2022-09-06 10:52:16.401008,ACC,2214153.jpg,2214153,2,0,NA
2214143_2,2022-09-06 10:11:07.942824,ACC,2214143.jpg,2214143,2,0,NA
2214141_2,2022-09-06 10:04:57.759774,ACC,2214141.jpg,2214141,2,0,NA
2214139_2,2022-09-06 09:59:42.699085,ACC,2214139.jpg,2214139,2,0,NA
2214138_2,2022-09-06 09:56:12.915801,ACC,2214138.jpg,2214138,2,0,NA
2214136_2,2022-09-06 09:52:53.533853,ACC,2214136.png,2214136,2,0,NA
2214100_2,2022-09-05 15:47:00.897842,ACC,2214100.jpg,2214100,2,0,NA
2214098_2,2022-09-05 15:43:12.383085,ACC,2214098.jpg,2214098,2,0,NA
2214097_2,2022-09-05 15:39:15.587132,ACC,2214097.jpg,2214097,2,0,NA
2214095_2,2022-09-05 15:35:18.853652,ACC,2214095.jpg,2214095,2,0,NA
2214093_2,2022-09-05 15:32:20.807642,ACC,2214093.jpg,2214093,2,0,NA
2214089_2,2022-09-05 15:19:22.140232,ACC,2214089.png,2214089,2,0,NA
2214088_2,2022-09-05 15:07:04.017955,ACC,2214088.jpg,2214088,2,0,NA
0_0,2022-09-05 15:03:19.148714,Print\LogsPaqueteras,PrintCarrier.bat,0,0,0,NA
2214087_2,2022-09-05 15:02:43.172513,ACC,2214087.jpg,2214087,2,0,NA
2214085_2,2022-09-05 14:58:51.891771,ACC,2214085.jpg,2214085,2,0,NA
2214076_2,2022-09-05 14:01:49.794914,ACC,2214076.jpg,2214076,2,0,NA
2214068_2,2022-09-05 13:22:05.598925,ACC,2214068.jpg,2214068,2,0,NA
2214065_2,2022-09-05 13:05:54.555904,ACC,2214065.jpg,2214065,2,0,NA
2214063_2,2022-09-05 12:53:17.695739,ACC,2214063.jpg,2214063,2,0,NA
2211432_2,2022-09-05 12:26:16.000000,CLO,2211432.jpg,2211432,2,0,NA
2211431_2,2022-09-05 12:26:15.000000,CLO,2211431.jpg,2211431,2,0,NA
2211299_2,2022-09-05 12:26:13.000000,CLO,2211299.jpg,2211299,2,0,NA
2211426_2,2022-09-05 12:26:13.000000,CLO,2211426.jpg,2211426,2,0,NA
2214062_2,2022-09-05 12:24:12.672192,ACC,2214062.jpg,2214062,2,0,NA
2214061_2,2022-09-05 12:20:18.957384,ACC,2214061.jpg,2214061,2,0,NA
2214059_2,2022-09-05 12:15:06.836563,ACC,2214059.jpg,2214059,2,0,NA
2214057_2,2022-09-05 12:10:56.007635,ACC,2214057.jpg,2214057,2,0,NA
2214054_2,2022-09-05 12:03:10.740654,ACC,2214054.jpg,2214054,2,0,NA
2214052_2,2022-09-05 11:58:22.666359,ACC,2214052.jpg,2214052,2,0,NA
2214048_2,2022-09-05 11:50:01.026480,ACC,2214048.jpg,2214048,2,0,NA
2214047_2,2022-09-05 11:43:31.146652,ACC,2214047.jpg,2214047,2,0,NA
2214042_2,2022-09-05 11:25:14.726010,ACC,2214042.jpg,2214042,2,0,NA
2214036_2,2022-09-05 11:20:29.623388,ACC,2214036.jpg,2214036,2,0,NA
2214025_2,2022-09-05 11:07:20.586775,ACC,2214025.jpg,2214025,2,0,NA
2214013_2,2022-09-05 10:52:51.374765,ACC,2214013.jpg,2214013,2,0,NA
2214011_2,2022-09-05 10:29:50.574273,ACC,2214011.jpg,2214011,2,0,NA
2214010_2,2022-09-05 10:12:19.183705,ACC,2214010.jpg,2214010,2,0,NA
2214009_2,2022-09-05 10:09:23.288131,ACC,2214009.jpg,2214009,2,0,NA
2214007_2,2022-09-05 10:03:49.283178,ACC,2214007.png,2214007,2,0,NA
2214006_2,2022-09-05 09:56:26.075546,ACC,2214006.jpg,2214006,2,0,NA
2211963_2,2022-09-05 08:46:08.000000,CLO,2211963.jpg,2211963,2,0,NA
2211913_2,2022-09-05 08:46:07.000000,CLO,2211913.jpg,2211913,2,0,NA
2211910_2,2022-09-05 08:46:04.000000,CLO,2211910.jpg,2211910,2,0,NA
2211883_2,2022-09-05 08:46:03.000000,CLO,2211883.jpg,2211883,2,0,NA
2211717_2,2022-09-05 08:46:02.000000,CLO,2211717.jpg,2211717,2,0,NA
2211870_2,2022-09-05 08:46:02.000000,CLO,2211870.jpg,2211870,2,0,NA
2211715_2,2022-09-05 08:46:01.000000,CLO,2211715.jpg,2211715,2,0,NA
2211714_2,2022-09-05 08:45:59.000000,CLO,2211714.jpg,2211714,2,0,NA
2211430_2,2022-09-05 08:45:57.000000,CLO,2211430.jpg,2211430,2,0,NA
2212317_2,2022-09-05 08:45:24.000000,CLO,2212317.jpg,2212317,2,0,NA
2212312_2,2022-09-05 08:45:23.000000,CLO,2212312.jpeg,2212312,2,0,NA
2212272_2,2022-09-05 08:45:23.000000,CLO,2212272.jpg,2212272,2,0,NA
2212270_2,2022-09-05 08:45:22.000000,CLO,2212270.jpg,2212270,2,0,NA
2212269_2,2022-09-05 08:45:22.000000,CLO,2212269.jpg,2212269,2,0,NA
2212060_2,2022-09-05 08:45:21.000000,CLO,2212060.jpg,2212060,2,0,NA
2212057_2,2022-09-05 08:45:20.000000,CLO,2212057.png,2212057,2,0,NA
2212057_2,2022-09-05 08:45:20.000000,CLO,2212057.jpg,2212057,2,0,NA
2212034_2,2022-09-05 08:45:20.000000,CLO,2212034.jpg,2212034,2,0,NA
2212029_2,2022-09-05 08:45:19.000000,CLO,2212029.jpg,2212029,2,0,NA
2212022_2,2022-09-05 08:45:19.000000,CLO,2212022.jpg,2212022,2,0,NA
2212026_2,2022-09-05 08:45:19.000000,CLO,2212026.jpg,2212026,2,0,NA
2212026_2,2022-09-05 08:45:19.000000,CLO,2212026.png,2212026,2,0,NA
2212021_2,2022-09-05 08:45:17.000000,CLO,2212021.jpg,2212021,2,0,NA
2211965_2,2022-09-05 08:45:17.000000,CLO,2211965.jpg,2211965,2,0,NA
2211950_2,2022-09-05 08:45:16.000000,CLO,2211950.png,2211950,2,0,NA
2211956_2,2022-09-05 08:45:16.000000,CLO,2211956.png,2211956,2,0,NA
2211950_2,2022-09-05 08:45:16.000000,CLO,2211950.jpg,2211950,2,0,NA
2211933_2,2022-09-05 08:45:15.000000,CLO,2211933.png,2211933,2,0,NA
2211943_2,2022-09-05 08:45:15.000000,CLO,2211943.jpg,2211943,2,0,NA
2211933_2,2022-09-05 08:45:15.000000,CLO,2211933.jpg,2211933,2,0,NA
2211943_2,2022-09-05 08:45:15.000000,CLO,2211943.png,2211943,2,0,NA
2211929_2,2022-09-05 08:45:15.000000,CLO,2211929.png,2211929,2,0,NA
2211929_2,2022-09-05 08:45:15.000000,CLO,2211929.jpg,2211929,2,0,NA
2211930_2,2022-09-05 08:45:14.000000,CLO,2211930.png,2211930,2,0,NA
2211930_2,2022-09-05 08:45:14.000000,CLO,2211930.jpg,2211930,2,0,NA
2211922_2,2022-09-05 08:45:13.000000,CLO,2211922.png,2211922,2,0,NA
2211855_2,2022-09-05 08:45:13.000000,CLO,2211855.jpg,2211855,2,0,NA
2211922_2,2022-09-05 08:45:13.000000,CLO,2211922.jpg,2211922,2,0,NA
2211887_2,2022-09-05 08:45:13.000000,CLO,2211887.jpg,2211887,2,0,NA
2211889_2,2022-09-05 08:45:13.000000,CLO,2211889.jpg,2211889,2,0,NA
2211821_2,2022-09-05 08:45:11.000000,CLO,2211821.png,2211821,2,0,NA
2211827_2,2022-09-05 08:45:11.000000,CLO,2211827.jpg,2211827,2,0,NA
2211818_2,2022-09-05 08:45:10.000000,CLO,2211818.png,2211818,2,0,NA
2211806_2,2022-09-05 08:45:08.000000,CLO,2211806.jpg,2211806,2,0,NA
2211805_2,2022-09-05 08:45:06.000000,CLO,2211805.jpg,2211805,2,0,NA
2211804_2,2022-09-05 08:45:05.000000,CLO,2211804.jpg,2211804,2,0,NA
2211803_2,2022-09-05 08:45:03.000000,CLO,2211803.jpg,2211803,2,0,NA
2211801_2,2022-09-05 08:45:01.000000,CLO,2211801.jpg,2211801,2,0,NA
2211797_2,2022-09-05 08:44:59.000000,CLO,2211797.png,2211797,2,0,NA
2211767_2,2022-09-05 08:44:58.000000,CLO,2211767.jpg,2211767,2,0,NA
2211765_2,2022-09-05 08:44:56.000000,CLO,2211765.jpg,2211765,2,0,NA
2211764_2,2022-09-05 08:44:52.000000,CLO,2211764.jpg,2211764,2,0,NA
2211762_2,2022-09-05 08:44:50.000000,CLO,2211762.jpg,2211762,2,0,NA
2211722_2,2022-09-05 08:44:50.000000,CLO,2211722.png,2211722,2,0,NA
2211701_2,2022-09-05 08:44:50.000000,CLO,2211701.jpg,2211701,2,0,NA
2211644_2,2022-09-05 08:44:49.000000,CLO,2211644.jpg,2211644,2,0,NA
2211698_2,2022-09-05 08:44:49.000000,CLO,2211698.png,2211698,2,0,NA
2211613_2,2022-09-05 08:44:48.000000,CLO,2211613.jpg,2211613,2,0,NA
2211642_2,2022-09-05 08:44:48.000000,CLO,2211642.jpg,2211642,2,0,NA
2211612_2,2022-09-05 08:44:47.000000,CLO,2211612.jpg,2211612,2,0,NA
2211548_2,2022-09-05 08:44:46.000000,CLO,2211548.jpg,2211548,2,0,NA
2211551_2,2022-09-05 08:44:46.000000,CLO,2211551.jpg,2211551,2,0,NA
2211545_2,2022-09-05 08:44:45.000000,CLO,2211545.jpg,2211545,2,0,NA
2211505_2,2022-09-05 08:44:45.000000,CLO,2211505.jpg,2211505,2,0,NA
2211491_2,2022-09-05 08:44:44.000000,CLO,2211491.jpg,2211491,2,0,NA
2211382_2,2022-09-05 08:44:43.000000,CLO,2211382.jpg,2211382,2,0,NA
2211456_2,2022-09-05 08:44:43.000000,CLO,2211456.jpg,2211456,2,0,NA
2211380_2,2022-09-05 08:44:42.000000,CLO,2211380.jpg,2211380,2,0,NA
2211377_2,2022-09-05 08:44:41.000000,CLO,2211377.jpg,2211377,2,0,NA
2211376_2,2022-09-05 08:44:40.000000,CLO,2211376.jpg,2211376,2,0,NA
2211207_2,2022-09-05 08:44:39.000000,CLO,2211207.png,2211207,2,0,NA
2210377_2,2022-09-05 08:44:38.000000,CLO,2210377.jpg,2210377,2,0,NA
2210760_2,2022-09-05 08:44:38.000000,CLO,2210760.jpg,2210760,2,0,NA
0_0,2022-09-04 23:07:01.513240,ACC,desktop.ini,0,0,0,NA
0_0,2022-09-04 23:04:54.741557,SHO,desktop.ini,0,0,0,NA
0_0,2022-09-04 23:03:12.439841,CLO,desktop.ini,0,0,0,NA
2212516_2,2022-09-04 23:01:21.286901,CLO,2212516.jpg,2212516,2,0,NA
2213684_2,2022-09-04 22:54:53.011436,CLO,2213684.jpg,2213684,2,0,NA
2213877_2,2022-09-04 22:53:28.478611,CLO,2213877.png,2213877,2,0,NA
2213876_2,2022-09-04 22:52:46.440387,CLO,2213876.png,2213876,2,0,NA
2213849_2,2022-09-04 22:48:12.973633,CLO,2213849.png,2213849,2,0,NA
2213842_2,2022-09-04 22:46:49.890555,CLO,2213842.jpg,2213842,2,0,NA
2213858_2,2022-09-04 22:45:15.882802,CLO,2213858.jpg,2213858,2,0,NA
2213856_2,2022-09-04 22:45:05.657301,CLO,2213856.jpg,2213856,2,0,NA
2213857_2,2022-09-04 22:42:55.326186,CLO,2213857.jpg,2213857,2,0,NA
2213656_2,2022-09-04 22:40:39.208345,CLO,2213656.jpg,2213656,2,0,NA
2213855_2,2022-09-04 22:36:27.953444,CLO,2213855.png,2213855,2,0,NA
2213854_2,2022-09-04 22:35:55.460545,CLO,2213854.jpg,2213854,2,0,NA
2213853_2,2022-09-04 22:33:24.125678,CLO,2213853.png,2213853,2,0,NA
2213851_2,2022-09-04 22:33:13.883924,CLO,2213851.png,2213851,2,0,NA
2213841_2,2022-09-04 22:32:56.326826,CLO,2213841.jpg,2213841,2,0,NA
2213848_2,2022-09-04 22:28:47.331955,CLO,2213848.jpg,2213848,2,0,NA
2213846_2,2022-09-04 22:28:29.757180,CLO,2213846.png,2213846,2,0,NA
2213844_2,2022-09-04 22:28:15.938658,CLO,2213844.png,2213844,2,0,NA
2213843_2,2022-09-04 22:28:03.533038,CLO,2213843.png,2213843,2,0,NA
2212117_2,2022-09-04 22:25:07.310879,CLO,2212117.png,2212117,2,0,NA
2212118_2,2022-09-04 22:24:44.138707,CLO,2212118.png,2212118,2,0,NA
2212052_2,2022-09-04 22:23:10.502112,ACC,2212052.png,2212052,2,0,NA
2212047_2,2022-09-04 22:20:53.254550,ACC,2212047.jpeg,2212047,2,0,NA
2212050_2,2022-09-04 22:14:38.722866,ACC,2212050.png,2212050,2,0,NA
2212986_2,2022-09-04 21:58:47.854295,CLO,2212986.jpeg,2212986,2,0,NA
2212999_2,2022-09-04 21:56:41.051425,CLO,2212999.jpeg,2212999,2,0,NA
2213000_2,2022-09-04 21:48:57.001390,CLO,2213000.jpeg,2213000,2,0,NA
2213002_2,2022-09-04 21:48:12.003241,CLO,2213002.jpeg,2213002,2,0,NA
2213001_2,2022-09-04 21:47:12.490738,CLO,2213001.png,2213001,2,0,NA
2213014_2,2022-09-04 21:46:01.825594,CLO,2213014.png,2213014,2,0,NA
2213013_2,2022-09-04 21:45:27.501358,CLO,2213013.png,2213013,2,0,NA
2213012_2,2022-09-04 21:44:29.147589,CLO,2213012.png,2213012,2,0,NA
2213015_2,2022-09-04 21:43:13.520017,CLO,2213015.png,2213015,2,0,NA
2213016_2,2022-09-04 21:42:22.125281,CLO,2213016.png,2213016,2,0,NA
2213017_2,2022-09-04 21:41:11.125084,CLO,2213017.png,2213017,2,0,NA
2213018_2,2022-09-04 21:40:06.170711,CLO,2213018.jpg,2213018,2,0,NA
2213019_2,2022-09-04 21:38:47.793023,CLO,2213019.png,2213019,2,0,NA
2213084_2,2022-09-04 21:23:44.829802,CLO,2213084.jpg,2213084,2,0,NA
2213020_2,2022-09-04 21:23:28.211437,CLO,2213020.jpg,2213020,2,0,NA
2213100_2,2022-09-04 21:22:46.173865,CLO,2213100.jpg,2213100,2,0,NA
2213101_2,2022-09-04 21:22:28.925245,CLO,2213101.jpg,2213101,2,0,NA
2213102_2,2022-09-04 21:22:07.753436,CLO,2213102.jpg,2213102,2,0,NA
2213103_2,2022-09-04 21:21:41.223477,CLO,2213103.jpg,2213103,2,0,NA
2213104_2,2022-09-04 21:21:13.260502,CLO,2213104.jpg,2213104,2,0,NA
2213105_2,2022-09-04 21:20:40.777746,CLO,2213105.jpg,2213105,2,0,NA
2213106_2,2022-09-04 21:20:11.140481,CLO,2213106.jpg,2213106,2,0,NA
2213107_2,2022-09-04 21:19:24.190448,CLO,2213107.jpg,2213107,2,0,NA
2213114_2,2022-09-04 21:18:47.573643,CLO,2213114.png,2213114,2,0,NA
2213160_2,2022-09-04 21:00:57.032534,ACC,2213160.png,2213160,2,0,NA
2213159_2,2022-09-04 21:00:37.931931,ACC,2213159.png,2213159,2,0,NA
2213163_2,2022-09-04 20:56:01.345791,ACC,2213163.jpg,2213163,2,0,NA
2213162_2,2022-09-04 20:55:52.357949,ACC,2213162.jpg,2213162,2,0,NA
2213161_2,2022-09-04 20:55:20.064628,ACC,2213161.jpg,2213161,2,0,NA
2213330_2,2022-09-04 20:53:09.450062,CLO,2213330.jpg,2213330,2,0,NA
2213331_2,2022-09-04 20:52:41.832328,CLO,2213331.jpg,2213331,2,0,NA
2213332_2,2022-09-04 20:51:54.088588,CLO,2213332.jpg,2213332,2,0,NA
2213582_2,2022-09-04 20:50:35.314483,CLO,2213582.jpg,2213582,2,0,NA
2213572_2,2022-09-04 20:48:03.385868,CLO,2213572.png,2213572,2,0,NA
2213573_2,2022-09-04 20:47:35.783640,CLO,2213573.png,2213573,2,0,NA
2213578_2,2022-09-04 20:46:55.890171,CLO,2213578.png,2213578,2,0,NA
2213574_2,2022-09-04 20:45:48.268966,CLO,2213574.png,2213574,2,0,NA
2213581_2,2022-09-04 20:45:25.682427,CLO,2213581.png,2213581,2,0,NA
2213579_2,2022-09-04 20:44:58.240181,CLO,2213579.png,2213579,2,0,NA
2213575_2,2022-09-04 20:44:27.126888,CLO,2213575.png,2213575,2,0,NA
2213576_2,2022-09-04 20:44:06.095711,CLO,2213576.png,2213576,2,0,NA
2213580_2,2022-09-04 20:43:27.951882,CLO,2213580.png,2213580,2,0,NA
2213577_2,2022-09-04 20:42:54.425337,CLO,2213577.png,2213577,2,0,NA
2213142_2,2022-09-04 20:28:06.233395,ACC,2213142.jpg,2213142,2,0,NA
2213141_2,2022-09-04 20:28:06.211244,ACC,2213141.jpg,2213141,2,0,NA
2213138_2,2022-09-04 20:28:06.180034,ACC,2213138.jpg,2213138,2,0,NA
2213137_2,2022-09-04 20:28:06.164412,ACC,2213137.jpg,2213137,2,0,NA
2213136_2,2022-09-04 20:28:06.148759,ACC,2213136.jpg,2213136,2,0,NA
2213135_2,2022-09-04 20:28:06.117509,ACC,2213135.jpg,2213135,2,0,NA
2213134_2,2022-09-04 20:28:06.095381,JEW,2213134.jpg,2213134,2,0,NA
2213133_2,2022-09-04 20:28:06.079760,JEW,2213133.jpg,2213133,2,0,NA
2213132_2,2022-09-04 20:28:06.064168,JEW,2213132.jpg,2213132,2,0,NA
2213131_2,2022-09-04 20:28:06.032926,JEW,2213131.jpg,2213131,2,0,NA
2213130_2,2022-09-04 20:28:06.017267,CLO,2213130.jpg,2213130,2,0,NA
2213129_2,2022-09-04 20:28:05.995076,CLO,2213129.jpg,2213129,2,0,NA
2213127_2,2022-09-04 20:28:05.979484,CLO,2213127.jpg,2213127,2,0,NA
2213121_2,2022-09-04 20:28:05.948242,CLO,2213121.jpg,2213121,2,0,NA
2213120_2,2022-09-04 20:28:05.932588,CLO,2213120.jpg,2213120,2,0,NA
2213119_2,2022-09-04 20:28:05.910419,CLO,2213119.jpg,2213119,2,0,NA
2213118_2,2022-09-04 20:28:05.879176,CLO,2213118.jpg,2213118,2,0,NA
2212916_2,2022-09-04 20:28:05.863558,SHO,2212916.jpg,2212916,2,0,NA
2212897_2,2022-09-04 20:28:05.794339,CLO,2212897.jpg,2212897,2,0,NA
2212895_2,2022-09-04 20:28:05.747497,CLO,2212895.jpg,2212895,2,0,NA
2212894_2,2022-09-04 20:28:05.716218,CLO,2212894.jpg,2212894,2,0,NA
2212893_2,2022-09-04 20:28:05.609406,CLO,2212893.jpg,2212893,2,0,NA
2212890_2,2022-09-04 20:28:05.578130,CLO,2212890.jpg,2212890,2,0,NA
2212880_2,2022-09-04 20:28:05.515638,CLO,2212880.jpg,2212880,2,0,NA
2212874_2,2022-09-04 20:28:05.493471,CLO,2212874.jpg,2212874,2,0,NA
2212867_2,2022-09-04 20:28:05.393393,CLO,2212867.jpg,2212867,2,0,NA
2212837_2,2022-09-04 20:28:05.346562,ACC,2212837.jpg,2212837,2,0,NA
2212836_2,2022-09-04 20:28:05.330909,ACC,2212836.jpg,2212836,2,0,NA
2212835_2,2022-09-04 20:28:05.277494,ACC,2212835.jpg,2212835,2,0,NA
2212834_2,2022-09-04 20:28:05.215005,ACC,2212834.jpg,2212834,2,0,NA
2212833_2,2022-09-04 20:28:05.199989,ACC,2212833.jpg,2212833,2,0,NA
2212832_2,2022-09-04 20:28:05.161647,ACC,2212832.jpg,2212832,2,0,NA
2212831_2,2022-09-04 20:28:05.146026,ACC,2212831.jpg,2212831,2,0,NA
2212830_2,2022-09-04 20:28:05.130403,ACC,2212830.jpg,2212830,2,0,NA
2212829_2,2022-09-04 20:28:05.108270,ACC,2212829.jpg,2212829,2,0,NA
2212828_2,2022-09-04 20:28:05.077026,ACC,2212828.jpg,2212828,2,0,NA
2212827_2,2022-09-04 20:28:05.061408,ACC,2212827.jpg,2212827,2,0,NA
2212826_2,2022-09-04 20:28:05.030165,CLO,2212826.jpg,2212826,2,0,NA
2212825_2,2022-09-04 20:28:05.014537,CLO,2212825.jpg,2212825,2,0,NA
2212824_2,2022-09-04 20:28:04.992407,CLO,2212824.jpg,2212824,2,0,NA
2212823_2,2022-09-04 20:28:04.961164,CLO,2212823.jpg,2212823,2,0,NA
2212822_2,2022-09-04 20:28:04.814307,CLO,2212822.jpg,2212822,2,0,NA
2212821_2,2022-09-04 20:28:04.519386,CLO,2212821.jpg,2212821,2,0,NA
2212820_2,2022-09-04 20:28:04.290926,CLO,2212820.jpg,2212820,2,0,NA
2212667_2,2022-09-04 20:28:04.112330,CLO,2212667.jpg,2212667,2,0,NA
2212554_2,2022-09-04 20:28:04.090200,CLO,2212554.jpg,2212554,2,0,NA
2212543_2,2022-09-04 20:28:04.058925,CLO,2212543.jpg,2212543,2,0,NA
2212271_2,2022-09-04 20:28:03.812083,SHO,2212271.jpg,2212271,2,0,NA
2212256_2,2022-09-04 20:28:03.774837,SHO,2212256.jpg,2212256,2,0,NA
2213989_2,2022-09-02 18:33:57.478305,CLO,2213989.jpeg,2213989,2,0,NA
2213983_2,2022-09-02 16:40:26.342699,CLO,2213983.jpeg,2213983,2,0,NA
2213988_2,2022-09-02 16:39:51.092741,CLO,2213988.jpeg,2213988,2,0,NA
2213986_2,2022-09-02 16:37:45.848597,CLO,2213986.jpeg,2213986,2,0,NA
2213740_2,2022-09-02 16:27:26.721068,CLO,2213740.jpg,2213740,2,0,NA
2213967_2,2022-09-02 13:20:54.862700,CLO,2213967.png,2213967,2,0,NA
2213965_2,2022-09-02 13:15:29.987271,CLO,2213965.png,2213965,2,0,NA
2213963_2,2022-09-02 13:12:00.064616,CLO,2213963.png,2213963,2,0,NA
2213957_2,2022-09-02 12:59:59.129484,CLO,2213957.png,2213957,2,0,NA
2213952_2,2022-09-02 12:52:05.113443,CLO,2213952.png,2213952,2,0,NA
2213948_2,2022-09-02 09:42:36.353046,CLO,2213948.jpg,2213948,2,0,NA
2213946_2,2022-09-02 09:42:19.860180,CLO,2213946.jpg,2213946,2,0,NA
2213941_2,2022-09-02 09:42:05.143289,CLO,2213941.jpg,2213941,2,0,NA
2213982_2,2022-09-02 01:10:52.828840,CLO,2213982.jpg,2213982,2,0,NA
2213980_2,2022-09-02 01:03:49.742275,CLO,2213980.jpg,2213980,2,0,NA
2213891_2,2022-09-02 01:03:40.439289,CLO,2213891.jpg,2213891,2,0,NA
2213981_2,2022-09-02 01:03:33.240019,CLO,2213981.jpg,2213981,2,0,NA
2213954_2,2022-09-01 15:54:50.821800,CLO,2213954.jpg,2213954,2,0,NA
2213954_2,2022-09-01 15:54:50.821800,CLO,2213954.jfif,2213954,2,0,NA
2213819_2,2022-09-01 12:48:49.030596,ACC,2213819.jpg,2213819,2,0,NA
2213817_2,2022-09-01 12:43:45.472596,ACC,2213817.jpg,2213817,2,0,NA
2212967_2,2022-09-01 11:53:30.013513,CLO,2212967.jpg,2212967,2,0,NA
0_2,2022-09-01 11:53:11.374327,CLO,Imagen2.jpg,0,2,0,NA
2212965_2,2022-09-01 11:53:02.966748,CLO,2212965.png,2212965,2,0,NA
2213893_2,2022-09-01 10:51:38.192675,JEW,2213893.jpg,2213893,2,0,NA
0_0,2022-09-01 10:27:43.794690,Print\LogsPaqueteras,StatusEntregaLog.txt,0,0,0,NA
2214807_2,2022-09-01 08:17:24.652240,CLO,2214807.jpg,2214807,2,0,NA
2214807_2,2022-09-01 08:17:24.652240,CLO,2214807.jfif,2214807,2,0,NA
2213979_2,2022-09-01 08:16:59.199497,CLO,2213979.jfif,2213979,2,0,NA
2213979_2,2022-09-01 08:16:59.199497,CLO,2213979.jpg,2213979,2,0,NA
2214810_2,2022-09-01 08:16:29.465219,CLO,2214810.jpg,2214810,2,0,NA
2214810_2,2022-09-01 08:16:29.465219,CLO,2214810.jfif,2214810,2,0,NA
2214809_2,2022-09-01 08:15:49.199750,CLO,2214809.jpg,2214809,2,0,NA
2214809_2,2022-09-01 08:15:49.199750,CLO,2214809.jfif,2214809,2,0,NA
2213790_2,2022-08-31 23:07:33.019303,CLO,2213790.JPG,2213790,2,0,NA
2213770_2,2022-08-31 17:12:34.181466,BEAUTY,2213770.jpg,2213770,2,0,NA
2213771_2,2022-08-31 17:12:32.837656,BEAUTY,2213771.jpg,2213771,2,0,NA
2213772_2,2022-08-31 17:12:31.322099,BEAUTY,2213772.jpg,2213772,2,0,NA
2213773_2,2022-08-31 17:12:29.978232,BEAUTY,2213773.jpg,2213773,2,0,NA
2213774_2,2022-08-31 17:12:28.634694,BEAUTY,2213774.jpg,2213774,2,0,NA
2213775_2,2022-08-31 17:12:27.212627,BEAUTY,2213775.jpg,2213775,2,0,NA
2213780_2,2022-08-31 17:12:20.040826,BEAUTY,2213780.jpg,2213780,2,0,NA
2213781_2,2022-08-31 17:12:18.259458,BEAUTY,2213781.jpg,2213781,2,0,NA
2213764_2,2022-08-31 12:13:09.610316,ACC,2213764.JPG,2213764,2,0,NA
2213763_2,2022-08-31 12:07:26.342449,ACC,2213763.JPG,2213763,2,0,NA
2213761_2,2022-08-31 12:01:27.782609,ACC,2213761.JPG,2213761,2,0,NA
2213757_2,2022-08-31 12:01:26.035357,ACC,2213757.JPG,2213757,2,0,NA
2213743_2,2022-08-31 11:14:18.847656,CLO,2213743.jfif,2213743,2,0,NA
2213743_2,2022-08-31 11:14:18.847656,CLO,2213743.jpg,2213743,2,0,NA
2213741_2,2022-08-31 11:14:08.394515,CLO,2213741.jfif,2213741,2,0,NA
2213741_2,2022-08-31 11:14:08.394515,CLO,2213741.jpg,2213741,2,0,NA
2213742_2,2022-08-31 11:13:55.629078,CLO,2213742.jfif,2213742,2,0,NA
2213742_2,2022-08-31 11:13:55.629078,CLO,2213742.jpg,2213742,2,0,NA
2213977_2,2022-08-31 11:02:52.484782,CLO,2213977.jfif,2213977,2,0,NA
2213977_2,2022-08-31 11:02:52.484782,CLO,2213977.jpg,2213977,2,0,NA
2213879_2,2022-08-31 10:23:11.106903,JEW,2213879.jpg,2213879,2,0,NA
2213878_2,2022-08-31 10:23:11.075657,JEW,2213878.jpg,2213878,2,0,NA
2213875_2,2022-08-31 10:23:11.044414,JEW,2213875.jpg,2213875,2,0,NA
2213837_2,2022-08-31 08:36:50.324494,CLO,2213837.jpg,2213837,2,0,NA
2213837_2,2022-08-31 08:36:50.324494,CLO,2213837.jfif,2213837,2,0,NA
2213836_2,2022-08-31 08:36:16.186209,CLO,2213836.jpg,2213836,2,0,NA
2213836_2,2022-08-31 08:36:16.186209,CLO,2213836.jfif,2213836,2,0,NA
2213829_2,2022-08-31 08:34:18.303586,CLO,2213829.jfif,2213829,2,0,NA
2213829_2,2022-08-31 08:34:18.303586,CLO,2213829.jpg,2213829,2,0,NA
2212841_2,2022-08-30 13:51:38.732225,CLO,2212841,2212841,2,221284,NA
2212841_2,2022-08-30 13:51:17.795184,CLO,2212841.webp,2212841,2,0,NA
2213566_2,2022-08-30 13:35:51.441705,CLO,2213566.jpg,2213566,2,0,NA
2213565_2,2022-08-30 13:35:11.208228,CLO,2213565.jpg,2213565,2,0,NA
2213564_2,2022-08-30 13:34:37.755854,CLO,2213564.jpg,2213564,2,0,NA
2213973_2,2022-08-30 13:33:56.350581,CLO,2213973.jfif,2213973,2,0,NA
2213973_2,2022-08-30 13:33:56.350581,CLO,2213973.jpg,2213973,2,0,NA
2213563_2,2022-08-30 13:33:01.867655,CLO,2213563.jpg,2213563,2,0,NA
2213972_2,2022-08-30 13:32:47.321003,CLO,2213972.jfif,2213972,2,0,NA
2213972_2,2022-08-30 13:32:47.321003,CLO,2213972.jpg,2213972,2,0,NA
2213835_2,2022-08-30 13:31:49.900446,CLO,2213835.jfif,2213835,2,0,NA
2213835_2,2022-08-30 13:31:49.900446,CLO,2213835.jpg,2213835,2,0,NA
2213562_2,2022-08-30 13:31:16.354459,CLO,2213562.jpg,2213562,2,0,NA
2213561_2,2022-08-30 13:29:58.918575,CLO,2213561.jpg,2213561,2,0,NA
2213560_2,2022-08-30 13:29:09.935335,CLO,2213560.jpg,2213560,2,0,NA
2213559_2,2022-08-30 13:27:36.999991,CLO,2213559.jpg,2213559,2,0,NA
2213558_2,2022-08-30 13:25:48.205281,CLO,2213558.jpg,2213558,2,0,NA
2213557_2,2022-08-30 13:25:15.065203,CLO,2213557.jpg,2213557,2,0,NA
2213556_2,2022-08-30 13:24:43.862638,CLO,2213556.jpg,2213556,2,0,NA
2213550_2,2022-08-30 13:24:18.628667,CLO,2213550.jpg,2213550,2,0,NA
2213546_2,2022-08-30 13:20:57.038268,CLO,2213546.jpg,2213546,2,0,NA
2213543_2,2022-08-30 13:20:31.539724,CLO,2213543.jpg,2213543,2,0,NA
2213541_2,2022-08-30 13:19:37.914595,CLO,2213541.jpg,2213541,2,0,NA
2213537_2,2022-08-30 13:17:48.588687,CLO,2213537.jpg,2213537,2,0,NA
2213535_2,2022-08-30 13:17:07.385891,CLO,2213535.jpg,2213535,2,0,NA
2213533_2,2022-08-30 13:16:42.073802,CLO,2213533.jpg,2213533,2,0,NA
2213530_2,2022-08-30 13:16:16.183430,CLO,2213530.jpg,2213530,2,0,NA
2213527_2,2022-08-30 13:14:23.247103,CLO,2213527.jpg,2213527,2,0,NA
2213273_2,2022-08-30 13:12:37.904449,CLO,2213273.jpg,2213273,2,0,NA
2213272_2,2022-08-30 13:11:48.498674,CLO,2213272.jpg,2213272,2,0,NA
2213271_2,2022-08-30 13:10:24.090800,CLO,2213271.jpg,2213271,2,0,NA
2213270_2,2022-08-30 13:08:07.790986,CLO,2213270.jpg,2213270,2,0,NA
2213269_2,2022-08-30 13:07:02.211448,CLO,2213269.jpg,2213269,2,0,NA
2213268_2,2022-08-30 13:06:17.177091,CLO,2213268.jpg,2213268,2,0,NA
2213267_2,2022-08-30 13:05:35.157046,CLO,2213267.jpg,2213267,2,0,NA
2213266_2,2022-08-30 13:04:22.930739,CLO,2213266.jpg,2213266,2,0,NA
2213265_2,2022-08-30 13:03:49.177250,CLO,2213265.jpg,2213265,2,0,NA
2213264_2,2022-08-30 13:00:36.689565,CLO,2213264.jpg,2213264,2,0,NA
2213263_2,2022-08-30 12:59:52.503451,CLO,2213263.jpg,2213263,2,0,NA
2213262_2,2022-08-30 12:58:32.915295,CLO,2213262.jpg,2213262,2,0,NA
2213261_2,2022-08-30 12:57:39.288618,CLO,2213261.jpg,2213261,2,0,NA
2213259_2,2022-08-30 12:55:22.038457,CLO,2213259.jpg,2213259,2,0,NA
2213258_2,2022-08-30 12:54:10.868638,CLO,2213258.jpg,2213258,2,0,NA
2213257_2,2022-08-30 12:48:31.503810,CLO,2213257.jpg,2213257,2,0,NA
2213706_2,2022-08-30 12:45:55.570792,CLO,2213706.jfif,2213706,2,0,NA
2213706_2,2022-08-30 12:45:55.570792,CLO,2213706.jpg,2213706,2,0,NA
2213712_2,2022-08-30 12:45:43.571151,CLO,2213712.jfif,2213712,2,0,NA
2213712_2,2022-08-30 12:45:43.571151,CLO,2213712.jpg,2213712,2,0,NA
2213256_2,2022-08-30 12:42:00.640300,CLO,2213256.jpg,2213256,2,0,NA
2213254_2,2022-08-30 12:40:24.314978,CLO,2213254.jpg,2213254,2,0,NA
2213253_2,2022-08-30 12:38:28.834040,CLO,2213253.jpg,2213253,2,0,NA
2213117_2,2022-08-30 12:34:42.293948,CLO,2213117.jpg,2213117,2,0,NA
2213125_2,2022-08-30 12:33:22.921234,CLO,2213125.jpg,2213125,2,0,NA
2213124_2,2022-08-30 12:32:23.251133,CLO,2213124.jpg,2213124,2,0,NA
2213514_2,2022-08-30 12:29:45.943304,CLO,2213514.jpg,2213514,2,0,NA
2213512_2,2022-08-30 12:29:35.943557,CLO,2213512.jpg,2213512,2,0,NA
2213511_2,2022-08-30 12:29:24.287659,CLO,2213511.jpg,2213511,2,0,NA
2213510_2,2022-08-30 12:29:09.491229,CLO,2213510.jpg,2213510,2,0,NA
2213508_2,2022-08-30 12:28:57.054125,CLO,2213508.jpg,2213508,2,0,NA
2213506_2,2022-08-30 12:28:43.648243,CLO,2213506.jpg,2213506,2,0,NA
2213505_2,2022-08-30 12:28:05.618106,CLO,2213505.jpg,2213505,2,0,NA
2213342_2,2022-08-30 12:27:48.478123,CLO,2213342.jpg,2213342,2,0,NA
2213397_2,2022-08-30 12:27:32.634742,CLO,2213397.jpg,2213397,2,0,NA
2213341_2,2022-08-30 12:27:12.088637,CLO,2213341.jpg,2213341,2,0,NA
2213112_2,2022-08-30 12:27:03.994962,CLO,2213112.jpg,2213112,2,0,NA
2213339_2,2022-08-30 12:26:52.464032,CLO,2213339.jpg,2213339,2,0,NA
2213338_2,2022-08-30 12:26:37.730060,CLO,2213338.jpg,2213338,2,0,NA
2213111_2,2022-08-30 12:25:52.949877,CLO,2213111.jpg,2213111,2,0,NA
2213056_2,2022-08-30 12:25:14.044511,CLO,2213056.jpg,2213056,2,0,NA
2213110_2,2022-08-30 12:25:00.372970,CLO,2213110.jpg,2213110,2,0,NA
2213055_2,2022-08-30 12:24:48.560757,CLO,2213055.jpg,2213055,2,0,NA
2213054_2,2022-08-30 12:24:31.748610,CLO,2213054.jpg,2213054,2,0,NA
2213109_2,2022-08-30 12:24:16.092735,CLO,2213109.jpg,2213109,2,0,NA
2213053_2,2022-08-30 12:24:15.717730,CLO,2213053.jpg,2213053,2,0,NA
2213052_2,2022-08-30 12:23:55.483830,CLO,2213052.jpg,2213052,2,0,NA
2213082_2,2022-08-30 12:23:35.140574,CLO,2213082.jpg,2213082,2,0,NA
2212990_2,2022-08-30 12:22:27.454637,CLO,2212990.jpg,2212990,2,0,NA
2212984_2,2022-08-30 12:21:57.799044,CLO,2212984.jpg,2212984,2,0,NA
2213717_2,2022-08-30 12:21:22.549859,CLO,2213717.png,2213717,2,0,NA
2212972_2,2022-08-30 12:21:13.909529,CLO,2212972.jpg,2212972,2,0,NA
2212967_2,2022-08-30 12:20:26.473057,CLO,2212967.png,2212967,2,0,NA
2212962_2,2022-08-30 12:19:55.661259,CLO,2212962.jpg,2212962,2,0,NA
2212958_2,2022-08-30 12:19:36.583593,CLO,2212958.png,2212958,2,0,NA
2212954_2,2022-08-30 12:19:21.646420,CLO,2212954.jpg,2212954,2,0,NA
2212842_2,2022-08-30 12:17:28.992831,CLO,2212842.jpg,2212842,2,0,NA
2213081_2,2022-08-30 12:15:37.665998,CLO,2213081.jpg,2213081,2,0,NA
2212998_2,2022-08-30 12:14:07.963225,CLO,2212998.jpg,2212998,2,0,NA
2213714_2,2022-08-30 12:13:37.932059,CLO,2213714.png,2213714,2,0,NA
2212840_2,2022-08-30 12:11:25.010134,CLO,2212840.png,2212840,2,0,NA
2213711_2,2022-08-30 12:06:36.407641,CLO,2213711.png,2213711,2,0,NA
2212839_2,2022-08-30 12:05:46.260476,CLO,2212839.jpg,2212839,2,0,NA
2212995_2,2022-08-30 12:05:21.741654,CLO,2212995.jpg,2212995,2,0,NA
2213709_2,2022-08-30 12:01:33.130936,CLO,2213709.png,2213709,2,0,NA
2213708_2,2022-08-30 12:00:26.728164,CLO,2213708.png,2213708,2,0,NA
2212993_2,2022-08-30 11:47:48.938359,CLO,2212993.jpg,2212993,2,0,NA
2212989_2,2022-08-30 11:45:53.849534,CLO,2212989.jpg,2212989,2,0,NA
2212987_2,2022-08-30 11:43:37.683408,CLO,2212987.jpg,2212987,2,0,NA
2212936_2,2022-08-30 10:49:10.400044,CLO,2212936.jpg,2212936,2,0,NA
2212935_2,2022-08-30 10:46:16.925199,CLO,2212935.jpg,2212935,2,0,NA
2212934_2,2022-08-30 10:45:10.132023,CLO,2212934.jpg,2212934,2,0,NA
2212933_2,2022-08-30 10:44:28.368682,CLO,2212933.jpg,2212933,2,0,NA
2212911_2,2022-08-30 10:42:33.062540,CLO,2212911.jpg,2212911,2,0,NA
2212900_2,2022-08-30 10:39:41.509457,CLO,2212900.jpg,2212900,2,0,NA
2212838_2,2022-08-30 10:13:28.602236,CLO,2212838,2212838,2,221283,NA
2212898_2,2022-08-30 10:11:07.666948,CLO,2212898.jpg,2212898,2,0,NA
2212912_2,2022-08-30 10:08:26.661332,CLO,2212912.jpg,2212912,2,0,NA
2213669_2,2022-08-30 10:07:52.910194,CLO,2213669.jpg,2213669,2,0,NA
2212910_2,2022-08-30 10:07:32.893852,CLO,2212910.jpg,2212910,2,0,NA
2212677_2,2022-08-30 10:06:16.452082,CLO,2212677.jpg,2212677,2,0,NA
2212676_2,2022-08-30 10:04:45.668808,CLO,2212676.png,2212676,2,0,NA
2212675_2,2022-08-30 10:04:02.144861,CLO,2212675.jpg,2212675,2,0,NA
2213688_2,2022-08-30 00:46:22.192302,CLO,2213688.jpg,2213688,2,0,NA
2213687_2,2022-08-30 00:36:01.509249,CLO,2213687.jpg,2213687,2,0,NA
2213686_2,2022-08-30 00:28:50.055332,CLO,2213686.jpg,2213686,2,0,NA
2213685_2,2022-08-30 00:14:11.608738,CLO,2213685.jpg,2213685,2,0,NA
2213978_2,2022-08-29 16:00:14.217059,CLO,2213978.jfif,2213978,2,0,NA
2213978_2,2022-08-29 16:00:14.217059,CLO,2213978.jpg,2213978,2,0,NA
2213665_2,2022-08-29 15:54:50.793049,CLO,2213665.jfif,2213665,2,0,NA
2213665_2,2022-08-29 15:54:50.793049,CLO,2213665.jpg,2213665,2,0,NA
2211938_2,2022-08-29 14:05:30.000000,CLO,2211938.jpg,2211938,2,0,NA
2211938_2,2022-08-29 14:05:30.000000,CLO,2211938 (2).jpg,2211938,2,2,NA
2211938_2,2022-08-29 14:05:30.000000,CLO,2211938.png,2211938,2,0,NA
2212033_2,2022-08-29 14:05:30.000000,CLO,2212033.jpg,2212033,2,0,NA
2211852_2,2022-08-29 14:05:29.000000,CLO,2211852.jpg,2211852,2,0,NA
2211850_2,2022-08-29 14:05:28.000000,CLO,2211850.PNG,2211850,2,0,NA
2211822_2,2022-08-29 14:05:28.000000,CLO,2211822.png,2211822,2,0,NA
2211785_2,2022-08-29 14:05:26.000000,CLO,2211785.jpg,2211785,2,0,NA
2211783_2,2022-08-29 14:05:25.000000,CLO,2211783.jpg,2211783,2,0,NA
2211559_2,2022-08-29 14:05:22.000000,CLO,2211559.jpg,2211559,2,0,NA
2211558_2,2022-08-29 14:05:21.000000,CLO,2211558.jpg,2211558,2,0,NA
2211557_2,2022-08-29 14:05:20.000000,CLO,2211557.jpg,2211557,2,0,NA
2211556_2,2022-08-29 14:05:19.000000,CLO,2211556.jpg,2211556,2,0,NA
2211555_2,2022-08-29 14:05:18.000000,CLO,2211555.jpg,2211555,2,0,NA
2211554_2,2022-08-29 14:05:18.000000,CLO,2211554.jpg,2211554,2,0,NA
2211553_2,2022-08-29 14:05:17.000000,CLO,2211553.jpg,2211553,2,0,NA
2211515_2,2022-08-29 14:05:16.000000,CLO,2211515.jpg,2211515,2,0,NA
2211508_2,2022-08-29 14:05:16.000000,CLO,2211508.jpg,2211508,2,0,NA
2211465_2,2022-08-29 14:05:15.000000,CLO,2211465.jpg,2211465,2,0,NA
2211455_2,2022-08-29 14:05:14.000000,CLO,2211455.JPG,2211455,2,0,NA
2211348_2,2022-08-29 14:05:13.000000,CLO,2211348.jpg,2211348,2,0,NA
2211349_2,2022-08-29 14:05:13.000000,CLO,2211349.jpg,2211349,2,0,NA
2211206_2,2022-08-29 14:05:12.000000,CLO,2211206.png,2211206,2,0,NA
2211230_2,2022-08-29 14:05:12.000000,CLO,2211230.jpg,2211230,2,0,NA
2210694_2,2022-08-29 14:05:11.000000,CLO,2210694.png,2210694,2,0,NA
2211960_2,2022-08-29 14:00:56.000000,CLO,2211960.jpg,2211960,2,0,NA
2211300_2,2022-08-29 14:00:53.000000,CLO,2211300.jpg,2211300,2,0,NA
2210497_2,2022-08-29 14:00:51.000000,CLO,2210497.jpg,2210497,2,0,NA
2208469_2,2022-08-29 13:14:54.154955,CLO,2208469.jpg,2208469,2,0,NA
2207880_2,2022-08-29 11:55:40.470626,JEW,2207880.png,2207880,2,0,NA
2207876_2,2022-08-29 11:53:51.783514,JEW,2207876.png,2207876,2,0,NA
2210097_2,2022-08-29 11:48:57.690901,JEW,2210097.jpg,2210097,2,0,NA
2210014_2,2022-08-29 11:44:48.189088,CLO,2210014.png,2210014,2,0,NA
2210934_2,2022-08-29 11:44:48.079725,ACC,2210934.jpg,2210934,2,0,NA
2114238_2,2022-08-29 11:44:48.079720,JEW,2114238.jpg,2114238,2,0,NA
2208370_2,2022-08-29 11:44:48.048471,JEW,2208370.jpg,2208370,2,0,NA
2209851_2,2022-08-29 11:44:48.017226,JEW,2209851.jpg,2209851,2,0,NA
2106274_2,2022-08-29 11:44:48.001599,JEW,2106274.jpg,2106274,2,0,NA
2213629_2,2022-08-29 09:32:17.328327,JEW,2213629.jpg,2213629,2,0,NA
2213590_2,2022-08-29 09:20:40.842503,ACC,2213590.jpg,2213590,2,0,NA
2213585_2,2022-08-28 15:44:25.079747,CLO,2213585.jpg,2213585,2,0,NA
2212407_2,2022-08-26 18:48:50.000000,CLO,2212407.jpeg,2212407,2,0,NA
2212404_2,2022-08-26 18:48:49.000000,CLO,2212404.jpeg,2212404,2,0,NA
2212402_2,2022-08-26 18:48:48.000000,CLO,2212402.jpeg,2212402,2,0,NA
2212380_2,2022-08-26 18:48:47.000000,CLO,2212380.jpg,2212380,2,0,NA
2212400_2,2022-08-26 18:48:47.000000,CLO,2212400.jpeg,2212400,2,0,NA
2212265_2,2022-08-26 18:48:46.000000,CLO,2212265.jpg,2212265,2,0,NA
2212257_2,2022-08-26 18:48:44.000000,CLO,2212257.jpg,2212257,2,0,NA
2212061_2,2022-08-26 18:48:43.000000,CLO,2212061.jpg,2212061,2,0,NA
2212041_2,2022-08-26 18:48:42.000000,CLO,2212041.jpg,2212041,2,0,NA
2212018_2,2022-08-26 18:48:39.000000,CLO,2212018.jpg,2212018,2,0,NA
2211851_2,2022-08-26 18:48:38.000000,CLO,2211851.jpg,2211851,2,0,NA
2211814_2,2022-08-26 18:48:37.000000,CLO,2211814.png,2211814,2,0,NA
2211813_2,2022-08-26 18:48:36.000000,CLO,2211813.png,2211813,2,0,NA
2211788_2,2022-08-26 18:48:36.000000,CLO,2211788.jpg,2211788,2,0,NA
2211787_2,2022-08-26 18:48:35.000000,CLO,2211787.jpg,2211787,2,0,NA
2211784_2,2022-08-26 18:48:34.000000,CLO,2211784.jpg,2211784,2,0,NA
2211782_2,2022-08-26 18:48:33.000000,CLO,2211782.jpg,2211782,2,0,NA
2211753_2,2022-08-26 18:48:32.000000,CLO,2211753.jpg,2211753,2,0,NA
2211780_2,2022-08-26 18:48:32.000000,CLO,2211780.jpg,2211780,2,0,NA
2211724_2,2022-08-26 18:48:30.000000,CLO,2211724.png,2211724,2,0,NA
2211680_2,2022-08-26 18:48:29.000000,CLO,2211680.jpg,2211680,2,0,NA
2211657_2,2022-08-26 18:48:28.000000,CLO,2211657.jpg,2211657,2,0,NA
2211649_2,2022-08-26 18:48:27.000000,CLO,2211649.jpg,2211649,2,0,NA
2211635_2,2022-08-26 18:48:27.000000,CLO,2211635.jpg,2211635,2,0,NA
2211634_2,2022-08-26 18:48:25.000000,CLO,2211634.jpg,2211634,2,0,NA
2211629_2,2022-08-26 18:48:24.000000,CLO,2211629.jpg,2211629,2,0,NA
2211626_2,2022-08-26 18:48:21.000000,CLO,2211626.jpg,2211626,2,0,NA
2211623_2,2022-08-26 18:48:20.000000,CLO,2211623.jpg,2211623,2,0,NA
2211621_2,2022-08-26 18:48:19.000000,CLO,2211621.jpg,2211621,2,0,NA
2211611_2,2022-08-26 18:48:18.000000,CLO,2211611.jpg,2211611,2,0,NA
2211610_2,2022-08-26 18:48:18.000000,CLO,2211610.jpg,2211610,2,0,NA
2211609_2,2022-08-26 18:48:17.000000,CLO,2211609.jpg,2211609,2,0,NA
2211608_2,2022-08-26 18:48:17.000000,CLO,2211608.jpg,2211608,2,0,NA
2211547_2,2022-08-26 18:48:16.000000,CLO,2211547.jpg,2211547,2,0,NA
2211541_2,2022-08-26 18:48:15.000000,CLO,2211541.PNG,2211541,2,0,NA
2211507_2,2022-08-26 18:48:14.000000,CLO,2211507.jpg,2211507,2,0,NA
2211489_2,2022-08-26 18:48:13.000000,CLO,2211489.jpg,2211489,2,0,NA
2211504_2,2022-08-26 18:48:13.000000,CLO,2211504.jpg,2211504,2,0,NA
2211479_2,2022-08-26 18:48:12.000000,CLO,2211479.jpg,2211479,2,0,NA
2211471_2,2022-08-26 18:48:10.000000,CLO,2211471.jpg,2211471,2,0,NA
2211453_2,2022-08-26 18:48:09.000000,CLO,2211453.jpg,2211453,2,0,NA
2211452_2,2022-08-26 18:48:08.000000,CLO,2211452.jpg,2211452,2,0,NA
2211427_2,2022-08-26 18:48:07.000000,CLO,2211427.png,2211427,2,0,NA
2211447_2,2022-08-26 18:48:07.000000,CLO,2211447.jpg,2211447,2,0,NA
2211424_2,2022-08-26 18:48:06.000000,CLO,2211424.png,2211424,2,0,NA
2211360_2,2022-08-26 18:48:04.000000,CLO,2211360.jpg,2211360,2,0,NA
2211265_2,2022-08-26 18:48:04.000000,CLO,2211265.jpg,2211265,2,0,NA
2211263_2,2022-08-26 18:48:02.000000,CLO,2211263.jpg,2211263,2,0,NA
2211264_2,2022-08-26 18:48:02.000000,CLO,2211264.jpg,2211264,2,0,NA
2211251_2,2022-08-26 18:48:01.000000,CLO,2211251.jpg,2211251,2,0,NA
2210981_2,2022-08-26 18:48:01.000000,CLO,2210981.png,2210981,2,0,NA
2210980_2,2022-08-26 18:48:00.000000,CLO,2210980.png,2210980,2,0,NA
2210968_2,2022-08-26 18:47:59.000000,CLO,2210968.jpg,2210968,2,0,NA
2210771_2,2022-08-26 18:47:58.000000,CLO,2210771.jpeg,2210771,2,0,NA
2210693_2,2022-08-26 18:47:56.000000,CLO,2210693.png,2210693,2,0,NA
2210571_2,2022-08-26 18:47:53.000000,CLO,2210571.jpg,2210571,2,0,NA
2210570_2,2022-08-26 18:47:52.000000,CLO,2210570.jpg,2210570,2,0,NA
2210419_2,2022-08-26 18:47:50.000000,CLO,2210419.png,2210419,2,0,NA
2210417_2,2022-08-26 18:47:49.000000,CLO,2210417.png,2210417,2,0,NA
2210333_2,2022-08-26 18:47:48.000000,CLO,2210333.png,2210333,2,0,NA
2210160_2,2022-08-26 18:47:46.000000,CLO,2210160.jpg,2210160,2,0,NA
2208906_2,2022-08-26 18:47:39.000000,CLO,2208906.jpg,2208906,2,0,NA
2208905_2,2022-08-26 18:47:38.000000,CLO,2208905.jpg,2208905,2,0,NA
2206788_2,2022-08-26 18:47:18.000000,CLO,2206788.JPG,2206788,2,0,NA
2206782_2,2022-08-26 18:47:17.000000,CLO,2206782.JPG,2206782,2,0,NA
2206786_2,2022-08-26 18:47:17.000000,CLO,2206786.JPG,2206786,2,0,NA
2211503_2,2022-08-26 18:23:21.000000,CLO,2211503.jpg,2211503,2,0,NA
2211483_2,2022-08-26 18:23:20.000000,CLO,2211483.jpg,2211483,2,0,NA
2211318_2,2022-08-26 18:23:20.000000,CLO,2211318.jpg,2211318,2,0,NA
2211268_2,2022-08-26 18:23:17.000000,CLO,2211268.jpg,2211268,2,0,NA
2211266_2,2022-08-26 18:23:16.000000,CLO,2211266.jpg,2211266,2,0,NA
2211204_2,2022-08-26 18:23:15.000000,CLO,2211204.jpg,2211204,2,0,NA
2211205_2,2022-08-26 18:23:15.000000,CLO,2211205.jpg,2211205,2,0,NA
2211203_2,2022-08-26 18:23:14.000000,CLO,2211203.jpg,2211203,2,0,NA
2211150_2,2022-08-26 18:23:13.000000,CLO,2211150.jpeg,2211150,2,0,NA
2211012_2,2022-08-26 18:23:11.000000,CLO,2211012.png,2211012,2,0,NA
2211148_2,2022-08-26 18:23:11.000000,CLO,2211148.jpeg,2211148,2,0,NA
2211011_2,2022-08-26 18:23:10.000000,CLO,2211011.jpeg,2211011,2,0,NA
2210676_2,2022-08-26 18:23:04.000000,CLO,2210676.jpg,2210676,2,0,NA
2210676_2,2022-08-26 18:23:04.000000,CLO,2210676.png,2210676,2,0,NA
2210643_2,2022-08-26 18:23:03.000000,CLO,2210643.jpg,2210643,2,0,NA
2210578_2,2022-08-26 18:23:02.000000,CLO,2210578.png,2210578,2,0,NA
2210577_2,2022-08-26 18:23:00.000000,CLO,2210577.png,2210577,2,0,NA
2210574_2,2022-08-26 18:22:59.000000,CLO,2210574.png,2210574,2,0,NA
2210576_2,2022-08-26 18:22:59.000000,CLO,2210576.png,2210576,2,0,NA
2210468_2,2022-08-26 18:22:53.000000,CLO,2210468.jpg,2210468,2,0,NA
2210379_2,2022-08-26 18:22:51.000000,CLO,2210379.jpg,2210379,2,0,NA
2210373_2,2022-08-26 18:22:50.000000,CLO,2210373.PNG,2210373,2,0,NA
2210024_2,2022-08-26 18:22:46.000000,CLO,2210024.jpg,2210024,2,0,NA
2210135_2,2022-08-26 18:22:46.000000,CLO,2210135.jpeg,2210135,2,0,NA
2210013_2,2022-08-26 18:22:44.000000,CLO,2210013.jpg,2210013,2,0,NA
2206884_2,2022-08-26 18:22:00.000000,CLO,2206884.jpeg,2206884,2,0,NA
2207598_2,2022-08-26 18:22:00.000000,CLO,2207598.jpg,2207598,2,0,NA
2204074_2,2022-08-26 18:21:41.000000,CLO,2204074.png,2204074,2,0,NA
2211077_2,2022-08-26 18:17:31.000000,CLO,2211077.jpg,2211077,2,0,NA
2211075_2,2022-08-26 18:17:29.000000,CLO,2211075.jpg,2211075,2,0,NA
2210719_2,2022-08-26 18:17:26.000000,CLO,2210719.jpg,2210719,2,0,NA
2210613_2,2022-08-26 18:17:26.000000,CLO,2210613.jpg,2210613,2,0,NA
2210398_2,2022-08-26 18:17:23.000000,CLO,2210398.jpg,2210398,2,0,NA
2210173_2,2022-08-26 18:17:20.000000,CLO,2210173.jpg,2210173,2,0,NA
2210614_2,2022-08-26 18:17:10.000000,CLO,2210614.jpg,2210614,2,0,NA
2210403_2,2022-08-26 18:14:50.000000,CLO,2210403.jpg,2210403,2,0,NA
2210400_2,2022-08-26 18:14:50.000000,CLO,2210400.jpg,2210400,2,0,NA
2210168_2,2022-08-26 18:14:47.000000,CLO,2210168.jpg,2210168,2,0,NA
2208666_2,2022-08-26 17:55:26.000000,CLO,2208666.jpeg,2208666,2,0,NA
2208667_2,2022-08-26 17:55:26.000000,CLO,2208667.jpg,2208667,2,0,NA
2208665_2,2022-08-26 17:55:25.000000,CLO,2208665.jpeg,2208665,2,0,NA
2208663_2,2022-08-26 17:55:24.000000,CLO,2208663.jpeg,2208663,2,0,NA
2208664_2,2022-08-26 17:55:24.000000,CLO,2208664.jpeg,2208664,2,0,NA
2208661_2,2022-08-26 17:55:22.000000,CLO,2208661.jpeg,2208661,2,0,NA
2208660_2,2022-08-26 17:55:21.000000,CLO,2208660.jpeg,2208660,2,0,NA
2208659_2,2022-08-26 17:55:20.000000,CLO,2208659.jpeg,2208659,2,0,NA
2208656_2,2022-08-26 17:55:20.000000,CLO,2208656.jpeg,2208656,2,0,NA
2208654_2,2022-08-26 17:55:19.000000,CLO,2208654.jpeg,2208654,2,0,NA
2208506_2,2022-08-26 17:55:18.000000,CLO,2208506.jpg,2208506,2,0,NA
2208279_2,2022-08-26 17:55:15.000000,CLO,2208279.jpg,2208279,2,0,NA
2208275_2,2022-08-26 17:55:14.000000,CLO,2208275.jpg,2208275,2,0,NA
2208271_2,2022-08-26 17:55:14.000000,CLO,2208271.jpg,2208271,2,0,NA
2208261_2,2022-08-26 17:55:13.000000,CLO,2208261.jpeg,2208261,2,0,NA
2207413_2,2022-08-26 17:55:09.000000,CLO,2207413.jpg,2207413,2,0,NA
2207363_2,2022-08-26 17:55:08.000000,CLO,2207363.jpeg,2207363,2,0,NA
2207354_2,2022-08-26 17:55:07.000000,CLO,2207354.jpeg,2207354,2,0,NA
2207334_2,2022-08-26 17:55:06.000000,CLO,2207334.jpg,2207334,2,0,NA
2207335_2,2022-08-26 17:55:06.000000,CLO,2207335.jpg,2207335,2,0,NA
2207146_2,2022-08-26 17:55:01.000000,CLO,2207146.png,2207146,2,0,NA
2207101_2,2022-08-26 17:55:00.000000,CLO,2207101.jpeg,2207101,2,0,NA
2207107_2,2022-08-26 17:55:00.000000,CLO,2207107.jpg,2207107,2,0,NA
2207100_2,2022-08-26 17:54:59.000000,CLO,2207100.jpeg,2207100,2,0,NA
2206885_2,2022-08-26 17:54:42.000000,CLO,2206885.png,2206885,2,0,NA
2206657_2,2022-08-26 17:54:38.000000,CLO,2206657.PNG,2206657,2,0,NA
2206518_2,2022-08-26 17:54:37.000000,CLO,2206518.jpg,2206518,2,0,NA
2208820_2,2022-08-26 17:53:58.000000,CLO,2208820.jpg,2208820,2,0,NA
2208779_2,2022-08-26 17:53:56.000000,CLO,2208779.jpg,2208779,2,0,NA
2208781_2,2022-08-26 17:53:56.000000,CLO,2208781.jpeg,2208781,2,0,NA
2208768_2,2022-08-26 17:53:55.000000,CLO,2208768.png,2208768,2,0,NA
2208662_2,2022-08-26 17:53:53.000000,CLO,2208662.jpeg,2208662,2,0,NA
2208658_2,2022-08-26 17:53:52.000000,CLO,2208658.jpeg,2208658,2,0,NA
2208297_2,2022-08-26 17:53:50.000000,CLO,2208297.jpg,2208297,2,0,NA
2208290_2,2022-08-26 17:53:49.000000,CLO,2208290.jpeg,2208290,2,0,NA
2208098_2,2022-08-26 17:53:47.000000,CLO,2208098.jpg,2208098,2,0,NA
2207248_2,2022-08-26 17:53:37.000000,CLO,2207248.jpg,2207248,2,0,NA
2207084_2,2022-08-26 17:53:34.000000,CLO,2207084.jpg,2207084,2,0,NA
2207097_2,2022-08-26 17:53:34.000000,CLO,2207097.jpeg,2207097,2,0,NA
2207043_2,2022-08-26 17:53:33.000000,CLO,2207043.png,2207043,2,0,NA
2206949_2,2022-08-26 17:53:28.000000,CLO,2206949.png,2206949,2,0,NA
2206939_2,2022-08-26 17:53:27.000000,CLO,2206939.png,2206939,2,0,NA
2206890_2,2022-08-26 17:53:26.000000,CLO,2206890.png,2206890,2,0,NA
2206664_2,2022-08-26 17:53:19.000000,CLO,2206664.png,2206664,2,0,NA
2206656_2,2022-08-26 17:53:17.000000,CLO,2206656.png,2206656,2,0,NA
2206655_2,2022-08-26 17:53:17.000000,CLO,2206655.png,2206655,2,0,NA
2206530_2,2022-08-26 17:53:15.000000,CLO,2206530.jpg,2206530,2,0,NA
2205709_2,2022-08-26 17:52:59.000000,CLO,2205709.jpg,2205709,2,0,NA
2201363_2,2022-08-26 17:52:36.000000,CLO,2201363.jpg,2201363,2,0,NA
2108886_2,2022-08-26 17:52:25.000000,CLO,2108886.jpg,2108886,2,0,NA
2208285_2,2022-08-26 17:51:00.000000,CLO,2208285.jpg,2208285,2,0,NA
2208136_2,2022-08-26 17:50:58.000000,CLO,2208136.jpg,2208136,2,0,NA
2208138_2,2022-08-26 17:50:58.000000,CLO,2208138.jpg,2208138,2,0,NA
2207672_2,2022-08-26 17:50:57.000000,CLO,2207672.png,2207672,2,0,NA
2207671_2,2022-08-26 17:50:57.000000,CLO,2207671.png,2207671,2,0,NA
2207597_2,2022-08-26 17:50:56.000000,CLO,2207597.jpg,2207597,2,0,NA
2207593_2,2022-08-26 17:50:55.000000,CLO,2207593.jpg,2207593,2,0,NA
2207596_2,2022-08-26 17:50:55.000000,CLO,2207596.jpg,2207596,2,0,NA
2207592_2,2022-08-26 17:50:53.000000,CLO,2207592.jpg,2207592,2,0,NA
2207591_2,2022-08-26 17:50:53.000000,CLO,2207591.jpg,2207591,2,0,NA
2206853_2,2022-08-26 17:50:41.000000,CLO,2206853.png,2206853,2,0,NA
2206851_2,2022-08-26 17:50:41.000000,CLO,2206851.png,2206851,2,0,NA
2206844_2,2022-08-26 17:50:40.000000,CLO,2206844.png,2206844,2,0,NA
2206850_2,2022-08-26 17:50:40.000000,CLO,2206850.png,2206850,2,0,NA
2206831_2,2022-08-26 17:50:39.000000,CLO,2206831.jpg,2206831,2,0,NA
2206837_2,2022-08-26 17:50:38.000000,CLO,2206837.jpg,2206837,2,0,NA
2206823_2,2022-08-26 17:50:37.000000,CLO,2206823.jpg,2206823,2,0,NA
2206824_2,2022-08-26 17:50:37.000000,CLO,2206824.png,2206824,2,0,NA
2206813_2,2022-08-26 17:50:36.000000,CLO,2206813.jpg,2206813,2,0,NA
2206819_2,2022-08-26 17:50:36.000000,CLO,2206819.jpg,2206819,2,0,NA
2206543_2,2022-08-26 17:50:27.000000,CLO,2206543.jpg,2206543,2,0,NA
2206540_2,2022-08-26 17:50:25.000000,CLO,2206540.jpg,2206540,2,0,NA
2206541_2,2022-08-26 17:50:25.000000,CLO,2206541.jpg,2206541,2,0,NA
2208298_2,2022-08-26 17:48:52.000000,CLO,2208298.jpg,2208298,2,0,NA
2208281_2,2022-08-26 17:48:51.000000,CLO,2208281.jpg,2208281,2,0,NA
2208278_2,2022-08-26 17:48:51.000000,CLO,2208278.jpg,2208278,2,0,NA
2208274_2,2022-08-26 17:48:50.000000,CLO,2208274.jpg,2208274,2,0,NA
2208277_2,2022-08-26 17:48:50.000000,CLO,2208277.jpg,2208277,2,0,NA
2208270_2,2022-08-26 17:48:48.000000,CLO,2208270.jpg,2208270,2,0,NA
2208264_2,2022-08-26 17:48:47.000000,CLO,2208264.jpg,2208264,2,0,NA
2207927_2,2022-08-26 17:48:46.000000,CLO,2207927.jpg,2207927,2,0,NA
2208184_2,2022-08-26 17:48:46.000000,CLO,2208184.jpg,2208184,2,0,NA
2207924_2,2022-08-26 17:48:45.000000,CLO,2207924.jpg,2207924,2,0,NA
2207673_2,2022-08-26 17:48:43.000000,CLO,2207673.jpg,2207673,2,0,NA
2207616_2,2022-08-26 17:48:41.000000,CLO,2207616.jpg,2207616,2,0,NA
2207604_2,2022-08-26 17:48:41.000000,CLO,2207604.jpg,2207604,2,0,NA
2207601_2,2022-08-26 17:48:40.000000,CLO,2207601.jpg,2207601,2,0,NA
2207595_2,2022-08-26 17:48:39.000000,CLO,2207595.jpg,2207595,2,0,NA
2207594_2,2022-08-26 17:48:39.000000,CLO,2207594.jpg,2207594,2,0,NA
2207414_2,2022-08-26 17:48:38.000000,CLO,2207414.jpg,2207414,2,0,NA
2206840_2,2022-08-26 17:48:36.000000,CLO,2206840.jpg,2206840,2,0,NA
2206822_2,2022-08-26 17:48:33.000000,CLO,2206822.jpg,2206822,2,0,NA
2201920_2,2022-08-26 17:47:29.000000,CLO,2201920.jpg,2201920,2,0,NA
2207369_2,2022-08-26 17:40:16.000000,CLO,2207369.jpg,2207369,2,0,NA
2207310_2,2022-08-26 17:40:15.000000,CLO,2207310.jpg,2207310,2,0,NA
2207309_2,2022-08-26 17:40:15.000000,CLO,2207309.jpg,2207309,2,0,NA
2207308_2,2022-08-26 17:40:14.000000,CLO,2207308.jpg,2207308,2,0,NA
2207293_2,2022-08-26 17:40:13.000000,CLO,2207293.jpg,2207293,2,0,NA
2207257_2,2022-08-26 17:40:11.000000,CLO,2207257.jpg,2207257,2,0,NA
2207256_2,2022-08-26 17:40:11.000000,CLO,2207256.jpg,2207256,2,0,NA
2207129_2,2022-08-26 17:40:10.000000,CLO,2207129.jpg,2207129,2,0,NA
2207094_2,2022-08-26 17:40:09.000000,CLO,2207094.jpg,2207094,2,0,NA
2207079_2,2022-08-26 17:40:07.000000,CLO,2207079.jpg,2207079,2,0,NA
2207090_2,2022-08-26 17:40:07.000000,CLO,2207090.jpg,2207090,2,0,NA
2207078_2,2022-08-26 17:40:05.000000,CLO,2207078.jpg,2207078,2,0,NA
2207075_2,2022-08-26 17:40:03.000000,CLO,2207075.jpg,2207075,2,0,NA
2207074_2,2022-08-26 17:40:03.000000,CLO,2207074.jpg,2207074,2,0,NA
2207070_2,2022-08-26 17:40:01.000000,CLO,2207070.jpg,2207070,2,0,NA
2206876_2,2022-08-26 17:39:49.000000,CLO,2206876.jpg,2206876,2,0,NA
2206544_2,2022-08-26 17:39:44.000000,CLO,2206544.jpg,2206544,2,0,NA
2206542_2,2022-08-26 17:39:43.000000,CLO,2206542.jpg,2206542,2,0,NA
2205706_2,2022-08-26 17:39:01.000000,CLO,2205706.jpg,2205706,2,0,NA
2204403_2,2022-08-26 17:38:48.000000,CLO,2204403.png,2204403,2,0,NA
2205329_2,2022-08-26 17:34:25.000000,CLO,2205329.jpg,2205329,2,0,NA
2204071_2,2022-08-26 17:34:07.000000,CLO,2204071.png,2204071,2,0,NA
2201977_2,2022-08-26 17:33:28.000000,CLO,2201977.jpg,2201977,2,0,NA
2201578_2,2022-08-26 17:33:26.000000,CLO,2201578.webp,2201578,2,0,NA
2200523_2,2022-08-26 17:33:18.000000,CLO,2200523.jpg,2200523,2,0,NA
1912682_1,2022-08-26 17:29:48.000000,CLO,1912682.webp,1912682,1,0,NA
2200865_2,2022-08-26 17:28:29.000000,CLO,2200865.jpg,2200865,2,0,NA
2202503_2,2022-08-26 17:12:40.000000,CLO,2202503.jpg,2202503,2,0,NA
2200547_2,2022-08-26 17:07:52.000000,CLO,2200547.jpg,2200547,2,0,NA
2200208_2,2022-08-26 17:06:25.000000,CLO,2200208.webp,2200208,2,0,NA
2114314_2,2022-08-26 17:05:35.000000,CLO,2114314.jpg,2114314,2,0,NA
2213584_2,2022-08-26 16:47:17.391943,CLO,2213584.JPG,2213584,2,0,NA
2213583_2,2022-08-26 16:47:02.423368,CLO,2213583.JPG,2213583,2,0,NA
2213571_2,2022-08-26 16:46:47.798394,CLO,2213571.JPG,2213571,2,0,NA
2213570_2,2022-08-26 16:46:30.126491,CLO,2213570.JPG,2213570,2,0,NA
2213568_2,2022-08-26 16:26:09.646777,CLO,2213568.JPG,2213568,2,0,NA
2213567_2,2022-08-26 15:25:16.401578,CLO,2213567.jpg,2213567,2,0,NA
2213555_2,2022-08-26 14:33:23.764472,ACC,2213555.jpg,2213555,2,0,NA
2213554_2,2022-08-26 13:49:36.339220,ACC,2213554.jpg,2213554,2,0,NA
2213552_2,2022-08-26 13:31:38.990912,ACC,2213552.jpg,2213552,2,0,NA
2213548_2,2022-08-26 13:29:52.476477,ACC,2213548.jpg,2213548,2,0,NA
2213544_2,2022-08-26 13:27:52.446381,ACC,2213544.jpg,2213544,2,0,NA
2213549_2,2022-08-26 13:27:15.524859,CLO,2213549.png,2213549,2,0,NA
2213540_2,2022-08-26 13:26:41.743942,CLO,2213540.png,2213540,2,0,NA
2213531_2,2022-08-26 13:26:08.681803,CLO,2213531.png,2213531,2,0,NA
2213526_2,2022-08-26 12:41:12.801293,CLO,2213526.png,2213526,2,0,NA
2213517_2,2022-08-26 11:52:29.633349,ACC,2213517.jpg,2213517,2,0,NA
2213598_2,2022-08-26 11:50:07.227792,JEW,2213598.jpg,2213598,2,0,NA
2213597_2,2022-08-26 11:50:07.196557,JEW,2213597.jpg,2213597,2,0,NA
2213596_2,2022-08-26 11:50:07.180925,JEW,2213596.jpg,2213596,2,0,NA
2213516_2,2022-08-26 11:48:21.810747,ACC,2213516.jpg,2213516,2,0,NA
2213515_2,2022-08-26 11:43:57.254371,ACC,2213515.jpg,2213515,2,0,NA
2213513_2,2022-08-26 11:39:12.511155,ACC,2213513.jpg,2213513,2,0,NA
2213507_2,2022-08-26 11:30:59.991160,ACC,2213507.jpg,2213507,2,0,NA
2213503_2,2022-08-26 11:23:08.157299,ACC,2213503.jpg,2213503,2,0,NA
2213147_2,2022-08-26 10:49:56.317642,CLO,2213147.jpg,2213147,2,0,NA
2213146_2,2022-08-26 10:49:28.271785,CLO,2213146.jpg,2213146,2,0,NA
2213145_2,2022-08-26 10:48:43.726509,CLO,2213145.jpg,2213145,2,0,NA
2213144_2,2022-08-26 10:48:20.383627,CLO,2213144.jpg,2213144,2,0,NA
2213143_2,2022-08-26 10:47:42.791204,CLO,2213143.jpg,2213143,2,0,NA
2213140_2,2022-08-26 10:47:11.104836,CLO,2213140.jpg,2213140,2,0,NA
2213496_2,2022-08-26 10:46:53.105484,ACC,2213496.jpg,2213496,2,0,NA
2213139_2,2022-08-26 10:46:42.621611,CLO,2213139.jpg,2213139,2,0,NA
2213126_2,2022-08-26 10:46:08.529008,CLO,2213126.jpg,2213126,2,0,NA
2213494_2,2022-08-26 10:41:02.149398,ACC,2213494.jpg,2213494,2,0,NA
2213491_2,2022-08-26 10:36:24.128160,ACC,2213491.jpg,2213491,2,0,NA
2213485_2,2022-08-26 10:25:43.198178,ACC,2213485.jpg,2213485,2,0,NA
2213482_2,2022-08-26 09:58:47.379108,ACC,2213482.jpg,2213482,2,0,NA
2213468_2,2022-08-25 17:16:42.799609,CLO,2213468.jpg,2213468,2,0,NA
2213466_2,2022-08-25 16:53:27.344961,CLO,2213466.JPG,2213466,2,0,NA
2213465_2,2022-08-25 16:29:24.647338,CLO,2213465.jpg,2213465,2,0,NA
2213484_2,2022-08-25 14:28:54.345996,CLO,2213484.jpg,2213484,2,0,NA
2213489_2,2022-08-25 14:28:49.408491,CLO,2213489.jpg,2213489,2,0,NA
2213467_2,2022-08-25 14:28:43.939761,CLO,2213467.jpg,2213467,2,0,NA
2213509_2,2022-08-25 14:28:10.189902,CLO,2213509.jpg,2213509,2,0,NA
2213488_2,2022-08-25 14:28:04.736795,CLO,2213488.jpg,2213488,2,0,NA
2213587_2,2022-08-25 14:28:00.330554,CLO,2213587.jpg,2213587,2,0,NA
2213586_2,2022-08-25 14:27:53.939988,CLO,2213586.jpg,2213586,2,0,NA
2213588_2,2022-08-25 14:27:48.877490,CLO,2213588.jpg,2213588,2,0,NA
2213461_2,2022-08-25 14:27:28.955687,CLO,2213461.jpg,2213461,2,0,NA
2213497_2,2022-08-25 14:27:21.690078,CLO,2213497.jpg,2213497,2,0,NA
2213495_2,2022-08-25 14:27:16.471341,CLO,2213495.jpg,2213495,2,0,NA
2213480_2,2022-08-25 14:27:04.424537,CLO,2213480.jpg,2213480,2,0,NA
2213463_2,2022-08-25 14:26:48.049588,CLO,2213463.jpg,2213463,2,0,NA
2213464_2,2022-08-25 14:26:43.096480,CLO,2213464.jpg,2213464,2,0,NA
2213569_2,2022-08-25 14:26:38.252748,CLO,2213569.jpg,2213569,2,0,NA
2213492_2,2022-08-25 14:26:33.268401,CLO,2213492.jpg,2213492,2,0,NA
2213368_2,2022-08-25 13:43:01.080102,CLO,2213368.jpg,2213368,2,0,NA
2213363_2,2022-08-25 13:42:49.408442,CLO,2213363.jpg,2213363,2,0,NA
2213462_2,2022-08-25 13:30:30.540840,CLO,2213462.jpg,2213462,2,0,NA
2213358_2,2022-08-25 13:27:59.683011,CLO,2213358.jpg,2213358,2,0,NA
2213459_2,2022-08-25 13:18:03.688165,CLO,2213459.jpg,2213459,2,0,NA
2213321_2,2022-08-25 13:11:03.594370,CLO,2213321.jpg,2213321,2,0,NA
2213460_2,2022-08-25 11:31:49.381756,CLO,2213460.png,2213460,2,0,NA
2213356_2,2022-08-25 11:23:51.986556,CLO,2213356.jfif,2213356,2,0,NA
2213356_2,2022-08-25 11:23:51.986556,CLO,2213356.jpg,2213356,2,0,NA
2213355_2,2022-08-25 11:23:40.424752,CLO,2213355.jfif,2213355,2,0,NA
2213355_2,2022-08-25 11:23:40.424752,CLO,2213355.jpg,2213355,2,0,NA
2211643_2,2022-08-24 16:44:27.000000,CLO,2211643.jpg,2211643,2,0,NA
2211580_2,2022-08-24 16:44:25.000000,CLO,2211580.jpg,2211580,2,0,NA
2211549_2,2022-08-24 16:44:19.000000,CLO,2211549.jpg,2211549,2,0,NA
2213415_2,2022-08-24 14:52:47.843045,CLO,2213415.png,2213415,2,0,NA
0_7,2022-08-24 14:52:30.999357,CLO,Imagen7.png,0,7,0,NA
2213413_2,2022-08-24 14:48:28.015918,CLO,2213413.png,2213413,2,0,NA
2213411_2,2022-08-24 14:39:23.049251,CLO,2213411.png,2213411,2,0,NA
2213408_2,2022-08-24 14:33:45.253665,CLO,2213408.png,2213408,2,0,NA
2213348_2,2022-08-24 13:41:20.903934,CLO,2213348.jpg,2213348,2,0,NA
2213347_2,2022-08-24 13:40:57.025987,CLO,2213347.jpg,2213347,2,0,NA
2213346_2,2022-08-24 13:40:47.960827,CLO,2213346.jpg,2213346,2,0,NA
2213345_2,2022-08-24 13:40:36.660890,CLO,2213345.jpg,2213345,2,0,NA
2213344_2,2022-08-24 13:40:27.548242,CLO,2213344.jpg,2213344,2,0,NA
2213343_2,2022-08-24 13:40:16.990791,CLO,2213343.jpg,2213343,2,0,NA
2213340_2,2022-08-24 13:40:05.573452,CLO,2213340.jpg,2213340,2,0,NA
2213337_2,2022-08-24 13:39:57.177675,CLO,2213337.jpg,2213337,2,0,NA
2213336_2,2022-08-24 13:39:44.399429,CLO,2213336.jpg,2213336,2,0,NA
2213335_2,2022-08-24 13:39:33.824905,CLO,2213335.jpg,2213335,2,0,NA
2213334_2,2022-08-24 13:39:24.407315,CLO,2213334.jpg,2213334,2,0,NA
2213333_2,2022-08-24 13:39:14.764743,CLO,2213333.jpg,2213333,2,0,NA
2213324_2,2022-08-24 13:39:06.194264,CLO,2213324.jpg,2213324,2,0,NA
2213351_2,2022-08-24 13:38:51.011044,CLO,2213351.jpg,2213351,2,0,NA
2213323_2,2022-08-24 13:38:40.817200,CLO,2213323.jpg,2213323,2,0,NA
2213322_2,2022-08-24 13:38:31.967422,CLO,2213322.jpg,2213322,2,0,NA
2213313_2,2022-08-24 13:38:21.375668,CLO,2213313.jpg,2213313,2,0,NA
2213312_2,2022-08-24 13:38:12.934662,CLO,2213312.jpg,2213312,2,0,NA
2213311_2,2022-08-24 13:38:00.814765,CLO,2213311.jpg,2213311,2,0,NA
2213318_2,2022-08-24 13:37:51.596931,CLO,2213318.jpg,2213318,2,0,NA
2213317_2,2022-08-24 13:37:42.890592,CLO,2213317.jpg,2213317,2,0,NA
2213316_2,2022-08-24 13:37:31.034164,CLO,2213316.jpg,2213316,2,0,NA
2213310_2,2022-08-24 13:37:13.849187,CLO,2213310.jpg,2213310,2,0,NA
2213315_2,2022-08-24 13:37:05.517640,CLO,2213315.jpg,2213315,2,0,NA
2213309_2,2022-08-24 13:36:55.733625,CLO,2213309.jpg,2213309,2,0,NA
2213308_2,2022-08-24 13:35:56.870205,CLO,2213308.jpg,2213308,2,0,NA
2213350_2,2022-08-24 13:35:34.343674,CLO,2213350.jpg,2213350,2,0,NA
2213306_2,2022-08-24 13:34:59.995009,CLO,2213306.jpg,2213306,2,0,NA
2213352_2,2022-08-24 13:34:47.183714,CLO,2213352.jpg,2213352,2,0,NA
2213305_2,2022-08-24 13:34:36.705835,CLO,2213305.jpg,2213305,2,0,NA
2213304_2,2022-08-24 13:34:26.073320,CLO,2213304.jpg,2213304,2,0,NA
2213303_2,2022-08-24 13:34:15.305090,CLO,2213303.jpg,2213303,2,0,NA
2213302_2,2022-08-24 13:34:03.135710,CLO,2213302.jpg,2213302,2,0,NA
2213300_2,2022-08-24 13:33:54.811223,CLO,2213300.jpg,2213300,2,0,NA
2213301_2,2022-08-24 13:33:45.271503,CLO,2213301.jpg,2213301,2,0,NA
2213354_2,2022-08-24 13:33:34.539271,CLO,2213354.jpg,2213354,2,0,NA
2213353_2,2022-08-24 13:33:25.364432,CLO,2213353.jpg,2213353,2,0,NA
2213299_2,2022-08-24 13:33:13.898752,CLO,2213299.jpg,2213299,2,0,NA
2213297_2,2022-08-24 13:33:02.301170,CLO,2213297.jpg,2213297,2,0,NA
2213296_2,2022-08-24 13:32:53.925141,CLO,2213296.jpg,2213296,2,0,NA
2213298_2,2022-08-24 13:32:44.822481,CLO,2213298.jpg,2213298,2,0,NA
2213295_2,2022-08-24 13:32:31.717821,CLO,2213295.jpg,2213295,2,0,NA
2213294_2,2022-08-24 13:32:14.407758,CLO,2213294.jpg,2213294,2,0,NA
2213293_2,2022-08-24 13:32:00.619253,CLO,2213293.jpg,2213293,2,0,NA
2213314_2,2022-08-24 13:31:49.959764,CLO,2213314.jpg,2213314,2,0,NA
2213292_2,2022-08-24 13:31:37.642159,CLO,2213292.jpg,2213292,2,0,NA
2213291_2,2022-08-24 13:31:25.851515,CLO,2213291.jpg,2213291,2,0,NA
2211721_2,2022-08-24 12:00:37.000000,CLO,2211721.jpg,2211721,2,0,NA
2211719_2,2022-08-24 12:00:36.000000,CLO,2211719.jpg,2211719,2,0,NA
2211641_2,2022-08-24 12:00:28.000000,CLO,2211641.jpg,2211641,2,0,NA
2211530_2,2022-08-24 12:00:23.000000,CLO,2211530.jpg,2211530,2,0,NA
2211284_2,2022-08-24 12:00:22.000000,CLO,2211284.jpg,2211284,2,0,NA
2210973_2,2022-08-24 12:00:19.000000,CLO,2210973.jpg,2210973,2,0,NA
2210681_2,2022-08-24 12:00:17.000000,CLO,2210681.jpg,2210681,2,0,NA
2210591_2,2022-08-24 12:00:16.000000,CLO,2210591.jpg,2210591,2,0,NA
2213385_2,2022-08-24 10:56:00.000000,BEAUTY,2213385.jpg,2213385,2,0,NA
2213386_2,2022-08-24 10:56:00.000000,BEAUTY,2213386.jpg,2213386,2,0,NA
2213389_2,2022-08-24 10:55:05.520112,BEAUTY,2213389.jpg,2213389,2,0,NA
2213388_2,2022-08-24 10:45:40.911802,BEAUTY,2213388.jpg,2213388,2,0,NA
2213387_2,2022-08-24 10:39:56.625140,BEAUTY,2213387.jpg,2213387,2,0,NA
2213370_2,2022-08-23 19:13:33.294182,CLO,2213370.jpg,2213370,2,0,NA
2213359_2,2022-08-23 19:13:15.700397,CLO,2213359.jpg,2213359,2,0,NA
2213364_2,2022-08-23 19:12:59.872227,CLO,2213364.jpg,2213364,2,0,NA
2213361_2,2022-08-23 19:12:53.044098,CLO,2213361.jpg,2213361,2,0,NA
2213376_2,2022-08-23 19:12:37.981556,CLO,2213376.jpg,2213376,2,0,NA
2213372_2,2022-08-23 19:12:30.934677,CLO,2213372.jpg,2213372,2,0,NA
2209724_2,2022-08-23 10:34:15.000000,CLO,2209724.jpg,2209724,2,0,NA
2209721_2,2022-08-23 10:34:13.000000,CLO,2209721.jpg,2209721,2,0,NA
2209702_2,2022-08-23 10:34:13.000000,CLO,2209702.jpeg,2209702,2,0,NA
2209700_2,2022-08-23 10:34:11.000000,CLO,2209700.jpeg,2209700,2,0,NA
2209701_2,2022-08-23 10:34:11.000000,CLO,2209701.jpeg,2209701,2,0,NA
2209656_2,2022-08-23 10:34:10.000000,CLO,2209656.jpg,2209656,2,0,NA
2209652_2,2022-08-23 10:34:09.000000,CLO,2209652.jpg,2209652,2,0,NA
2209586_2,2022-08-23 10:34:08.000000,CLO,2209586.jpg,2209586,2,0,NA
2209581_2,2022-08-23 10:34:07.000000,CLO,2209581.jpg,2209581,2,0,NA
2209386_2,2022-08-23 10:34:06.000000,CLO,2209386.jpg,2209386,2,0,NA
2209385_2,2022-08-23 10:34:05.000000,CLO,2209385.jpg,2209385,2,0,NA
2208821_2,2022-08-23 10:34:03.000000,CLO,2208821.jpg,2208821,2,0,NA
2208655_2,2022-08-23 10:34:01.000000,CLO,2208655.jpeg,2208655,2,0,NA
2208294_2,2022-08-23 10:34:00.000000,CLO,2208294.jpeg,2208294,2,0,NA
2208282_2,2022-08-23 10:33:58.000000,CLO,2208282.jpg,2208282,2,0,NA
2208111_2,2022-08-23 10:33:53.000000,CLO,2208111.jpg,2208111,2,0,NA
2208106_2,2022-08-23 10:33:51.000000,CLO,2208106.jpg,2208106,2,0,NA
2207633_2,2022-08-23 10:33:47.000000,CLO,2207633.png,2207633,2,0,NA
2207590_2,2022-08-23 10:33:45.000000,CLO,2207590.png,2207590,2,0,NA
2207585_2,2022-08-23 10:33:43.000000,CLO,2207585.jpg,2207585,2,0,NA
2207584_2,2022-08-23 10:33:41.000000,CLO,2207584.jpg,2207584,2,0,NA
2207531_2,2022-08-23 10:33:39.000000,CLO,2207531.jpg,2207531,2,0,NA
2207387_2,2022-08-23 10:33:39.000000,CLO,2207387.jpg,2207387,2,0,NA
2207377_2,2022-08-23 10:33:37.000000,CLO,2207377.jpg,2207377,2,0,NA
2207338_2,2022-08-23 10:33:34.000000,CLO,2207338.jpg,2207338,2,0,NA
2207092_2,2022-08-23 10:33:21.000000,CLO,2207092.jpg,2207092,2,0,NA
2207095_2,2022-08-23 10:33:21.000000,CLO,2207095.jpeg,2207095,2,0,NA
2207089_2,2022-08-23 10:33:17.000000,CLO,2207089.jpg,2207089,2,0,NA
2207086_2,2022-08-23 10:33:13.000000,CLO,2207086.jpg,2207086,2,0,NA
2207081_2,2022-08-23 10:33:10.000000,CLO,2207081.jpg,2207081,2,0,NA
2207080_2,2022-08-23 10:33:08.000000,CLO,2207080.jpg,2207080,2,0,NA
2206958_2,2022-08-23 10:33:01.000000,CLO,2206958.png,2206958,2,0,NA
2206948_2,2022-08-23 10:33:00.000000,CLO,2206948.png,2206948,2,0,NA
2206944_2,2022-08-23 10:32:59.000000,CLO,2206944.png,2206944,2,0,NA
2206887_2,2022-08-23 10:32:58.000000,CLO,2206887.png,2206887,2,0,NA
2206839_2,2022-08-23 10:32:57.000000,CLO,2206839.jpg,2206839,2,0,NA
2206529_2,2022-08-23 10:32:54.000000,CLO,2206529.jpg,2206529,2,0,NA
2201060_2,2022-08-23 10:32:33.000000,CLO,2201060.jpg,2201060,2,0,NA
2200171_2,2022-08-23 10:32:30.000000,CLO,2200171.jpg,2200171,2,0,NA
2115055_2,2022-08-23 10:32:25.000000,CLO,2115055.jpg,2115055,2,0,NA
2113293_2,2022-08-23 10:32:22.000000,CLO,2113293.webp,2113293,2,0,NA
2213328_2,2022-08-22 18:20:35.957565,CLO,2213328.jpg,2213328,2,0,NA
2213327_2,2022-08-22 18:20:30.067079,CLO,2213327.jpg,2213327,2,0,NA
2213326_2,2022-08-22 18:20:24.676359,CLO,2213326.jpg,2213326,2,0,NA
2212354_2,2022-08-22 17:30:11.000000,CLO,2212354.jpg,2212354,2,0,NA
2212363_2,2022-08-22 17:30:11.000000,CLO,2212363.jpg,2212363,2,0,NA
2212066_2,2022-08-22 17:30:10.000000,CLO,2212066.jpg,2212066,2,0,NA
2212054_2,2022-08-22 17:30:10.000000,CLO,2212054.jpg,2212054,2,0,NA
2212054_2,2022-08-22 17:30:10.000000,CLO,2212054.png,2212054,2,0,NA
2212043_2,2022-08-22 17:30:09.000000,CLO,2212043.jpg,2212043,2,0,NA
2211934_2,2022-08-22 17:30:09.000000,CLO,2211934.jpg,2211934,2,0,NA
2211934_2,2022-08-22 17:30:09.000000,CLO,2211934.png,2211934,2,0,NA
2211828_2,2022-08-22 17:30:08.000000,CLO,2211828.png,2211828,2,0,NA
2211830_2,2022-08-22 17:30:08.000000,CLO,2211830.png,2211830,2,0,NA
2211825_2,2022-08-22 17:30:07.000000,CLO,2211825.png,2211825,2,0,NA
2211812_2,2022-08-22 17:30:07.000000,CLO,2211812.png,2211812,2,0,NA
2211774_2,2022-08-22 17:30:05.000000,CLO,2211774.jpg,2211774,2,0,NA
2211761_2,2022-08-22 17:30:03.000000,CLO,2211761.png,2211761,2,0,NA
2211771_2,2022-08-22 17:30:03.000000,CLO,2211771.png,2211771,2,0,NA
2211760_2,2022-08-22 17:30:02.000000,CLO,2211760.png,2211760,2,0,NA
2211759_2,2022-08-22 17:30:02.000000,CLO,2211759.png,2211759,2,0,NA
2211758_2,2022-08-22 17:30:01.000000,CLO,2211758.png,2211758,2,0,NA
2211756_2,2022-08-22 17:30:00.000000,CLO,2211756.png,2211756,2,0,NA
2211755_2,2022-08-22 17:30:00.000000,CLO,2211755.png,2211755,2,0,NA
2211742_2,2022-08-22 17:29:59.000000,CLO,2211742.png,2211742,2,0,NA
2211751_2,2022-08-22 17:29:59.000000,CLO,2211751.png,2211751,2,0,NA
2211741_2,2022-08-22 17:29:58.000000,CLO,2211741.png,2211741,2,0,NA
2211723_2,2022-08-22 17:29:58.000000,CLO,2211723.png,2211723,2,0,NA
2211707_2,2022-08-22 17:29:57.000000,CLO,2211707.png,2211707,2,0,NA
2211718_2,2022-08-22 17:29:57.000000,CLO,2211718.png,2211718,2,0,NA
2211654_2,2022-08-22 17:29:56.000000,CLO,2211654.jpg,2211654,2,0,NA
2211655_2,2022-08-22 17:29:56.000000,CLO,2211655.jpg,2211655,2,0,NA
2211653_2,2022-08-22 17:29:55.000000,CLO,2211653.jpg,2211653,2,0,NA
2211647_2,2022-08-22 17:29:54.000000,CLO,2211647.jpg,2211647,2,0,NA
2211633_2,2022-08-22 17:29:54.000000,CLO,2211633.jpg,2211633,2,0,NA
2211627_2,2022-08-22 17:29:53.000000,CLO,2211627.jpg,2211627,2,0,NA
2211631_2,2022-08-22 17:29:53.000000,CLO,2211631.jpg,2211631,2,0,NA
2211498_2,2022-08-22 17:29:52.000000,CLO,2211498.jpg,2211498,2,0,NA
2211532_2,2022-08-22 17:29:52.000000,CLO,2211532.jpeg,2211532,2,0,NA
2211496_2,2022-08-22 17:29:52.000000,CLO,2211496.jpg,2211496,2,0,NA
2211482_2,2022-08-22 17:29:50.000000,CLO,2211482.jpg,2211482,2,0,NA
2211477_2,2022-08-22 17:29:49.000000,CLO,2211477.jpg,2211477,2,0,NA
2211478_2,2022-08-22 17:29:49.000000,CLO,2211478.jpg,2211478,2,0,NA
2211478_2,2022-08-22 17:29:49.000000,CLO,2211478.png,2211478,2,0,NA
2211468_2,2022-08-22 17:29:48.000000,CLO,2211468.png,2211468,2,0,NA
2211463_2,2022-08-22 17:29:46.000000,CLO,2211463.jpg,2211463,2,0,NA
2211462_2,2022-08-22 17:29:44.000000,CLO,2211462.jpg,2211462,2,0,NA
2211413_2,2022-08-22 17:29:44.000000,CLO,2211413.jpg,2211413,2,0,NA
2211345_2,2022-08-22 17:29:43.000000,CLO,2211345.jpg,2211345,2,0,NA
2211346_2,2022-08-22 17:29:43.000000,CLO,2211346.jpg,2211346,2,0,NA
2211309_2,2022-08-22 17:29:42.000000,CLO,2211309.jpg,2211309,2,0,NA
2211307_2,2022-08-22 17:29:41.000000,CLO,2211307.jpg,2211307,2,0,NA
2211262_2,2022-08-22 17:29:41.000000,CLO,2211262.jpg,2211262,2,0,NA
2211255_2,2022-08-22 17:29:40.000000,CLO,2211255.jpg,2211255,2,0,NA
2211254_2,2022-08-22 17:29:40.000000,CLO,2211254.jpg,2211254,2,0,NA
2211250_2,2022-08-22 17:29:39.000000,CLO,2211250.jpg,2211250,2,0,NA
2210982_2,2022-08-22 17:29:39.000000,CLO,2210982.png,2210982,2,0,NA
2211244_2,2022-08-22 17:29:39.000000,CLO,2211244.jpg,2211244,2,0,NA
2210666_2,2022-08-22 17:29:36.000000,CLO,2210666.jpg,2210666,2,0,NA
2210604_2,2022-08-22 17:29:35.000000,CLO,2210604.jpeg,2210604,2,0,NA
2210584_2,2022-08-22 17:29:34.000000,CLO,2210584.jpg,2210584,2,0,NA
2209731_2,2022-08-22 17:29:32.000000,CLO,2209731.jpeg,2209731,2,0,NA
2209172_2,2022-08-22 17:29:32.000000,CLO,2209172.jpg,2209172,2,0,NA
2206789_2,2022-08-22 17:29:25.000000,CLO,2206789.JPG,2206789,2,0,NA
2206791_2,2022-08-22 17:29:25.000000,CLO,2206791.JPG,2206791,2,0,NA
2206784_2,2022-08-22 17:29:24.000000,CLO,2206784.JPG,2206784,2,0,NA
2206783_2,2022-08-22 17:29:23.000000,CLO,2206783.JPG,2206783,2,0,NA
2213320_2,2022-08-22 16:46:37.118849,CLO,2213320.jpg,2213320,2,0,NA
2210561_2,2022-08-22 16:29:47.000000,CLO,2210561.jpeg,2210561,2,0,NA
2210597_2,2022-08-22 16:29:47.000000,CLO,2210597.jpg,2210597,2,0,NA
2210444_2,2022-08-22 16:29:46.000000,CLO,2210444.jpg,2210444,2,0,NA
2210535_2,2022-08-22 16:29:46.000000,CLO,2210535.jpeg,2210535,2,0,NA
2210423_2,2022-08-22 16:29:45.000000,CLO,2210423.jpeg,2210423,2,0,NA
2210372_2,2022-08-22 16:29:43.000000,CLO,2210372.jpg,2210372,2,0,NA
2210374_2,2022-08-22 16:29:43.000000,CLO,2210374.jpg,2210374,2,0,NA
2210375_2,2022-08-22 16:29:43.000000,CLO,2210375.jpg,2210375,2,0,NA
2210371_2,2022-08-22 16:29:41.000000,CLO,2210371.jpg,2210371,2,0,NA
2210358_2,2022-08-22 16:29:40.000000,CLO,2210358.jpg,2210358,2,0,NA
2210360_2,2022-08-22 16:29:40.000000,CLO,2210360.jpg,2210360,2,0,NA
2210324_2,2022-08-22 16:29:39.000000,CLO,2210324.jpg,2210324,2,0,NA
2210157_2,2022-08-22 16:29:38.000000,CLO,2210157.jpeg,2210157,2,0,NA
2210136_2,2022-08-22 16:29:37.000000,CLO,2210136.jpeg,2210136,2,0,NA
2209819_2,2022-08-22 16:29:33.000000,CLO,2209819.PNG,2209819,2,0,NA
2209796_2,2022-08-22 16:29:32.000000,CLO,2209796.PNG,2209796,2,0,NA
2209793_2,2022-08-22 16:29:32.000000,CLO,2209793.jpeg,2209793,2,0,NA
2209792_2,2022-08-22 16:29:31.000000,CLO,2209792.jpeg,2209792,2,0,NA
2209789_2,2022-08-22 16:29:30.000000,CLO,2209789.png,2209789,2,0,NA
2209789_2,2022-08-22 16:29:30.000000,CLO,2209789.jpg,2209789,2,0,NA
2209776_2,2022-08-22 16:29:30.000000,CLO,2209776.png,2209776,2,0,NA
2209683_2,2022-08-22 16:29:26.000000,CLO,2209683.jpg,2209683,2,0,NA
2209610_2,2022-08-22 16:29:23.000000,CLO,2209610.jpg,2209610,2,0,NA
2209609_2,2022-08-22 16:29:23.000000,CLO,2209609.jpg,2209609,2,0,NA
2209608_2,2022-08-22 16:29:22.000000,CLO,2209608.jpg,2209608,2,0,NA
2209606_2,2022-08-22 16:29:21.000000,CLO,2209606.jpg,2209606,2,0,NA
2208908_2,2022-08-22 16:29:19.000000,CLO,2208908.jpeg,2208908,2,0,NA
2208907_2,2022-08-22 16:29:18.000000,CLO,2208907.jpeg,2208907,2,0,NA
2208901_2,2022-08-22 16:29:15.000000,CLO,2208901.jpg,2208901,2,0,NA
2208893_2,2022-08-22 16:29:15.000000,CLO,2208893.jpg,2208893,2,0,NA
2208891_2,2022-08-22 16:29:13.000000,CLO,2208891.jpg,2208891,2,0,NA
2208889_2,2022-08-22 16:29:13.000000,CLO,2208889.jpeg,2208889,2,0,NA
2208887_2,2022-08-22 16:29:12.000000,CLO,2208887.jpg,2208887,2,0,NA
2208877_2,2022-08-22 16:29:10.000000,CLO,2208877.jpg,2208877,2,0,NA
2208782_2,2022-08-22 16:29:08.000000,CLO,2208782.jpg,2208782,2,0,NA
2208819_2,2022-08-22 16:29:08.000000,CLO,2208819.jpg,2208819,2,0,NA
2208767_2,2022-08-22 16:29:07.000000,CLO,2208767.jpeg,2208767,2,0,NA
2208500_2,2022-08-22 16:29:01.000000,CLO,2208500.jpg,2208500,2,0,NA
2208494_2,2022-08-22 16:29:00.000000,CLO,2208494.jpg,2208494,2,0,NA
2208485_2,2022-08-22 16:28:59.000000,CLO,2208485.jpg,2208485,2,0,NA
2208487_2,2022-08-22 16:28:59.000000,CLO,2208487.jpg,2208487,2,0,NA
2208484_2,2022-08-22 16:28:57.000000,CLO,2208484.jpg,2208484,2,0,NA
2208397_2,2022-08-22 16:28:56.000000,CLO,2208397.jpg,2208397,2,0,NA
2208318_2,2022-08-22 16:28:52.000000,CLO,2208318.jpg,2208318,2,0,NA
2208296_2,2022-08-22 16:28:51.000000,CLO,2208296.jpeg,2208296,2,0,NA
2208317_2,2022-08-22 16:28:51.000000,CLO,2208317.jpg,2208317,2,0,NA
2208272_2,2022-08-22 16:28:50.000000,CLO,2208272.jpg,2208272,2,0,NA
2207656_2,2022-08-22 16:28:47.000000,CLO,2207656.jpg,2207656,2,0,NA
2207635_2,2022-08-22 16:28:46.000000,CLO,2207635.png,2207635,2,0,NA
2207540_2,2022-08-22 16:28:45.000000,CLO,2207540.jpg,2207540,2,0,NA
2207535_2,2022-08-22 16:28:44.000000,CLO,2207535.jpg,2207535,2,0,NA
2207534_2,2022-08-22 16:28:43.000000,CLO,2207534.jpg,2207534,2,0,NA
2207533_2,2022-08-22 16:28:42.000000,CLO,2207533.jpg,2207533,2,0,NA
2207532_2,2022-08-22 16:28:40.000000,CLO,2207532.jpg,2207532,2,0,NA
2207382_2,2022-08-22 16:28:40.000000,CLO,2207382.png,2207382,2,0,NA
2207124_2,2022-08-22 16:28:39.000000,CLO,2207124.jpg,2207124,2,0,NA
2207091_2,2022-08-22 16:28:38.000000,CLO,2207091.jpg,2207091,2,0,NA
2207114_2,2022-08-22 16:28:38.000000,CLO,2207114.jpg,2207114,2,0,NA
2207083_2,2022-08-22 16:28:36.000000,CLO,2207083.jpg,2207083,2,0,NA
2207077_2,2022-08-22 16:28:34.000000,CLO,2207077.jpg,2207077,2,0,NA
2206932_2,2022-08-22 16:28:28.000000,CLO,2206932.jpg,2206932,2,0,NA
2114309_2,2022-08-22 16:28:06.000000,CLO,2114309 .webp,2114309,2,0,NA
2113652_2,2022-08-22 16:28:04.000000,CLO,2113652.jpeg,2113652,2,0,NA
2113652_2,2022-08-22 16:28:04.000000,CLO,2113652.webp,2113652,2,0,NA
2111848_2,2022-08-22 16:27:58.000000,CLO,2111848.webp,2111848,2,0,NA
2111848_2,2022-08-22 16:27:58.000000,CLO,2111848.jpeg,2111848,2,0,NA
2008610_2,2022-08-22 16:27:44.000000,CLO,2008610.jpg,2008610,2,0,NA
2213325_2,2022-08-22 16:24:56.373813,CLO,2213325.jpg,2213325,2,0,NA
2210975_2,2022-08-22 13:53:02.000000,CLO,2210975.jpg,2210975,2,0,NA
2210972_2,2022-08-22 13:53:00.000000,CLO,2210972.jpg,2210972,2,0,NA
2210914_2,2022-08-22 13:52:56.000000,CLO,2210914.jpg,2210914,2,0,NA
2210712_2,2022-08-22 13:52:53.000000,CLO,2210712.jpg,2210712,2,0,NA
2210496_2,2022-08-22 13:52:50.000000,CLO,2210496.jpg,2210496,2,0,NA
2210495_2,2022-08-22 13:52:46.000000,CLO,2210495.jpg,2210495,2,0,NA
2210397_2,2022-08-22 13:52:41.000000,CLO,2210397.jpg,2210397,2,0,NA
2210404_2,2022-08-22 13:52:41.000000,CLO,2210404.jpg,2210404,2,0,NA
2211582_2,2022-08-22 13:48:59.000000,CLO,2211582.jpg,2211582,2,0,NA
2211306_2,2022-08-22 13:48:57.000000,CLO,2211306.jpg,2211306,2,0,NA
2211281_2,2022-08-22 13:48:48.000000,CLO,2211281.jpg,2211281,2,0,NA
2211066_2,2022-08-22 13:48:47.000000,CLO,2211066.jpg,2211066,2,0,NA
2210943_2,2022-08-22 13:45:31.000000,CLO,2210943.jpg,2210943,2,0,NA
2210939_2,2022-08-22 13:45:30.000000,CLO,2210939.jpg,2210939,2,0,NA
2210680_2,2022-08-22 13:45:27.000000,CLO,2210680.jpg,2210680,2,0,NA
2210612_2,2022-08-22 13:45:25.000000,CLO,2210612.jpg,2210612,2,0,NA
2210595_2,2022-08-22 13:45:20.000000,CLO,2210595.jpg,2210595,2,0,NA
2210401_2,2022-08-22 13:45:17.000000,CLO,2210401.jpg,2210401,2,0,NA
2211527_2,2022-08-22 13:44:13.000000,CLO,2211527.jpg,2211527,2,0,NA
2211202_2,2022-08-22 13:44:08.000000,CLO,2211202.jpg,2211202,2,0,NA
2211170_2,2022-08-22 13:44:06.000000,CLO,2211170.jpg,2211170,2,0,NA
2211145_2,2022-08-22 13:44:04.000000,CLO,2211145.jpg,2211145,2,0,NA
2211072_2,2022-08-22 13:44:01.000000,CLO,2211072.jpg,2211072,2,0,NA
2210978_2,2022-08-22 13:43:55.000000,CLO,2210978.jpg,2210978,2,0,NA
2210977_2,2022-08-22 13:43:46.000000,CLO,2210977.jpg,2210977,2,0,NA
2210976_2,2022-08-22 13:43:42.000000,CLO,2210976.jpg,2210976,2,0,NA
2210974_2,2022-08-22 13:43:39.000000,CLO,2210974.jpg,2210974,2,0,NA
2212136_2,2022-08-22 13:36:54.000000,CLO,2212136.PNG,2212136,2,0,NA
2212011_2,2022-08-22 13:36:52.000000,CLO,2212011.jpg,2212011,2,0,NA
2211975_2,2022-08-22 13:36:51.000000,CLO,2211975.jpg,2211975,2,0,NA
2211955_2,2022-08-22 13:36:50.000000,CLO,2211955.jpg,2211955,2,0,NA
2211531_2,2022-08-22 13:36:49.000000,CLO,2211531.jpeg,2211531,2,0,NA
2211379_2,2022-08-22 13:36:49.000000,CLO,2211379.jpg,2211379,2,0,NA
2211373_2,2022-08-22 13:36:48.000000,CLO,2211373.jpg,2211373,2,0,NA
2210945_2,2022-08-22 13:36:47.000000,CLO,2210945.png,2210945,2,0,NA
2211356_2,2022-08-22 13:36:47.000000,CLO,2211356.jpg,2211356,2,0,NA
2210752_2,2022-08-22 13:36:46.000000,CLO,2210752.jpg,2210752,2,0,NA
2210705_2,2022-08-22 13:36:46.000000,CLO,2210705.jpg,2210705,2,0,NA
2207668_2,2022-08-22 13:36:45.000000,CLO,2207668.jpg,2207668,2,0,NA
2208442_2,2022-08-22 13:36:44.000000,CLO,2208442.jpg,2208442,2,0,NA
2207667_2,2022-08-22 13:36:43.000000,CLO,2207667.jpg,2207667,2,0,NA
2212885_2,2022-08-22 10:08:37.470118,CLO,2212885.jpeg,2212885,2,0,NA
2212884_2,2022-08-22 10:08:26.383643,CLO,2212884.jpeg,2212884,2,0,NA
2213287_2,2022-08-21 13:18:19.117225,CLO,2213287.JPG,2213287,2,0,NA
2213288_2,2022-08-21 13:17:23.414668,CLO,2213288.JPG,2213288,2,0,NA
2213275_2,2022-08-19 19:19:18.019940,CLO,2213275.jpg,2213275,2,0,NA
2213218_2,2022-08-19 19:18:31.598307,CLO,2213218.jpg,2213218,2,0,NA
2213284_2,2022-08-19 19:15:53.144428,CLO,2213284.jpg,2213284,2,0,NA
2213283_2,2022-08-19 19:15:44.910065,CLO,2213283.jpg,2213283,2,0,NA
2213285_2,2022-08-19 19:15:40.175649,CLO,2213285.jpg,2213285,2,0,NA
2213282_2,2022-08-19 19:11:56.175150,CLO,2213282.jpg,2213282,2,0,NA
2213281_2,2022-08-19 19:11:43.956404,CLO,2213281.jpg,2213281,2,0,NA
2213280_2,2022-08-19 19:11:37.050185,CLO,2213280.jpg,2213280,2,0,NA
2212045_2,2022-08-19 18:09:46.000000,CLO,2212045.jpg,2212045,2,0,NA
2212048_2,2022-08-19 18:09:46.000000,CLO,2212048.jpg,2212048,2,0,NA
2211779_2,2022-08-19 18:09:44.000000,CLO,2211779.png,2211779,2,0,NA
2211776_2,2022-08-19 18:09:41.000000,CLO,2211776.png,2211776,2,0,NA
2211773_2,2022-08-19 18:09:40.000000,CLO,2211773.png,2211773,2,0,NA
2210691_2,2022-08-19 18:09:37.000000,CLO,2210691.jpg,2210691,2,0,NA
2211280_2,2022-08-19 18:09:37.000000,CLO,2211280.jpeg,2211280,2,0,NA
2210158_2,2022-08-19 18:09:36.000000,CLO,2210158.jpg,2210158,2,0,NA
2200788_2,2022-08-19 18:09:34.000000,CLO,2200788.jpg,2200788,2,0,NA
2213276_2,2022-08-19 17:59:58.382697,CLO,2213276.jpg,2213276,2,0,NA
2213207_2,2022-08-19 16:16:10.394605,CLO,2213207.jpg,2213207,2,0,NA
2213210_2,2022-08-19 16:15:55.691540,CLO,2213210.jpg,2213210,2,0,NA
2213216_2,2022-08-19 16:15:39.316606,CLO,2213216.jpg,2213216,2,0,NA
2213221_2,2022-08-19 16:15:26.769767,CLO,2213221.jpg,2213221,2,0,NA
2213080_2,2022-08-19 16:15:13.676208,CLO,2213080.jpg,2213080,2,0,NA
2213196_2,2022-08-19 16:14:56.473034,CLO,2213196.jpg,2213196,2,0,NA
2213165_2,2022-08-19 10:47:29.767102,CLO,2213165.jpg,2213165,2,0,NA
2213307_2,2022-08-19 08:40:31.802861,CLO,2213307.jpg,2213307,2,0,NA
2213289_2,2022-08-18 19:48:13.734238,CLO,2213289.jpg,2213289,2,0,NA
2213240_2,2022-08-18 19:48:07.984263,CLO,2213240.jpg,2213240,2,0,NA
2213274_2,2022-08-18 19:48:02.093671,CLO,2213274.jpg,2213274,2,0,NA
2213278_2,2022-08-18 19:47:56.640544,CLO,2213278.jpg,2213278,2,0,NA
2213277_2,2022-08-18 19:47:45.656238,CLO,2213277.jpg,2213277,2,0,NA
2213290_2,2022-08-18 19:47:29.969031,CLO,2213290.jpg,2213290,2,0,NA
2213243_2,2022-08-18 19:47:22.515689,CLO,2213243.jpg,2213243,2,0,NA
2213231_2,2022-08-18 19:47:13.781347,CLO,2213231.jpg,2213231,2,0,NA
2213212_2,2022-08-18 19:47:06.687615,CLO,2213212.jpg,2213212,2,0,NA
2213227_2,2022-08-18 19:47:01.922016,CLO,2213227.jpg,2213227,2,0,NA
2213234_2,2022-08-18 19:46:56.000273,CLO,2213234.jpg,2213234,2,0,NA
2213224_2,2022-08-18 19:46:49.047188,CLO,2213224.jpg,2213224,2,0,NA
2213201_2,2022-08-18 19:46:42.359596,CLO,2213201.jpg,2213201,2,0,NA
2213237_2,2022-08-18 19:46:36.687736,CLO,2213237.jpg,2213237,2,0,NA
2213220_2,2022-08-18 19:46:30.547151,CLO,2213220.jpg,2213220,2,0,NA
2213215_2,2022-08-18 19:46:25.297159,CLO,2213215.jpg,2213215,2,0,NA
2213279_2,2022-08-18 19:46:17.547203,CLO,2213279.jpg,2213279,2,0,NA
2213149_2,2022-08-18 12:45:36.000000,CLO,2213149.jpeg,2213149,2,0,NA
2213115_2,2022-08-18 12:45:36.000000,CLO,2213115.jpeg,2213115,2,0,NA
2213251_2,2022-08-18 12:45:36.000000,CLO,2213251.jpeg,2213251,2,0,NA
2213148_2,2022-08-18 12:45:36.000000,CLO,2213148.jpeg,2213148,2,0,NA
2213150_2,2022-08-18 12:45:36.000000,CLO,2213150.jpeg,2213150,2,0,NA
2213151_2,2022-08-18 12:45:36.000000,CLO,2213151.jpeg,2213151,2,0,NA
2213030_2,2022-08-18 08:41:00.104195,CLO,2213030.png,2213030,2,0,NA
2213108_2,2022-08-18 00:03:12.445715,CLO,2213108.jpg,2213108,2,0,NA
2213184_2,2022-08-17 13:47:03.302402,CLO,2213184.jpg,2213184,2,0,NA
2213183_2,2022-08-17 13:43:17.584524,CLO,2213183.jpg,2213183,2,0,NA
2213173_2,2022-08-17 13:38:24.163791,CLO,2213173.jpg,2213173,2,0,NA
2213178_2,2022-08-17 13:03:59.616282,CLO,2213178.jpg,2213178,2,0,NA
2213166_2,2022-08-17 13:03:24.067784,CLO,2213166.jpg,2213166,2,0,NA
2213164_2,2022-08-17 13:01:56.626136,CLO,2213164.jpg,2213164,2,0,NA
2213157_2,2022-08-17 13:01:18.280596,CLO,2213157.jpg,2213157,2,0,NA
2212056_2,2022-08-17 12:23:08.000000,CLO,2212056.jpg,2212056,2,0,NA
2212145_2,2022-08-17 12:23:08.000000,CLO,2212145.png,2212145,2,0,NA
2211817_2,2022-08-17 12:23:07.000000,CLO,2211817.png,2211817,2,0,NA
2211816_2,2022-08-17 12:23:06.000000,CLO,2211816.png,2211816,2,0,NA
2211738_2,2022-08-17 12:23:05.000000,CLO,2211738.webp,2211738,2,0,NA
2211720_2,2022-08-17 12:23:05.000000,CLO,2211720.png,2211720,2,0,NA
2211704_2,2022-08-17 12:23:04.000000,CLO,2211704.png,2211704,2,0,NA
2211703_2,2022-08-17 12:23:03.000000,CLO,2211703.png,2211703,2,0,NA
2211699_2,2022-08-17 12:23:02.000000,CLO,2211699.png,2211699,2,0,NA
2211514_2,2022-08-17 12:23:02.000000,CLO,2211514.jpg,2211514,2,0,NA
2211511_2,2022-08-17 12:23:00.000000,CLO,2211511.jpg,2211511,2,0,NA
2211493_2,2022-08-17 12:22:59.000000,CLO,2211493.jpg,2211493,2,0,NA
2211490_2,2022-08-17 12:22:58.000000,CLO,2211490.jpg,2211490,2,0,NA
2211487_2,2022-08-17 12:22:56.000000,CLO,2211487.jpg,2211487,2,0,NA
2211481_2,2022-08-17 12:22:55.000000,CLO,2211481.jpg,2211481,2,0,NA
2211425_2,2022-08-17 12:22:53.000000,CLO,2211425.jpg,2211425,2,0,NA
2211414_2,2022-08-17 12:22:52.000000,CLO,2211414.jpg,2211414,2,0,NA
2211412_2,2022-08-17 12:22:52.000000,CLO,2211412.jpg,2211412,2,0,NA
2211411_2,2022-08-17 12:22:51.000000,CLO,2211411.jpg,2211411,2,0,NA
2211372_2,2022-08-17 12:22:50.000000,CLO,2211372.jpg,2211372,2,0,NA
2211371_2,2022-08-17 12:22:49.000000,CLO,2211371.jpg,2211371,2,0,NA
2211367_2,2022-08-17 12:22:48.000000,CLO,2211367.jpg,2211367,2,0,NA
2211343_2,2022-08-17 12:22:47.000000,CLO,2211343.jpg,2211343,2,0,NA
2211336_2,2022-08-17 12:22:46.000000,CLO,2211336.jpg,2211336,2,0,NA
2211335_2,2022-08-17 12:22:46.000000,CLO,2211335.jpg,2211335,2,0,NA
2211336_2,2022-08-17 12:22:46.000000,CLO,2211336.PNG,2211336,2,0,NA
2211334_2,2022-08-17 12:22:45.000000,CLO,2211334.jpg,2211334,2,0,NA
2211332_2,2022-08-17 12:22:44.000000,CLO,2211332.jpg,2211332,2,0,NA
2211326_2,2022-08-17 12:22:44.000000,CLO,2211326.jpg,2211326,2,0,NA
2211311_2,2022-08-17 12:22:42.000000,CLO,2211311.jpg,2211311,2,0,NA
2211292_2,2022-08-17 12:22:41.000000,CLO,2211292.jpg,2211292,2,0,NA
2211291_2,2022-08-17 12:22:41.000000,CLO,2211291.jpg,2211291,2,0,NA
2211288_2,2022-08-17 12:22:40.000000,CLO,2211288.jpg,2211288,2,0,NA
2211247_2,2022-08-17 12:22:39.000000,CLO,2211247.jpg,2211247,2,0,NA
2211149_2,2022-08-17 12:22:38.000000,CLO,2211149.jpeg,2211149,2,0,NA
2211147_2,2022-08-17 12:22:36.000000,CLO,2211147.jpg,2211147,2,0,NA
2211005_2,2022-08-17 12:22:35.000000,CLO,2211005.jpg,2211005,2,0,NA
2211003_2,2022-08-17 12:22:35.000000,CLO,2211003.jpg,2211003,2,0,NA
2210963_2,2022-08-17 12:22:34.000000,CLO,2210963.jpg,2210963,2,0,NA
2210963_2,2022-08-17 12:22:34.000000,CLO,2210963.png,2210963,2,0,NA
2210799_2,2022-08-17 12:22:29.000000,CLO,2210799.png,2210799,2,0,NA
2210798_2,2022-08-17 12:22:29.000000,CLO,2210798.PNG,2210798,2,0,NA
2210797_2,2022-08-17 12:22:28.000000,CLO,2210797.PNG,2210797,2,0,NA
2210775_2,2022-08-17 12:22:27.000000,CLO,2210775.jpg,2210775,2,0,NA
2210678_2,2022-08-17 12:22:26.000000,CLO,2210678.jpg,2210678,2,0,NA
2210670_2,2022-08-17 12:22:25.000000,CLO,2210670.jpg,2210670,2,0,NA
2210599_2,2022-08-17 12:22:24.000000,CLO,2210599.jpg,2210599,2,0,NA
2210378_2,2022-08-17 12:22:17.000000,CLO,2210378.jpg,2210378,2,0,NA
2210327_2,2022-08-17 12:22:16.000000,CLO,2210327.jpg,2210327,2,0,NA
2209594_2,2022-08-17 12:22:10.000000,CLO,2209594.jpeg,2209594,2,0,NA
2209468_2,2022-08-17 12:22:09.000000,CLO,2209468.jpg,2209468,2,0,NA
2208186_2,2022-08-17 12:22:05.000000,CLO,2208186.jpg,2208186,2,0,NA
2206869_2,2022-08-17 12:22:02.000000,CLO,2206869.png,2206869,2,0,NA
2205187_2,2022-08-17 12:21:51.000000,CLO,2205187.jpg,2205187,2,0,NA
2203475_2,2022-08-17 12:21:49.000000,CLO,2203475.jpg,2203475,2,0,NA
2202830_2,2022-08-17 12:21:41.000000,CLO,2202830.jpg,2202830,2,0,NA
2014344_2,2022-08-17 12:21:19.000000,CLO,2014344.jpg,2014344,2,0,NA
2212429_2,2022-08-17 09:26:44.663230,CLO,2212429.jpg,2212429,2,0,NA
2213079_2,2022-08-16 21:22:23.362607,CLO,2213079.jpg,2213079,2,0,NA
2213077_2,2022-08-16 21:14:23.644152,CLO,2213077.jpg,2213077,2,0,NA
2213078_2,2022-08-16 21:13:41.862815,CLO,2213078.JPG,2213078,2,0,NA
2213004_2,2022-08-16 17:10:40.930369,CLO,2213004.jpg,2213004,2,0,NA
2213047_2,2022-08-16 14:38:34.169668,CLO,2213047.jfif,2213047,2,0,NA
2213047_2,2022-08-16 14:38:34.169668,CLO,2213047.jpg,2213047,2,0,NA
2213048_2,2022-08-16 14:38:27.982654,CLO,2213048.jpg,2213048,2,0,NA
2213048_2,2022-08-16 14:38:27.982654,CLO,2213048.jfif,2213048,2,0,NA
2213050_2,2022-08-16 14:38:22.623710,CLO,2213050.jfif,2213050,2,0,NA
2213050_2,2022-08-16 14:38:22.623710,CLO,2213050.jpg,2213050,2,0,NA
2213049_2,2022-08-16 14:38:16.827328,CLO,2213049.jpg,2213049,2,0,NA
2213049_2,2022-08-16 14:38:16.827328,CLO,2213049.jfif,2213049,2,0,NA
2213046_2,2022-08-16 14:37:56.813297,CLO,2213046.jfif,2213046,2,0,NA
2213046_2,2022-08-16 14:37:56.813297,CLO,2213046.jpg,2213046,2,0,NA
2210768_2,2022-08-16 13:53:41.061868,CLO,2210768.jpg,2210768,2,0,NA
2212680_2,2022-08-16 13:28:17.063101,CLO,2212680.jpg,2212680,2,0,NA
2212679_2,2022-08-16 13:28:03.689290,CLO,2212679.jpg,2212679,2,0,NA
2212673_2,2022-08-16 13:27:54.112110,CLO,2212673.jpg,2212673,2,0,NA
2212678_2,2022-08-16 13:27:42.769510,CLO,2212678.jpg,2212678,2,0,NA
2212674_2,2022-08-16 13:27:02.336487,CLO,2212674.jpg,2212674,2,0,NA
2213042_2,2022-08-16 13:14:17.987397,BEAUTY,2213042.jpg,2213042,2,0,NA
2213043_2,2022-08-16 13:14:07.597681,BEAUTY,2213043.jpg,2213043,2,0,NA
2213041_2,2022-08-16 11:33:17.504532,ACC,2213041.png,2213041,2,0,NA
2213040_2,2022-08-16 11:28:29.581681,ACC,2213040.png,2213040,2,0,NA
2213039_2,2022-08-16 11:23:30.644961,ACC,2213039.png,2213039,2,0,NA
2213011_2,2022-08-15 18:43:03.668533,CLO,2213011.jpg,2213011,2,0,NA
2213009_2,2022-08-15 18:31:28.999339,CLO,2213009.jpg,2213009,2,0,NA
2211640_2,2022-08-15 17:34:13.000000,CLO,2211640.PNG,2211640,2,0,NA
2210016_2,2022-08-15 17:21:42.000000,CLO,2210016.jpg,2210016,2,0,NA
2210008_2,2022-08-15 17:21:41.000000,CLO,2210008.jpg,2210008,2,0,NA
2212937_2,2022-08-15 10:52:03.905137,ACC,2212937.jpg,2212937,2,0,NA
2212929_2,2022-08-12 19:34:30.609777,CLO,2212929.jpg,2212929,2,0,NA
2212926_2,2022-08-12 19:33:03.753075,CLO,2212926.jpg,2212926,2,0,NA
2213007_2,2022-08-12 19:09:52.801443,CLO,2213007.jpg,2213007,2,0,NA
2212882_2,2022-08-12 16:01:19.985224,CLO,2212882.jpeg,2212882,2,0,NA
2212901_2,2022-08-12 15:36:03.833584,CLO,2212901.jpg,2212901,2,0,NA
2212904_2,2022-08-12 15:12:06.557332,CLO,2212904.jpg,2212904,2,0,NA
2212903_2,2022-08-12 15:11:50.603978,CLO,2212903.jpg,2212903,2,0,NA
2212899_2,2022-08-12 15:11:40.010243,CLO,2212899.jpg,2212899,2,0,NA
2212896_2,2022-08-12 15:11:28.869557,CLO,2212896.jpg,2212896,2,0,NA
2212908_2,2022-08-12 13:41:05.172348,CLO,2212908.jpg,2212908,2,0,NA
2212858_2,2022-08-12 12:54:46.206881,CLO,2212858.jpeg,2212858,2,0,NA
2212854_2,2022-08-12 12:54:44.422712,CLO,2212854.jpeg,2212854,2,0,NA
2212851_2,2022-08-12 12:54:42.639350,CLO,2212851.jpeg,2212851,2,0,NA
2212849_2,2022-08-12 12:54:40.575227,CLO,2212849.jpeg,2212849,2,0,NA
2212848_2,2022-08-12 12:54:38.103877,CLO,2212848.jpeg,2212848,2,0,NA
2212844_2,2022-08-12 12:54:34.196196,CLO,2212844.jpeg,2212844,2,0,NA
2212806_2,2022-08-12 11:11:50.108408,CLO,2212806.jpeg,2212806,2,0,NA
2213090_2,2022-08-12 09:09:48.002822,CLO,2213090.jpeg,2213090,2,0,NA
2213088_2,2022-08-12 09:09:27.097089,CLO,2213088.jpeg,2213088,2,0,NA
2213087_2,2022-08-12 09:09:20.039976,CLO,2213087.jpeg,2213087,2,0,NA
2213086_2,2022-08-12 09:09:00.972002,CLO,2213086.jpeg,2213086,2,0,NA
2213085_2,2022-08-12 09:08:58.727801,CLO,2213085.jpeg,2213085,2,0,NA
2213006_2,2022-08-12 09:08:56.632225,CLO,2213006.jpeg,2213006,2,0,NA
2213010_2,2022-08-12 09:08:31.547668,CLO,2213010.jpeg,2213010,2,0,NA
2213008_2,2022-08-12 09:08:23.389483,CLO,2213008.jpeg,2213008,2,0,NA
2213005_2,2022-08-12 09:08:19.319861,CLO,2213005.jpeg,2213005,2,0,NA
2213044_2,2022-08-12 09:07:06.305959,CLO,2213044.jpeg,2213044,2,0,NA
2213030_2,2022-08-12 09:06:56.613379,CLO,2213030.jpeg,2213030,2,0,NA
2212930_2,2022-08-12 09:06:39.975099,CLO,2212930.jpeg,2212930,2,0,NA
2212928_2,2022-08-12 09:06:36.181522,CLO,2212928.jpeg,2212928,2,0,NA
2212931_2,2022-08-12 09:06:35.089531,CLO,2212931.jpeg,2212931,2,0,NA
2212927_2,2022-08-12 09:06:32.487193,CLO,2212927.jpeg,2212927,2,0,NA
2212799_2,2022-08-11 17:26:50.915423,BEAUTY,2212799.jpg,2212799,2,0,NA
2210621_2,2022-08-11 16:57:23.633651,CLO,2210621.jpg,2210621,2,0,NA
2212785_2,2022-08-11 15:52:27.435618,CLO,2212785.png,2212785,2,0,NA
2212784_2,2022-08-11 15:52:15.685665,CLO,2212784.png,2212784,2,0,NA
2212719_2,2022-08-11 15:51:57.966985,CLO,2212719.jpg,2212719,2,0,NA
2212717_2,2022-08-11 15:51:43.748334,CLO,2212717.jpg,2212717,2,0,NA
2212716_2,2022-08-11 15:51:34.107958,CLO,2212716.jpg,2212716,2,0,NA
2212715_2,2022-08-11 15:51:23.842162,CLO,2212715.jpg,2212715,2,0,NA
2212714_2,2022-08-11 15:51:10.545317,CLO,2212714.jpg,2212714,2,0,NA
2212713_2,2022-08-11 15:50:55.779723,CLO,2212713.jpg,2212713,2,0,NA
2212712_2,2022-08-11 15:50:42.389147,CLO,2212712.jpg,2212712,2,0,NA
2212711_2,2022-08-11 15:50:32.389194,CLO,2212711.jpg,2212711,2,0,NA
2212499_2,2022-08-11 15:50:13.951757,CLO,2212499.jpg,2212499,2,0,NA
2212783_2,2022-08-11 15:49:57.545799,CLO,2212783.jpg,2212783,2,0,NA
2212782_2,2022-08-11 15:49:43.545634,CLO,2212782.png,2212782,2,0,NA
2212781_2,2022-08-11 15:49:32.139427,CLO,2212781.png,2212781,2,0,NA
2212780_2,2022-08-11 15:49:14.202111,CLO,2212780.png,2212780,2,0,NA
2212709_2,2022-08-11 15:49:03.655304,CLO,2212709.png,2212709,2,0,NA
2212707_2,2022-08-11 15:48:51.217703,CLO,2212707.png,2212707,2,0,NA
2212779_2,2022-08-11 15:48:33.046102,CLO,2212779.jpg,2212779,2,0,NA
2212778_2,2022-08-11 15:48:21.670938,CLO,2212778.jpg,2212778,2,0,NA
2212777_2,2022-08-11 15:48:09.092871,CLO,2212777.jpg,2212777,2,0,NA
2212776_2,2022-08-11 15:47:56.546112,CLO,2212776.jpg,2212776,2,0,NA
2212775_2,2022-08-11 15:47:36.811746,CLO,2212775.jpg,2212775,2,0,NA
2212906_2,2022-08-11 14:18:28.383706,CLO,2212906.jpeg,2212906,2,0,NA
2212925_2,2022-08-11 14:18:21.237676,CLO,2212925.jpeg,2212925,2,0,NA
2212924_2,2022-08-11 14:18:17.499736,CLO,2212924.jpeg,2212924,2,0,NA
2212923_2,2022-08-11 14:18:14.021322,CLO,2212923.jpeg,2212923,2,0,NA
2212922_2,2022-08-11 14:18:10.441694,CLO,2212922.jpeg,2212922,2,0,NA
2212921_2,2022-08-11 14:18:03.282224,CLO,2212921.jpeg,2212921,2,0,NA
2212909_2,2022-08-11 14:17:56.194837,CLO,2212909.jpeg,2212909,2,0,NA
2212920_2,2022-08-11 14:17:52.698002,CLO,2212920.jpeg,2212920,2,0,NA
2212919_2,2022-08-11 14:17:48.910878,CLO,2212919.jpeg,2212919,2,0,NA
2212905_2,2022-08-11 14:17:18.246859,CLO,2212905.jpeg,2212905,2,0,NA
2212918_2,2022-08-11 14:17:16.440152,CLO,2212918.jpeg,2212918,2,0,NA
2212917_2,2022-08-11 14:17:11.094542,CLO,2212917.jpeg,2212917,2,0,NA
2212915_2,2022-08-11 14:17:02.615589,CLO,2212915.jpeg,2212915,2,0,NA
2212913_2,2022-08-11 14:16:54.076669,CLO,2212913.jpeg,2212913,2,0,NA
2212914_2,2022-08-11 14:16:50.405533,CLO,2212914.jpeg,2212914,2,0,NA
2212819_2,2022-08-11 14:16:46.843832,CLO,2212819.jpeg,2212819,2,0,NA
2212814_2,2022-08-11 14:16:45.153964,CLO,2212814.jpeg,2212814,2,0,NA
2212816_2,2022-08-11 14:16:35.440811,CLO,2212816.jpeg,2212816,2,0,NA
2212807_2,2022-08-11 14:16:33.713869,CLO,2212807.jpeg,2212807,2,0,NA
2212805_2,2022-08-11 14:16:20.717056,CLO,2212805.jpeg,2212805,2,0,NA
2212804_2,2022-08-11 14:16:17.409832,CLO,2212804.jpeg,2212804,2,0,NA
2212803_2,2022-08-11 14:16:11.163002,CLO,2212803.jpeg,2212803,2,0,NA
2212802_2,2022-08-11 14:16:08.955733,CLO,2212802.jpeg,2212802,2,0,NA
2212800_2,2022-08-11 14:15:59.121844,CLO,2212800.jpeg,2212800,2,0,NA
2212795_2,2022-08-11 14:15:55.597997,CLO,2212795.jpeg,2212795,2,0,NA
2212786_2,2022-08-11 14:15:51.938066,CLO,2212786.jpeg,2212786,2,0,NA
2212808_2,2022-08-11 14:14:33.420696,CLO,2212808.jpeg,2212808,2,0,NA
2212798_2,2022-08-11 14:14:32.647514,CLO,2212798.jpeg,2212798,2,0,NA
2212797_2,2022-08-11 14:14:31.939820,CLO,2212797.jpeg,2212797,2,0,NA
2212796_2,2022-08-11 14:14:31.252449,CLO,2212796.jpeg,2212796,2,0,NA
2212789_2,2022-08-11 14:14:29.838637,CLO,2212789.jpeg,2212789,2,0,NA
2212889_2,2022-08-11 14:14:22.320294,CLO,2212889.jpeg,2212889,2,0,NA
2212883_2,2022-08-11 14:14:10.966535,CLO,2212883.jpeg,2212883,2,0,NA
2212881_2,2022-08-11 14:14:05.170309,CLO,2212881.jpeg,2212881,2,0,NA
2212891_2,2022-08-11 14:14:03.162012,CLO,2212891.jpeg,2212891,2,0,NA
2212886_2,2022-08-11 14:13:37.953444,CLO,2212886.jpeg,2212886,2,0,NA
2212887_2,2022-08-11 14:13:34.106518,CLO,2212887.jpeg,2212887,2,0,NA
2212888_2,2022-08-11 14:13:26.336727,CLO,2212888.jpeg,2212888,2,0,NA
2212434_2,2022-08-11 12:43:19.640287,ACC,2212434.png,2212434,2,0,NA
2212433_2,2022-08-11 12:29:49.111844,ACC,2212433.jpg,2212433,2,0,NA
2212430_2,2022-08-11 12:28:47.674419,ACC,2212430.jpg,2212430,2,0,NA
2212432_2,2022-08-11 12:26:16.659337,ACC,2212432.jpg,2212432,2,0,NA
2212431_2,2022-08-11 12:21:27.035489,ACC,2212431.jpg,2212431,2,0,NA
0_0,2022-08-10 09:11:19.609009,IT,Shasa2022_Ecommerce.flf,0,0,0,NA
2212424_2,2022-08-08 13:32:57.593246,CLO,2212424.jpg,2212424,2,0,NA
2212425_2,2022-08-08 13:32:42.483932,CLO,2212425.jpg,2212425,2,0,NA
2212427_2,2022-08-08 13:32:14.999662,CLO,2212427.jpg,2212427,2,0,NA
2212428_2,2022-08-08 13:31:33.312327,CLO,2212428.jpg,2212428,2,0,NA
2212423_2,2022-08-08 12:49:41.199740,CLO,2212423.jpg,2212423,2,0,NA
2212396_2,2022-08-08 12:49:01.923507,CLO,2212396.jpg,2212396,2,0,NA
2212279_2,2022-08-08 12:25:52.465481,CLO,2212279.jpeg,2212279,2,0,NA
2212273_2,2022-08-08 12:25:27.932620,CLO,2212273.jpeg,2212273,2,0,NA
0_0,2022-08-08 12:11:22.961389,CLO,Images (I) - Acceso directo.lnk,0,0,0,NA
2212347_2,2022-08-08 11:46:47.366652,BEAUTY,2212347.jpg,2212347,2,0,NA
2212345_2,2022-08-08 11:46:24.569922,BEAUTY,2212345.jpg,2212345,2,0,NA
2212343_2,2022-08-08 11:46:01.366845,BEAUTY,2212343.jpg,2212343,2,0,NA
2212342_2,2022-08-08 11:45:35.038846,BEAUTY,2212342.jpg,2212342,2,0,NA
2212336_2,2022-08-08 11:44:54.601471,BEAUTY,2212336.jpg,2212336,2,0,NA
2212334_2,2022-08-08 11:44:15.898501,BEAUTY,2212334.jpg,2212334,2,0,NA
2212332_2,2022-08-08 11:43:32.976788,BEAUTY,2212332.jpg,2212332,2,0,NA
2212331_2,2022-08-08 11:42:55.398807,BEAUTY,2212331.jpg,2212331,2,0,NA
2212330_2,2022-08-08 11:42:34.555133,BEAUTY,2212330.jpg,2212330,2,0,NA
2211735_2,2022-08-08 09:44:56.000000,CLO,2211735.jpg,2211735,2,0,NA
2211726_2,2022-08-08 09:44:55.000000,CLO,2211726.jpg,2211726,2,0,NA
2211727_2,2022-08-08 09:44:55.000000,CLO,2211727.jpg,2211727,2,0,NA
2211630_2,2022-08-08 09:44:54.000000,CLO,2211630.jpg,2211630,2,0,NA
2211502_2,2022-08-08 09:44:53.000000,CLO,2211502.jpg,2211502,2,0,NA
2211624_2,2022-08-08 09:44:53.000000,CLO,2211624.jpg,2211624,2,0,NA
2211500_2,2022-08-08 09:44:52.000000,CLO,2211500.jpg,2211500,2,0,NA
2211501_2,2022-08-08 09:44:52.000000,CLO,2211501.jpg,2211501,2,0,NA
2211495_2,2022-08-08 09:44:52.000000,CLO,2211495.jpg,2211495,2,0,NA
2211464_2,2022-08-08 09:44:51.000000,CLO,2211464.jpg,2211464,2,0,NA
2211467_2,2022-08-08 09:44:51.000000,CLO,2211467.jpg,2211467,2,0,NA
2211347_2,2022-08-08 09:44:50.000000,CLO,2211347.jpg,2211347,2,0,NA
2211344_2,2022-08-08 09:44:50.000000,CLO,2211344.jpg,2211344,2,0,NA
2211342_2,2022-08-08 09:44:50.000000,CLO,2211342.jpg,2211342,2,0,NA
2211296_2,2022-08-08 09:44:49.000000,CLO,2211296.jpg,2211296,2,0,NA
2211340_2,2022-08-08 09:44:49.000000,CLO,2211340.PNG,2211340,2,0,NA
2211320_2,2022-08-08 09:44:49.000000,CLO,2211320.jpg,2211320,2,0,NA
2211293_2,2022-08-08 09:44:48.000000,CLO,2211293.jpg,2211293,2,0,NA
2211287_2,2022-08-08 09:44:48.000000,CLO,2211287.jpg,2211287,2,0,NA
2211286_2,2022-08-08 09:44:47.000000,CLO,2211286.png,2211286,2,0,NA
2211277_2,2022-08-08 09:44:47.000000,CLO,2211277.jpeg,2211277,2,0,NA
2211286_2,2022-08-08 09:44:47.000000,CLO,2211286.jpg,2211286,2,0,NA
2211276_2,2022-08-08 09:44:46.000000,CLO,2211276.jpg,2211276,2,0,NA
2211267_2,2022-08-08 09:44:46.000000,CLO,2211267.jpg,2211267,2,0,NA
2211228_2,2022-08-08 09:44:46.000000,CLO,2211228.jpg,2211228,2,0,NA
2211216_2,2022-08-08 09:44:45.000000,CLO,2211216.jpg,2211216,2,0,NA
2211215_2,2022-08-08 09:44:45.000000,CLO,2211215.jpg,2211215,2,0,NA
2211214_2,2022-08-08 09:44:44.000000,CLO,2211214.jpg,2211214,2,0,NA
2211213_2,2022-08-08 09:44:44.000000,CLO,2211213.jpg,2211213,2,0,NA
2211212_2,2022-08-08 09:44:44.000000,CLO,2211212.jpg,2211212,2,0,NA
2211196_2,2022-08-08 09:44:43.000000,CLO,2211196.jpg,2211196,2,0,NA
2211199_2,2022-08-08 09:44:43.000000,CLO,2211199.jpg,2211199,2,0,NA
2211169_2,2022-08-08 09:44:42.000000,CLO,2211169.jpg,2211169,2,0,NA
2211167_2,2022-08-08 09:44:42.000000,CLO,2211167.jpg,2211167,2,0,NA
2211151_2,2022-08-08 09:44:41.000000,CLO,2211151.jpg,2211151,2,0,NA
2210965_2,2022-08-08 09:44:40.000000,CLO,2210965.jpg,2210965,2,0,NA
2210781_2,2022-08-08 09:44:39.000000,CLO,2210781.jpg,2210781,2,0,NA
2210660_2,2022-08-08 09:44:35.000000,CLO,2210660.jpg,2210660,2,0,NA
2210659_2,2022-08-08 09:44:35.000000,CLO,2210659.jpg,2210659,2,0,NA
2210657_2,2022-08-08 09:44:33.000000,CLO,2210657.jpg,2210657,2,0,NA
2210653_2,2022-08-08 09:44:32.000000,CLO,2210653.jpg,2210653,2,0,NA
2210626_2,2022-08-08 09:44:31.000000,CLO,2210626.jpg,2210626,2,0,NA
2210609_2,2022-08-08 09:44:30.000000,CLO,2210609.jpeg,2210609,2,0,NA
2210581_2,2022-08-08 09:44:30.000000,CLO,2210581.jpg,2210581,2,0,NA
2210572_2,2022-08-08 09:44:29.000000,CLO,2210572.jpg,2210572,2,0,NA
2210567_2,2022-08-08 09:44:29.000000,CLO,2210567.jpg,2210567,2,0,NA
2210421_2,2022-08-08 09:44:26.000000,CLO,2210421.jpeg,2210421,2,0,NA
2210391_2,2022-08-08 09:44:26.000000,CLO,2210391.jpeg,2210391,2,0,NA
2210388_2,2022-08-08 09:44:25.000000,CLO,2210388.jpeg,2210388,2,0,NA
2210365_2,2022-08-08 09:44:24.000000,CLO,2210365.jpeg,2210365,2,0,NA
2210331_2,2022-08-08 09:44:24.000000,CLO,2210331.jpg,2210331,2,0,NA
2210010_2,2022-08-08 09:44:20.000000,CLO,2210010.jpg,2210010,2,0,NA
2209707_2,2022-08-08 09:44:18.000000,CLO,2209707.jpeg,2209707,2,0,NA
2208777_2,2022-08-08 09:44:17.000000,CLO,2208777.jpg,2208777,2,0,NA
2208771_2,2022-08-08 09:44:17.000000,CLO,2208771.png,2208771,2,0,NA
2208770_2,2022-08-08 09:44:16.000000,CLO,2208770.png,2208770,2,0,NA
2208505_2,2022-08-08 09:44:12.000000,CLO,2208505.jpg,2208505,2,0,NA
2208447_2,2022-08-08 09:44:11.000000,CLO,2208447.jpg,2208447,2,0,NA
2207318_2,2022-08-08 09:44:09.000000,CLO,2207318.jpg,2207318,2,0,NA
2207317_2,2022-08-08 09:44:08.000000,CLO,2207317.jpg,2207317,2,0,NA
2212406_2,2022-08-05 14:42:15.790078,SHO,2212406.jpg,2212406,2,0,NA
2212403_2,2022-08-05 14:38:07.344160,SHO,2212403.jpg,2212403,2,0,NA
2212401_2,2022-08-05 14:30:30.857671,SHO,2212401.jpg,2212401,2,0,NA
2212399_2,2022-08-05 14:22:53.324340,SHO,2212399.jpg,2212399,2,0,NA
2212398_2,2022-08-05 14:18:51.487761,SHO,2212398.jpg,2212398,2,0,NA
2212390_2,2022-08-05 13:50:27.875917,ACC,2212390.jpg,2212390,2,0,NA
2212387_2,2022-08-05 13:47:00.775333,ACC,2212387.jpg,2212387,2,0,NA
2212386_2,2022-08-05 13:42:40.317633,ACC,2212386.jpg,2212386,2,0,NA
2212383_2,2022-08-05 13:38:18.344387,ACC,2212383.png,2212383,2,0,NA
2212335_2,2022-08-05 10:31:21.622522,CLO,2212335.jpg,2212335,2,0,NA
2212289_2,2022-08-04 18:50:16.386059,CLO,2212289.JPG,2212289,2,0,NA
2210623_2,2022-08-04 15:32:33.000000,CLO,2210623.jpg,2210623,2,0,NA
2210382_2,2022-08-04 15:32:30.000000,CLO,2210382.jpg,2210382,2,0,NA
2210116_2,2022-08-04 15:32:21.000000,CLO,2210116.jpg,2210116,2,0,NA
2210113_2,2022-08-04 15:32:19.000000,CLO,2210113.jpg,2210113,2,0,NA
2210111_2,2022-08-04 15:32:18.000000,CLO,2210111.jpg,2210111,2,0,NA
2210065_2,2022-08-04 15:32:13.000000,CLO,2210065.jpg,2210065,2,0,NA
2210061_2,2022-08-04 15:32:12.000000,CLO,2210061.jpg,2210061,2,0,NA
2210005_2,2022-08-04 15:32:09.000000,CLO,2210005.jpg,2210005,2,0,NA
2209585_2,2022-08-04 15:32:06.000000,CLO,2209585.jpg,2209585,2,0,NA
2211485_2,2022-08-04 15:31:36.000000,CLO,2211485.jpg,2211485,2,0,NA
2211486_2,2022-08-04 15:31:36.000000,CLO,2211486.jpg,2211486,2,0,NA
2211410_2,2022-08-04 15:31:35.000000,CLO,2211410.jpg,2211410,2,0,NA
2211362_2,2022-08-04 15:31:35.000000,CLO,2211362.jpeg,2211362,2,0,NA
2211354_2,2022-08-04 15:31:34.000000,CLO,2211354.jpg,2211354,2,0,NA
2211232_2,2022-08-04 15:31:33.000000,CLO,2211232.jpg,2211232,2,0,NA
2210966_2,2022-08-04 15:31:33.000000,CLO,2210966.jpg,2210966,2,0,NA
2210788_2,2022-08-04 15:31:28.000000,CLO,2210788.jpeg,2210788,2,0,NA
2210696_2,2022-08-04 15:31:25.000000,CLO,2210696.jpg,2210696,2,0,NA
2210697_2,2022-08-04 15:31:25.000000,CLO,2210697.jpg,2210697,2,0,NA
2210679_2,2022-08-04 15:31:24.000000,CLO,2210679.jpg,2210679,2,0,NA
2210682_2,2022-08-04 15:31:24.000000,CLO,2210682.jpg,2210682,2,0,NA
2210684_2,2022-08-04 15:31:24.000000,CLO,2210684.jpg,2210684,2,0,NA
2210677_2,2022-08-04 15:31:22.000000,CLO,2210677.jpg,2210677,2,0,NA
2210661_2,2022-08-04 15:31:22.000000,CLO,2210661.jpg,2210661,2,0,NA
2212313_2,2022-08-04 15:09:48.313545,CLO,2212313.jpeg,2212313,2,0,NA
2212310_2,2022-08-04 15:09:05.782073,CLO,2212310.jpeg,2212310,2,0,NA
2212286_2,2022-08-04 15:04:28.705536,CLO,2212286.jpeg,2212286,2,0,NA
2212420_2,2022-08-04 15:04:25.721990,CLO,2212420.jpeg,2212420,2,0,NA
2212288_2,2022-08-04 15:04:14.986607,CLO,2212288.jpeg,2212288,2,0,NA
2212309_2,2022-08-04 15:04:06.987541,CLO,2212309.jpeg,2212309,2,0,NA
2212311_2,2022-08-04 15:03:51.859637,CLO,2212311.jpeg,2212311,2,0,NA
2212252_2,2022-08-04 13:46:16.987243,SHO,2212252.jpg,2212252,2,0,NA
2212251_2,2022-08-04 13:46:09.506686,SHO,2212251.jpg,2212251,2,0,NA
2212250_2,2022-08-04 13:46:02.317856,SHO,2212250.jpg,2212250,2,0,NA
2212247_2,2022-08-04 13:45:53.915571,SHO,2212247.jpg,2212247,2,0,NA
2212244_2,2022-08-04 13:45:45.528997,SHO,2212244.jpg,2212244,2,0,NA
2212242_2,2022-08-04 13:45:36.582062,SHO,2212242.jpg,2212242,2,0,NA
2212240_2,2022-08-04 13:18:42.314267,CLO,2212240.png,2212240,2,0,NA
2212239_2,2022-08-04 13:10:03.667452,CLO,2212239.png,2212239,2,0,NA
2212116_2,2022-08-04 12:22:39.587026,ACC,2212116.png,2212116,2,0,NA
2212115_2,2022-08-04 12:19:40.907357,ACC,2212115.png,2212115,2,0,NA
2212114_2,2022-08-04 12:19:25.595287,ACC,2212114.png,2212114,2,0,NA
2212216_2,2022-08-04 09:56:57.173080,CLO,2212216.png,2212216,2,0,NA
2212215_2,2022-08-04 09:45:14.255111,CLO,2212215.jpg,2212215,2,0,NA
2212214_2,2022-08-04 09:31:35.477767,CLO,2212214.jpg,2212214,2,0,NA
2211750_2,2022-08-03 16:18:22.850687,JEW,2211750.jpg,2211750,2,0,NA
2211189_2,2022-08-03 16:17:54.334877,JEW,2211189.jpg,2211189,2,0,NA
2211185_2,2022-08-03 16:17:25.288250,JEW,2211185.jpg,2211185,2,0,NA
2211671_2,2022-08-03 16:16:48.507016,JEW,2211671.jpg,2211671,2,0,NA
2211168_2,2022-08-03 16:16:00.163470,JEW,2211168.jpg,2211168,2,0,NA
2211166_2,2022-08-03 16:15:19.741721,JEW,2211166.jpg,2211166,2,0,NA
2211164_2,2022-08-03 16:14:36.210649,JEW,2211164.jpg,2211164,2,0,NA
2211163_2,2022-08-03 16:13:59.335803,JEW,2211163.jpg,2211163,2,0,NA
2211162_2,2022-08-03 16:12:37.429811,JEW,2211162.jpg,2211162,2,0,NA
2211165_2,2022-08-03 16:11:45.070312,JEW,2211165.jpg,2211165,2,0,NA
2211160_2,2022-08-03 16:11:09.367132,JEW,2211160.jpg,2211160,2,0,NA
2211157_2,2022-08-03 16:10:40.460888,JEW,2211157.jpg,2211157,2,0,NA
2211156_2,2022-08-03 16:10:07.429470,JEW,2211156.jpg,2211156,2,0,NA
2211155_2,2022-08-03 16:09:34.429384,JEW,2211155.jpg,2211155,2,0,NA
2211154_2,2022-08-03 16:09:04.116862,JEW,2211154.jpg,2211154,2,0,NA
2211153_2,2022-08-03 16:08:39.507497,JEW,2211153.jpg,2211153,2,0,NA
2211152_2,2022-08-03 16:08:05.757475,JEW,2211152.jpg,2211152,2,0,NA
2211144_2,2022-08-03 16:07:04.850442,JEW,2211144.jpg,2211144,2,0,NA
2211143_2,2022-08-03 16:02:28.580041,JEW,2211143.jpg,2211143,2,0,NA
2211142_2,2022-08-03 16:01:46.718426,JEW,2211142.jpg,2211142,2,0,NA
2211137_2,2022-08-03 15:57:07.903182,JEW,2211137.jpg,2211137,2,0,NA
0_2,2022-08-03 14:11:59.305645,CLO,221266.png,0,2,0,NA
2212165_2,2022-08-03 13:02:30.117348,CLO,2212165.jpg,2212165,2,0,NA
2211831_2,2022-08-03 12:53:13.611629,CLO,2211831.png,2211831,2,0,NA
2212161_2,2022-08-03 12:03:11.143663,SHO,2212161.jpg,2212161,2,0,NA
2212160_2,2022-08-03 11:57:15.870373,SHO,2212160.jpg,2212160,2,0,NA
2212159_2,2022-08-03 11:54:43.347758,SHO,2212159.jpg,2212159,2,0,NA
2212158_2,2022-08-03 11:52:20.299684,SHO,2212158.jpg,2212158,2,0,NA
2212157_2,2022-08-03 11:47:34.734239,SHO,2212157.jpg,2212157,2,0,NA
2212156_2,2022-08-03 11:46:40.222006,SHO,2212156.jpg,2212156,2,0,NA
2212155_2,2022-08-03 11:46:30.364398,SHO,2212155.jpg,2212155,2,0,NA
2212154_2,2022-08-03 11:42:10.365688,SHO,2212154.jpg,2212154,2,0,NA
2212153_2,2022-08-03 11:38:33.797554,SHO,2212153.jpg,2212153,2,0,NA
2212152_2,2022-08-03 11:36:05.079895,SHO,2212152.jpg,2212152,2,0,NA
2212151_2,2022-08-03 11:33:54.952427,SHO,2212151.jpg,2212151,2,0,NA
2212150_2,2022-08-03 11:31:08.600919,SHO,2212150.jpg,2212150,2,0,NA
2212116_2,2022-08-03 11:08:12.408165,ACC,2212116.jpeg,2212116,2,0,NA
2212115_2,2022-08-03 11:07:53.517245,ACC,2212115.jpeg,2212115,2,0,NA
2212114_2,2022-08-03 11:07:22.016767,ACC,2212114.jpeg,2212114,2,0,NA
2211918_2,2022-08-03 10:31:30.037563,BEAUTY,2211918.png,2211918,2,0,NA
2211917_2,2022-08-03 10:29:38.946114,BEAUTY,2211917.png,2211917,2,0,NA
2211916_2,2022-08-03 10:29:21.634022,BEAUTY,2211916.png,2211916,2,0,NA
2211915_2,2022-08-03 10:29:09.712551,BEAUTY,2211915.png,2211915,2,0,NA
2211869_2,2022-08-03 10:22:05.847339,ACC,2211869.png,2211869,2,0,NA
2211868_2,2022-08-03 10:21:39.394727,ACC,2211868.png,2211868,2,0,NA
2211861_2,2022-08-03 10:20:52.067729,ACC,2211861.png,2211861,2,0,NA
2211860_2,2022-08-03 10:20:40.255458,ACC,2211860.png,2211860,2,0,NA
2212329_2,2022-08-03 08:52:48.143464,CLO,2212329.jpg,2212329,2,0,NA
2212146_2,2022-08-02 18:57:07.492017,CLO,2212146.JPG,2212146,2,0,NA
2212144_2,2022-08-02 14:35:41.991930,SHO,2212144.jpg,2212144,2,0,NA
2212143_2,2022-08-02 14:35:22.898477,SHO,2212143.jpg,2212143,2,0,NA
2212142_2,2022-08-02 14:34:13.274830,SHO,2212142.jpg,2212142,2,0,NA
2212141_2,2022-08-02 14:33:56.196824,SHO,2212141.jpg,2212141,2,0,NA
2212140_2,2022-08-02 14:33:39.650214,SHO,2212140.jpg,2212140,2,0,NA
2212139_2,2022-08-02 14:33:24.228629,SHO,2212139.jpg,2212139,2,0,NA
2212138_2,2022-08-02 13:47:19.369969,CLO,2212138.JPG,2212138,2,0,NA
2211996_2,2022-08-02 12:04:17.003877,CLO,2211996.jpg,2211996,2,0,NA
2211988_2,2022-08-02 12:01:12.927141,CLO,2211988.png,2211988,2,0,NA
2212131_2,2022-08-02 11:20:01.720095,SHO,2212131.jpg,2212131,2,0,NA
2212130_2,2022-08-02 11:19:55.431979,SHO,2212130.jpg,2212130,2,0,NA
2212129_2,2022-08-02 11:19:48.269605,SHO,2212129.jpg,2212129,2,0,NA
2212128_2,2022-08-02 11:19:41.202917,SHO,2212128.jpg,2212128,2,0,NA
2212127_2,2022-08-02 11:19:33.316294,SHO,2212127.jpg,2212127,2,0,NA
2212031_2,2022-08-01 15:14:21.752081,ACC,2212031.jpg,2212031,2,0,NA
2212028_2,2022-08-01 15:13:45.174211,ACC,2212028.jpg,2212028,2,0,NA
2212035_2,2022-08-01 15:09:16.912062,ACC,2212035.jpg,2212035,2,0,NA
2211953_2,2022-08-01 13:41:40.505826,CLO,2211953.jpg,2211953,2,0,NA
2211936_2,2022-08-01 13:39:02.570150,CLO,2211936.jpg,2211936,2,0,NA
2211928_2,2022-08-01 13:36:24.525328,CLO,2211928.jpg,2211928,2,0,NA
2211926_2,2022-08-01 13:16:00.849136,CLO,2211926.jpg,2211926,2,0,NA
2211925_2,2022-08-01 13:15:15.114948,CLO,2211925.jpg,2211925,2,0,NA
2211888_2,2022-08-01 13:09:59.849580,CLO,2211888.jpg,2211888,2,0,NA
2211886_2,2022-08-01 13:07:06.411208,CLO,2211886.jpg,2211886,2,0,NA
2211607_2,2022-08-01 09:48:55.444700,CLO,2211607.jpg,2211607,2,0,NA
2211606_2,2022-08-01 09:48:35.039316,CLO,2211606.jpg,2211606,2,0,NA
2211605_2,2022-08-01 09:48:12.321551,CLO,2211605.jpg,2211605,2,0,NA
2212111_2,2022-08-01 09:44:30.752819,CLO,2212111.JPG,2212111,2,0,NA
2211658_2,2022-08-01 08:39:28.000000,CLO,2211658.PNG,2211658,2,0,NA
2211614_2,2022-08-01 08:39:24.000000,CLO,2211614.jpg,2211614,2,0,NA
2211592_2,2022-08-01 08:39:23.000000,CLO,2211592.jpg,2211592,2,0,NA
2211591_2,2022-08-01 08:39:22.000000,CLO,2211591.jpg,2211591,2,0,NA
2211519_2,2022-08-01 08:39:21.000000,CLO,2211519.jpeg,2211519,2,0,NA
2211521_2,2022-08-01 08:39:21.000000,CLO,2211521.jpeg,2211521,2,0,NA
2211994_2,2022-08-01 08:31:17.264613,ACC,2211994.jpg,2211994,2,0,NA
2211992_2,2022-08-01 08:30:51.996814,ACC,2211992.jpg,2211992,2,0,NA
2212094_2,2022-08-01 08:21:32.437606,CLO,2212094.jpg,2212094,2,0,NA
2212070_2,2022-08-01 08:20:49.283834,CLO,2212070.jpg,2212070,2,0,NA
2212039_2,2022-07-31 21:51:55.808262,CLO,2212039.JPG,2212039,2,0,NA
2212096_2,2022-07-31 21:51:14.418858,CLO,2212096.JPG,2212096,2,0,NA
2211763_2,2022-07-29 19:05:06.703933,CLO,2211763.jpg,2211763,2,0,NA
2212055_2,2022-07-29 19:03:36.936896,CLO,2212055.jpg,2212055,2,0,NA
2212062_2,2022-07-29 19:03:21.296072,CLO,2212062.jpg,2212062,2,0,NA
2212065_2,2022-07-29 19:01:43.668124,CLO,2212065.jpg,2212065,2,0,NA
2212063_2,2022-07-29 19:01:06.088005,CLO,2212063.jpg,2212063,2,0,NA
2212071_2,2022-07-29 18:35:06.284486,CLO,2212071.JPG,2212071,2,0,NA
2211953_2,2022-07-29 17:32:03.150117,CLO,2211953.png,2211953,2,0,NA
2211936_2,2022-07-29 17:29:50.322689,CLO,2211936.png,2211936,2,0,NA
2211928_2,2022-07-29 17:28:06.869728,CLO,2211928.png,2211928,2,0,NA
2211926_2,2022-07-29 17:27:27.854240,CLO,2211926.png,2211926,2,0,NA
2211925_2,2022-07-29 17:26:50.010629,CLO,2211925.png,2211925,2,0,NA
2212036_2,2022-07-29 16:00:56.150370,CLO,2212036.jpg,2212036,2,0,NA
2212030_2,2022-07-29 16:00:42.557327,CLO,2212030.jpg,2212030,2,0,NA
2212042_2,2022-07-29 15:50:34.234929,CLO,2212042.png,2212042,2,0,NA
2211998_2,2022-07-29 14:53:39.140871,CLO,2211998.jpg,2211998,2,0,NA
2212000_2,2022-07-29 14:53:17.840739,CLO,2212000.jpg,2212000,2,0,NA
2212027_2,2022-07-29 14:51:51.269425,CLO,2212027.jpg,2212027,2,0,NA
2211898_2,2022-07-29 12:33:33.409381,CLO,2211898.png,2211898,2,0,NA
2211900_2,2022-07-29 12:32:07.956966,CLO,2211900.png,2211900,2,0,NA
2211920_2,2022-07-29 12:31:43.113621,CLO,2211920.jpg,2211920,2,0,NA
2212004_2,2022-07-29 12:24:09.477520,CLO,2212004.png,2212004,2,0,NA
2211937_2,2022-07-29 11:45:19.481141,BEAUTY,2211937.jpg,2211937,2,0,NA
2211940_2,2022-07-29 11:40:35.610450,BEAUTY,2211940.jpg,2211940,2,0,NA
2211942_2,2022-07-29 11:39:43.736413,BEAUTY,2211942.jpg,2211942,2,0,NA
2211999_2,2022-07-29 11:24:21.088508,ACC,2211999.jpg,2211999,2,0,NA
2211997_2,2022-07-29 11:17:20.119240,ACC,2211997.jpg,2211997,2,0,NA
2211872_2,2022-07-29 10:12:39.851482,BEAUTY,2211872.jpg,2211872,2,0,NA
2211874_2,2022-07-29 10:12:10.961120,BEAUTY,2211874.jpg,2211874,2,0,NA
2211873_2,2022-07-29 10:11:38.367721,BEAUTY,2211873.jpg,2211873,2,0,NA
2211871_2,2022-07-29 10:10:51.368330,BEAUTY,2211871.jpg,2211871,2,0,NA
2211875_2,2022-07-29 10:10:21.806197,BEAUTY,2211875.jpg,2211875,2,0,NA
2212113_2,2022-07-29 09:07:00.000000,BEAUTY,2212113.jpg,2212113,2,0,NA
2211625_2,2022-07-28 20:24:31.000000,CLO,2211625.jpg,2211625,2,0,NA
2211620_2,2022-07-28 20:24:30.000000,CLO,2211620.jpg,2211620,2,0,NA
2211301_2,2022-07-28 20:24:27.000000,CLO,2211301.PNG,2211301,2,0,NA
2211175_2,2022-07-28 20:24:26.000000,CLO,2211175.jpg,2211175,2,0,NA
2211173_2,2022-07-28 20:24:25.000000,CLO,2211173.jpg,2211173,2,0,NA
2210959_2,2022-07-28 20:24:23.000000,CLO,2210959.jpg,2210959,2,0,NA
2210959_2,2022-07-28 20:24:23.000000,CLO,2210959.png,2210959,2,0,NA
2210794_2,2022-07-28 20:24:22.000000,CLO,2210794.jpeg,2210794,2,0,NA
2210791_2,2022-07-28 20:24:21.000000,CLO,2210791.jpeg,2210791,2,0,NA
2210692_2,2022-07-28 20:24:20.000000,CLO,2210692.png,2210692,2,0,NA
2210690_2,2022-07-28 20:24:18.000000,CLO,2210690.png,2210690,2,0,NA
2210611_2,2022-07-28 20:24:13.000000,CLO,2210611.jpg,2210611,2,0,NA
2210566_2,2022-07-28 20:24:12.000000,CLO,2210566.jpeg,2210566,2,0,NA
2210336_2,2022-07-28 20:24:05.000000,CLO,2210336.jpeg,2210336,2,0,NA
2210334_2,2022-07-28 20:24:03.000000,CLO,2210334.jpeg,2210334,2,0,NA
2210133_2,2022-07-28 20:23:58.000000,CLO,2210133.jpeg,2210133,2,0,NA
2210002_2,2022-07-28 20:23:54.000000,CLO,2210002.jpg,2210002,2,0,NA
2209814_2,2022-07-28 20:23:52.000000,CLO,2209814.jpg,2209814,2,0,NA
2209799_2,2022-07-28 20:23:50.000000,CLO,2209799.jpg,2209799,2,0,NA
2209801_2,2022-07-28 20:23:50.000000,CLO,2209801.jpg,2209801,2,0,NA
2209785_2,2022-07-28 20:23:48.000000,CLO,2209785.png,2209785,2,0,NA
2208778_2,2022-07-28 20:23:43.000000,CLO,2208778.jpeg,2208778,2,0,NA
2207148_2,2022-07-28 20:23:26.000000,CLO,2207148.jpg,2207148,2,0,NA
2207125_2,2022-07-28 20:23:24.000000,CLO,2207125.jpeg,2207125,2,0,NA
2207122_2,2022-07-28 20:23:23.000000,CLO,2207122.png,2207122,2,0,NA
2207121_2,2022-07-28 20:23:20.000000,CLO,2207121.png,2207121,2,0,NA
2207117_2,2022-07-28 20:23:20.000000,CLO,2207117.jpeg,2207117,2,0,NA
2207108_2,2022-07-28 20:23:18.000000,CLO,2207108.jpg,2207108,2,0,NA
2206857_2,2022-07-28 20:23:01.000000,CLO,2206857.jpg,2206857,2,0,NA
2206848_2,2022-07-28 20:23:01.000000,CLO,2206848.jpg,2206848,2,0,NA
2211710_2,2022-07-28 20:03:06.000000,CLO,2211710.jpg,2211710,2,0,NA
2211709_2,2022-07-28 20:03:06.000000,CLO,2211709.jpg,2211709,2,0,NA
2211911_2,2022-07-28 20:03:04.000000,CLO,2211911.jpg,2211911,2,0,NA
2211914_2,2022-07-28 20:03:04.000000,CLO,2211914.jpg,2211914,2,0,NA
2211912_2,2022-07-28 20:03:04.000000,CLO,2211912.jpg,2211912,2,0,NA
2211713_2,2022-07-28 20:03:00.000000,CLO,2211713.jpg,2211713,2,0,NA
2211711_2,2022-07-28 20:03:00.000000,CLO,2211711.jpg,2211711,2,0,NA
2211832_2,2022-07-28 20:02:56.000000,ACC,2211832.jpg,2211832,2,0,NA
2211826_2,2022-07-28 20:02:56.000000,ACC,2211826.jpg,2211826,2,0,NA
2212015_2,2022-07-28 18:10:18.413305,CLO,2212015.jpg,2212015,2,0,NA
2212013_2,2022-07-28 18:08:46.944351,CLO,2212013.jpg,2212013,2,0,NA
2212017_2,2022-07-28 18:08:40.444319,CLO,2212017.jpg,2212017,2,0,NA
2212019_2,2022-07-28 18:08:31.413044,CLO,2212019.jpg,2212019,2,0,NA
2212016_2,2022-07-28 18:08:25.631915,CLO,2212016.jpg,2212016,2,0,NA
2212023_2,2022-07-28 18:08:20.741135,CLO,2212023.jpg,2212023,2,0,NA
2212010_2,2022-07-28 18:08:15.866134,CLO,2212010.jpg,2212010,2,0,NA
2212024_2,2022-07-28 18:08:10.178734,CLO,2212024.jpg,2212024,2,0,NA
2211962_2,2022-07-28 18:08:03.538198,CLO,2211962.jpg,2211962,2,0,NA
2211961_2,2022-07-28 18:07:58.038122,CLO,2211961.jpg,2211961,2,0,NA
2211959_2,2022-07-28 18:07:51.522342,CLO,2211959.jpg,2211959,2,0,NA
2212006_2,2022-07-28 18:07:46.381693,CLO,2212006.jpg,2212006,2,0,NA
2212009_2,2022-07-28 18:07:40.022304,CLO,2212009.jpg,2212009,2,0,NA
2212020_2,2022-07-28 18:07:23.991139,CLO,2212020.jpg,2212020,2,0,NA
2212072_2,2022-07-28 18:07:12.288080,CLO,2212072.jpg,2212072,2,0,NA
2212005_2,2022-07-28 18:06:50.225078,CLO,2212005.jpg,2212005,2,0,NA
2211982_2,2022-07-28 18:06:39.099913,CLO,2211982.jpg,2211982,2,0,NA
2211952_2,2022-07-28 18:03:51.644283,BEAUTY,2211952.jpg,2211952,2,0,NA
2212133_2,2022-07-28 13:09:45.206694,SHO,2212133.jpg,2212133,2,0,NA
2212132_2,2022-07-28 13:09:22.669573,SHO,2212132.jpg,2212132,2,0,NA
2212135_2,2022-07-28 13:09:07.982759,SHO,2212135.jpg,2212135,2,0,NA
2212134_2,2022-07-28 13:08:39.513021,SHO,2212134.jpg,2212134,2,0,NA
2211908_2,2022-07-27 17:40:13.782451,CLO,2211908.PNG,2211908,2,0,NA
2211906_2,2022-07-27 17:38:29.808004,CLO,2211906.jpeg,2211906,2,0,NA
2211902_2,2022-07-27 17:38:25.829384,CLO,2211902.jpeg,2211902,2,0,NA
2211901_2,2022-07-27 17:38:17.731368,CLO,2211901.jpeg,2211901,2,0,NA
2211904_2,2022-07-27 17:38:13.684794,CLO,2211904.jpeg,2211904,2,0,NA
2211679_2,2022-07-27 13:11:52.186669,SHO,2211679.jpg,2211679,2,0,NA
2211678_2,2022-07-27 13:11:07.692940,SHO,2211678.jpg,2211678,2,0,NA
2211518_2,2022-07-27 10:20:46.000000,CLO,2211518.jpeg,2211518,2,0,NA
2211388_2,2022-07-27 10:20:45.000000,CLO,2211388.png,2211388,2,0,NA
2211387_2,2022-07-27 10:20:45.000000,CLO,2211387.jpeg,2211387,2,0,NA
2211361_2,2022-07-27 10:20:44.000000,CLO,2211361.jpeg,2211361,2,0,NA
2211359_2,2022-07-27 10:20:44.000000,CLO,2211359.jpeg,2211359,2,0,NA
2211357_2,2022-07-27 10:20:43.000000,CLO,2211357.jpeg,2211357,2,0,NA
2211358_2,2022-07-27 10:20:43.000000,CLO,2211358.jpeg,2211358,2,0,NA
2211355_2,2022-07-27 10:20:42.000000,CLO,2211355.jpeg,2211355,2,0,NA
2211350_2,2022-07-27 10:20:41.000000,CLO,2211350.jpeg,2211350,2,0,NA
2211353_2,2022-07-27 10:20:41.000000,CLO,2211353.jpeg,2211353,2,0,NA
2211260_2,2022-07-27 10:20:40.000000,CLO,2211260.jpg,2211260,2,0,NA
2211249_2,2022-07-27 10:20:38.000000,CLO,2211249.jpg,2211249,2,0,NA
2211252_2,2022-07-27 10:20:38.000000,CLO,2211252.jpg,2211252,2,0,NA
2211208_2,2022-07-27 10:20:37.000000,CLO,2211208.jpg,2211208,2,0,NA
2211200_2,2022-07-27 10:20:36.000000,CLO,2211200.jpg,2211200,2,0,NA
2210964_2,2022-07-27 10:20:34.000000,CLO,2210964.jpg,2210964,2,0,NA
2210916_2,2022-07-27 10:20:33.000000,CLO,2210916.jpg,2210916,2,0,NA
2210700_2,2022-07-27 10:20:32.000000,CLO,2210700.jpg,2210700,2,0,NA
2210673_2,2022-07-27 10:20:31.000000,CLO,2210673.jpg,2210673,2,0,NA
2210672_2,2022-07-27 10:20:30.000000,CLO,2210672.jpg,2210672,2,0,NA
2210647_2,2022-07-27 10:20:29.000000,CLO,2210647.jpg,2210647,2,0,NA
2210640_2,2022-07-27 10:20:28.000000,CLO,2210640.jpg,2210640,2,0,NA
2210641_2,2022-07-27 10:20:28.000000,CLO,2210641.jpg,2210641,2,0,NA
2210605_2,2022-07-27 10:20:25.000000,CLO,2210605.jpeg,2210605,2,0,NA
2210603_2,2022-07-27 10:20:24.000000,CLO,2210603.jpeg,2210603,2,0,NA
2210596_2,2022-07-27 10:20:23.000000,CLO,2210596.jpg,2210596,2,0,NA
2210601_2,2022-07-27 10:20:23.000000,CLO,2210601.jpeg,2210601,2,0,NA
2210568_2,2022-07-27 10:20:22.000000,CLO,2210568.jpg,2210568,2,0,NA
2210357_2,2022-07-27 10:20:15.000000,CLO,2210357.jpg,2210357,2,0,NA
2210328_2,2022-07-27 10:20:14.000000,CLO,2210328.jpg,2210328,2,0,NA
2210219_2,2022-07-27 10:20:01.000000,CLO,2210219.png,2210219,2,0,NA
2210218_2,2022-07-27 10:20:00.000000,CLO,2210218.png,2210218,2,0,NA
2210105_2,2022-07-27 10:19:53.000000,CLO,2210105.jpg,2210105,2,0,NA
2210103_2,2022-07-27 10:19:53.000000,CLO,2210103.jpg,2210103,2,0,NA
2209753_2,2022-07-27 10:19:51.000000,CLO,2209753.jpeg,2209753,2,0,NA
2209811_2,2022-07-27 10:19:51.000000,CLO,2209811.jpeg,2209811,2,0,NA
2209682_2,2022-07-27 10:19:50.000000,CLO,2209682.jpeg,2209682,2,0,NA
2209598_2,2022-07-27 10:19:49.000000,CLO,2209598.jpeg,2209598,2,0,NA
2209601_2,2022-07-27 10:19:49.000000,CLO,2209601.jpeg,2209601,2,0,NA
2208637_2,2022-07-27 10:19:48.000000,CLO,2208637.jpg,2208637,2,0,NA
2208300_2,2022-07-27 10:19:45.000000,CLO,2208300.jpg,2208300,2,0,NA
2207096_2,2022-07-27 10:19:43.000000,CLO,2207096.jpg,2207096,2,0,NA
2207062_2,2022-07-27 10:19:42.000000,CLO,2207062.jpg,2207062,2,0,NA
2207085_2,2022-07-27 10:19:42.000000,CLO,2207085.jpg,2207085,2,0,NA
2207060_2,2022-07-27 10:19:41.000000,CLO,2207060.jpg,2207060,2,0,NA
2202828_2,2022-07-27 10:19:34.000000,CLO,2202828.jpg,2202828,2,0,NA
2114321_2,2022-07-27 10:19:27.000000,CLO,2114321.webp,2114321,2,0,NA
2011964_2,2022-07-27 10:19:22.000000,CLO,2011964.webp,2011964,2,0,NA
2007744_2,2022-07-27 10:19:20.000000,CLO,2007744.webp,2007744,2,0,NA
2212014_2,2022-07-27 09:16:52.725748,CLO,2212014.jfif,2212014,2,0,NA
2212011_2,2022-07-27 09:16:40.038476,CLO,2212011.jfif,2212011,2,0,NA
2212053_2,2022-07-27 08:29:15.508920,CLO,2212053.jfif,2212053,2,0,NA
2212012_2,2022-07-27 08:29:06.415546,CLO,2212012.jfif,2212012,2,0,NA
2212043_2,2022-07-27 08:25:09.894345,CLO,2212043.jfif,2212043,2,0,NA
2212041_2,2022-07-27 08:25:02.441536,CLO,2212041.jfif,2212041,2,0,NA
2211975_2,2022-07-27 08:22:53.572049,CLO,2211975.jfif,2211975,2,0,NA
2211955_2,2022-07-27 08:22:37.760302,CLO,2211955.jfif,2211955,2,0,NA
2212045_2,2022-07-27 08:19:12.550152,CLO,2212045.jfif,2212045,2,0,NA
2211970_2,2022-07-27 08:18:33.832823,CLO,2211970.jpeg,2211970,2,0,NA
2212008_2,2022-07-27 08:18:18.934860,CLO,2212008.jpeg,2212008,2,0,NA
2212007_2,2022-07-27 08:18:16.977383,CLO,2212007.jpeg,2212007,2,0,NA
2212048_2,2022-07-27 08:17:23.679792,CLO,2212048.jfif,2212048,2,0,NA
2211865_2,2022-07-26 10:41:49.349018,ACC,2211865.jpeg,2211865,2,0,NA
2211866_2,2022-07-26 10:41:47.148780,ACC,2211866.jpeg,2211866,2,0,NA
2211867_2,2022-07-26 10:41:44.996643,ACC,2211867.jpeg,2211867,2,0,NA
2211899_2,2022-07-26 10:39:23.482478,BEAUTY,2211899.jpg,2211899,2,0,NA
2211897_2,2022-07-26 10:38:57.103759,BEAUTY,2211897.jpg,2211897,2,0,NA
2211896_2,2022-07-26 10:38:45.638896,BEAUTY,2211896.jpg,2211896,2,0,NA
2211895_2,2022-07-26 10:38:42.727964,BEAUTY,2211895.jpg,2211895,2,0,NA
2211894_2,2022-07-26 10:33:46.725370,BEAUTY,2211894.jpg,2211894,2,0,NA
2211893_2,2022-07-26 10:33:08.288780,BEAUTY,2211893.jpg,2211893,2,0,NA
2211892_2,2022-07-26 10:32:07.108955,BEAUTY,2211892.jpg,2211892,2,0,NA
2211864_2,2022-07-26 10:06:16.215892,ACC,2211864.jpeg,2211864,2,0,NA
2211862_2,2022-07-26 10:06:14.077881,ACC,2211862.jpeg,2211862,2,0,NA
2211863_2,2022-07-26 10:06:12.598582,ACC,2211863.jpeg,2211863,2,0,NA
2211848_2,2022-07-25 11:05:13.176825,CLO,2211848.jpeg,2211848,2,0,NA
2211731_2,2022-07-25 10:59:53.485985,CLO,2211731.png,2211731,2,0,NA
2211730_2,2022-07-25 10:59:43.501287,CLO,2211730.png,2211730,2,0,NA
2211745_2,2022-07-25 10:45:50.261536,CLO,2211745.png,2211745,2,0,NA
2211744_2,2022-07-25 10:42:37.137348,CLO,2211744.png,2211744,2,0,NA
2211743_2,2022-07-25 10:39:31.356750,CLO,2211743.png,2211743,2,0,NA
2211652_2,2022-07-25 09:31:50.847177,CLO,2211652.jpg,2211652,2,0,NA
2211849_2,2022-07-24 22:18:09.201773,CLO,2211849.jpg,2211849,2,0,NA
2211842_2,2022-07-24 21:57:09.965871,CLO,2211842.jpg,2211842,2,0,NA
2211656_2,2022-07-24 15:16:52.345594,CLO,2211656.jpg,2211656,2,0,NA
2207271_2,2022-07-22 19:04:55.813487,CLO,2207271.jpg,2207271,2,0,NA
2211844_2,2022-07-22 19:03:41.234282,CLO,2211844.jpg,2211844,2,0,NA
2211843_2,2022-07-22 18:48:03.970643,CLO,2211843.jpg,2211843,2,0,NA
2211846_2,2022-07-22 18:47:55.017566,CLO,2211846.jpg,2211846,2,0,NA
2211847_2,2022-07-22 18:47:47.642592,CLO,2211847.jpg,2211847,2,0,NA
2211840_2,2022-07-22 18:46:00.705611,CLO,2211840.jpg,2211840,2,0,NA
2211841_2,2022-07-22 18:45:46.330581,CLO,2211841.jpg,2211841,2,0,NA
2211683_2,2022-07-22 18:27:34.553478,CLO,2211683.jpg,2211683,2,0,NA
2211682_2,2022-07-22 18:27:27.194145,CLO,2211682.jpg,2211682,2,0,NA
2211800_2,2022-07-22 15:28:49.864777,CLO,2211800.jpg,2211800,2,0,NA
2211799_2,2022-07-22 15:28:39.708558,CLO,2211799.jpg,2211799,2,0,NA
2211798_2,2022-07-22 15:28:31.067980,CLO,2211798.jpg,2211798,2,0,NA
2211716_2,2022-07-22 15:26:32.787146,CLO,2211716.png,2211716,2,0,NA
2211708_2,2022-07-22 15:26:22.584084,CLO,2211708.png,2211708,2,0,NA
0_0,2022-07-22 15:26:06.412284,CLO,Imagen53.png,0,0,0,NA
0_0,2022-07-22 15:25:48.459199,CLO,Imagen51.png,0,0,0,NA
0_0,2022-07-22 15:25:13.287488,CLO,Imagen47.png,0,0,0,NA
0_0,2022-07-22 15:25:05.084394,CLO,Imagen46.png,0,0,0,NA
2211811_2,2022-07-22 15:24:36.662616,CLO,2211811.png,2211811,2,0,NA
2211810_2,2022-07-22 15:24:28.084531,CLO,2211810.png,2211810,2,0,NA
2211820_2,2022-07-22 15:20:59.679054,CLO,2211820.jpg,2211820,2,0,NA
2211795_2,2022-07-22 15:20:43.272879,CLO,2211795.jpg,2211795,2,0,NA
2211770_2,2022-07-22 15:19:17.867260,CLO,2211770.jpg,2211770,2,0,NA
2211772_2,2022-07-22 15:16:05.273939,CLO,2211772.jpg,2211772,2,0,NA
2211763_2,2022-07-22 15:15:49.133384,CLO,2211763.png,2211763,2,0,NA
2211740_2,2022-07-22 15:07:19.930724,CLO,2211740.png,2211740,2,0,NA
2211737_2,2022-07-22 15:07:01.555706,CLO,2211737.png,2211737,2,0,NA
2211789_2,2022-07-22 13:37:38.920244,CLO,2211789.jpg,2211789,2,0,NA
2211789_2,2022-07-22 13:35:25.420589,CLO,2211789.png,2211789,2,0,NA
2211790_2,2022-07-22 12:26:34.287515,CLO,2211790.jpg,2211790,2,0,NA
2211792_2,2022-07-22 12:03:32.613643,CLO,2211792.jpg,2211792,2,0,NA
2211749_2,2022-07-21 22:44:07.133416,CLO,2211749.jpg,2211749,2,0,NA
2211747_2,2022-07-21 18:50:23.011394,CLO,2211747.PNG,2211747,2,0,NA
2211746_2,2022-07-21 18:40:11.685619,CLO,2211746.PNG,2211746,2,0,NA
2211681_2,2022-07-21 17:02:43.975420,CLO,2211681.jpg,2211681,2,0,NA
2211584_2,2022-07-21 15:56:49.735158,CLO,2211584.png,2211584,2,0,NA
2211469_2,2022-07-21 15:10:36.565752,JEW,2211469.jpg,2211469,2,0,NA
2211470_2,2022-07-21 15:09:30.456514,JEW,2211470.jpg,2211470,2,0,NA
2211562_2,2022-07-21 14:56:03.077856,JEW,2211562.jpg,2211562,2,0,NA
2211561_2,2022-07-21 14:55:37.402224,JEW,2211561.jpg,2211561,2,0,NA
2211560_2,2022-07-21 14:55:11.445023,JEW,2211560.jpg,2211560,2,0,NA
2211193_2,2022-07-21 14:40:15.535168,ACC,2211193.jpg,2211193,2,0,NA
2211190_2,2022-07-21 14:39:28.925951,ACC,2211190.jpg,2211190,2,0,NA
2211734_2,2022-07-21 14:11:14.743359,CLO,2211734.jpg,2211734,2,0,NA
2211748_2,2022-07-21 13:59:42.546208,CLO,2211748.jpg,2211748,2,0,NA
2211823_2,2022-07-21 13:59:40.436716,CLO,2211823.jpg,2211823,2,0,NA
2211775_2,2022-07-21 13:59:25.420391,CLO,2211775.jpg,2211775,2,0,NA
2211819_2,2022-07-21 13:58:54.028004,CLO,2211819.jpg,2211819,2,0,NA
2211837_2,2022-07-21 13:58:20.369932,CLO,2211837.jpg,2211837,2,0,NA
2211781_2,2022-07-21 13:58:13.619582,CLO,2211781.jpg,2211781,2,0,NA
2211729_2,2022-07-21 13:57:54.040421,CLO,2211729.jpg,2211729,2,0,NA
2211732_2,2022-07-21 13:57:47.665191,CLO,2211732.jpg,2211732,2,0,NA
2211777_2,2022-07-21 13:57:22.210592,CLO,2211777.jpg,2211777,2,0,NA
2211217_2,2022-07-21 08:16:23.801345,CLO,2211217.jpg,2211217,2,0,NA
2211815_2,2022-07-21 08:01:04.408924,CLO,2211815.jfif,2211815,2,0,NA
2211815_2,2022-07-21 08:01:04.408924,CLO,2211815.jpg,2211815,2,0,NA
2211728_2,2022-07-21 08:00:08.357155,CLO,2211728.jfif,2211728,2,0,NA
2211726_2,2022-07-21 07:59:26.118935,CLO,2211726.jfif,2211726,2,0,NA
2211648_2,2022-07-20 20:39:08.000000,JEW,2211648.jpg,2211648,2,0,NA
2211650_2,2022-07-20 20:39:08.000000,JEW,2211650.jpg,2211650,2,0,NA
2211645_2,2022-07-20 20:39:08.000000,JEW,2211645.jpg,2211645,2,0,NA
2211433_2,2022-07-20 20:39:04.000000,ACC,2211433.jpg,2211433,2,0,NA
2211542_2,2022-07-20 20:39:04.000000,CLO,2211542.jpg,2211542,2,0,NA
2211546_2,2022-07-20 20:39:04.000000,CLO,2211546.jpg,2211546,2,0,NA
2211517_2,2022-07-20 18:59:12.994040,CLO,2211517.jpg,2211517,2,0,NA
2211604_2,2022-07-20 18:44:09.009410,CLO,2211604.jpg,2211604,2,0,NA
2211600_2,2022-07-20 18:35:38.448797,CLO,2211600.jpg,2211600,2,0,NA
2211341_2,2022-07-20 18:28:42.809760,CLO,2211341.PNG,2211341,2,0,NA
2211209_2,2022-07-20 18:26:35.185273,CLO,2211209.jpg,2211209,2,0,NA
2211616_2,2022-07-20 18:13:30.531988,CLO,2211616.jpg,2211616,2,0,NA
2211615_2,2022-07-20 18:13:21.453930,CLO,2211615.jpg,2211615,2,0,NA
2211603_2,2022-07-20 18:13:14.219683,CLO,2211603.jpg,2211603,2,0,NA
2211601_2,2022-07-20 18:12:59.250876,CLO,2211601.jpg,2211601,2,0,NA
2211622_2,2022-07-20 18:07:13.172649,CLO,2211622.jpg,2211622,2,0,NA
2211461_2,2022-07-20 17:08:12.363251,ACC,2211461.jpg,2211461,2,0,NA
2211577_2,2022-07-20 17:06:42.260261,ACC,2211577.jpg,2211577,2,0,NA
2211576_2,2022-07-20 17:06:06.794442,ACC,2211576.jpg,2211576,2,0,NA
2211575_2,2022-07-20 17:05:40.887510,ACC,2211575.jpg,2211575,2,0,NA
2211401_2,2022-07-20 17:04:02.575190,ACC,2211401.jpg,2211401,2,0,NA
2211328_2,2022-07-20 17:03:07.747364,ACC,2211328.jpg,2211328,2,0,NA
2211327_2,2022-07-20 17:02:21.418525,ACC,2211327.jpg,2211327,2,0,NA
2211325_2,2022-07-20 17:01:24.482000,ACC,2211325.jpg,2211325,2,0,NA
2211323_2,2022-07-20 17:00:23.137330,ACC,2211323.jpg,2211323,2,0,NA
2211322_2,2022-07-20 16:59:19.544588,ACC,2211322.jpg,2211322,2,0,NA
2211321_2,2022-07-20 16:58:21.358999,ACC,2211321.jpg,2211321,2,0,NA
2211693_2,2022-07-20 12:24:23.388823,BEAUTY,2211693.jpg,2211693,2,0,NA
2211692_2,2022-07-20 12:18:44.999508,BEAUTY,2211692.jpg,2211692,2,0,NA
2211691_2,2022-07-20 12:02:08.698178,ACC,2211691.jpg,2211691,2,0,NA
2211689_2,2022-07-20 11:55:01.547950,ACC,2211689.jpg,2211689,2,0,NA
2211688_2,2022-07-20 11:50:37.481529,ACC,2211688.jpg,2211688,2,0,NA
2211687_2,2022-07-20 11:48:08.872730,ACC,2211687.jpg,2211687,2,0,NA
2211686_2,2022-07-20 11:36:37.828679,ACC,2211686.jpg,2211686,2,0,NA
2211685_2,2022-07-20 11:33:29.969854,ACC,2211685.jpg,2211685,2,0,NA
2211475_2,2022-07-20 11:28:18.455407,SHO,2211475.jpg,2211475,2,0,NA
2211474_2,2022-07-20 11:28:02.486804,SHO,2211474.jpg,2211474,2,0,NA
2211684_2,2022-07-20 11:26:29.799570,ACC,2211684.jpg,2211684,2,0,NA
2211473_2,2022-07-20 11:12:46.396473,SHO,2211473.jpg,2211473,2,0,NA
2211253_2,2022-07-20 11:08:56.301897,SHO,2211253.jpg,2211253,2,0,NA
2210579_2,2022-07-20 11:07:17.238585,CLO,2210579.png,2210579,2,0,NA
2211396_2,2022-07-20 11:04:09.063459,SHO,2211396.jpg,2211396,2,0,NA
2211395_2,2022-07-20 10:55:31.000562,SHO,2211395.jpg,2211395,2,0,NA
2211574_2,2022-07-20 10:55:27.577696,CLO,2211574.jpg,2211574,2,0,NA
2211573_2,2022-07-20 10:53:41.993955,CLO,2211573.png,2211573,2,0,NA
2211572_2,2022-07-20 10:53:12.816139,CLO,2211572.png,2211572,2,0,NA
2211476_2,2022-07-20 10:52:20.774413,ACC,2211476.png,2211476,2,0,NA
2211305_2,2022-07-20 10:49:05.855736,CLO,2211305.png,2211305,2,0,NA
2211304_2,2022-07-20 10:48:01.497007,CLO,2211304.png,2211304,2,0,NA
2211303_2,2022-07-20 10:46:46.966516,CLO,2211303.png,2211303,2,0,NA
2211302_2,2022-07-20 10:46:28.045051,CLO,2211302.png,2211302,2,0,NA
2211451_2,2022-07-20 10:19:35.602324,ACC,2211451.jpeg,2211451,2,0,NA
2211449_2,2022-07-20 10:19:14.268218,ACC,2211449.jpeg,2211449,2,0,NA
2211172_2,2022-07-20 10:18:30.858972,ACC,2211172.png,2211172,2,0,NA
2211171_2,2022-07-20 10:18:20.296713,ACC,2211171.png,2211171,2,0,NA
2211512_2,2022-07-20 10:13:55.867854,ACC,2211512.jpeg,2211512,2,0,NA
2211510_2,2022-07-20 10:13:50.392687,ACC,2211510.jpeg,2211510,2,0,NA
2211509_2,2022-07-20 10:13:39.730912,ACC,2211509.jpeg,2211509,2,0,NA
2211680_2,2022-07-20 08:37:06.993496,CLO,2211680.jfif,2211680,2,0,NA
2211735_2,2022-07-20 08:34:49.293395,CLO,2211735.jfif,2211735,2,0,NA
2211727_2,2022-07-20 08:34:31.840686,CLO,2211727.jfif,2211727,2,0,NA
2211274_2,2022-07-19 17:17:55.000000,CLO,2211274.jpeg,2211274,2,0,NA
2211275_2,2022-07-19 17:17:55.000000,CLO,2211275.jpeg,2211275,2,0,NA
2211272_2,2022-07-19 17:17:54.000000,CLO,2211272.jpeg,2211272,2,0,NA
2211273_2,2022-07-19 17:17:54.000000,CLO,2211273.jpeg,2211273,2,0,NA
2211271_2,2022-07-19 17:17:53.000000,CLO,2211271.jpg,2211271,2,0,NA
2211269_2,2022-07-19 17:17:52.000000,CLO,2211269.jpg,2211269,2,0,NA
2211270_2,2022-07-19 17:17:52.000000,CLO,2211270.jpg,2211270,2,0,NA
2210774_2,2022-07-19 17:17:51.000000,CLO,2210774.jpg,2210774,2,0,NA
2210789_2,2022-07-19 17:17:51.000000,CLO,2210789.jpg,2210789,2,0,NA
2210764_2,2022-07-19 17:17:50.000000,CLO,2210764.jpg,2210764,2,0,NA
2210786_2,2022-07-19 17:17:50.000000,CLO,2210786.jpg,2210786,2,0,NA
2210703_2,2022-07-19 17:17:49.000000,CLO,2210703.jpg,2210703,2,0,NA
2210762_2,2022-07-19 17:17:49.000000,CLO,2210762.jpg,2210762,2,0,NA
2210606_2,2022-07-19 17:17:48.000000,CLO,2210606.jpeg,2210606,2,0,NA
2210622_2,2022-07-19 17:17:48.000000,CLO,2210622.webp,2210622,2,0,NA
2210425_2,2022-07-19 17:17:44.000000,CLO,2210425.jpg,2210425,2,0,NA
2210424_2,2022-07-19 17:17:44.000000,CLO,2210424.jpeg,2210424,2,0,NA
2210416_2,2022-07-19 17:17:43.000000,CLO,2210416.jpg,2210416,2,0,NA
2210422_2,2022-07-19 17:17:43.000000,CLO,2210422.jpg,2210422,2,0,NA
2210414_2,2022-07-19 17:17:43.000000,CLO,2210414.jpg,2210414,2,0,NA
2210415_2,2022-07-19 17:17:42.000000,CLO,2210415.jpeg,2210415,2,0,NA
2210394_2,2022-07-19 17:17:42.000000,CLO,2210394.png,2210394,2,0,NA
2210386_2,2022-07-19 17:17:40.000000,CLO,2210386.jpg,2210386,2,0,NA
2210393_2,2022-07-19 17:17:40.000000,CLO,2210393.jpeg,2210393,2,0,NA
2210329_2,2022-07-19 17:17:39.000000,CLO,2210329.jpg,2210329,2,0,NA
2210108_2,2022-07-19 17:17:22.000000,CLO,2210108.jpg,2210108,2,0,NA
2210038_2,2022-07-19 17:17:17.000000,CLO,2210038.jpg,2210038,2,0,NA
2210035_2,2022-07-19 17:17:17.000000,CLO,2210035.jpg,2210035,2,0,NA
2210027_2,2022-07-19 17:17:16.000000,CLO,2210027.jpg,2210027,2,0,NA
2209920_2,2022-07-19 17:17:15.000000,CLO,2209920.jpg,2209920,2,0,NA
2208789_2,2022-07-19 17:17:06.000000,CLO,2208789.jpg,2208789,2,0,NA
2208497_2,2022-07-19 17:16:53.000000,CLO,2208497.jpg,2208497,2,0,NA
2208488_2,2022-07-19 17:16:52.000000,CLO,2208488.jpg,2208488,2,0,NA
2208491_2,2022-07-19 17:16:52.000000,CLO,2208491.jpg,2208491,2,0,NA
2207782_2,2022-07-19 17:16:43.000000,CLO,2207782.jpeg,2207782,2,0,NA
2207099_2,2022-07-19 17:16:42.000000,CLO,2207099.jpg,2207099,2,0,NA
2206660_2,2022-07-19 17:16:42.000000,CLO,2206660.jpg,2206660,2,0,NA
2101005_2,2022-07-19 17:16:18.000000,CLO,2101005.jpg,2101005,2,0,NA
2211677_2,2022-07-19 10:26:20.401419,CLO,2211677.jpg,2211677,2,0,NA
2211676_2,2022-07-19 10:22:45.533243,CLO,2211676.jpg,2211676,2,0,NA
2211675_2,2022-07-19 10:18:01.849783,CLO,2211675.jpg,2211675,2,0,NA
2210586_2,2022-07-19 08:56:09.000000,CLO,2210586.jpg,2210586,2,0,NA
2210402_2,2022-07-19 08:56:08.000000,CLO,2210402.jpg,2210402,2,0,NA
2210174_2,2022-07-19 08:55:05.000000,CLO,2210174.jpg,2210174,2,0,NA
2211673_2,2022-07-18 18:50:17.985932,CLO,2211673.jpg,2211673,2,0,NA
2211672_2,2022-07-18 18:49:52.126644,CLO,2211672.jpg,2211672,2,0,NA
2211569_2,2022-07-18 14:29:58.000000,ACC,2211569.jpg,2211569,2,0,NA
2211663_2,2022-07-17 20:12:41.213953,CLO,2211663.png,2211663,2,0,NA
2211662_2,2022-07-17 20:12:27.604618,CLO,2211662.png,2211662,2,0,NA
2211659_2,2022-07-17 20:06:42.635013,CLO,2211659.png,2211659,2,0,NA
2211674_2,2022-07-14 18:20:49.238513,CLO,2211674.jpg,2211674,2,0,NA
2211738_2,2022-07-14 18:20:05.129250,CLO,2211738.jpg,2211738,2,0,NA
2211839_2,2022-07-14 18:19:49.660536,CLO,2211839.jpg,2211839,2,0,NA
2211778_2,2022-07-14 18:19:33.285711,CLO,2211778.jpg,2211778,2,0,NA
2211637_2,2022-07-13 17:05:17.190460,JEW,2211637.jpg,2211637,2,0,NA
2211639_2,2022-07-13 17:05:17.190460,JEW,2211639.jpg,2211639,2,0,NA
2211638_2,2022-07-13 17:05:17.190459,JEW,2211638.jpg,2211638,2,0,NA
2211617_2,2022-07-13 12:52:11.751179,CLO,2211617.jpg,2211617,2,0,NA
2211617_2,2022-07-13 12:52:11.751179,CLO,2211617.jfif,2211617,2,0,NA
2211621_2,2022-07-13 12:47:31.525269,CLO,2211621.jfif,2211621,2,0,NA
2211619_2,2022-07-13 12:46:53.572276,CLO,2211619.jfif,2211619,2,0,NA
2211623_2,2022-07-13 12:46:45.962941,CLO,2211623.jfif,2211623,2,0,NA
2211618_2,2022-07-13 12:46:15.666193,CLO,2211618.jpg,2211618,2,0,NA
2211618_2,2022-07-13 12:46:15.666193,CLO,2211618.jfif,2211618,2,0,NA
2211614_2,2022-07-13 10:52:16.309750,CLO,2211614.jfif,2211614,2,0,NA
2211592_2,2022-07-12 19:21:56.406998,CLO,2211592.jfif,2211592,2,0,NA
2211591_2,2022-07-12 19:21:49.375907,CLO,2211591.jfif,2211591,2,0,NA
2211460_2,2022-07-12 16:22:23.704848,BEAUTY,2211460.jpg,2211460,2,0,NA
2211589_2,2022-07-11 18:03:24.307990,JEW,2211589.jpg,2211589,2,0,NA
2211588_2,2022-07-11 18:03:24.307990,JEW,2211588.jpg,2211588,2,0,NA
2211590_2,2022-07-11 18:03:24.307990,JEW,2211590.jpg,2211590,2,0,NA
2211587_2,2022-07-11 18:03:24.307990,JEW,2211587.jpg,2211587,2,0,NA
2211218_2,2022-07-11 08:06:35.951411,CLO,2211218.jpg,2211218,2,0,NA
2211220_2,2022-07-11 08:05:53.107836,CLO,2211220.jpg,2211220,2,0,NA
2211211_2,2022-07-11 08:05:38.561016,CLO,2211211.jpg,2211211,2,0,NA
2211210_2,2022-07-11 08:05:29.154813,CLO,2211210.jpg,2211210,2,0,NA
2211201_2,2022-07-11 08:05:18.186100,CLO,2211201.jpg,2211201,2,0,NA
2211198_2,2022-07-11 08:04:48.639321,CLO,2211198.jpg,2211198,2,0,NA
2211197_2,2022-07-11 08:04:24.592549,CLO,2211197.jpg,2211197,2,0,NA
2211195_2,2022-07-11 08:04:01.764238,CLO,2211195.jpg,2211195,2,0,NA
2211194_2,2022-07-11 08:03:26.966447,CLO,2211194.jpg,2211194,2,0,NA
2211192_2,2022-07-11 08:03:18.169281,CLO,2211192.jpg,2211192,2,0,NA
2210967_2,2022-07-11 07:59:25.287768,CLO,2210967.jpg,2210967,2,0,NA
0_5,2022-07-11 07:58:06.513403,CLO,Imagen5.jpg,0,5,0,NA
2210145_2,2022-07-08 12:46:37.000000,CLO,2210145.jpg,2210145,2,0,NA
2210170_2,2022-07-08 12:46:36.000000,CLO,2210170.jpg,2210170,2,0,NA
2206886_2,2022-07-08 12:43:47.000000,CLO,2206886.png,2206886,2,0,NA
2210971_2,2022-07-08 12:43:37.000000,CLO,2210971.jpg,2210971,2,0,NA
2210962_2,2022-07-08 12:43:36.000000,CLO,2210962.jpg,2210962,2,0,NA
2210969_2,2022-07-08 12:43:36.000000,CLO,2210969.jpg,2210969,2,0,NA
2210955_2,2022-07-08 12:43:35.000000,CLO,2210955.jpg,2210955,2,0,NA
2210952_2,2022-07-08 12:43:35.000000,CLO,2210952.jpg,2210952,2,0,NA
2210946_2,2022-07-08 12:43:34.000000,CLO,2210946.jpg,2210946,2,0,NA
2210780_2,2022-07-08 12:43:34.000000,CLO,2210780.jpg,2210780,2,0,NA
2210779_2,2022-07-08 12:43:33.000000,CLO,2210779.jpg,2210779,2,0,NA
2210383_2,2022-07-08 12:43:30.000000,CLO,2210383.jpeg,2210383,2,0,NA
2210368_2,2022-07-08 12:43:29.000000,CLO,2210368.jpg,2210368,2,0,NA
2210368_2,2022-07-08 12:43:29.000000,CLO,2210368 (2).jfif,2210368,2,2,NA
2210159_2,2022-07-08 12:43:21.000000,CLO,2210159.jpg,2210159,2,0,NA
2210155_2,2022-07-08 12:43:20.000000,CLO,2210155.jpg,2210155,2,0,NA
2210090_2,2022-07-08 12:43:17.000000,CLO,2210090.jpg,2210090,2,0,NA
2209810_2,2022-07-08 12:43:14.000000,CLO,2209810.jpeg,2209810,2,0,NA
2209803_2,2022-07-08 12:43:13.000000,CLO,2209803.jpeg,2209803,2,0,NA
2209780_2,2022-07-08 12:43:12.000000,CLO,2209780.jpg,2209780,2,0,NA
2209780_2,2022-07-08 12:43:12.000000,CLO,2209780.png,2209780,2,0,NA
2209778_2,2022-07-08 12:43:11.000000,CLO,2209778.png,2209778,2,0,NA
2209778_2,2022-07-08 12:43:11.000000,CLO,2209778.jpg,2209778,2,0,NA
2208888_2,2022-07-08 12:43:07.000000,CLO,2208888.jpg,2208888,2,0,NA
2208885_2,2022-07-08 12:43:07.000000,CLO,2208885.jpg,2208885,2,0,NA
2208882_2,2022-07-08 12:43:06.000000,CLO,2208882.jpg,2208882,2,0,NA
2208783_2,2022-07-08 12:43:05.000000,CLO,2208783.jpg,2208783,2,0,NA
2208493_2,2022-07-08 12:43:03.000000,CLO,2208493.png,2208493,2,0,NA
2206991_2,2022-07-08 12:43:00.000000,CLO,2206991.png,2206991,2,0,NA
2206947_2,2022-07-08 12:42:59.000000,CLO,2206947.png,2206947,2,0,NA
2206883_2,2022-07-08 12:42:58.000000,CLO,2206883.png,2206883,2,0,NA
2206797_2,2022-07-08 12:42:57.000000,CLO,2206797.JPG,2206797,2,0,NA
2206799_2,2022-07-08 12:42:57.000000,CLO,2206799.JPG,2206799,2,0,NA
2206781_2,2022-07-08 12:42:56.000000,CLO,2206781.JPG,2206781,2,0,NA
2203528_2,2022-07-08 12:42:44.000000,CLO,2203528.webp,2203528,2,0,NA
2109229_2,2022-07-08 12:42:23.000000,CLO,2109229.webp,2109229,2,0,NA
2003797_2,2022-07-08 12:42:09.000000,CLO,2003797.jpg,2003797,2,0,NA
2210665_2,2022-07-08 12:40:14.000000,CLO,2210665.jpg,2210665,2,0,NA
2210362_2,2022-07-08 12:40:13.000000,CLO,2210362.jpg,2210362,2,0,NA
2210342_2,2022-07-08 12:40:13.000000,CLO,2210342.jpg,2210342,2,0,NA
2210104_2,2022-07-08 12:40:11.000000,CLO,2210104.jpg,2210104,2,0,NA
2209820_2,2022-07-08 12:40:07.000000,CLO,2209820.PNG,2209820,2,0,NA
2209795_2,2022-07-08 12:40:06.000000,CLO,2209795.png,2209795,2,0,NA
2209795_2,2022-07-08 12:40:06.000000,CLO,2209795.jpg,2209795,2,0,NA
2209807_2,2022-07-08 12:40:06.000000,CLO,2209807.jpeg,2209807,2,0,NA
2209733_2,2022-07-08 12:40:04.000000,CLO,2209733.jpeg,2209733,2,0,NA
2209735_2,2022-07-08 12:40:04.000000,CLO,2209735.jpeg,2209735,2,0,NA
2209387_2,2022-07-08 12:40:00.000000,CLO,2209387.jpg,2209387,2,0,NA
2209195_2,2022-07-08 12:40:00.000000,CLO,22091950.jpg,2209195,2,0,NA
2208909_2,2022-07-08 12:39:58.000000,CLO,2208909.jpeg,2208909,2,0,NA
2208900_2,2022-07-08 12:39:57.000000,CLO,2208900.jpg,2208900,2,0,NA
2208775_2,2022-07-08 12:39:56.000000,CLO,2208775.jpeg,2208775,2,0,NA
2208810_2,2022-07-08 12:39:56.000000,CLO,2208810.jpg,2208810,2,0,NA
2208765_2,2022-07-08 12:39:55.000000,CLO,2208765.jpeg,2208765,2,0,NA
2208773_2,2022-07-08 12:39:55.000000,CLO,2208773.jpeg,2208773,2,0,NA
2208513_2,2022-07-08 12:39:54.000000,CLO,2208513.jpg,2208513,2,0,NA
2208511_2,2022-07-08 12:39:53.000000,CLO,2208511.jpg,2208511,2,0,NA
2208496_2,2022-07-08 12:39:52.000000,CLO,2208496.jpg,2208496,2,0,NA
2207626_2,2022-07-08 12:39:50.000000,CLO,2207626.jpg,2207626,2,0,NA
2207625_2,2022-07-08 12:39:49.000000,CLO,2207625.jpg,2207625,2,0,NA
2207624_2,2022-07-08 12:39:49.000000,CLO,2207624.jpg,2207624,2,0,NA
2207404_2,2022-07-08 12:39:46.000000,CLO,2207404.jpg,2207404,2,0,NA
2207412_2,2022-07-08 12:39:46.000000,CLO,2207412.jpg,2207412,2,0,NA
2207366_2,2022-07-08 12:39:45.000000,CLO,2207366.jpg,2207366,2,0,NA
2207333_2,2022-07-08 12:39:44.000000,CLO,2207333.jpg,2207333,2,0,NA
2207127_2,2022-07-08 12:39:43.000000,CLO,2207127.jpg,2207127,2,0,NA
2207279_2,2022-07-08 12:39:43.000000,CLO,2207279.jpg,2207279,2,0,NA
2207059_2,2022-07-08 12:39:40.000000,CLO,2207059.jpg,2207059,2,0,NA
2206854_2,2022-07-08 12:39:39.000000,CLO,2206854.jpg,2206854,2,0,NA
2202994_2,2022-07-08 12:39:30.000000,CLO,2202994.jpg,2202994,2,0,NA
2203225_2,2022-07-08 12:39:30.000000,CLO,2203225.jpg,2203225,2,0,NA
2006836_2,2022-07-08 12:39:13.000000,CLO,2006836.jpg,2006836,2,0,NA
2006566_2,2022-07-08 12:39:11.000000,CLO,2006566.jpg,2006566,2,0,NA
2006566_2,2022-07-08 12:39:11.000000,CLO,2006566.webp,2006566,2,0,NA
2210600_2,2022-07-08 12:36:40.000000,CLO,2210600.jpg,2210600,2,0,NA
2210366_2,2022-07-08 12:36:38.000000,CLO,2210366.PNG,2210366,2,0,NA
2210153_2,2022-07-08 12:36:33.000000,CLO,2210153.jpg,2210153,2,0,NA
2210114_2,2022-07-08 12:36:30.000000,CLO,2210114.jpeg,2210114,2,0,NA
2210071_2,2022-07-08 12:36:28.000000,CLO,2210071.jpg,2210071,2,0,NA
2209991_2,2022-07-08 12:36:19.000000,CLO,2209991.jpeg,2209991,2,0,NA
2209984_2,2022-07-08 12:36:14.000000,CLO,2209984.jpeg,2209984,2,0,NA
2209981_2,2022-07-08 12:36:13.000000,CLO,2209981.jpeg,2209981,2,0,NA
2208899_2,2022-07-08 12:35:48.000000,CLO,2208899.jpg,2208899,2,0,NA
2208914_2,2022-07-08 12:35:48.000000,CLO,2208914.jpeg,2208914,2,0,NA
2208780_2,2022-07-08 12:35:42.000000,CLO,2208780.jpeg,2208780,2,0,NA
2208609_2,2022-07-08 12:35:36.000000,CLO,2208609.jpg,2208609,2,0,NA
2208492_2,2022-07-08 12:35:35.000000,CLO,2208492 (2).jpg,2208492,2,2,NA
2208492_2,2022-07-08 12:35:35.000000,CLO,2208492.jpg,2208492,2,0,NA
2207654_2,2022-07-08 12:35:32.000000,CLO,2207654.jpg,2207654,2,0,NA
2207610_2,2022-07-08 12:35:31.000000,CLO,2207610.jpg,2207610,2,0,NA
2207609_2,2022-07-08 12:35:31.000000,CLO,2207609.jpg,2207609,2,0,NA
2207538_2,2022-07-08 12:35:29.000000,CLO,2207538.jpg,2207538,2,0,NA
2207536_2,2022-07-08 12:35:29.000000,CLO,2207536.jpg,2207536,2,0,NA
2207128_2,2022-07-08 12:35:26.000000,CLO,2207128.jpg,2207128,2,0,NA
2205242_2,2022-07-08 12:35:21.000000,CLO,2205242.jpg,2205242,2,0,NA
2205188_2,2022-07-08 12:35:20.000000,CLO,2205188.jpg,2205188,2,0,NA
2113230_2,2022-07-08 12:34:59.000000,CLO,2113230.webp,2113230,2,0,NA
2113230_2,2022-07-08 12:34:59.000000,CLO,2113230.jpeg,2113230,2,0,NA
2112908_2,2022-07-08 12:34:56.000000,CLO,2112908.jpeg,2112908,2,0,NA
2112358_2,2022-07-08 12:34:50.000000,CLO,2112358.jpg,2112358,2,0,NA
2211520_2,2022-07-08 11:55:40.846404,CLO,2211520.jpg,2211520,2,0,NA
2211313_2,2022-07-08 11:49:56.336227,CLO,2211313.jpg,2211313,2,0,NA
2211484_2,2022-07-08 11:46:52.921167,CLO,2211484.jpg,2211484,2,0,NA
2211497_2,2022-07-08 11:45:54.156132,CLO,2211497.jpg,2211497,2,0,NA
2211298_2,2022-07-08 11:34:04.804041,CLO,2211298.jpg,2211298,2,0,NA
2211312_2,2022-07-08 11:33:52.694802,CLO,2211312.jpg,2211312,2,0,NA
2211324_2,2022-07-08 11:30:47.962605,CLO,2211324.jpg,2211324,2,0,NA
2211324_2,2022-07-08 11:29:36.775588,CLO,2211324​.png,2211324,2,0,NA
2211239_2,2022-07-08 11:09:42.756580,JEW,2211239.jpg,2211239,2,0,NA
2211238_2,2022-07-08 11:09:15.678810,JEW,2211238.jpg,2211238,2,0,NA
2211237_2,2022-07-08 11:08:55.569434,JEW,2211237.jpg,2211237,2,0,NA
2211297_2,2022-07-08 11:07:55.694317,JEW,2211297.jpg,2211297,2,0,NA
2211289_2,2022-07-08 11:07:26.741098,JEW,2211289.jpg,2211289,2,0,NA
2211242_2,2022-07-08 11:06:22.006600,JEW,2211242.jpg,2211242,2,0,NA
2211261_2,2022-07-08 11:05:55.194051,JEW,2211261.jpg,2211261,2,0,NA
2211241_2,2022-07-08 11:03:07.130039,JEW,2211241.jpg,2211241,2,0,NA
2211229_2,2022-07-08 11:02:36.598108,JEW,2211229.jpg,2211229,2,0,NA
2211295_2,2022-07-08 11:01:43.784488,JEW,2211295.jpg,2211295,2,0,NA
2211257_2,2022-07-08 11:01:04.502361,JEW,2211257.jpg,2211257,2,0,NA
2211235_2,2022-07-08 11:00:20.345178,JEW,2211235.jpg,2211235,2,0,NA
2211227_2,2022-07-08 10:58:28.012654,JEW,2211227.jpg,2211227,2,0,NA
2211248_2,2022-07-08 10:54:33.665801,JEW,2211248.jpg,2211248,2,0,NA
2211256_2,2022-07-08 10:53:38.844464,JEW,2211256.jpg,2211256,2,0,NA
2211245_2,2022-07-08 10:52:56.318577,JEW,2211245.jpg,2211245,2,0,NA
2211246_2,2022-07-08 10:51:54.990932,JEW,2211246.jpg,2211246,2,0,NA
2211259_2,2022-07-08 10:50:20.045606,JEW,2211259.jpg,2211259,2,0,NA
2211225_2,2022-07-08 10:49:38.316594,JEW,2211225.jpg,2211225,2,0,NA
2211231_2,2022-07-08 10:47:27.513313,JEW,2211231.jpg,2211231,2,0,NA
2211223_2,2022-07-08 10:46:02.467870,JEW,2211223.jpg,2211223,2,0,NA
2211294_2,2022-07-08 10:45:05.281328,JEW,2211294.jpg,2211294,2,0,NA
2211258_2,2022-07-08 10:44:14.391673,JEW,2211258.jpg,2211258,2,0,NA
2211236_2,2022-07-08 10:43:03.908347,JEW,2211236.jpg,2211236,2,0,NA
2211240_2,2022-07-08 10:41:54.550326,JEW,2211240.jpg,2211240,2,0,NA
2211234_2,2022-07-08 10:40:51.769937,JEW,2211234.jpg,2211234,2,0,NA
2211290_2,2022-07-08 10:39:47.739758,JEW,2211290.jpg,2211290,2,0,NA
2211243_2,2022-07-08 10:38:49.287622,JEW,2211243.jpg,2211243,2,0,NA
2211224_2,2022-07-08 10:37:32.554523,JEW,2211224.jpg,2211224,2,0,NA
2211226_2,2022-07-08 10:35:44.384559,JEW,2211226.jpg,2211226,2,0,NA
2211191_2,2022-07-08 10:21:06.242883,JEW,2211191.jpg,2211191,2,0,NA
2211146_2,2022-07-08 10:19:46.775473,JEW,2211146.jpg,2211146,2,0,NA
2211178_2,2022-07-08 10:19:25.463319,JEW,2211178.jpg,2211178,2,0,NA
2211177_2,2022-07-08 10:19:03.604306,JEW,2211177.jpg,2211177,2,0,NA
2211186_2,2022-07-08 10:18:36.057894,JEW,2211186.jpg,2211186,2,0,NA
2211180_2,2022-07-08 10:17:36.730766,JEW,2211180.jpg,2211180,2,0,NA
2211179_2,2022-07-08 10:17:06.106261,JEW,2211179.jpg,2211179,2,0,NA
2211109_2,2022-07-08 10:12:47.531978,JEW,2211109.jpg,2211109,2,0,NA
2211095_2,2022-07-08 10:10:44.408253,JEW,2211095.jpg,2211095,2,0,NA
2211091_2,2022-07-08 10:10:09.252364,JEW,2211091.jpg,2211091,2,0,NA
2211088_2,2022-07-08 10:09:45.361955,JEW,2211088.jpg,2211088,2,0,NA
2211445_2,2022-07-07 16:06:14.718359,BEAUTY,2211445.jpeg,2211445,2,0,NA
2211444_2,2022-07-07 16:06:04.596165,BEAUTY,2211444.jpeg,2211444,2,0,NA
2211443_2,2022-07-07 16:05:52.349720,BEAUTY,2211443.jpeg,2211443,2,0,NA
2211442_2,2022-07-07 16:05:41.160644,BEAUTY,2211442.jpeg,2211442,2,0,NA
2211441_2,2022-07-07 16:05:31.215755,BEAUTY,2211441.jpeg,2211441,2,0,NA
2211440_2,2022-07-07 16:05:06.783388,BEAUTY,2211440.jpeg,2211440,2,0,NA
2211439_2,2022-07-07 16:04:54.560841,BEAUTY,2211439.jpeg,2211439,2,0,NA
2211438_2,2022-07-07 16:04:36.482249,BEAUTY,2211438.jpeg,2211438,2,0,NA
2211437_2,2022-07-07 16:04:24.131246,BEAUTY,2211437.jpeg,2211437,2,0,NA
2211436_2,2022-07-07 16:03:22.926084,BEAUTY,2211436.jpeg,2211436,2,0,NA
2211435_2,2022-07-07 16:03:06.568816,BEAUTY,2211435.jpg,2211435,2,0,NA
2211434_2,2022-07-07 16:02:53.957604,BEAUTY,2211434.jpg,2211434,2,0,NA
2211494_2,2022-07-07 15:02:34.713881,CLO,2211494.jpg,2211494,2,0,NA
2211733_2,2022-07-07 13:32:38.563189,CLO,2211733.jpeg,2211733,2,0,NA
2211540_2,2022-07-07 13:32:01.328979,CLO,2211540.jpeg,2211540,2,0,NA
2211736_2,2022-07-07 13:24:35.336971,CLO,2211736.jpeg,2211736,2,0,NA
2211739_2,2022-07-07 13:24:31.876341,CLO,2211739.jpeg,2211739,2,0,NA
2211838_2,2022-07-07 13:24:26.629515,CLO,2211838.jpeg,2211838,2,0,NA
2211636_2,2022-07-07 13:23:56.333571,CLO,2211636.jpeg,2211636,2,0,NA
2211534_2,2022-07-07 13:23:43.449741,CLO,2211534.jpeg,2211534,2,0,NA
2211535_2,2022-07-07 13:23:38.936709,CLO,2211535.jpeg,2211535,2,0,NA
2211539_2,2022-07-07 13:23:10.979274,CLO,2211539.jpeg,2211539,2,0,NA
2115596_2,2022-07-07 12:45:39.081397,CLO,2115596.jpg,2115596,2,0,NA
2209464_2,2022-07-07 12:05:19.822240,BEAUTY,2209464.jpg,2209464,2,0,NA
2209787_2,2022-07-07 12:04:26.384278,BEAUTY,2209787.jpg,2209787,2,0,NA
2209713_2,2022-07-07 12:03:51.415408,BEAUTY,2209713.jpg,2209713,2,0,NA
2211488_2,2022-07-06 19:43:27.112480,CLO,2211488.jpg,2211488,2,0,NA
2211492_2,2022-07-06 19:38:17.629258,CLO,2211492.jpg,2211492,2,0,NA
2211845_2,2022-07-06 19:27:51.759899,CLO,2211845.jpeg,2211845,2,0,NA
2211351_2,2022-07-06 19:25:28.484969,CLO,2211351.jpeg,2211351,2,0,NA
2211516_2,2022-07-06 19:25:20.379171,CLO,2211516.jpeg,2211516,2,0,NA
2211538_2,2022-07-06 09:03:00.031745,CLO,2211538.jpg,2211538,2,0,NA
2211536_2,2022-07-06 09:02:50.406460,CLO,2211536.jpg,2211536,2,0,NA
2211537_2,2022-07-06 09:02:27.843357,CLO,2211537.jpg,2211537,2,0,NA
2211550_2,2022-07-06 08:54:29.010015,CLO,2211550.jpg,2211550,2,0,NA
2209476_2,2022-07-06 08:44:54.024323,BEAUTY,2209476.JPG,2209476,2,0,NA
2209473_2,2022-07-06 08:44:50.665065,BEAUTY,2209473.JPG,2209473,2,0,NA
2211544_2,2022-07-05 22:10:23.062874,CLO,2211544.jpg,2211544,2,0,NA
2211552_2,2022-07-05 22:08:54.390791,CLO,2211552.jpg,2211552,2,0,NA
2211523_2,2022-07-05 22:07:41.843741,CLO,2211523.jpg,2211523,2,0,NA
2211526_2,2022-07-05 22:06:13.640575,CLO,2211526.jpg,2211526,2,0,NA
2211529_2,2022-07-05 22:05:42.124737,CLO,2211529.jpg,2211529,2,0,NA
2211533_2,2022-07-05 22:05:08.749649,CLO,2211533.jpg,2211533,2,0,NA
2209467_2,2022-07-05 16:44:31.067135,BEAUTY,2209467.JPG,2209467,2,0,NA
2209465_2,2022-07-05 16:41:18.427262,BEAUTY,2209465.JPG,2209465,2,0,NA
2209711_2,2022-07-05 16:25:33.727854,BEAUTY,2209711.jpg,2209711,2,0,NA
2209710_2,2022-07-05 16:24:44.056064,BEAUTY,2209710.jpg,2209710,2,0,NA
2209709_2,2022-07-05 16:23:52.134386,BEAUTY,2209709.jpg,2209709,2,0,NA
2211418_2,2022-07-05 12:20:46.399968,JEW,2211418.jpg,2211418,2,0,NA
2211419_2,2022-07-05 12:20:46.399967,JEW,2211419.jpg,2211419,2,0,NA
2211420_2,2022-07-05 12:20:46.368729,JEW,2211420.jpg,2211420,2,0,NA
2211421_2,2022-07-05 12:20:46.337481,JEW,2211421.jpg,2211421,2,0,NA
2211422_2,2022-07-05 12:20:46.321897,JEW,2211422.jpg,2211422,2,0,NA
2211423_2,2022-07-05 12:20:46.309128,ACC,2211423.jpg,2211423,2,0,NA
2208807_2,2022-07-04 16:49:07.000000,CLO,2208807.jpg,2208807,2,0,NA
2209823_2,2022-07-04 08:45:01.564843,BEAUTY,2209823.JPG,2209823,2,0,NA
2209806_2,2022-07-04 08:44:30.159420,BEAUTY,2209806.JPG,2209806,2,0,NA
2209805_2,2022-07-04 08:44:13.738027,BEAUTY,2209805.JPG,2209805,2,0,NA
2209802_2,2022-07-04 08:41:58.179558,BEAUTY,2209802.JPG,2209802,2,0,NA
2209804_2,2022-07-04 08:41:55.898381,BEAUTY,2209804.JPG,2209804,2,0,NA
2211352_2,2022-07-01 18:58:26.636886,CLO,2211352.jpg,2211352,2,0,NA
2211457_2,2022-07-01 16:02:49.226064,JEW,2211457.jpg,2211457,2,0,NA
2211458_2,2022-07-01 16:02:49.226064,JEW,2211458.jpg,2211458,2,0,NA
2211221_2,2022-06-30 18:00:38.722075,CLO,2211221.jpg,2211221,2,0,NA
2210220_2,2022-06-30 17:28:29.678994,BEAUTY,2210220.jpg,2210220,2,0,NA
2211232_2,2022-06-30 17:08:33.214824,Ropa,2211232.png,2211232,2,0,ROPA
2211228_2,2022-06-30 17:08:23.996107,Ropa,2211228.png,2211228,2,0,ROPA
2210673_2,2022-06-30 17:08:10.355530,Ropa,2210673.png,2210673,2,0,ROPA
2210672_2,2022-06-30 17:08:00.293020,Ropa,2210672.png,2210672,2,0,ROPA
2211208_2,2022-06-30 17:07:46.308605,Ropa,2211208.jpg,2211208,2,0,ROPA
2210661_2,2022-06-30 17:07:35.699243,Ropa,2210661.png,2210661,2,0,ROPA
2210660_2,2022-06-30 17:07:24.136693,Ropa,2210660.png,2210660,2,0,ROPA
2210659_2,2022-06-30 17:07:14.699172,Ropa,2210659.png,2210659,2,0,ROPA
2210657_2,2022-06-30 17:07:03.761649,Ropa,2210657.png,2210657,2,0,ROPA
2210653_2,2022-06-30 17:06:54.074122,Ropa,2210653.png,2210653,2,0,ROPA
2210670_2,2022-06-30 17:06:44.121118,Ropa,2210670.png,2210670,2,0,ROPA
2210626_2,2022-06-30 17:06:31.824093,Ropa,2210626.png,2210626,2,0,ROPA
2210623_2,2022-06-30 17:06:20.308423,Ropa,2210623.png,2210623,2,0,ROPA
2210666_2,2022-06-30 17:06:09.245889,Ropa,2210666.png,2210666,2,0,ROPA
2211173_2,2022-06-30 17:05:53.433367,Ropa,2211173.png,2211173,2,0,ROPA
2211222_2,2022-06-30 16:48:41.653573,BEAUTY,2211222.jpg,2211222,2,0,NA
2211219_2,2022-06-30 16:47:55.383154,BEAUTY,2211219.jpg,2211219,2,0,NA
2211364_2,2022-06-30 16:41:47.795611,CLO,2211364.jpeg,2211364,2,0,NA
2211368_2,2022-06-30 16:41:45.251055,CLO,2211368.jpeg,2211368,2,0,NA
2211366_2,2022-06-30 16:41:37.959322,CLO,2211366.jpeg,2211366,2,0,NA
2211370_2,2022-06-30 16:41:37.305545,CLO,2211370.jpeg,2211370,2,0,NA
2211285_2,2022-06-30 13:25:47.073472,CLO,2211285.PNG,2211285,2,0,NA
0_2,2022-06-30 13:25:32.761941,CLO,221374.jpg,0,2,0,NA
2211374_2,2022-06-30 13:25:32.761941,CLO,2211374.jpg,2211374,2,0,NA
2211375_2,2022-06-30 13:25:20.495625,CLO,2211375.jpg,2211375,2,0,NA
2211378_2,2022-06-30 13:25:05.104874,CLO,2211378.jpg,2211378,2,0,NA
2211282_2,2022-06-30 13:24:46.979959,CLO,2211282.PNG,2211282,2,0,NA
2211315_2,2022-06-30 13:24:03.324253,CLO,2211315.jpg,2211315,2,0,NA
2211278_2,2022-06-30 13:22:19.199276,CLO,2211278.PNG,2211278,2,0,NA
2211446_2,2022-06-30 13:18:51.028198,CLO,2211446.jpg,2211446,2,0,NA
2211466_2,2022-06-30 13:18:36.387633,CLO,2211466.jpg,2211466,2,0,NA
2211369_2,2022-06-30 13:16:12.655554,CLO,2211369.jpeg,2211369,2,0,NA
2211386_2,2022-06-30 13:15:03.033256,CLO,2211386.jpeg,2211386,2,0,NA
2211381_2,2022-06-30 13:14:15.888624,CLO,2211381.jpg,2211381,2,0,NA
2211385_2,2022-06-30 13:14:00.154329,CLO,2211385.jpg,2211385,2,0,NA
2211339_2,2022-06-30 13:13:09.615190,CLO,2211339.jpeg,2211339,2,0,NA
2210683_2,2022-06-27 19:13:04.000000,CLO,2210683.jpg,2210683,2,0,NA
2210399_2,2022-06-27 19:12:56.000000,CLO,2210399.jpg,2210399,2,0,NA
2210167_2,2022-06-27 19:12:56.000000,CLO,2210167.jpg,2210167,2,0,NA
2210165_2,2022-06-27 19:12:54.000000,CLO,2210165.jpg,2210165,2,0,NA
2211125_2,2022-06-27 15:51:07.688858,BEAUTY,2211125.jpg,2211125,2,0,NA
2211123_2,2022-06-27 15:50:53.061777,BEAUTY,2211123.jpg,2211123,2,0,NA
2211117_2,2022-06-27 15:50:36.356261,BEAUTY,2211117.jpg,2211117,2,0,NA
2211116_2,2022-06-27 15:50:09.321149,BEAUTY,2211116.jpg,2211116,2,0,NA
2211107_2,2022-06-27 15:49:55.694178,BEAUTY,2211107.jpg,2211107,2,0,NA
2211111_2,2022-06-27 15:32:28.752935,BEAUTY,2211111.jpg,2211111,2,0,NA
2211121_2,2022-06-27 15:24:28.020413,BEAUTY,2211121.jpg,2211121,2,0,NA
2211102_2,2022-06-27 15:22:49.192835,BEAUTY,2211102.jpg,2211102,2,0,NA
2211131_2,2022-06-27 15:22:48.833328,JEW,2211131.jpg,2211131,2,0,NA
2211135_2,2022-06-27 15:22:46.942688,JEW,2211135.jpg,2211135,2,0,NA
2211112_2,2022-06-27 15:22:45.333315,JEW,2211112.jpg,2211112,2,0,NA
2211101_2,2022-06-27 15:22:43.833316,JEW,2211101.jpg,2211101,2,0,NA
2211103_2,2022-06-27 15:22:42.130260,JEW,2211103.jpg,2211103,2,0,NA
2211120_2,2022-06-27 15:22:40.536512,JEW,2211120.jpg,2211120,2,0,NA
2211110_2,2022-06-27 15:22:38.786641,JEW,2211110.jpg,2211110,2,0,NA
2211134_2,2022-06-27 15:22:37.099280,JEW,2211134.jpg,2211134,2,0,NA
2211126_2,2022-06-27 15:22:35.520849,JEW,2211126.jpg,2211126,2,0,NA
2211128_2,2022-06-27 15:22:34.005227,JEW,2211128.jpg,2211128,2,0,NA
2211119_2,2022-06-27 15:22:32.099174,JEW,2211119.jpg,2211119,2,0,NA
2211118_2,2022-06-27 15:22:30.349008,JEW,2211118.jpg,2211118,2,0,NA
2211133_2,2022-06-27 15:22:28.583404,JEW,2211133.jpg,2211133,2,0,NA
2211097_2,2022-06-27 15:22:27.771033,BEAUTY,2211097.jpg,2211097,2,0,NA
2211124_2,2022-06-27 15:22:26.630263,JEW,2211124.jpg,2211124,2,0,NA
2211132_2,2022-06-27 15:22:24.896075,JEW,2211132.jpg,2211132,2,0,NA
2211114_2,2022-06-27 15:22:22.817786,JEW,2211114.jpg,2211114,2,0,NA
2211115_2,2022-06-27 15:22:20.646057,JEW,2211115.jpg,2211115,2,0,NA
2211106_2,2022-06-27 15:22:17.786551,JEW,2211106.jpg,2211106,2,0,NA
2211113_2,2022-06-27 15:22:14.411533,JEW,2211113.jpg,2211113,2,0,NA
2211122_2,2022-06-27 15:22:12.786689,JEW,2211122.jpg,2211122,2,0,NA
2211076_2,2022-06-27 15:22:11.333706,BEAUTY,2211076.jpg,2211076,2,0,NA
2211127_2,2022-06-27 15:22:11.083500,JEW,2211127.jpg,2211127,2,0,NA
2211099_2,2022-06-27 15:22:09.224137,JEW,2211099.jpg,2211099,2,0,NA
2211098_2,2022-06-27 15:22:07.552447,JEW,2211098.jpg,2211098,2,0,NA
2211100_2,2022-06-27 15:22:05.833462,JEW,2211100.jpg,2211100,2,0,NA
2211104_2,2022-06-27 15:22:04.270976,JEW,2211104.jpg,2211104,2,0,NA
2211108_2,2022-06-27 15:22:02.520983,JEW,2211108.jpg,2211108,2,0,NA
2211105_2,2022-06-27 15:22:00.552226,ACC,2211105.jpg,2211105,2,0,NA
2211129_2,2022-06-27 15:21:58.911617,JEW,2211129.jpg,2211129,2,0,NA
2211130_2,2022-06-27 14:57:41.984775,JEW,2211130.jpg,2211130,2,0,NA
2208797_2,2022-06-27 13:21:28.983184,ACC,2208797.jpg,2208797,2,0,NA
2210909_2,2022-06-27 13:18:58.655797,SHO,2210909.jpg,2210909,2,0,NA
2210340_2,2022-06-27 12:07:36.115046,SHO,2210340.jpg,2210340,2,0,NA
2210339_2,2022-06-27 12:07:10.568263,SHO,2210339.jpg,2210339,2,0,NA
2210338_2,2022-06-27 12:06:01.380570,SHO,2210338.jpg,2210338,2,0,NA
2210341_2,2022-06-27 12:02:28.911372,SHO,2210341.jpg,2210341,2,0,NA
2210345_2,2022-06-27 12:01:50.754676,SHO,2210345.jpg,2210345,2,0,NA
2210347_2,2022-06-27 12:01:37.051342,SHO,2210347.jpg,2210347,2,0,NA
2210639_2,2022-06-27 12:01:04.082134,SHO,2210639.jpg,2210639,2,0,NA
2210504_2,2022-06-27 12:00:50.472529,SHO,2210504.jpg,2210504,2,0,NA
2210411_2,2022-06-27 12:00:00.628010,SHO,2210411.jpg,2210411,2,0,NA
2210356_2,2022-06-27 11:59:39.627690,SHO,2210356.jpg,2210356,2,0,NA
2210354_2,2022-06-27 11:59:16.783597,SHO,2210354.jpg,2210354,2,0,NA
2210352_2,2022-06-27 11:58:52.892616,SHO,2210352.jpg,2210352,2,0,NA
2210350_2,2022-06-27 11:58:25.985960,SHO,2210350.jpg,2210350,2,0,NA
2210348_2,2022-06-27 11:58:10.376365,SHO,2210348.jpg,2210348,2,0,NA
2210500_2,2022-06-27 11:54:59.461916,SHO,2210500.jpg,2210500,2,0,NA
2210499_2,2022-06-27 11:54:41.726593,SHO,2210499.jpg,2210499,2,0,NA
2210498_2,2022-06-27 11:54:23.585169,SHO,2210498.jpg,2210498,2,0,NA
2210482_2,2022-06-27 11:54:05.224650,SHO,2210482.jpg,2210482,2,0,NA
2210436_2,2022-06-27 11:53:41.895265,SHO,2210436.jpg,2210436,2,0,NA
2210435_2,2022-06-27 11:53:22.941136,SHO,2210435.jpg,2210435,2,0,NA
2210434_2,2022-06-27 11:53:06.080843,SHO,2210434.jpg,2210434,2,0,NA
2210431_2,2022-06-27 11:52:33.954285,SHO,2210431.jpg,2210431,2,0,NA
2210410_2,2022-06-27 11:52:10.827262,SHO,2210410.jpg,2210410,2,0,NA
2210409_2,2022-06-27 11:51:47.823817,SHO,2210409.jpg,2210409,2,0,NA
2210408_2,2022-06-27 11:51:27.101978,SHO,2210408.jpg,2210408,2,0,NA
2210407_2,2022-06-27 11:51:10.771392,SHO,2210407.jpg,2210407,2,0,NA
2209366_2,2022-06-27 11:50:55.222421,SHO,2209366.jpg,2209366,2,0,NA
2208558_2,2022-06-27 11:50:36.375597,SHO,2208558.jpg,2208558,2,0,NA
2210244_2,2022-06-27 11:49:26.427657,SHO,2210244.jpg,2210244,2,0,NA
2210242_2,2022-06-27 11:49:07.190393,SHO,2210242.jpg,2210242,2,0,NA
2210241_2,2022-06-27 11:46:17.283720,SHO,2210241.jpg,2210241,2,0,NA
2210239_2,2022-06-27 11:45:57.971269,SHO,2210239.jpg,2210239,2,0,NA
2210518_2,2022-06-27 11:44:35.127694,SHO,2210518.jpg,2210518,2,0,NA
2210516_2,2022-06-27 11:44:11.080908,SHO,2210516.jpg,2210516,2,0,NA
2210515_2,2022-06-27 11:42:42.862497,SHO,2210515.jpg,2210515,2,0,NA
2210514_2,2022-06-27 11:42:16.675098,SHO,2210514.jpg,2210514,2,0,NA
2210513_2,2022-06-27 11:41:55.878304,SHO,2210513.jpg,2210513,2,0,NA
2210512_2,2022-06-27 11:41:40.487734,SHO,2210512.jpg,2210512,2,0,NA
2210509_2,2022-06-27 11:41:17.847446,SHO,2210509.jpg,2210509,2,0,NA
2210503_2,2022-06-27 11:41:00.269148,SHO,2210503.jpg,2210503,2,0,NA
2210502_2,2022-06-27 11:40:40.550465,SHO,2210502.jpg,2210502,2,0,NA
2210685_2,2022-06-27 11:39:59.519381,SHO,2210685.png,2210685,2,0,NA
2210969_2,2022-06-24 13:58:49.682890,Ropa,2210969.jpg,2210969,2,0,ROPA
2210968_2,2022-06-24 13:58:33.729522,Ropa,2210968.jpg,2210968,2,0,ROPA
2210967_2,2022-06-24 13:58:15.494902,Ropa,2210967.jpg,2210967,2,0,ROPA
2210966_2,2022-06-24 13:56:41.476647,Ropa,2210966.jpg,2210966,2,0,ROPA
2210964_2,2022-06-24 13:56:07.209189,Ropa,2210964.jpg,2210964,2,0,ROPA
2210963_2,2022-06-24 13:55:42.426617,Ropa,2210963.jpg,2210963,2,0,ROPA
2210916_2,2022-06-24 11:51:23.356416,Ropa,2210916.jpg,2210916,2,0,ROPA
2205016_2,2022-06-23 17:55:57.440474,Ropa,2205016.jpeg,2205016,2,0,ROPA
2205013_2,2022-06-23 17:55:56.335358,Ropa,2205013.jpeg,2205013,2,0,ROPA
2202845_2,2022-06-23 17:55:50.110645,Ropa,2202845.jpeg,2202845,2,0,ROPA
2210953_2,2022-06-23 17:55:46.408200,Ropa,2210953.jpeg,2210953,2,0,ROPA
2111844_2,2022-06-23 17:45:31.953211,Ropa,2111844.jpeg,2111844,2,0,ROPA
2112678_2,2022-06-23 17:45:22.725291,Ropa,2112678.jpeg,2112678,2,0,ROPA
2200514_2,2022-06-23 17:43:45.185023,Ropa,2200514.jpeg,2200514,2,0,ROPA
2109367_2,2022-06-23 17:43:24.415578,Ropa,2109367.jpeg,2109367,2,0,ROPA
2111848_2,2022-06-23 17:43:19.309034,Ropa,2111848.jpeg,2111848,2,0,ROPA
2210656_2,2022-06-23 17:43:18.205859,Ropa,2210656.jpg,2210656,2,0,ROPA
2112366_2,2022-06-23 17:43:14.204989,Ropa,2112366.jpeg,2112366,2,0,ROPA
2112688_2,2022-06-23 17:43:09.126219,Ropa,2112688.jpeg,2112688,2,0,ROPA
2210654_2,2022-06-23 17:42:57.004044,Ropa,2210654.png,2210654,2,0,ROPA
2210650_2,2022-06-23 17:42:38.083411,Ropa,2210650.png,2210650,2,0,ROPA
2210671_2,2022-06-23 17:42:01.413684,Ropa,2210671.png,2210671,2,0,ROPA
2112908_2,2022-06-23 17:41:56.908429,Ropa,2112908.jpeg,2112908,2,0,ROPA
2101005_2,2022-06-23 17:41:54.312138,Ropa,2101005.jpeg,2101005,2,0,ROPA
2112670_2,2022-06-23 17:41:46.404440,Ropa,2112670.jpeg,2112670,2,0,ROPA
2113652_2,2022-06-23 17:41:32.948565,Ropa,2113652.jpeg,2113652,2,0,ROPA
2113230_2,2022-06-23 17:41:27.031074,Ropa,2113230.jpeg,2113230,2,0,ROPA
2004653_2,2022-06-23 17:41:24.297631,Ropa,2004653.jpeg,2004653,2,0,ROPA
2006566_2,2022-06-23 17:41:21.820987,Ropa,2006566.jpeg,2006566,2,0,ROPA
2210630_2,2022-06-23 17:41:21.806751,Ropa,2210630.png,2210630,2,0,ROPA
2210668_2,2022-06-23 17:40:48.824373,Ropa,2210668.png,2210668,2,0,ROPA
2210629_2,2022-06-23 17:40:21.701200,Ropa,2210629.png,2210629,2,0,ROPA
2210622_2,2022-06-23 17:39:58.202483,Ropa,2210622.png,2210622,2,0,ROPA
2210621_2,2022-06-23 17:39:13.736493,Ropa,2210621.png,2210621,2,0,ROPA
2210618_2,2022-06-23 17:38:51.269103,Ropa,2210618.png,2210618,2,0,ROPA
2210595_2,2022-06-23 17:25:32.410457,Ropa,2210595.jpeg,2210595,2,0,ROPA
2212316_2,2022-06-23 17:22:56.676944,JEW,2212316.jpg,2212316,2,0,NA
2212318_2,2022-06-23 17:22:56.567590,JEW,2212318.jpg,2212318,2,0,NA
2210951_2,2022-06-23 12:37:14.901630,CLO,2210951.jpg,2210951,2,0,NA
2210370_2,2022-06-22 12:41:13.000000,CLO,2210370.jpg,2210370,2,0,NA
2210335_2,2022-06-22 12:41:11.000000,CLO,2210335.png,2210335,2,0,NA
2210323_2,2022-06-22 12:41:09.000000,CLO,2210323.jpg,2210323,2,0,NA
2210229_2,2022-06-22 12:40:56.000000,CLO,2210229.jpg,2210229,2,0,NA
2210102_2,2022-06-22 12:40:45.000000,CLO,2210102.PNG,2210102,2,0,NA
2209822_2,2022-06-22 12:40:41.000000,CLO,2209822.PNG,2209822,2,0,NA
2208606_2,2022-06-22 12:40:07.000000,CLO,2208606.jpg,2208606,2,0,NA
2207925_2,2022-06-22 12:39:22.000000,CLO,2207925.jpg,2207925,2,0,NA
2207608_2,2022-06-22 12:38:58.000000,CLO,2207608.jpg,2207608,2,0,NA
2204073_2,2022-06-22 12:37:50.000000,CLO,2204073.png,2204073,2,0,NA
2200514_2,2022-06-22 12:36:46.000000,CLO,2200514.jpeg,2200514,2,0,NA
2115335_2,2022-06-22 12:36:09.000000,CLO,2115335.webp,2115335,2,0,NA
2112688_2,2022-06-22 12:34:44.000000,CLO,2112688.jpeg,2112688,2,0,NA
2111844_2,2022-06-22 12:33:04.000000,CLO,2111844.jpg,2111844,2,0,NA
2111844_2,2022-06-22 12:33:04.000000,CLO,2111844.webp,2111844,2,0,NA
2004653_2,2022-06-22 12:32:25.000000,CLO,2004653.jpg,2004653,2,0,NA
2004653_2,2022-06-22 12:32:25.000000,CLO,2004653.webp,2004653,2,0,NA
2210234_2,2022-06-22 12:30:35.000000,CLO,2210234.jpg,2210234,2,0,NA
2210156_2,2022-06-22 12:30:33.000000,CLO,2210156.jpg,2210156,2,0,NA
2210143_2,2022-06-22 12:30:33.000000,CLO,2210143.jpg,2210143,2,0,NA
2210123_2,2022-06-22 12:30:30.000000,CLO,2210123.jpg,2210123,2,0,NA
2210106_2,2022-06-22 12:30:29.000000,CLO,2210106.PNG,2210106,2,0,NA
2210101_2,2022-06-22 12:30:28.000000,CLO,2210101.PNG,2210101,2,0,NA
2210099_2,2022-06-22 12:30:24.000000,CLO,2210099.PNG,2210099,2,0,NA
2210074_2,2022-06-22 12:30:21.000000,CLO,2210074.jpg,2210074,2,0,NA
2209979_2,2022-06-22 12:30:13.000000,CLO,2209979.jpeg,2209979,2,0,NA
2209689_2,2022-06-22 12:30:05.000000,CLO,2209689.jpeg,2209689,2,0,NA
2209460_2,2022-06-22 12:28:51.000000,CLO,2209460.jpg,2209460,2,0,NA
2208603_2,2022-06-22 12:28:10.000000,CLO,2208603.jpg,2208603,2,0,NA
2208509_2,2022-06-22 12:28:09.000000,CLO,2208509.jpg,2208509,2,0,NA
2208387_2,2022-06-22 12:28:03.000000,CLO,2208387.jpg,2208387,2,0,NA
2208362_2,2022-06-22 12:27:59.000000,CLO,2208362.jpg,2208362,2,0,NA
2208359_2,2022-06-22 12:27:48.000000,CLO,2208359.jpg,2208359,2,0,NA
2208352_2,2022-06-22 12:27:21.000000,CLO,2208352.jpg,2208352,2,0,NA
2202848_2,2022-06-22 12:27:06.000000,CLO,2202848.jpg,2202848,2,0,NA
2208283_2,2022-06-22 12:25:53.000000,CLO,2208283.jpg,2208283,2,0,NA
2208179_2,2022-06-22 12:24:30.000000,CLO,2208179.jpg,2208179,2,0,NA
2207615_2,2022-06-22 12:24:04.000000,CLO,2207615.jpeg,2207615,2,0,NA
2207481_2,2022-06-22 12:23:51.000000,CLO,2207481.jpg,2207481,2,0,NA
2207462_2,2022-06-22 12:23:48.000000,CLO,2207462.jpg,2207462,2,0,NA
2207410_2,2022-06-22 12:23:45.000000,CLO,2207410.jpg,2207410,2,0,NA
2207407_2,2022-06-22 12:23:43.000000,CLO,2207407.jpg,2207407,2,0,NA
2207402_2,2022-06-22 12:23:42.000000,CLO,2207402.jpg,2207402,2,0,NA
2207401_2,2022-06-22 12:23:41.000000,CLO,2207401.jpg,2207401,2,0,NA
2207373_2,2022-06-22 12:23:40.000000,CLO,2207373.jpg,2207373,2,0,NA
2207123_2,2022-06-22 12:23:35.000000,CLO,2207123.jpg,2207123,2,0,NA
2207120_2,2022-06-22 12:23:31.000000,CLO,2207120.jpg,2207120,2,0,NA
2206611_2,2022-06-22 12:23:30.000000,CLO,2206611.jpg,2206611,2,0,NA
2206512_2,2022-06-22 12:23:22.000000,CLO,2206512.jpg,2206512,2,0,NA
2109700_2,2022-06-22 12:22:18.000000,CLO,2109700.jpg,2109700,2,0,NA
2104774_2,2022-06-22 12:22:07.000000,CLO,2104774.jpg,2104774,2,0,NA
2210947_2,2022-06-22 10:57:13.119477,CLO,2210947.jpg,2210947,2,0,NA
2210796_2,2022-06-20 10:33:17.772312,CLO,2210796.jpeg,2210796,2,0,NA
2210581_2,2022-06-17 10:47:13.723164,Ropa,2210581.jpg,2210581,2,0,ROPA
2210573_2,2022-06-17 10:47:01.940241,Ropa,2210573.jpg,2210573,2,0,ROPA
2210573_2,2022-06-17 10:47:01.940241,CLO,2210573.jpg,2210573,2,0,NA
2210572_2,2022-06-17 10:46:51.282307,Ropa,2210572.jpg,2210572,2,0,ROPA
2210571_2,2022-06-17 10:46:39.077719,Ropa,2210571.jpg,2210571,2,0,ROPA
2210570_2,2022-06-17 10:46:28.737784,Ropa,2210570.jpg,2210570,2,0,ROPA
2210329_2,2022-06-17 10:46:16.687225,Ropa,2210329.jpg,2210329,2,0,ROPA
2210328_2,2022-06-17 10:46:06.280999,Ropa,2210328.jpg,2210328,2,0,ROPA
2209814_2,2022-06-17 10:45:54.546648,Ropa,2209814.jpg,2209814,2,0,ROPA
2209799_2,2022-06-17 10:45:42.312340,Ropa,2209799.jpg,2209799,2,0,ROPA
2209801_2,2022-06-17 10:45:30.781106,Ropa,2209801.jpg,2209801,2,0,ROPA
2208807_2,2022-06-17 10:45:21.703037,Ropa,2208807.jpg,2208807,2,0,ROPA
2208882_2,2022-06-17 10:45:11.593699,Ropa,2208882.jpg,2208882,2,0,ROPA
2208885_2,2022-06-17 10:45:01.015681,Ropa,2208885.jpg,2208885,2,0,ROPA
2208888_2,2022-06-17 10:44:49.140646,Ropa,2208888.jpg,2208888,2,0,ROPA
2210596_2,2022-06-17 10:36:13.658247,Ropa,2210596.jpg,2210596,2,0,ROPA
2210684_2,2022-06-17 10:36:03.673926,Ropa,2210684.jpg,2210684,2,0,ROPA
2210682_2,2022-06-17 10:35:52.392713,Ropa,2210682.jpg,2210682,2,0,ROPA
2210599_2,2022-06-17 10:35:42.877115,Ropa,2210599.jpg,2210599,2,0,ROPA
2210679_2,2022-06-17 10:35:31.955281,Ropa,2210679.jpg,2210679,2,0,ROPA
2210568_2,2022-06-17 10:35:19.470954,Ropa,2210568.jpg,2210568,2,0,ROPA
2210643_2,2022-06-17 10:35:08.564833,Ropa,2210643.jpg,2210643,2,0,ROPA
2210584_2,2022-06-17 10:33:56.346292,Ropa,2210584.jpg,2210584,2,0,ROPA
2210567_2,2022-06-17 10:33:42.096333,Ropa,2210567.jpg,2210567,2,0,ROPA
2210331_2,2022-06-17 10:33:31.299503,Ropa,2210331.jpg,2210331,2,0,ROPA
2210641_2,2022-06-17 10:33:19.674529,Ropa,2210641.jpg,2210641,2,0,ROPA
2210678_2,2022-06-17 10:33:09.705824,Ropa,2210678.jpg,2210678,2,0,ROPA
2210677_2,2022-06-17 10:33:00.065229,Ropa,2210677.jpg,2210677,2,0,ROPA
2210640_2,2022-06-17 10:32:48.393427,Ropa,2210640.jpg,2210640,2,0,ROPA
2210327_2,2022-06-17 10:32:37.393476,Ropa,2210327.jpg,2210327,2,0,ROPA
2210676_2,2022-06-17 10:32:23.346652,Ropa,2210676.jpg,2210676,2,0,ROPA
2210382_2,2022-06-17 10:32:09.877925,Ropa,2210382.jpg,2210382,2,0,ROPA
2210676_2,2022-06-17 10:31:55.362358,Ropa,2210676.png,2210676,2,0,ROPA
2210772_2,2022-06-16 16:59:15.567587,CLO,2210772.jpeg,2210772,2,0,NA
2210711_2,2022-06-16 16:54:51.153262,CLO,2210711.jpeg,2210711,2,0,NA
2210698_2,2022-06-16 14:08:06.148538,Ropa,2210698.jpg,2210698,2,0,ROPA
2211141_2,2022-06-15 22:17:47.602592,JEW,2211141.jpg,2211141,2,0,NA
2211140_2,2022-06-15 22:17:47.602590,JEW,2211140.jpg,2211140,2,0,NA
2211139_2,2022-06-15 22:17:47.586971,JEW,2211139.jpg,2211139,2,0,NA
2211138_2,2022-06-15 22:17:47.586967,JEW,2211138.jpg,2211138,2,0,NA
2211136_2,2022-06-15 22:17:47.571344,JEW,2211136.jpg,2211136,2,0,NA
2212320_2,2022-06-15 14:06:25.405259,JEW,2212320.jpg,2212320,2,0,NA
2211087_2,2022-06-15 14:06:24.260262,JEW,2211087.jpg,2211087,2,0,NA
2211086_2,2022-06-15 14:06:24.213398,JEW,2211086.jpg,2211086,2,0,NA
2211085_2,2022-06-15 14:06:24.166531,JEW,2211085.jpg,2211085,2,0,NA
2211084_2,2022-06-15 14:06:24.135286,JEW,2211084.jpg,2211084,2,0,NA
2211083_2,2022-06-15 14:06:24.104041,JEW,2211083.jpg,2211083,2,0,NA
2210820_2,2022-06-15 14:06:24.057175,ACC,2210820.jpg,2210820,2,0,NA
2210759_2,2022-06-15 11:17:46.290749,CLO,2210759.jpg,2210759,2,0,NA
2210773_2,2022-06-15 09:41:58.262785,CLO,2210773.jpg,2210773,2,0,NA
2210765_2,2022-06-15 09:41:38.684800,CLO,2210765.jpg,2210765,2,0,NA
2210761_2,2022-06-15 09:40:44.075542,CLO,2210761.jpg,2210761,2,0,NA
2210754_2,2022-06-15 09:40:22.341255,CLO,2210754.jpg,2210754,2,0,NA
2210802_2,2022-06-15 09:34:57.248989,CLO,2210802.jpg,2210802,2,0,NA
2210801_2,2022-06-15 09:34:50.108381,CLO,2210801.jpg,2210801,2,0,NA
2210803_2,2022-06-15 09:34:41.592559,CLO,2210803.jpg,2210803,2,0,NA
2210784_2,2022-06-15 09:31:37.687012,CLO,2210784.jpg,2210784,2,0,NA
2210783_2,2022-06-15 09:31:29.608914,CLO,2210783.jpg,2210783,2,0,NA
2210782_2,2022-06-15 09:28:53.172041,CLO,2210782.jpg,2210782,2,0,NA
2210776_2,2022-06-14 15:55:32.841463,CLO,2210776.jpg,2210776,2,0,NA
2210147_2,2022-06-13 13:51:46.000000,CLO,2210147.jpg,2210147,2,0,NA
2210060_2,2022-06-13 13:51:45.000000,CLO,2210060.jpeg,2210060,2,0,NA
2209976_2,2022-06-13 13:51:44.000000,CLO,2209976.jpeg,2209976,2,0,NA
2209653_2,2022-06-13 13:51:43.000000,CLO,2209653.jpg,2209653,2,0,NA
2207825_2,2022-06-13 13:51:30.000000,CLO,2207825.jpg,2207825,2,0,NA
2207670_2,2022-06-13 13:51:29.000000,CLO,2207670.jpg,2207670,2,0,NA
2207103_2,2022-06-13 13:51:25.000000,CLO,2207103.jpeg,2207103,2,0,NA
2207093_2,2022-06-13 13:51:24.000000,CLO,2207093.jpg,2207093,2,0,NA
2207072_2,2022-06-13 13:51:24.000000,CLO,2207072.jpg,2207072,2,0,NA
2206863_2,2022-06-13 13:51:23.000000,CLO,2206863.jpeg,2206863,2,0,NA
2206862_2,2022-06-13 13:51:23.000000,CLO,2206862.jpeg,2206862,2,0,NA
2206861_2,2022-06-13 13:51:22.000000,CLO,2206861.jpeg,2206861,2,0,NA
2206860_2,2022-06-13 13:51:22.000000,CLO,2206860.jpeg,2206860,2,0,NA
2206817_2,2022-06-13 13:51:21.000000,CLO,2206817.jpeg,2206817,2,0,NA
2206855_2,2022-06-13 13:51:21.000000,CLO,2206855.png,2206855,2,0,NA
2206859_2,2022-06-13 13:51:21.000000,CLO,2206859.jpeg,2206859,2,0,NA
2206614_2,2022-06-13 13:51:20.000000,CLO,2206614.jpg,2206614,2,0,NA
2206770_2,2022-06-13 13:51:20.000000,CLO,2206770.jpg,2206770,2,0,NA
2206613_2,2022-06-13 13:51:19.000000,CLO,2206613.jpg,2206613,2,0,NA
2201354_2,2022-06-13 13:51:06.000000,CLO,2201354.jpg,2201354,2,0,NA
2113191_2,2022-06-13 13:51:03.000000,CLO,2113191.jpg,2113191,2,0,NA
2112494_2,2022-06-13 13:50:58.000000,CLO,2112494.jpg,2112494,2,0,NA
2112366_2,2022-06-13 13:50:55.000000,CLO,2112366.jpeg,2112366,2,0,NA
2209978_2,2022-06-13 13:48:44.000000,CLO,2209978.jfif,2209978,2,0,NA
2209978_2,2022-06-13 13:48:44.000000,CLO,2209978.jpg,2209978,2,0,NA
2209738_2,2022-06-13 13:48:43.000000,CLO,2209738.jpeg,2209738,2,0,NA
2209977_2,2022-06-13 13:48:43.000000,CLO,2209977.jpg,2209977,2,0,NA
2209977_2,2022-06-13 13:48:43.000000,CLO,2209977.jfif,2209977,2,0,NA
2209730_2,2022-06-13 13:48:42.000000,CLO,2209730.jpeg,2209730,2,0,NA
2208895_2,2022-06-13 13:48:40.000000,CLO,2208895.jpeg,2208895,2,0,NA
2208816_2,2022-06-13 13:48:40.000000,CLO,2208816.jpg,2208816,2,0,NA
2208776_2,2022-06-13 13:48:39.000000,CLO,2208776.jpeg,2208776,2,0,NA
2208507_2,2022-06-13 13:48:37.000000,CLO,2208507.jpg,2208507,2,0,NA
2208611_2,2022-06-13 13:48:37.000000,CLO,2208611.jpg,2208611,2,0,NA
2208486_2,2022-06-13 13:48:36.000000,CLO,2208486.jpg,2208486,2,0,NA
2208479_2,2022-06-13 13:48:35.000000,CLO,2208479.jpg,2208479,2,0,NA
2208480_2,2022-06-13 13:48:35.000000,CLO,2208480.jpg,2208480,2,0,NA
2208477_2,2022-06-13 13:48:34.000000,CLO,2208477.jpg,2208477,2,0,NA
2208474_2,2022-06-13 13:48:33.000000,CLO,2208474.jpg,2208474,2,0,NA
2208453_2,2022-06-13 13:48:33.000000,CLO,2208453.jpg,2208453,2,0,NA
2208444_2,2022-06-13 13:48:32.000000,CLO,2208444.jpg,2208444,2,0,NA
2208354_2,2022-06-13 13:48:32.000000,CLO,2208354.jpg,2208354,2,0,NA
2208273_2,2022-06-13 13:48:31.000000,CLO,2208273.jpg,2208273,2,0,NA
2208103_2,2022-06-13 13:48:29.000000,CLO,2208103.jpg,2208103,2,0,NA
2207657_2,2022-06-13 13:48:27.000000,CLO,2207657.jpg,2207657,2,0,NA
2207653_2,2022-06-13 13:48:26.000000,CLO,2207653.jpg,2207653,2,0,NA
2207655_2,2022-06-13 13:48:26.000000,CLO,2207655.jpg,2207655,2,0,NA
2207648_2,2022-06-13 13:48:24.000000,CLO,2207648.jpg,2207648,2,0,NA
2207650_2,2022-06-13 13:48:24.000000,CLO,2207650.jpg,2207650,2,0,NA
2207649_2,2022-06-13 13:48:23.000000,CLO,2207649.jpg,2207649,2,0,NA
2207646_2,2022-06-13 13:48:22.000000,CLO,2207646.jpg,2207646,2,0,NA
2207647_2,2022-06-13 13:48:22.000000,CLO,2207647.jpg,2207647,2,0,NA
2207581_2,2022-06-13 13:48:21.000000,CLO,2207581.jpg,2207581,2,0,NA
2207645_2,2022-06-13 13:48:21.000000,CLO,2207645.jpg,2207645,2,0,NA
2207400_2,2022-06-13 13:48:20.000000,CLO,2207400.jpg,2207400,2,0,NA
2207578_2,2022-06-13 13:48:20.000000,CLO,2207578.jpg,2207578,2,0,NA
2207388_2,2022-06-13 13:48:18.000000,CLO,2207388.jpg,2207388,2,0,NA
2207380_2,2022-06-13 13:48:18.000000,CLO,2207380.jpg,2207380,2,0,NA
2207378_2,2022-06-13 13:48:17.000000,CLO,2207378.jpg,2207378,2,0,NA
2207273_2,2022-06-13 13:48:11.000000,CLO,2207273.png,2207273,2,0,NA
2207110_2,2022-06-13 13:48:07.000000,CLO,2207110.jpeg,2207110,2,0,NA
2207106_2,2022-06-13 13:48:06.000000,CLO,2207106.PNG,2207106,2,0,NA
2207109_2,2022-06-13 13:48:06.000000,CLO,2207109.jpeg,2207109,2,0,NA
2207105_2,2022-06-13 13:48:05.000000,CLO,2207105.PNG,2207105,2,0,NA
2207104_2,2022-06-13 13:48:05.000000,CLO,2207104.jpeg,2207104,2,0,NA
2207073_2,2022-06-13 13:48:04.000000,CLO,2207073.jpg,2207073,2,0,NA
2207058_2,2022-06-13 13:48:01.000000,CLO,2207058.jpg,2207058,2,0,NA
2206946_2,2022-06-13 13:47:59.000000,CLO,2206946.png,2206946,2,0,NA
2206864_2,2022-06-13 13:47:57.000000,CLO,2206864.jpg,2206864,2,0,NA
2206858_2,2022-06-13 13:47:56.000000,CLO,2206858.jpg,2206858,2,0,NA
2206815_2,2022-06-13 13:47:56.000000,CLO,2206815.jpeg,2206815,2,0,NA
2206615_2,2022-06-13 13:47:53.000000,CLO,2206615.jpg,2206615,2,0,NA
2206537_2,2022-06-13 13:47:52.000000,CLO,2206537.jpeg,2206537,2,0,NA
2206534_2,2022-06-13 13:47:51.000000,CLO,2206534.jpeg,2206534,2,0,NA
2206533_2,2022-06-13 13:47:50.000000,CLO,2206533.jpeg,2206533,2,0,NA
2206532_2,2022-06-13 13:47:49.000000,CLO,2206532.jpg,2206532,2,0,NA
2210569_2,2022-06-10 10:50:46.180383,CLO,2210569.jfif,2210569,2,0,NA
2210569_2,2022-06-10 10:50:46.180383,CLO,2210569.jpg,2210569,2,0,NA
2208280_2,2022-06-09 18:16:17.000000,CLO,2208280.jpg,2208280,2,0,NA
2207936_2,2022-06-09 18:16:16.000000,CLO,2207936.jpg,2207936,2,0,NA
2208276_2,2022-06-09 18:16:16.000000,CLO,2208276.jpg,2208276,2,0,NA
2207627_2,2022-06-09 18:16:15.000000,CLO,2207627.jpg,2207627,2,0,NA
2207623_2,2022-06-09 18:16:14.000000,CLO,2207623.jpg,2207623,2,0,NA
2207587_2,2022-06-09 18:16:14.000000,CLO,2207587.png,2207587,2,0,NA
2207356_2,2022-06-09 18:16:13.000000,CLO,2207356.jpeg,2207356,2,0,NA
2207353_2,2022-06-09 18:16:13.000000,CLO,2207353.jpeg,2207353,2,0,NA
2207130_2,2022-06-09 18:16:06.000000,CLO,2207130.jpg,2207130,2,0,NA
2207036_2,2022-06-09 18:16:04.000000,CLO,2207036.png,2207036,2,0,NA
2206956_2,2022-06-09 18:16:02.000000,CLO,2206956.png,2206956,2,0,NA
2206868_2,2022-06-09 18:16:01.000000,CLO,2206868.png,2206868,2,0,NA
2206891_2,2022-06-09 18:16:01.000000,CLO,2206891.png,2206891,2,0,NA
2206867_2,2022-06-09 18:16:00.000000,CLO,2206867.png,2206867,2,0,NA
2206852_2,2022-06-09 18:15:59.000000,CLO,2206852.png,2206852,2,0,NA
2206856_2,2022-06-09 18:15:59.000000,CLO,2206856.png,2206856,2,0,NA
2206845_2,2022-06-09 18:15:58.000000,CLO,2206845.png,2206845,2,0,NA
2206827_2,2022-06-09 18:15:58.000000,CLO,2206827.jpg,2206827,2,0,NA
2206328_2,2022-06-09 18:15:44.000000,CLO,2206328.png,2206328,2,0,NA
2205711_2,2022-06-09 18:15:28.000000,CLO,2205711.jpg,2205711,2,0,NA
2014654_2,2022-06-09 18:15:07.000000,CLO,2014654.jpg,2014654,2,0,NA
2210610_2,2022-06-09 13:49:10.988056,CLO,2210610.jpeg,2210610,2,0,NA
2210800_2,2022-06-09 13:42:03.853171,CLO,2210800.jpeg,2210800,2,0,NA
2210634_2,2022-06-08 11:16:15.696966,CLO,2210634.jfif,2210634,2,0,NA
2210634_2,2022-06-08 11:16:15.696966,CLO,2210634.jpg,2210634,2,0,NA
2210665_2,2022-06-08 11:14:50.775110,CLO,2210665.jfif,2210665,2,0,NA
2210597_2,2022-06-08 10:17:06.952901,CLO,2210597.jfif,2210597,2,0,NA
2210587_2,2022-06-08 10:16:20.016388,CLO,2210587.jpg,2210587,2,0,NA
2210587_2,2022-06-08 10:16:20.016388,CLO,2210587.jfif,2210587,2,0,NA
2210594_2,2022-06-08 10:15:51.782656,CLO,2210594.jpg,2210594,2,0,NA
2210594_2,2022-06-08 10:15:51.782656,CLO,2210594.jfif,2210594,2,0,NA
2210600_2,2022-06-08 10:12:26.209291,CLO,2210600.jfif,2210600,2,0,NA
2210444_2,2022-06-07 14:51:09.032395,CLO,2210444.jfif,2210444,2,0,NA
2210429_2,2022-06-07 10:59:15.484884,CLO,2210429.jpeg,2210429,2,0,NA
2210413_2,2022-06-04 15:55:18.567294,CLO,2210413.jpg,2210413,2,0,NA
2210405_2,2022-06-04 15:02:30.702999,CLO,2210405.PNG,2210405,2,0,NA
2210387_2,2022-06-03 18:35:25.498714,CLO,2210387.jfif,2210387,2,0,NA
2210387_2,2022-06-03 18:35:25.498714,CLO,2210387.jpg,2210387,2,0,NA
2210386_2,2022-06-03 17:17:52.898346,CLO,2210386.jfif,2210386,2,0,NA
2210330_2,2022-06-02 13:59:47.276808,CLO,2210330.PNG,2210330,2,0,NA
2210418_2,2022-06-02 13:12:03.679655,CLO,2210418.jpeg,2210418,2,0,NA
2210420_2,2022-06-02 13:11:36.140728,CLO,2210420.jpeg,2210420,2,0,NA
2210384_2,2022-06-02 13:11:33.728664,CLO,2210384.jpeg,2210384,2,0,NA
2210367_2,2022-06-02 13:10:40.676232,CLO,2210367.jpeg,2210367,2,0,NA
2210389_2,2022-06-02 13:10:15.074837,CLO,2210389.jpeg,2210389,2,0,NA
2210337_2,2022-06-02 11:33:25.113880,CLO,2210337.jpg,2210337,2,0,NA
2210337_2,2022-06-02 11:33:25.113880,CLO,2210337.jfif,2210337,2,0,NA
2210342_2,2022-06-01 19:07:21.101022,CLO,2210342.jfif,2210342,2,0,NA
2210362_2,2022-06-01 19:07:13.944755,CLO,2210362.jfif,2210362,2,0,NA
2210357_2,2022-06-01 12:10:27.602792,CLO,2210357.jfif,2210357,2,0,NA
2210392_2,2022-06-01 12:09:19.306150,CLO,2210392.jfif,2210392,2,0,NA
2210392_2,2022-06-01 12:09:19.306150,CLO,2210392.jpg,2210392,2,0,NA
2210379_2,2022-06-01 12:08:55.321891,CLO,2210379.jfif,2210379,2,0,NA
2210378_2,2022-06-01 12:08:33.572060,CLO,2210378.jfif,2210378,2,0,NA
2210377_2,2022-06-01 12:08:27.196997,CLO,2210377.jfif,2210377,2,0,NA
2210376_2,2022-06-01 12:07:56.337728,CLO,2210376.jfif,2210376,2,0,NA
2210376_2,2022-06-01 12:07:56.337728,CLO,2210376.jpg,2210376,2,0,NA
2210375_2,2022-06-01 12:07:31.884701,CLO,2210375.jfif,2210375,2,0,NA
2210323_2,2022-06-01 11:08:19.716873,CLO,2210323.jfif,2210323,2,0,NA
2210374_2,2022-06-01 11:08:04.419958,CLO,2210374.jfif,2210374,2,0,NA
2210372_2,2022-06-01 11:07:58.154320,CLO,2210372.jfif,2210372,2,0,NA
2210371_2,2022-06-01 11:07:51.716810,CLO,2210371.jfif,2210371,2,0,NA
2210370_2,2022-06-01 11:07:32.591765,CLO,2210370.jfif,2210370,2,0,NA
2210358_2,2022-06-01 11:06:42.716639,CLO,2210358.jfif,2210358,2,0,NA
2210381_2,2022-06-01 11:06:29.389199,CLO,2210381.jfif,2210381,2,0,NA
2210381_2,2022-06-01 11:06:29.389199,CLO,2210381.jpg,2210381,2,0,NA
2210368_2,2022-06-01 11:06:22.450979,CLO,2210368.jfif,2210368,2,0,NA
2210369_2,2022-06-01 11:06:15.622849,CLO,2210369.jfif,2210369,2,0,NA
2210369_2,2022-06-01 11:06:15.622849,CLO,2210369.jpg,2210369,2,0,NA
2210322_2,2022-06-01 11:05:38.935244,CLO,2210322.jfif,2210322,2,0,NA
2210322_2,2022-06-01 11:05:38.935244,CLO,2210322.jpg,2210322,2,0,NA
2210324_2,2022-06-01 11:04:55.529067,CLO,2210324.jfif,2210324,2,0,NA
2210234_2,2022-06-01 10:37:48.028334,CLO,2210234.jfif,2210234,2,0,NA
2210229_2,2022-06-01 10:37:37.137743,CLO,2210229.jfif,2210229,2,0,NA
2212314_2,2022-05-31 19:14:30.080249,JEW,2212314.jpg,2212314,2,0,NA
2211096_2,2022-05-31 11:33:26.206915,JEW,2211096.jpg,2211096,2,0,NA
2211094_2,2022-05-31 11:33:26.128805,JEW,2211094.jpg,2211094,2,0,NA
2211093_2,2022-05-31 11:33:26.097560,JEW,2211093.jpg,2211093,2,0,NA
2211092_2,2022-05-31 11:33:26.066318,JEW,2211092.jpg,2211092,2,0,NA
2211089_2,2022-05-31 11:33:25.941339,JEW,2211089.jpg,2211089,2,0,NA
2211090_2,2022-05-31 11:33:25.878853,JEW,2211090.jpg,2211090,2,0,NA
2210038_2,2022-05-30 11:44:03.950565,Ropa,2210038.jpg,2210038,2,0,ROPA
2210035_2,2022-05-30 11:43:54.231852,Ropa,2210035.jpg,2210035,2,0,ROPA
2210027_2,2022-05-30 11:43:43.903764,Ropa,2210027.jpg,2210027,2,0,ROPA
2210065_2,2022-05-30 11:43:26.169453,Ropa,2210065.jpg,2210065,2,0,ROPA
2210061_2,2022-05-30 11:43:16.185122,Ropa,2210061.jpg,2210061,2,0,ROPA
2210024_2,2022-05-30 11:43:03.888281,Ropa,2210024.jpg,2210024,2,0,ROPA
2210016_2,2022-05-30 11:42:51.669603,Ropa,2210016.jpg,2210016,2,0,ROPA
2210013_2,2022-05-30 11:42:41.888380,Ropa,2210013.jpg,2210013,2,0,ROPA
2210010_2,2022-05-30 11:42:27.685307,Ropa,2210010.jpg,2210010,2,0,ROPA
2210008_2,2022-05-30 11:42:16.138478,Ropa,2210008.jpg,2210008,2,0,ROPA
2210005_2,2022-05-30 11:42:03.919774,Ropa,2210005.jpg,2210005,2,0,ROPA
2210116_2,2022-05-30 11:41:52.747945,Ropa,2210116.jpg,2210116,2,0,ROPA
2210113_2,2022-05-30 11:41:38.029248,Ropa,2210113.jpg,2210113,2,0,ROPA
2210111_2,2022-05-30 11:41:26.185637,Ropa,2210111.jpg,2210111,2,0,ROPA
2210108_2,2022-05-30 11:41:14.544952,Ropa,2210108.jpg,2210108,2,0,ROPA
2210002_2,2022-05-30 11:41:03.185744,Ropa,2210002.jpg,2210002,2,0,ROPA
2210158_2,2022-05-30 11:40:51.904438,Ropa,2210158.jpg,2210158,2,0,ROPA
2210105_2,2022-05-30 11:40:38.342244,Ropa,2210105.jpg,2210105,2,0,ROPA
2210104_2,2022-05-30 11:40:25.217040,Ropa,2210104.jpg,2210104,2,0,ROPA
2209920_2,2022-05-30 11:40:10.763973,Ropa,2209920.jpg,2209920,2,0,ROPA
2210103_2,2022-05-30 11:39:58.389008,Ropa,2210103.jpg,2210103,2,0,ROPA
2209795_2,2022-05-30 11:39:33.185997,Ropa,2209795.jpg,2209795,2,0,ROPA
2209789_2,2022-05-30 11:39:19.420404,Ropa,2209789.jpg,2209789,2,0,ROPA
2209780_2,2022-05-30 11:38:55.858157,Ropa,2209780.jpg,2209780,2,0,ROPA
2209778_2,2022-05-30 11:38:43.951881,Ropa,2209778.jpg,2209778,2,0,ROPA
2209795_2,2022-05-30 11:37:46.436379,Ropa,2209795.png,2209795,2,0,ROPA
2209789_2,2022-05-30 11:37:38.889539,Ropa,2209789.png,2209789,2,0,ROPA
2209785_2,2022-05-30 11:37:31.264571,Ropa,2209785.png,2209785,2,0,ROPA
2209780_2,2022-05-30 11:37:20.358364,Ropa,2209780.png,2209780,2,0,ROPA
2209778_2,2022-05-30 11:37:09.936512,Ropa,2209778.png,2209778,2,0,ROPA
2209776_2,2022-05-30 11:37:01.483595,Ropa,2209776.png,2209776,2,0,ROPA
2210151_2,2022-05-26 13:24:33.917428,CLO,2210151.jpeg,2210151,2,0,NA
2210152_2,2022-05-26 13:23:54.094924,CLO,2210152.jpeg,2210152,2,0,NA
2210598_2,2022-05-26 12:56:03.143388,CLO,2210598.jpg,2210598,2,0,NA
2210607_2,2022-05-26 12:54:09.185891,CLO,2210607.jpg,2210607,2,0,NA
2210026_2,2022-05-26 09:58:39.348388,CLO,2210026.PNG,2210026,2,0,NA
2210130_2,2022-05-25 21:53:02.203829,CLO,2210130.jpg,2210130,2,0,NA
2210156_2,2022-05-25 11:41:29.996230,CLO,2210156.jfif,2210156,2,0,NA
2210143_2,2022-05-25 11:34:14.575899,CLO,2210143.jfif,2210143,2,0,NA
2210147_2,2022-05-25 11:33:36.810417,CLO,2210147.jfif,2210147,2,0,NA
2210074_2,2022-05-25 11:31:13.092221,CLO,2210074.jfif,2210074,2,0,NA
0_2,2022-05-22 20:47:38.606799,CLO,229818.PNG,0,2,0,NA
2211632_2,2022-05-19 21:08:55.135513,JEW,2211632.jpg,2211632,2,0,NA
2209705_2,2022-05-19 17:19:22.813485,CLO,2209705.jpeg,2209705,2,0,NA
2209736_2,2022-05-19 17:18:52.973995,CLO,2209736.jpeg,2209736,2,0,NA
2209605_2,2022-05-18 14:23:11.980894,CLO,2209605.jfif,2209605,2,0,NA
2209608_2,2022-05-18 14:23:09.246524,CLO,2209608.jfif,2209608,2,0,NA
2209712_2,2022-05-18 14:09:29.947498,CLO,2209712.jfif,2209712,2,0,NA
2209712_2,2022-05-18 14:09:29.947498,CLO,2209712.jpg,2209712,2,0,NA
2209665_2,2022-05-18 14:09:01.681316,CLO,2209665.jpg,2209665,2,0,NA
2209665_2,2022-05-18 14:09:01.681316,CLO,2209665.jfif,2209665,2,0,NA
2209656_2,2022-05-18 14:08:54.368619,CLO,2209656.jfif,2209656,2,0,NA
2209460_2,2022-05-18 13:51:52.306499,CLO,2209460.jfif,2209460,2,0,NA
2209721_2,2022-05-18 13:25:25.677212,CLO,2209721.jfif,2209721,2,0,NA
2209724_2,2022-05-18 13:25:09.895635,CLO,2209724.jfif,2209724,2,0,NA
2209717_2,2022-05-18 13:21:16.296862,CLO,2209717.jpg,2209717,2,0,NA
2209717_2,2022-05-18 13:21:16.296862,CLO,2209717.jfif,2209717,2,0,NA
2209610_2,2022-05-18 13:17:28.666943,CLO,2209610.jfif,2209610,2,0,NA
2209609_2,2022-05-18 13:17:01.369471,CLO,2209609.jfif,2209609,2,0,NA
2209606_2,2022-05-18 13:16:15.055959,CLO,2209606.jfif,2209606,2,0,NA
2209602_2,2022-05-18 13:15:09.164051,CLO,2209602.jpg,2209602,2,0,NA
2209602_2,2022-05-18 13:15:09.164051,CLO,2209602.jfif,2209602,2,0,NA
2209603_2,2022-05-18 13:15:01.913799,CLO,2209603.jfif,2209603,2,0,NA
2209603_2,2022-05-18 13:15:01.913799,CLO,2209603.jpg,2209603,2,0,NA
2209653_2,2022-05-18 10:12:09.393638,CLO,2209653.jfif,2209653,2,0,NA
2209652_2,2022-05-18 10:12:02.784121,CLO,2209652.jfif,2209652,2,0,NA
2209386_2,2022-05-18 10:11:23.752414,CLO,2209386.jfif,2209386,2,0,NA
2209385_2,2022-05-18 10:11:16.611406,CLO,2209385.jfif,2209385,2,0,NA
2209387_2,2022-05-18 10:09:38.765474,CLO,2209387.jfif,2209387,2,0,NA
2209651_2,2022-05-18 10:08:57.202240,CLO,2209651.jfif,2209651,2,0,NA
2209651_2,2022-05-18 10:08:57.202240,CLO,2209651.jpg,2209651,2,0,NA
2209586_2,2022-05-18 10:06:57.808787,CLO,2209586.jfif,2209586,2,0,NA
2209581_2,2022-05-18 10:06:45.824155,CLO,2209581.jfif,2209581,2,0,NA
2209585_2,2022-05-18 10:06:16.995413,CLO,2209585.jfif,2209585,2,0,NA
2209575_2,2022-05-16 11:29:34.596571,CLO,2209575.PNG,2209575,2,0,NA
2209812_2,2022-05-12 16:48:40.499074,CLO,2209812.jpeg,2209812,2,0,NA
2208766_2,2022-05-12 15:45:18.424992,CLO,2208766.png,2208766,2,0,NA
2207487_2,2022-05-12 15:28:13.000000,CLO,2207487.png,2207487,2,0,NA
2207486_2,2022-05-12 15:28:12.000000,CLO,2207486.png,2207486,2,0,NA
2207484_2,2022-05-12 15:28:10.000000,CLO,2207484.jpg,2207484,2,0,NA
2207483_2,2022-05-12 15:28:09.000000,CLO,2207483.jpg,2207483,2,0,NA
2207482_2,2022-05-12 15:28:07.000000,CLO,2207482.jpg,2207482,2,0,NA
2207360_2,2022-05-12 15:28:06.000000,CLO,2207360.jpg,2207360,2,0,NA
2207339_2,2022-05-12 15:28:03.000000,CLO,2207339.jpg,2207339,2,0,NA
2207313_2,2022-05-12 15:28:01.000000,CLO,2207313.jpg,2207313,2,0,NA
2207319_2,2022-05-12 15:28:01.000000,CLO,2207319.jpg,2207319,2,0,NA
2207311_2,2022-05-12 15:28:00.000000,CLO,2207311.jpg,2207311,2,0,NA
2207276_2,2022-05-12 15:27:58.000000,CLO,2207276.jpg,2207276,2,0,NA
2207202_2,2022-05-12 15:27:56.000000,CLO,2207202.jpg,2207202,2,0,NA
2207197_2,2022-05-12 15:27:54.000000,CLO,2207197.jpg,2207197,2,0,NA
2206826_2,2022-05-12 15:27:53.000000,CLO,2206826.jpg,2206826,2,0,NA
2206662_2,2022-05-12 15:27:52.000000,CLO,2206662.jpg,2206662,2,0,NA
2206046_2,2022-05-12 15:26:35.000000,CLO,2206046.png,2206046,2,0,NA
2205306_2,2022-05-12 15:26:08.000000,CLO,2205306.png,2205306,2,0,NA
2205192_2,2022-05-12 15:26:06.000000,CLO,2205192.jpg,2205192,2,0,NA
2204415_2,2022-05-12 15:25:54.000000,CLO,2204415.png,2204415,2,0,NA
2204411_2,2022-05-12 15:25:53.000000,CLO,2204411.png,2204411,2,0,NA
2208730_2,2022-05-11 13:34:07.627839,CLO,2208730.jpg,2208730,2,0,NA
2208790_2,2022-05-11 09:58:28.504176,CLO,2208790.jpg,2208790,2,0,NA
2208785_2,2022-05-11 09:32:28.442073,CLO,2208785.jpg,2208785,2,0,NA
2208657_2,2022-05-09 18:26:48.541889,CLO,2208657.jpeg,2208657,2,0,NA
2208813_2,2022-05-09 18:11:58.500130,CLO,2208813.jpeg,2208813,2,0,NA
2208812_2,2022-05-09 17:56:27.383187,CLO,2208812.jpeg,2208812,2,0,NA
2208633_2,2022-05-09 16:01:09.955644,CLO,2208633.jpg,2208633,2,0,NA
2207064_2,2022-05-09 08:07:02.000000,CLO,2207064.jpg,2207064,2,0,NA
2207056_2,2022-05-09 08:06:59.000000,CLO,2207056.jpg,2207056,2,0,NA
2206879_2,2022-05-09 08:06:50.000000,CLO,2206879.jpg,2206879,2,0,NA
2206878_2,2022-05-09 08:06:48.000000,CLO,2206878.jpg,2206878,2,0,NA
2206877_2,2022-05-09 08:06:45.000000,CLO,2206877.jpg,2206877,2,0,NA
2206875_2,2022-05-09 08:06:42.000000,CLO,2206875.jpg,2206875,2,0,NA
2206874_2,2022-05-09 08:06:39.000000,CLO,2206874.jpg,2206874,2,0,NA
2206873_2,2022-05-09 08:06:36.000000,CLO,2206873.jpg,2206873,2,0,NA
2206801_2,2022-05-09 08:06:29.000000,CLO,2206801.jpg,2206801,2,0,NA
2206794_2,2022-05-09 08:06:27.000000,CLO,2206794.jpg,2206794,2,0,NA
2206654_2,2022-05-09 08:06:22.000000,CLO,2206654.jpeg,2206654,2,0,NA
2205193_2,2022-05-09 08:02:27.000000,CLO,2205193.jpg,2205193,2,0,NA
2205191_2,2022-05-09 08:02:25.000000,CLO,2205191.jpg,2205191,2,0,NA
2205190_2,2022-05-09 08:02:22.000000,CLO,2205190 D.jpg,2205190,2,0,NA
2205190_2,2022-05-09 08:02:22.000000,CLO,2205190 E.jpg,2205190,2,0,NA
2204414_2,2022-05-09 08:01:47.000000,CLO,2204414.png,2204414,2,0,NA
2202651_2,2022-05-09 08:00:30.000000,CLO,2202651.jpg,2202651,2,0,NA
2115787_2,2022-05-09 08:00:09.000000,CLO,2115787.webp,2115787,2,0,NA
2112670_2,2022-05-09 07:59:59.000000,CLO,2112670.jpeg,2112670,2,0,NA
2201920_2,2022-05-06 11:19:36.883304,Ropa,2201920.jpg,2201920,2,0,ROPA
2208416_2,2022-05-05 18:44:52.543949,CLO,2208416.jpg,2208416,2,0,NA
2208475_2,2022-05-05 18:42:33.072085,CLO,2208475.jpg,2208475,2,0,NA
2208690_2,2022-05-05 18:42:22.384365,CLO,2208690.jpg,2208690,2,0,NA
2208774_2,2022-05-05 18:39:06.880136,CLO,2208774.jpg,2208774,2,0,NA
2208299_2,2022-05-05 10:45:07.974605,CLO,2208299.jpg,2208299,2,0,NA
2208291_2,2022-05-05 10:42:52.319422,CLO,2208291.jpeg,2208291,2,0,NA
2208286_2,2022-05-05 09:07:25.634886,CLO,2208286.jpg,2208286,2,0,NA
2208113_2,2022-05-04 14:27:22.049287,CLO,2208113.jpg,2208113,2,0,NA
2207932_2,2022-05-03 13:23:20.884209,CLO,2207932.jpg,2207932,2,0,NA
2206754_2,2022-05-02 15:10:05.000000,CLO,2206754.jpg,2206754,2,0,NA
2204069_2,2022-05-02 15:08:25.000000,CLO,2204069.png,2204069,2,0,NA
2204075_2,2022-05-02 15:05:10.000000,CLO,2204075.png,2204075,2,0,NA
2205189_2,2022-05-02 15:00:37.000000,CLO,2205189.jpg,2205189,2,0,NA
2204392_2,2022-05-02 15:00:07.000000,CLO,2204392.png,2204392,2,0,NA
2106255_2,2022-05-02 14:59:40.000000,CLO,2106255.jpg,2106255,2,0,NA
2006612_2,2022-05-02 14:58:36.000000,CLO,2006612.jpg,2006612,2,0,NA
2113650_2,2022-05-02 14:55:16.000000,CLO,2113650.webp,2113650,2,0,NA
2112678_2,2022-05-02 14:54:51.000000,CLO,2112678.jpeg,2112678,2,0,NA
2109367_2,2022-05-02 14:54:41.000000,CLO,2109367.jpg,2109367,2,0,NA
0_0,2022-04-29 15:10:24.998188,IT\pdvs\TS,TS - Acceso directo.lnk,0,0,0,NA
2207599_2,2022-04-27 10:23:04.256528,CLO,2207599.jpg,2207599,2,0,NA
2207600_2,2022-04-27 10:22:57.475110,CLO,2207600.jpg,2207600,2,0,NA
2207586_2,2022-04-27 09:55:57.035612,CLO,2207586.jpg,2207586,2,0,NA
2297337_2,2022-04-20 10:16:07.767169,CLO,2297337.jpg,2297337,2,0,NA
2207332_2,2022-04-20 10:11:43.089444,CLO,2207332.jpg,2207332,2,0,NA
2207330_2,2022-04-20 08:26:59.447326,CLO,2207330.jpg,2207330,2,0,NA
2207323_2,2022-04-20 08:25:45.508250,CLO,2207323.jpg,2207323,2,0,NA
2207320_2,2022-04-20 08:25:24.945303,CLO,2207320.jpg,2207320,2,0,NA
2207316_2,2022-04-19 14:26:26.192247,CLO,2207316.jpg,2207316,2,0,NA
2207043_2,2022-04-18 11:33:40.636698,Ropa,2207043.png,2207043,2,0,ROPA
2206948_2,2022-04-18 11:33:30.995899,Ropa,2206948.png,2206948,2,0,ROPA
2206949_2,2022-04-18 11:33:17.777059,Ropa,2206949.png,2206949,2,0,ROPA
2207036_2,2022-04-18 11:33:08.823830,Ropa,2207036.png,2207036,2,0,ROPA
2206991_2,2022-04-18 11:33:00.621439,Ropa,2206991.png,2206991,2,0,ROPA
2206956_2,2022-04-18 11:32:46.964350,Ropa,2206956.png,2206956,2,0,ROPA
2207035_2,2022-04-18 11:32:30.370528,Ropa,2207035.png,2207035,2,0,ROPA
2206947_2,2022-04-18 11:32:18.010908,Ropa,2206947.png,2206947,2,0,ROPA
2206958_2,2022-04-18 11:32:08.557696,Ropa,2206958.png,2206958,2,0,ROPA
2206946_2,2022-04-18 11:31:56.323378,Ropa,2206946.png,2206946,2,0,ROPA
2206944_2,2022-04-18 11:31:45.651229,Ropa,2206944.png,2206944,2,0,ROPA
2206939_2,2022-04-18 11:31:34.323024,Ropa,2206939.png,2206939,2,0,ROPA
2206891_2,2022-04-18 11:31:00.932092,Ropa,2206891.png,2206891,2,0,ROPA
2206890_2,2022-04-18 11:30:45.525711,Ropa,2206890.png,2206890,2,0,ROPA
2206887_2,2022-04-18 11:30:31.822464,Ropa,2206887.png,2206887,2,0,ROPA
2206886_2,2022-04-18 11:30:16.212956,Ropa,2206886.png,2206886,2,0,ROPA
2206885_2,2022-04-18 11:30:00.275349,Ropa,2206885.png,2206885,2,0,ROPA
2206883_2,2022-04-18 11:29:51.947118,Ropa,2206883.png,2206883,2,0,ROPA
2206869_2,2022-04-18 11:29:39.056387,Ropa,2206869.png,2206869,2,0,ROPA
2206856_2,2022-04-18 11:29:30.368799,Ropa,2206856.png,2206856,2,0,ROPA
2206855_2,2022-04-18 11:29:21.149979,Ropa,2206855.png,2206855,2,0,ROPA
2206868_2,2022-04-18 11:29:10.196767,Ropa,2206868.png,2206868,2,0,ROPA
2206853_2,2022-04-18 11:28:56.540386,Ropa,2206853.png,2206853,2,0,ROPA
2206852_2,2022-04-18 11:28:46.665454,Ropa,2206852.png,2206852,2,0,ROPA
2206851_2,2022-04-18 11:28:36.852727,Ropa,2206851.png,2206851,2,0,ROPA
2206850_2,2022-04-18 11:28:23.368338,Ropa,2206850.png,2206850,2,0,ROPA
2206845_2,2022-04-18 11:28:13.930647,Ropa,2206845.png,2206845,2,0,ROPA
2206844_2,2022-04-18 11:28:03.774308,Ropa,2206844.png,2206844,2,0,ROPA
2206843_2,2022-04-18 11:27:51.602415,Ropa,2206843.png,2206843,2,0,ROPA
2206843_2,2022-04-18 11:27:51.602415,CLO,2206843.png,2206843,2,0,NA
2206867_2,2022-04-18 11:27:41.086731,Ropa,2206867.png,2206867,2,0,ROPA
2206664_2,2022-04-18 11:27:26.899008,Ropa,2206664.png,2206664,2,0,ROPA
2206656_2,2022-04-18 11:27:11.133291,Ropa,2206656.png,2206656,2,0,ROPA
2206655_2,2022-04-18 11:17:03.549817,Ropa,2206655.png,2206655,2,0,ROPA
2207102_2,2022-04-14 18:46:30.393329,CLO,2207102.jpg,2207102,2,0,NA
2208490_2,2022-04-13 16:47:09.819448,CLO,2208490.jpg,2208490,2,0,NA
2208489_2,2022-04-13 16:46:51.505737,CLO,2208489.jpg,2208489,2,0,NA
2207061_2,2022-04-13 16:46:24.988360,CLO,2207061.jpg,2207061,2,0,NA
2208455_2,2022-04-13 16:32:23.538675,CLO,2208455.jpg,2208455,2,0,NA
2207271_2,2022-04-13 16:30:40.475281,CLO,2207271.jfif,2207271,2,0,NA
2209087_2,2022-04-12 15:17:39.498636,ACC,2209087.jpg,2209087,2,0,NA
2207088_2,2022-04-12 15:16:40.248139,CLO,2207088.jpg,2207088,2,0,NA
2207067_2,2022-04-12 15:14:22.981302,CLO,2207067.jpg,2207067,2,0,NA
2207065_2,2022-04-12 15:14:12.324961,CLO,2207065.jpg,2207065,2,0,NA
2207126_2,2022-04-11 12:24:49.184091,CLO,2207126.jpg,2207126,2,0,NA
2207116_2,2022-04-11 11:59:59.465998,CLO,2207116.jpg,2207116,2,0,NA
2206870_2,2022-04-10 13:26:09.797501,CLO,2206870.jpg,2206870,2,0,NA
2206838_2,2022-04-08 16:26:17.006191,CLO,2206838.jpg,2206838,2,0,NA
2206825_2,2022-04-08 15:41:49.111375,CLO,2206825.jpg,2206825,2,0,NA
2206328_2,2022-04-07 17:12:18.924134,Ropa,2206328.png,2206328,2,0,ROPA
2206780_2,2022-04-07 08:05:53.000000,CLO,2206780.JPG,2206780,2,0,NA
2206842_2,2022-04-05 16:20:30.577771,CLO,2206842.jpg,2206842,2,0,NA
2206046_2,2022-03-28 12:12:07.427347,Ropa,2206046.png,2206046,2,0,ROPA
2205306_2,2022-03-28 12:11:26.614259,Ropa,2205306.png,2205306,2,0,ROPA
2205711_2,2022-03-22 08:49:25.812770,Ropa,2205711.jpg,2205711,2,0,ROPA
2205709_2,2022-03-22 08:49:10.217980,Ropa,2205709.jpg,2205709,2,0,ROPA
2205706_2,2022-03-22 08:48:57.857810,Ropa,2205706.jpg,2205706,2,0,ROPA
2207324_2,2022-03-17 08:00:18.856967,CLO,2207324.jpg,2207324,2,0,NA
2207321_2,2022-03-17 07:56:40.150888,CLO,2207321.jpg,2207321,2,0,NA
2205329_2,2022-03-16 10:01:32.981058,Ropa,2205329.jpg,2205329,2,0,ROPA
2205242_2,2022-03-14 12:42:16.189066,Ropa,2205242.jpg,2205242,2,0,ROPA
2205193_2,2022-03-14 12:41:57.251033,Ropa,2205193.jpg,2205193,2,0,ROPA
2205192_2,2022-03-14 12:41:42.047663,Ropa,2205192.jpg,2205192,2,0,ROPA
2205191_2,2022-03-14 12:41:23.078653,Ropa,2205191.jpg,2205191,2,0,ROPA
2205190_2,2022-03-14 12:41:02.265938,Ropa,2205190 E.jpg,2205190,2,0,ROPA
2205190_2,2022-03-14 12:40:36.812323,Ropa,2205190 D.jpg,2205190,2,0,ROPA
2205189_2,2022-03-14 12:40:10.171400,Ropa,2205189.jpg,2205189,2,0,ROPA
2205188_2,2022-03-14 12:39:54.561668,Ropa,2205188.jpg,2205188,2,0,ROPA
2205187_2,2022-03-14 12:39:31.905069,Ropa,2205187.jpg,2205187,2,0,ROPA
2204075_2,2022-03-07 13:00:44.521274,Ropa,2204075.png,2204075,2,0,ROPA
2204074_2,2022-03-07 13:00:06.380019,Ropa,2204074.png,2204074,2,0,ROPA
2204415_2,2022-03-07 12:59:51.223529,Ropa,2204415.png,2204415,2,0,ROPA
2204414_2,2022-03-07 12:59:37.738965,Ropa,2204414.png,2204414,2,0,ROPA
2204411_2,2022-03-07 12:59:25.098149,Ropa,2204411.png,2204411,2,0,ROPA
2204073_2,2022-03-07 12:59:05.129081,Ropa,2204073.png,2204073,2,0,ROPA
2204072_2,2022-03-07 12:58:52.410196,CLO,2204072.png,2204072,2,0,NA
2204072_2,2022-03-07 12:58:52.410196,Ropa,2204072.png,2204072,2,0,ROPA
2204071_2,2022-03-07 12:58:42.566271,Ropa,2204071.png,2204071,2,0,ROPA
2204403_2,2022-03-07 12:58:29.847295,Ropa,2204403.png,2204403,2,0,ROPA
2204070_2,2022-03-07 12:58:19.659640,CLO,2204070.png,2204070,2,0,NA
2204070_2,2022-03-07 12:58:19.659640,Ropa,2204070.png,2204070,2,0,ROPA
2204069_2,2022-03-07 12:58:06.253245,Ropa,2204069.png,2204069,2,0,ROPA
2204068_2,2022-03-07 12:57:48.739482,CLO,2204068.png,2204068,2,0,NA
2204068_2,2022-03-07 12:57:48.739482,Ropa,2204068.png,2204068,2,0,ROPA
2204392_2,2022-03-07 12:57:35.597154,Ropa,2204392.png,2204392,2,0,ROPA
0_9,2022-01-24 11:51:06.000000,IT\Instalacion\Agente lansweeper,LsAgent-osx_9.1.0.2.dmg,0,9,0,NA
0_0,2022-01-12 15:08:56.000000,IT\Instalacion\Agente lansweeper,llave lansweeper & IP de configuracion.txt,0,0,0,NA
0_0,2022-01-12 15:04:24.000000,IT\Instalacion\Agente lansweeper,LsAgent-windows_Agente lansweeper.exe,0,0,0,NA
2112696_2,2021-10-01 11:12:26.982179,JEW,2112696.jpg,2112696,2,0,NA
2112685_2,2021-10-01 11:12:26.943351,JEW,2112685.jpg,2112685,2,0,NA
2108996_2,2021-09-30 15:07:37.000000,ACC,2108996.jpg,2108996,2,0,NA
0_0,2021-09-09 18:50:08.000000,IT\Instalacion,readerdc_es_xa_cra_install (1).exe,0,0,1,NA
0_0,2021-09-09 16:30:56.000000,IT\Instalacion,OfficeSetup.exe,0,0,0,NA
0_1,2021-08-12 10:47:24.102489,IT,PatchCleaner_1.4.2.0.exe,0,1,0,NA
0_1,2021-07-15 10:40:26.000000,IT\Instalacion\win 7 a win10 actualizar,MediaCreationTool21H1.exe,0,1,0,NA
2008929_2,2021-05-28 11:22:09.998242,JEW,2008929.jpg,2008929,2,0,NA
1808190_1,2021-05-17 12:14:11.689399,BEAUTY,1808190.jpg,1808190,1,0,NA
1808142_1,2021-05-17 12:12:57.672178,BEAUTY,1808142.jpg,1808142,1,0,NA
1911566_1,2021-03-16 15:38:51.537927,BEAUTY,1911566.jpg,1911566,1,0,NA
1906946_1,2021-03-16 15:38:28.865866,BEAUTY,1906946.jpg,1906946,1,0,NA
0_0,2021-03-10 12:06:34.000000,IT\Instalacion,anyconnect-win-4.9.05042.msi,0,0,0,NA
2003681_2,2021-01-13 13:48:26.000000,CLO,2003681.jpg,2003681,2,0,NA
1705262_1,2020-12-30 16:42:17.000000,CLO,1705262.webp,1705262,1,0,NA
1801247_1,2020-12-21 10:30:43.000000,CLO,1801247.webp,1801247,1,0,NA
2012270_2,2020-12-21 10:01:14.000000,CLO,2012270.jpg,2012270,2,0,NA
2011736_2,2020-12-08 17:50:25.000000,CLO,2011736.webp,2011736,2,0,NA
1702831_1,2020-12-08 11:11:13.000000,CLO,1702831.webp,1702831,1,0,NA
1603379_1,2020-12-08 11:10:34.000000,CLO,1603379.jpg,1603379,1,0,NA
1606276_1,2020-12-08 11:10:34.000000,CLO,1606276.jpg,1606276,1,0,NA
1603380_1,2020-12-08 11:10:34.000000,CLO,1603380.webp,1603380,1,0,NA
1603986_1,2020-12-08 11:03:18.000000,CLO,1603986.jpg,1603986,1,0,NA
0_0,2020-10-01 14:02:30.000000,IT\Instalacion,UltraVNC_1_2_09_X64_Setup.exe,0,0,0,NA
0_0,2020-06-22 15:06:18.000000,IT\Instalacion\WinRAR full\lng,lng.rar,0,0,0,NA
0_0,2020-05-18 09:14:22.000000,IT\Instalacion\Forticlient,FortiClientVPNSetup_6.2.6.0951_x64.rar,0,0,0,NA
0_0,2020-03-22 16:17:24.000000,IT\Instalacion\Forticlient,Shasa VPN.conf,0,0,0,NA
0_0,2020-03-21 14:35:02.000000,IT\Instalacion\Forticlient,FortiClientVPNSetup_6.2.6.0951_x64.exe,0,0,0,NA
0_0,2020-03-13 17:36:10.410787,IT\pdvs\LS_Retail_ehf\LSStart.exe_Url_n1jz2wyckhvdyhxsip3zj0knhmvyyej4\1.0.0.0,user.config,0,0,0,NA
0_0,2020-03-09 13:11:18.091572,IT\pdvs\Index,segments.gen,0,0,0,NA
0_0,2020-03-09 13:11:18.076035,IT\pdvs\Index,segments_njzl,0,0,0,NA
0_5,2020-03-09 13:11:18.060293,IT\pdvs\Index,_plzf_5.del,0,5,0,NA
0_0,2020-03-09 13:11:18.013444,IT\pdvs\Index,_plzk.cfs,0,0,0,NA
0_0,2020-03-09 13:11:17.903688,IT\pdvs\Index,_plzj.cfs,0,0,0,NA
0_0,2020-03-09 13:11:17.778425,IT\pdvs\Index,_plzi.cfs,0,0,0,NA
0_0,2020-03-09 13:11:17.653180,IT\pdvs\Index,_plzh.cfs,0,0,0,NA
0_0,2020-03-09 13:11:17.543582,IT\pdvs\Index,_plzg.cfs,0,0,0,NA
0_0,2020-03-09 13:11:17.449691,IT\pdvs\Index,_plzf.cfs,0,0,0,NA
0_3,2020-03-09 13:11:17.230471,IT\pdvs\Index,_op7l_3lo.del,0,3,0,NA
0_8,2020-03-06 05:43:02.412417,IT\pdvs\Index,_nsyy_sl8.del,0,8,0,NA
0_0,2020-03-06 05:42:57.396849,IT\pdvs\Index,_nsyo_c6a.del,0,0,0,NA
0_3,2020-03-06 05:42:54.568630,IT\pdvs\Index,_pkmt_3.del,0,3,0,NA
0_0,2020-03-06 05:42:54.209634,IT\pdvs\Index,_pkmt.cfs,0,0,0,NA
0_3,2020-03-06 05:37:47.436363,IT\pdvs\Index,_nsz9_3c2.del,0,3,0,NA
0_0,2020-03-05 15:25:21.880532,IT\pdvs\Index,_pezf.cfs,0,0,0,NA
0_0,2020-03-05 11:42:36.751312,IT\pdvs\Index,lastSync.txt,0,0,0,NA
0_0,2020-03-05 11:42:36.735723,IT\pdvs\Index,versionCode.txt,0,0,0,NA
0_1,2020-03-05 11:03:31.067851,IT\pdvs\Index,_pez3_1.del,0,1,0,NA
0_1,2020-03-05 08:15:51.499429,IT\pdvs\Index,_pez4_1.del,0,1,0,NA
0_3,2020-03-05 08:15:50.671306,IT\pdvs\Index,_pez3.cfx,0,3,0,NA
0_4,2020-03-05 08:12:01.922495,IT\pdvs\Index,_pez4.cfs,0,4,0,NA
0_3,2020-03-05 08:12:00.297645,IT\pdvs\Index,_pez3.cfs,0,3,0,NA
0_0,2020-03-05 00:21:02.314163,IT\pdvs\Index,_op7l.nrm,0,0,0,NA
0_0,2020-03-05 00:21:02.192805,IT\pdvs\Index,_op7l.tis,0,0,0,NA
0_0,2020-03-05 00:21:02.192805,IT\pdvs\Index,_op7l.tii,0,0,0,NA
0_0,2020-03-05 00:21:02.192805,IT\pdvs\Index,_op7l.prx,0,0,0,NA
0_0,2020-03-05 00:21:02.192805,IT\pdvs\Index,_op7l.frq,0,0,0,NA
0_0,2020-03-05 00:21:01.423592,IT\pdvs\Index,_op7l.fdx,0,0,0,NA
0_0,2020-03-05 00:21:01.423592,IT\pdvs\Index,_op7l.fdt,0,0,0,NA
0_0,2020-03-05 00:21:00.970414,IT\pdvs\Index,_op7l.fnm,0,0,0,NA
0_0,2020-03-03 09:22:23.797998,IT\pdvs\Index,pairedDatabase.txt,0,0,0,NA
0_9,2020-03-03 09:22:23.766774,IT\pdvs\Index,_nsz9.nrm,0,9,0,NA
0_9,2020-03-03 09:22:23.704251,IT\pdvs\Index,_nsz9.tis,0,9,0,NA
0_9,2020-03-03 09:22:23.704251,IT\pdvs\Index,_nsz9.tii,0,9,0,NA
0_9,2020-03-03 09:22:23.704251,IT\pdvs\Index,_nsz9.prx,0,9,0,NA
0_9,2020-03-03 09:22:23.704251,IT\pdvs\Index,_nsz9.frq,0,9,0,NA
0_9,2020-03-03 09:22:22.626160,IT\pdvs\Index,_nsz9.fdx,0,9,0,NA
0_9,2020-03-03 09:22:22.626160,IT\pdvs\Index,_nsz9.fdt,0,9,0,NA
0_9,2020-03-03 09:22:21.923067,IT\pdvs\Index,_nsz9.fnm,0,9,0,NA
0_0,2020-03-03 09:03:36.258152,IT\pdvs\Index,_nsyy.nrm,0,0,0,NA
0_0,2020-03-03 09:03:36.195662,IT\pdvs\Index,_nsyy.prx,0,0,0,NA
0_0,2020-03-03 09:03:36.195662,IT\pdvs\Index,_nsyy.tii,0,0,0,NA
0_0,2020-03-03 09:03:36.195662,IT\pdvs\Index,_nsyy.frq,0,0,0,NA
0_0,2020-03-03 09:03:36.180021,IT\pdvs\Index,_nsyy.tis,0,0,0,NA
0_0,2020-03-03 09:03:33.601763,IT\pdvs\Index,_nsyy.fdx,0,0,0,NA
0_0,2020-03-03 09:03:33.586137,IT\pdvs\Index,_nsyy.fdt,0,0,0,NA
0_0,2020-03-03 09:03:31.679795,IT\pdvs\Index,_nsyy.fnm,0,0,0,NA
0_7,2020-03-03 09:01:04.498931,IT\pdvs\Index,_nsyd_7.del,0,7,0,NA
0_0,2020-03-03 08:51:48.261578,IT\pdvs\Index,_nsyo.nrm,0,0,0,NA
0_0,2020-03-03 08:51:48.230329,IT\pdvs\Index,_nsyo.tii,0,0,0,NA
0_0,2020-03-03 08:51:48.230329,IT\pdvs\Index,_nsyo.prx,0,0,0,NA
0_0,2020-03-03 08:51:48.230329,IT\pdvs\Index,_nsyo.tis,0,0,0,NA
0_0,2020-03-03 08:51:48.230329,IT\pdvs\Index,_nsyo.frq,0,0,0,NA
0_0,2020-03-03 08:51:45.589628,IT\pdvs\Index,_nsyo.fdx,0,0,0,NA
0_0,2020-03-03 08:51:45.589628,IT\pdvs\Index,_nsyo.fdt,0,0,0,NA
0_0,2020-03-03 08:51:45.106802,IT\pdvs\Index,_nsyo.fnm,0,0,0,NA
0_0,2020-03-03 08:44:12.772214,IT\pdvs\Index,_nsyd.nrm,0,0,0,NA
0_0,2020-03-03 08:44:12.475319,IT\pdvs\Index,_nsyd.frq,0,0,0,NA
0_0,2020-03-03 08:44:12.475319,IT\pdvs\Index,_nsyd.prx,0,0,0,NA
0_0,2020-03-03 08:44:12.475319,IT\pdvs\Index,_nsyd.tii,0,0,0,NA
0_0,2020-03-03 08:44:12.459702,IT\pdvs\Index,_nsyd.tis,0,0,0,NA
0_0,2020-03-03 08:44:08.443800,IT\pdvs\Index,_nsyd.fdx,0,0,0,NA
0_0,2020-03-03 08:44:08.443800,IT\pdvs\Index,_nsyd.fdt,0,0,0,NA
0_0,2020-03-03 08:44:08.068794,IT\pdvs\Index,_nsyd.fnm,0,0,0,NA
0_0,2020-02-24 10:22:55.564301,IT\pdvs\TS,SHTS29.lnk,0,0,0,NA
0_0,2020-02-24 10:22:55.564301,IT\pdvs,SHTS29.lnk,0,0,0,NA
0_0,2020-02-24 10:22:23.468541,IT\pdvs,SHTS28.lnk,0,0,0,NA
0_0,2020-02-24 10:22:23.468541,IT\pdvs\TS,SHTS28.lnk,0,0,0,NA
0_0,2020-02-24 10:22:00.811474,IT\pdvs,SHTS27.lnk,0,0,0,NA
0_0,2020-02-24 10:22:00.811474,IT\pdvs\TS,SHTS27.lnk,0,0,0,NA
0_0,2020-02-24 10:21:13.261234,IT\pdvs,SHTS26.lnk,0,0,0,NA
0_0,2020-02-24 10:21:13.261234,IT\pdvs\TS,SHTS26.lnk,0,0,0,NA
0_0,2020-02-21 12:17:08.828706,IT\pdvs,SHTS25.lnk,0,0,0,NA
0_0,2020-02-21 12:17:08.828706,IT\pdvs\TS,SHTS25.lnk,0,0,0,NA
0_0,2020-02-20 16:00:03.995052,IT\pdvs,SHTS24.lnk,0,0,0,NA
0_0,2020-02-20 16:00:03.995052,IT\pdvs\TS,SHTS24.lnk,0,0,0,NA
0_0,2020-02-20 15:59:53.213191,IT\pdvs,SHTS23.lnk,0,0,0,NA
0_0,2020-02-20 15:59:53.213191,IT\pdvs\TS,SHTS23.lnk,0,0,0,NA
0_0,2020-02-20 15:57:29.866288,IT\pdvs\TS,SHTS21.lnk,0,0,0,NA
0_0,2020-02-20 15:57:29.866288,IT\pdvs,SHTS21.lnk,0,0,0,NA
0_0,2020-02-20 15:57:21.448687,IT\pdvs,SHTS22.lnk,0,0,0,NA
0_0,2020-02-20 15:57:21.448687,IT\pdvs\TS,SHTS22.lnk,0,0,0,NA
0_0,2020-02-20 09:39:28.932917,IT\pdvs,Inno.ico,0,0,0,NA
0_0,2020-02-20 09:39:28.932917,IT\pdvs\TS,Inno.ico,0,0,0,NA
0_0,2020-02-20 08:39:30.000000,IT\Instalacion,Inno.ico,0,0,0,NA
0_0,2020-02-17 10:33:24.806250,IT\pdvs\LS_Retail\DDJobMonitor.exe_StrongName_4zhx5iqfdtibnwojewb2x4o1tbjdx0ck\3.2.0.0,user.config,0,0,0,NA
0_0,2020-01-24 11:16:04.078002,IT\pdvs,POS Interface Profile.xml,0,0,0,NA
0_0,2020-01-24 10:17:06.037745,IT\pdvs,POS Style Profile.xml,0,0,0,NA
0_0,2019-08-21 11:21:49.000000,IT\pdvs,Reinicia Impresora.exe,0,0,0,NA
1811226_1,2019-05-31 17:28:10.000000,CLO,1811226.webp,1811226,1,0,NA
1808988_1,2018-11-02 11:10:53.000000,CLO,1808988.jpg,1808988,1,0,NA
1806905_1,2018-11-02 11:10:40.000000,CLO,1806905.jpg,1806905,1,0,NA
0_0,2018-04-05 08:53:04.000000,IT\Instalacion,IE11-Windows6.1-x64-es-es.exe,0,0,0,NA
0_0,2017-06-19 10:03:05.263859,SANDALIA,SANDALIA.lnk,0,0,0,NA
0_0,2016-08-10 16:51:38.000000,IT\Instalacion,Desinstalador office 365.diagcab,0,0,0,NA
0_0,2016-03-31 23:33:32.000000,IT\Instalacion\DataLoad,uninstall.exe,0,0,0,NA
0_0,2015-08-18 13:10:48.000000,IT\Instalacion,TeamViewerQS_es.exe,0,0,0,NA
1502604_1,2015-07-23 14:17:23.615788,SANDALIA,1502604.bmp,1502604,1,0,NA
1502601_1,2015-07-23 14:17:23.615788,SANDALIA,1502601.bmp,1502601,1,0,NA
1502580_1,2015-07-23 14:17:23.600163,SANDALIA,1502580.bmp,1502580,1,0,NA
1502571_1,2015-07-23 14:17:23.584538,SANDALIA,1502571.bmp,1502571,1,0,NA
1502558_1,2015-07-23 14:17:23.553288,SANDALIA,1502558.bmp,1502558,1,0,NA
1500180_1,2015-07-23 14:17:23.381413,SANDALIA,1500180.bmp,1500180,1,0,NA
1502273_1,2015-05-29 12:46:03.074905,SANDALIA,1502273.bmp,1502273,1,0,NA
1502246_1,2015-05-29 12:46:02.778026,SANDALIA,1502246.bmp,1502246,1,0,NA
1502240_1,2015-05-29 12:46:02.684275,SANDALIA,1502240.bmp,1502240,1,0,NA
1502239_1,2015-05-29 12:46:02.590524,SANDALIA,1502239.bmp,1502239,1,0,NA
1501794_1,2015-05-06 14:21:05.004750,SANDALIA,1501794.bmp,1501794,1,0,NA
1501793_1,2015-05-06 14:21:04.817250,SANDALIA,1501793.bmp,1501793,1,0,NA
1501792_1,2015-05-06 14:21:04.723500,SANDALIA,1501792.bmp,1501792,1,0,NA
1501761_1,2015-05-06 14:21:04.207875,SANDALIA,1501761.bmp,1501761,1,0,NA
1501711_1,2015-05-06 14:21:03.676625,SANDALIA,1501711.bmp,1501711,1,0,NA
1501705_1,2015-05-06 14:21:03.395375,SANDALIA,1501705.bmp,1501705,1,0,NA
1501607_1,2015-05-06 14:21:02.832875,SANDALIA,1501607.bmp,1501607,1,0,NA
1501413_1,2015-05-06 14:21:02.286000,SANDALIA,1501413.bmp,1501413,1,0,NA
1500990_1,2015-04-23 15:34:10.928404,SANDALIA,1500990.bmp,1500990,1,0,NA
1500563_1,2015-04-23 15:34:10.162848,SANDALIA,1500563.bmp,1500563,1,0,NA
1500194_1,2015-04-23 15:34:09.944117,SANDALIA,1500194.bmp,1500194,1,0,NA
1500193_1,2015-04-23 15:34:09.850375,SANDALIA,1500193.bmp,1500193,1,0,NA
1500192_1,2015-04-23 15:34:09.741010,SANDALIA,1500192.bmp,1500192,1,0,NA
1500191_1,2015-04-23 15:34:09.631645,SANDALIA,1500191.bmp,1500191,1,0,NA
1415582_1,2015-04-23 15:34:02.429165,SANDALIA,1415582.bmp,1415582,1,0,NA
1501129_1,2015-03-30 14:16:45.804550,SANDALIA,1501129.bmp,1501129,1,0,NA
1501128_1,2015-03-30 14:16:45.695175,SANDALIA,1501128.bmp,1501128,1,0,NA
1501127_1,2015-03-30 14:16:45.585799,SANDALIA,1501127.bmp,1501127,1,0,NA
1500551_1,2015-03-25 11:42:43.721188,SANDALIA,1500551.bmp,1500551,1,0,NA
1500549_1,2015-03-25 11:42:43.705593,SANDALIA,1500549.bmp,1500549,1,0,NA
1500546_1,2015-03-25 11:42:43.658808,SANDALIA,1500546.bmp,1500546,1,0,NA
1500181_1,2015-03-25 11:42:43.518453,SANDALIA,1500181.bmp,1500181,1,0,NA
1500179_1,2015-03-25 11:42:43.502858,SANDALIA,1500179.bmp,1500179,1,0,NA
1500129_1,2015-02-03 15:15:18.000000,SANDALIA,1500129.bmp,1500129,1,0,NA
1500284_1,2015-02-03 15:15:16.000000,SANDALIA,1500284.bmp,1500284,1,0,NA
1500130_1,2015-02-03 15:15:16.000000,SANDALIA,1500130.bmp,1500130,1,0,NA
1500126_1,2015-02-03 15:15:14.000000,SANDALIA,1500126.bmp,1500126,1,0,NA
1500127_1,2015-02-03 15:15:14.000000,SANDALIA,1500127.bmp,1500127,1,0,NA
1500128_1,2015-02-03 15:15:14.000000,SANDALIA,1500128.bmp,1500128,1,0,NA
1413909_1,2015-01-15 11:12:58.401000,SANDALIA,1413909.bmp,1413909,1,0,NA
0_0,2014-12-02 07:50:32.000000,IT\Instalacion\WinRAR full,wrar520.exe,0,0,0,NA
0_0,2014-12-02 07:50:32.000000,IT\Instalacion\WinRAR full,winrar-x64-520.exe,0,0,0,NA
0_0,2014-09-01 12:21:22.000000,IT\Instalacion\WinRAR full\lng,winrar.lng,0,0,0,NA
1406174_1,2014-07-30 15:18:58.202206,SANDALIA,1406174.bmp,1406174,1,0,NA
1405881_1,2014-07-30 15:18:58.092769,SANDALIA,1405881.bmp,1405881,1,0,NA
1401864_1,2014-07-22 14:54:42.279605,SANDALIA,1401864.bmp,1401864,1,0,NA
1404374_1,2014-07-22 14:54:41.967097,SANDALIA,1404374.bmp,1404374,1,0,NA
1404376_1,2014-07-22 14:54:41.717091,SANDALIA,1404376.bmp,1404376,1,0,NA
1405513_1,2014-07-21 11:56:42.000000,SANDALIA,1405513.bmp,1405513,1,0,NA
1407376_1,2014-07-16 14:10:15.980406,SANDALIA,1407376.bmp,1407376,1,0,NA
1405205_1,2014-07-16 14:10:15.542923,SANDALIA,1405205.bmp,1405205,1,0,NA
1407131_1,2014-07-11 14:03:51.884168,SANDALIA,1407131.bmp,1407131,1,0,NA
1407218_1,2014-07-11 14:03:51.774795,SANDALIA,1407218.bmp,1407218,1,0,NA
1407208_1,2014-07-07 10:42:06.407971,SANDALIA,1407208.bmp,1407208,1,0,NA
1407273_1,2014-07-07 10:42:06.392346,SANDALIA,1407273.bmp,1407273,1,0,NA
1405073_1,2014-07-07 10:42:06.376721,SANDALIA,1405073.bmp,1405073,1,0,NA
1406993_1,2014-07-07 10:42:06.361095,SANDALIA,1406993.bmp,1406993,1,0,NA
1404958_1,2014-06-27 11:26:22.000000,SANDALIA,1404958.bmp,1404958,1,0,NA
1405595_1,2014-06-16 10:36:49.253119,SANDALIA,1405595.bmp,1405595,1,0,NA
1400532_1,2014-06-16 10:36:47.659266,SANDALIA,1400532.bmp,1400532,1,0,NA
1405006_1,2014-06-16 10:36:47.549884,SANDALIA,1405006.bmp,1405006,1,0,NA
0_0,2014-06-11 21:43:32.000000,IT\Instalacion\WinRAR full\lng,uninstall.lng,0,0,0,NA
1404498_1,2014-06-09 10:26:25.136938,SANDALIA,1404498.bmp,1404498,1,0,NA
1401952_1,2014-06-09 10:26:24.167413,SANDALIA,1401952.bmp,1401952,1,0,NA
1401953_1,2014-06-09 10:26:24.057950,SANDALIA,1401953.bmp,1401953,1,0,NA
1404405_1,2014-06-09 10:26:23.964125,SANDALIA,1404405.bmp,1404405,1,0,NA
1401955_1,2014-06-09 10:26:23.854662,SANDALIA,1401955.bmp,1401955,1,0,NA
1200218_1,2014-06-09 10:26:23.745200,SANDALIA,1200218.bmp,1200218,1,0,NA
1200219_1,2014-06-09 10:26:23.635737,SANDALIA,1200219.bmp,1200219,1,0,NA
0_0,2014-05-27 14:14:10.000000,IT\Instalacion\WinRAR full\lng,rar.lng,0,0,0,NA
1405422_1,2014-05-15 14:27:49.971335,SANDALIA,1405422.bmp,1405422,1,0,NA
1404354_1,2014-05-15 14:27:48.955619,SANDALIA,1404354.bmp,1404354,1,0,NA
1317461_1,2014-04-21 14:54:16.992752,SANDALIA,1317461.bmp,1317461,1,0,NA
1319481_1,2014-04-21 14:54:16.648983,SANDALIA,1319481.bmp,1319481,1,0,NA
1404313_1,2014-04-21 14:54:16.070824,SANDALIA,1404313.bmp,1404313,1,0,NA
1404312_1,2014-04-21 14:54:15.961443,SANDALIA,1404312.bmp,1404312,1,0,NA
1404409_1,2014-04-07 12:15:37.514216,SANDALIA,1404409.bmp,1404409,1,0,NA
1401960_1,2014-03-26 14:29:31.739527,SANDALIA,1401960.bmp,1401960,1,0,NA
1401062_1,2014-03-26 14:29:31.395698,SANDALIA,1401062.bmp,1401062,1,0,NA
1400560_1,2014-03-20 14:48:00.969207,SANDALIA,1400560.bmp,1400560,1,0,NA
1400559_1,2014-03-20 14:48:00.517799,SANDALIA,1400559.bmp,1400559,1,0,NA
1400570_1,2014-02-13 14:24:42.924120,SANDALIA,1400570.bmp,1400570,1,0,NA
1316602_1,2013-12-31 08:26:16.000000,SANDALIA,1316602.bmp,1316602,1,0,NA
1317814_1,2013-12-18 10:44:42.000000,SANDALIA,1317814.bmp,1317814,1,0,NA
0_0,2013-11-12 13:11:10.000000,IT\Instalacion\WinRAR full,Instrucciones.txt,0,0,0,NA
0_0,2013-09-03 15:07:48.000000,IT\Instalacion\WinRAR full\lng,rarext.lng,0,0,0,NA
0_0,2013-09-03 12:09:42.000000,IT\Instalacion\WinRAR full\lng,winrar.chm,0,0,0,NA
1307028_1,2013-08-06 07:36:02.000000,SANDALIA,1307028.bmp,1307028,1,0,NA
1309378_1,2013-07-02 14:54:50.000000,SANDALIA,1309378.bmp,1309378,1,0,NA
1308475_1,2013-06-24 14:21:46.000000,SANDALIA,1308475.bmp,1308475,1,0,NA
0_3,2013-06-22 14:34:26.000000,IT\Instalacion,3.- Cisco Jabber.msi,0,3,0,NA
1307115_1,2013-06-20 11:29:50.000000,SANDALIA,1307115.bmp,1307115,1,0,NA
1307114_1,2013-06-20 11:29:50.000000,SANDALIA,1307114.bmp,1307114,1,0,NA
1307105_1,2013-06-20 11:29:50.000000,SANDALIA,1307105.bmp,1307105,1,0,NA
0_2,2013-06-11 19:48:16.000000,IT\Instalacion,2.- Adobe Reader.txt,0,2,0,NA
1300979_1,2013-05-29 10:38:48.000000,SANDALIA,1300979.bmp,1300979,1,0,NA
1301284_1,2013-05-29 10:38:48.000000,SANDALIA,1301284.bmp,1301284,1,0,NA
1302783_1,2013-05-29 10:38:48.000000,SANDALIA,1302783.bmp,1302783,1,0,NA
1301288_1,2013-05-29 10:38:48.000000,SANDALIA,1301288.bmp,1301288,1,0,NA
1214116_1,2013-04-16 10:39:28.000000,SANDALIA,1214116.bmp,1214116,1,0,NA
1303183_1,2013-04-16 10:39:28.000000,SANDALIA,1303183.bmp,1303183,1,0,NA
1303202_1,2013-04-16 10:39:28.000000,SANDALIA,1303202.bmp,1303202,1,0,NA
1303201_1,2013-04-16 10:39:28.000000,SANDALIA,1303201.bmp,1303201,1,0,NA
1214114_1,2013-04-16 10:39:28.000000,SANDALIA,1214114.bmp,1214114,1,0,NA
1301907_1,2013-04-12 09:45:28.000000,SANDALIA,1301907.bmp,1301907,1,0,NA
1303189_1,2013-04-08 06:22:36.000000,SANDALIA,1303189.bmp,1303189,1,0,NA
1302632_1,2013-04-05 06:23:36.000000,SANDALIA,1302632.bmp,1302632,1,0,NA
1302549_1,2013-04-05 06:23:36.000000,SANDALIA,1302549.bmp,1302549,1,0,NA
1303190_1,2013-04-03 14:06:22.000000,SANDALIA,1303190.bmp,1303190,1,0,NA
1302691_1,2013-04-03 14:06:22.000000,SANDALIA,1302691.bmp,1302691,1,0,NA
1302692_1,2013-03-27 15:46:02.000000,SANDALIA,1302692.bmp,1302692,1,0,NA
1301529_1,2013-03-27 15:46:00.000000,SANDALIA,1301529.bmp,1301529,1,0,NA
1301528_1,2013-03-27 15:46:00.000000,SANDALIA,1301528.bmp,1301528,1,0,NA
1200144_1,2013-03-26 08:16:06.000000,SANDALIA,1200144.bmp,1200144,1,0,NA
1301925_1,2013-03-21 11:14:54.000000,SANDALIA,1301925.bmp,1301925,1,0,NA
1304732_1,2013-03-21 11:14:54.000000,SANDALIA,1304732.bmp,1304732,1,0,NA
1302707_1,2013-03-21 11:14:50.000000,SANDALIA,1302707.bmp,1302707,1,0,NA
1301902_1,2013-03-21 11:14:50.000000,SANDALIA,1301902.bmp,1301902,1,0,NA
1215356_1,2013-03-15 10:06:56.000000,SANDALIA,1215356.bmp,1215356,1,0,NA
1215365_1,2013-03-15 10:06:56.000000,SANDALIA,1215365.bmp,1215365,1,0,NA
1215211_1,2013-03-13 14:38:48.000000,SANDALIA,1215211.bmp,1215211,1,0,NA
1302543_1,2013-03-13 14:38:48.000000,SANDALIA,1302543.bmp,1302543,1,0,NA
1215286_1,2013-03-13 14:38:48.000000,SANDALIA,1215286.bmp,1215286,1,0,NA
1215271_1,2013-03-13 14:38:48.000000,SANDALIA,1215271.bmp,1215271,1,0,NA
1215899_1,2013-03-11 12:40:58.000000,SANDALIA,1215899.bmp,1215899,1,0,NA
1213835_1,2012-11-08 14:25:28.000000,SANDALIA,1213835.bmp,1213835,1,0,NA
1213848_1,2012-11-08 14:25:28.000000,SANDALIA,1213848.bmp,1213848,1,0,NA
1213849_1,2012-10-31 06:34:24.000000,SANDALIA,1213849.bmp,1213849,1,0,NA
1213469_1,2012-10-22 12:58:32.000000,SANDALIA,1213469.bmp,1213469,1,0,NA
1101208_1,2012-10-15 07:14:28.000000,SANDALIA,1101208.bmp,1101208,1,0,NA
0_7,2012-09-13 12:41:54.000000,IT\Instalacion,7.- PDF Creator.exe,0,7,0,NA
1203158_1,2012-07-02 08:13:48.000000,SANDALIA,1203158.bmp,1203158,1,0,NA
1206413_1,2012-06-07 14:03:36.000000,SANDALIA,1206413.bmp,1206413,1,0,NA
1206431_1,2012-05-14 07:09:32.000000,SANDALIA,1206431.bmp,1206431,1,0,NA
1206429_1,2012-05-14 07:09:30.000000,SANDALIA,1206429.bmp,1206429,1,0,NA
1206422_1,2012-05-14 07:09:30.000000,SANDALIA,1206422.bmp,1206422,1,0,NA
1205926_1,2012-05-14 07:09:30.000000,SANDALIA,1205926.bmp,1205926,1,0,NA
1205925_1,2012-05-14 07:09:30.000000,SANDALIA,1205925.bmp,1205925,1,0,NA
1202856_1,2012-05-14 07:09:28.000000,SANDALIA,1202856.bmp,1202856,1,0,NA
1205922_1,2012-05-09 13:15:56.000000,SANDALIA,1205922.bmp,1205922,1,0,NA
1205503_1,2012-04-25 13:31:30.000000,SANDALIA,1205503.bmp,1205503,1,0,NA
1200220_1,2012-04-25 09:06:22.000000,SANDALIA,1200220.bmp,1200220,1,0,NA
1205918_1,2012-04-25 08:10:32.000000,SANDALIA,1205918.bmp,1205918,1,0,NA
1202469_1,2012-04-25 08:10:18,SANDALIA,1202469.bmp,1202469,1,0,NA
1203607_1,2012-03-30 10:14:02,SANDALIA,1203607.bmp,1203607,1,0,NA
1201417_1,2012-03-24 10:48:50,SANDALIA,1201417..bmp,1201417,1,0,NA
1201417_1,2012-03-24 10:48:50,SANDALIA,1201417.bmp,1201417,1,0,NA
1201416_1,2012-03-21 08:49:42,SANDALIA,1201416.bmp,1201416,1,0,NA
1201963_1,2012-03-10 09:05:44,SANDALIA,1201963.bmp,1201963,1,0,NA
1115141_1,2012-03-09 11:17:04,SANDALIA,1115141.bmp,1115141,1,0,NA
1201964_1,2012-03-06 14:52:06,SANDALIA,1201964.bmp,1201964,1,0,NA
1115178_1,2012-02-14 15:04:00,SANDALIA,1115178.bmp,1115178,1,0,NA
1200141_1,2012-02-14 15:04:00,SANDALIA,1200141.bmp,1200141,1,0,NA
1200143_1,2012-02-14 15:04:00,SANDALIA,1200143.bmp,1200143,1,0,NA
1200146_1,2012-02-14 15:04:00,SANDALIA,1200146.bmp,1200146,1,0,NA
1200147_1,2012-02-14 15:04:00,SANDALIA,1200147.bmp,1200147,1,0,NA
1114199_1,2012-02-04 12:02:00,SANDALIA,1114199.bmp,1114199,1,0,NA
1115179_1,2012-01-28 10:03:54,SANDALIA,1115179.bmp,1115179,1,0,NA
1200137_1,2012-01-16 14:47:24,SANDALIA,1200137.bmp,1200137,1,0,NA
1200133_1,2012-01-16 14:47:22,SANDALIA,1200133.bmp,1200133,1,0,NA
1200138_1,2012-01-16 14:47:22,SANDALIA,1200138.bmp,1200138,1,0,NA
1101859_1,2011-11-10 14:03:44,SANDALIA,1101859.bmp,1101859,1,0,NA
1101861_1,2011-11-10 14:03:44,SANDALIA,1101861.bmp,1101861,1,0,NA
1113399_1,2011-10-26 10:53:26,SANDALIA,1113399.bmp,1113399,1,0,NA
1113447_1,2011-10-26 10:53:26,SANDALIA,1113447.bmp,1113447,1,0,NA
1113445_1,2011-10-26 10:53:26,SANDALIA,1113445.bmp,1113445,1,0,NA
1108645_1,2011-08-11 06:32:44,SANDALIA,1108645.bmp,1108645,1,0,NA
1108975_1,2011-07-04 13:08:18,SANDALIA,1108975.bmp,1108975,1,0,NA
1108650_1,2011-07-04 13:08:18,SANDALIA,1108650.bmp,1108650,1,0,NA
1108979_1,2011-07-04 13:08:16,SANDALIA,1108979.bmp,1108979,1,0,NA
0_0,2011-05-10 11:27:00,IT\Instalacion\WinRAR full\lng,rarreg.key,0,0,0,NA
1103421_1,2011-04-21 09:53:40,SANDALIA,1103421.bmp,1103421,1,0,NA
1103090_1,2011-04-21 09:53:40,SANDALIA,1103090.bmp,1103090,1,0,NA
1101208_1,2011-04-05 15:17:04,SANDALIA,1101208-2.bmp,1101208,1,0,NA
1102064_1,2011-04-05 15:17:04,SANDALIA,1102064.bmp,1102064,1,0,NA
1102067_1,2011-04-05 15:17:04,SANDALIA,1102067.bmp,1102067,1,0,NA
1102067_1,2011-04-05 15:17:04,SANDALIA,1102067-2.bmp,1102067,1,0,NA
1101510_1,2011-02-26 11:20:04,SANDALIA,1101510.bmp,1101510,1,0,NA
1101518_1,2011-02-26 11:20:04,SANDALIA,1101518.bmp,1101518,1,0,NA
1100418_1,2011-02-21 14:57:00,SANDALIA,1100418.bmp,1100418,1,0,NA
1100417_1,2011-02-21 14:56:58,SANDALIA,1100417.bmp,1100417,1,0,NA
1100416_1,2011-02-21 14:56:58,SANDALIA,1100416.bmp,1100416,1,0,NA
1100415_1,2011-02-21 14:56:58,SANDALIA,1100415.bmp,1100415,1,0,NA
1100414_1,2011-02-21 14:56:56,SANDALIA,1100414.bmp,1100414,1,0,NA
0_0,2010-12-19 18:00:00,IT\Instalacion\DataLoad\help\macro,builtindelays.htm,0,0,0,NA
0_0,2010-12-19 18:00:00,IT\Instalacion\DataLoad\help\macro,delays.htm,0,0,0,NA
0_0,2010-12-19 18:00:00,IT\Instalacion\DataLoad\help\macro,create.htm,0,0,0,NA
0_0,2010-12-19 18:00:00,IT\Instalacion\DataLoad\help\macro,commands.htm,0,0,0,NA
0_0,2010-12-19 18:00:00,IT\Instalacion\DataLoad\help\macro,index.htm,0,0,0,NA
0_0,2010-12-19 18:00:00,IT\Instalacion\DataLoad\help\scripting,eventhandlers.htm,0,0,0,NA
0_0,2010-12-19 18:00:00,IT\Instalacion\DataLoad\help\macro,autostart.htm,0,0,0,NA
0_0,2010-12-19 18:00:00,IT\Instalacion\DataLoad\help\images,tabrightend.gif,0,0,0,NA
0_0,2010-12-19 18:00:00,IT\Instalacion\DataLoad\help\images,tabright.gif,0,0,0,NA
0_0,2010-12-19 18:00:00,IT\Instalacion\DataLoad\help\images,tableftend.gif,0,0,0,NA
0_0,2010-12-19 18:00:00,IT\Instalacion\DataLoad\help\images,tableft.gif,0,0,0,NA
0_0,2010-12-19 18:00:00,IT\Instalacion\DataLoad\help\images,tabfront.gif,0,0,0,NA
0_0,2010-12-19 18:00:00,IT\Instalacion\DataLoad\help\macro,keystrokes.htm,0,0,0,NA
0_2,2010-12-19 18:00:00,IT\Instalacion\DataLoad\help\recplay,create2.htm,0,2,0,NA
0_0,2010-12-19 18:00:00,IT\Instalacion\DataLoad\help\macro,loadcontrol.htm,0,0,0,NA
0_0,2010-12-19 18:00:00,IT\Instalacion\DataLoad\help\images,stepmode.png,0,0,0,NA
0_0,2010-12-19 18:00:00,IT\Instalacion\DataLoad\help\recplay,setup.htm,0,0,0,NA
0_0,2010-12-19 18:00:00,IT\Instalacion\DataLoad\help\recplay,run.htm,0,0,0,NA
0_0,2010-12-19 18:00:00,IT\Instalacion\DataLoad\help\recplay,rules.htm,0,0,0,NA
0_0,2010-12-19 18:00:00,IT\Instalacion\DataLoad\help\recplay,overview.htm,0,0,0,NA
0_0,2010-12-19 18:00:00,IT\Instalacion\DataLoad\help\recplay,index.htm,0,0,0,NA
0_0,2010-12-19 18:00:00,IT\Instalacion\DataLoad\help\recplay,edit.htm,0,0,0,NA
0_1,2010-12-19 18:00:00,IT\Instalacion\DataLoad\help\recplay,create1.htm,0,1,0,NA
0_0,2010-12-19 18:00:00,IT\Instalacion\DataLoad\help\macro,overview.htm,0,0,0,NA
0_0,2010-12-19 18:00:00,IT\Instalacion\DataLoad\help\recplay,charset.htm,0,0,0,NA
0_0,2010-12-19 18:00:00,IT\Instalacion\DataLoad\help\recplay,background.htm,0,0,0,NA
0_0,2010-12-19 18:00:00,IT\Instalacion\DataLoad\help\macro,stepmode.htm,0,0,0,NA
0_0,2010-12-19 18:00:00,IT\Instalacion\DataLoad\help\macro,sendingdata.htm,0,0,0,NA
0_0,2010-12-19 18:00:00,IT\Instalacion\DataLoad\help\macro,run.htm,0,0,0,NA
0_0,2010-12-19 18:00:00,IT\Instalacion\DataLoad\help\macro,recorder.htm,0,0,0,NA
0_0,2010-12-19 18:00:00,IT\Instalacion\DataLoad\help\images,tabback.gif,0,0,0,NA
0_0,2010-12-19 18:00:00,IT\Instalacion\DataLoad\help\images,droplist.gif,0,0,0,NA
0_0,2010-12-19 18:00:00,IT\Instalacion\DataLoad\help\images,spacer.gif,0,0,0,NA
0_0,2010-12-19 18:00:00,IT\Instalacion\DataLoad\help\images,columnsetup.png,0,0,0,NA
0_0,2010-12-19 18:00:00,IT\Instalacion\DataLoad\help\about,background.htm,0,0,0,NA
0_0,2010-12-19 18:00:00,IT\Instalacion\DataLoad\help\about,disclaimer.htm,0,0,0,NA
0_0,2010-12-19 18:00:00,IT\Instalacion\DataLoad\help\about,introduction.htm,0,0,0,NA
0_0,2010-12-19 18:00:00,IT\Instalacion\DataLoad\help\about,license.htm,0,0,0,NA
0_0,2010-12-19 18:00:00,IT\Instalacion\DataLoad\help\about,versions.htm,0,0,0,NA
0_0,2010-12-19 18:00:00,IT\Instalacion\DataLoad\help\browsercontrol,commands.htm,0,0,0,NA
0_0,2010-12-19 18:00:00,IT\Instalacion\DataLoad\help\browsercontrol,delays.htm,0,0,0,NA
0_0,2010-12-19 18:00:00,IT\Instalacion\DataLoad\help\browsercontrol,fullintegration.htm,0,0,0,NA
0_0,2010-12-19 18:00:00,IT\Instalacion\DataLoad\help\browsercontrol,gettingstarted.htm,0,0,0,NA
0_0,2010-12-19 18:00:00,IT\Instalacion\DataLoad\help\browsercontrol,index.htm,0,0,0,NA
0_0,2010-12-19 18:00:00,IT\Instalacion\DataLoad\help\images,bcsave.jpg,0,0,0,NA
0_0,2010-12-19 18:00:00,IT\Instalacion\DataLoad\help\images,boxback.gif,0,0,0,NA
0_0,2010-12-19 18:00:00,IT\Instalacion\DataLoad\help\images,boxgreybullet.png,0,0,0,NA
0_0,2010-12-19 18:00:00,IT\Instalacion\DataLoad\help\images,charset.png,0,0,0,NA
0_0,2010-12-19 18:00:00,IT\Instalacion\DataLoad\help\images,console.jpg,0,0,0,NA
0_0,2010-12-19 18:00:00,IT\Instalacion\DataLoad\help\images,sort.png,0,0,0,NA
0_1,2010-12-19 18:00:00,IT\Instalacion\DataLoad\help\images,delays1.png,0,1,0,NA
0_2,2010-12-19 18:00:00,IT\Instalacion\DataLoad\help\images,delays2.png,0,2,0,NA
0_0,2010-12-19 18:00:00,IT\Instalacion\DataLoad\help\images,delimiterdialog.jpg,0,0,0,NA
0_0,2010-12-19 18:00:00,IT\Instalacion\DataLoad\help\images,disablemacro.png,0,0,0,NA
0_0,2010-12-19 18:00:00,IT\Instalacion\DataLoad\help\images,dlwindow.png,0,0,0,NA
0_1,2010-12-19 18:00:00,IT\Instalacion\DataLoad\help\recplay,setup_11i10.htm,0,1,0,NA
0_0,2010-12-19 18:00:00,IT\Instalacion\DataLoad\help\images,header.gif,0,0,0,NA
0_0,2010-12-19 18:00:00,IT\Instalacion\DataLoad\help\images,headerback.gif,0,0,0,NA
0_0,2010-12-19 18:00:00,IT\Instalacion\DataLoad\help\images,headerhelp.gif,0,0,0,NA
0_0,2010-12-19 18:00:00,IT\Instalacion\DataLoad\help\images,oradbconn.jpg,0,0,0,NA
0_0,2010-12-19 18:00:00,IT\Instalacion\DataLoad\help\images,protect.png,0,0,0,NA
0_0,2010-12-19 18:00:00,IT\Instalacion\DataLoad\help\images,recorder.jpg,0,0,0,NA
0_0,2010-12-19 18:00:00,IT\Instalacion\DataLoad\help\images,recorder.png,0,0,0,NA
0_0,2010-12-19 18:00:00,IT\Instalacion\DataLoad\help\images,runaload.png,0,0,0,NA
0_0,2010-12-19 18:00:00,IT\Instalacion\DataLoad\help\recplay,setupadv.htm,0,0,0,NA
0_0,2010-12-19 18:00:00,IT\Instalacion\DataLoad,readme.txt,0,0,0,NA
0_1,2010-12-19 18:00:00,IT\Instalacion\DataLoad\help\recplay,setup_11i8a.htm,0,1,0,NA
0_0,2010-12-19 18:00:00,IT\Instalacion\DataLoad\spreadsheets,Oracle Users (API).dld,0,0,0,NA
0_1,2010-12-19 18:00:00,IT\Instalacion\DataLoad\help\recplay,setup_11i8b.htm,0,1,0,NA
0_0,2010-12-19 18:00:00,IT\Instalacion\DataLoad\help\using,keystrokes.htm,0,0,0,NA
0_0,2010-12-19 18:00:00,IT\Instalacion\DataLoad\help\using,options.htm,0,0,0,NA
0_0,2010-12-19 18:00:00,IT\Instalacion\DataLoad\help\using,protect.htm,0,0,0,NA
0_0,2010-12-19 18:00:00,IT\Instalacion\DataLoad\help\using,scriptmenu.htm,0,0,0,NA
0_0,2010-12-19 18:00:00,IT\Instalacion\DataLoad\help\using,selectingcells.htm,0,0,0,NA
0_0,2010-12-19 18:00:00,IT\Instalacion\DataLoad\help\using,settingtitles.htm,0,0,0,NA
0_0,2010-12-19 18:00:00,IT\Instalacion\DataLoad\help\using,sort.htm,0,0,0,NA
0_0,2010-12-19 18:00:00,IT\Instalacion\DataLoad\help\using,toolsmenu.htm,0,0,0,NA
0_0,2010-12-19 18:00:00,IT\Instalacion\DataLoad\help\using,validation.htm,0,0,0,NA
0_0,2010-12-19 18:00:00,IT\Instalacion\DataLoad\spreadsheets,Define_Users.dld,0,0,0,NA
0_0,2010-12-19 18:00:00,IT\Instalacion\DataLoad\spreadsheets,document_sequences.fld,0,0,0,NA
0_0,2010-12-19 18:00:00,IT\Instalacion\DataLoad\spreadsheets,Oracle Budget Lines (API).dldx,0,0,0,NA
0_0,2010-12-19 18:00:00,IT\Instalacion\DataLoad,commands.dat,0,0,0,NA
0_0,2010-12-19 18:00:00,IT\Instalacion\DataLoad\help\using,helpmenu.htm,0,0,0,NA
0_0,2010-12-19 18:00:00,IT\Instalacion\DataLoad\spreadsheets,Printers.dld,0,0,0,NA
0_0,2010-12-19 18:00:00,IT\Instalacion\DataLoad,DataLoad.exe,0,0,0,NA
0_0,2010-12-19 18:00:00,IT\Instalacion\DataLoad\spreadsheets,printers.fld,0,0,0,NA
0_0,2010-12-19 18:00:00,IT\Instalacion\DataLoad,dllogo.jpg,0,0,0,NA
0_0,2010-12-19 18:00:00,IT\Instalacion\DataLoad\spreadsheets,Security_Rules.dld,0,0,0,NA
0_0,2010-12-19 18:00:00,IT\Instalacion\DataLoad\spreadsheets,segment_values.fld,0,0,0,NA
0_0,2010-12-19 18:00:00,IT\Instalacion\DataLoad,droplists.dat,0,0,0,NA
0_0,2010-12-19 18:00:00,IT\Instalacion\DataLoad,message.htm,0,0,0,NA
0_1,2010-12-19 18:00:00,IT\Instalacion\DataLoad\spreadsheets,users1.fld,0,1,0,NA
0_2,2010-12-19 18:00:00,IT\Instalacion\DataLoad\spreadsheets,users2.fld,0,2,0,NA
0_0,2010-12-19 18:00:00,IT\Instalacion\DataLoad\spreadsheets,user_resps.fld,0,0,0,NA
0_0,2010-12-19 18:00:00,IT\Instalacion\DataLoad,record.dll,0,0,0,NA
0_0,2010-12-19 18:00:00,IT\Instalacion\DataLoad\help,index.htm,0,0,0,NA
0_0,2010-12-19 18:00:00,IT\Instalacion\DataLoad\help\using,importingdata.htm,0,0,0,NA
0_0,2010-12-19 18:00:00,IT\Instalacion\DataLoad\help\using,index.htm,0,0,0,NA
0_0,2010-12-19 18:00:00,IT\Instalacion\DataLoad\help\using,formatting.htm,0,0,0,NA
0_0,2010-12-19 18:00:00,IT\Instalacion\DataLoad\help\scripting,overview.htm,0,0,0,NA
0_1,2010-12-19 18:00:00,IT\Instalacion\DataLoad\help\recplay,setup_11i9a.htm,0,1,0,NA
0_1,2010-12-19 18:00:00,IT\Instalacion\DataLoad\help\recplay,setup_11i9b.htm,0,1,0,NA
0_1,2010-12-19 18:00:00,IT\Instalacion\DataLoad\help\recplay,setup_12.htm,0,1,0,NA
0_0,2010-12-19 18:00:00,IT\Instalacion\DataLoad\help\recplay,setup_frm45.htm,0,0,0,NA
0_0,2010-12-19 18:00:00,IT\Instalacion\DataLoad\help\recplay,test.htm,0,0,0,NA
0_0,2010-12-19 18:00:00,IT\Instalacion\DataLoad\help\recplay,url.htm,0,0,0,NA
0_0,2010-12-19 18:00:00,IT\Instalacion\DataLoad\help\scripting,create.htm,0,0,0,NA
0_0,2010-12-19 18:00:00,IT\Instalacion\DataLoad\help\scripting,encoding.htm,0,0,0,NA
0_0,2010-12-19 18:00:00,IT\Instalacion\DataLoad\help\scripting,functions.htm,0,0,0,NA
0_0,2010-12-19 18:00:00,IT\Instalacion\DataLoad\help\scripting,howto.htm,0,0,0,NA
0_0,2010-12-19 18:00:00,IT\Instalacion\DataLoad\help\using,findreplace.htm,0,0,0,NA
0_0,2010-12-19 18:00:00,IT\Instalacion\DataLoad\help\scripting,oralibrary.htm,0,0,0,NA
0_0,2010-12-19 18:00:00,IT\Instalacion\DataLoad\help\scripting,index.htm,0,0,0,NA
0_0,2010-12-19 18:00:00,IT\Instalacion\DataLoad\help\style,main.css,0,0,0,NA
0_0,2010-12-19 18:00:00,IT\Instalacion\DataLoad\help\using,columnsandrows.htm,0,0,0,NA
0_0,2010-12-19 18:00:00,IT\Instalacion\DataLoad\help\using,filemenu.htm,0,0,0,NA
0_0,2010-12-19 18:00:00,IT\Instalacion\DataLoad\help\using,editmenu.htm,0,0,0,NA
0_0,2010-12-19 18:00:00,IT\Instalacion\DataLoad\help\using,editingcells.htm,0,0,0,NA
0_0,2010-12-19 18:00:00,IT\Instalacion\DataLoad\help\using,dataload_window.htm,0,0,0,NA
0_0,2010-12-19 18:00:00,IT\Instalacion\DataLoad\help\style,ns.css,0,0,0,NA
0_0,2010-12-19 18:00:00,IT\Instalacion\DataLoad\help\using,dataload_functionality.htm,0,0,0,NA
0_0,2010-12-19 18:00:00,IT\Instalacion\DataLoad\help\using,dataload_grid.htm,0,0,0,NA
0_0,2010-12-19 18:00:00,IT\Instalacion\DataLoad\help\support,r12focus.htm,0,0,0,NA
0_0,2010-12-19 18:00:00,IT\Instalacion\DataLoad\help\support,index.htm,0,0,0,NA
0_0,2010-12-19 18:00:00,IT\Instalacion\DataLoad\help\support,gettingsupport.htm,0,0,0,NA
0_0,2010-12-19 18:00:00,IT\Instalacion\DataLoad\help\support,faq.htm,0,0,0,NA
0916703_0,2010-07-13 12:24:40,SANDALIA,0916703.BMP,0916703,0,0,NA
0916834_0,2010-07-13 12:24:12,SANDALIA,0916834.bmp,0916834,0,0,NA
0916832_0,2010-07-13 12:24:12,SANDALIA,0916832.bmp,0916832,0,0,NA
0914067_0,2010-07-13 12:24:10,SANDALIA,0914067.bmp,0914067,0,0,NA
0907007_0,2010-07-13 12:24:10,SANDALIA,0907007.bmp,0907007,0,0,NA
0_0,2010-01-17 08:00:14,IT\Instalacion\WinRAR full,www.intercambiosvirtuales.org.url,0,0,0,NA
0_0,2009-02-17 15:26:40,IT,tsizepro.exe,0,0,0,NA
